date,ABREL,ACC,ADANIENT,ADANIPORTS,ADANIPOWER,AMBUJACEM,APOLLOHOSP,APOLLOTYRE,ARE&M,ASHOKLEY,ASIANPAINT,AUROPHARMA,AXISBANK,BAJAJ-AUTO,BAJAJFINSV,BAJFINANCE,BALKRISIND,BANDHANBNK,BANKBARODA,BATAINDIA,BEL,BERGEPAINT,BHARATFORG,BHARTIARTL,BHEL,BIOCON,BOSCHLTD,BPCL,BRITANNIA,CANBK,CESC,CHOLAFIN,CIPLA,COALINDIA,COFORGE,COLPAL,CONCOR,CUMMINSIND,DABUR,DIVISLAB,DLF,DRREDDY,EICHERMOT,ESCORTS,EXIDEIND,FEDERALBNK,GAIL,GLENMARK,GMRAIRPORT,GODREJCP,GODREJPROP,GRASIM,HAVELLS,HCLTECH,HDFCBANK,HDFCLIFE,HEROMOTOCO,HINDALCO,HINDPETRO,HINDUNILVR,IBULLSLTD,ICICIBANK,ICICIPRULI,IDEA,IDFCFIRSTB,IGL,INDIGO,INDUSINDBK,INDUSTOWER,INFY,IOC,ITC,JINDALSTEL,JSWSTEEL,JUBLFOOD,JUSTDIAL,KOTAKBANK,LICHSGFIN,LT,LTF,LTIM,LUPIN,M&M,M&MFIN,MANAPPURAM,MARICO,MARUTI,MFSL,MGL,MOTHERSON,MRF,MUTHOOTFIN,NATIONALUM,NAUKRI,NCC,NESTLEIND,NMDC,NMDC_zerodha_original,NTPC,OIL,ONGC,PAGEIND,PETRONET,PFC,PIDILITIND,PNB,POONAWALLA,POWERGRID,PVRINOX,RAMCOCEM,RBLBANK,RECLTD,RELIANCE,SAIL,SBIN,SHREECEM,SHRIRAMFIN,SIEMENS,SRF,SUNPHARMA,SUNTV,TATACHEM,TATACONSUM,TATAPOWER,TATASTEEL,TCS,TECHM,TITAN,TMPV,TORNTPHARM,TORNTPOWER,TVSMOTOR,UBL,UJJIVANSFB,ULTRACEMCO,UNITDSPR,UPL,VEDL,VOLTAS,WIPRO,YESBANK,ZEEL,ZYDUSLIFE
2020-04-01,,,,,,,,,,,,,,,,,,,,,,,,,,,,,,,,,,,,,,,,,,,,,,,,,,,,,,,,,,,,,,,,,,,,,,,,,,,,,,,,,,,,,,,,,,,,,,,,,,,,,,,,,,,,,,,,,,,,,,,,,,,,,,,,,,,,,,,,,,,,,,,
2020-04-03,,,,,,,,,,,,,,,,,,,,,,,,,,,,,,,,,,,,,,,,,,,,,,,,,,,,,,,,,,,,,,,,,,,,,,,,,,,,,,,,,,,,,,,,,,,,,,,,,,,,,,,,,,,,,,,,,,,,,,,,,,,,,,,,,,,,,,,,,,,,,,,
2020-04-07,,,,,,,,,,,,,,,,,,,,,,,,,,,,,,,,,,,,,,,,,,,,,,,,,,,,,,,,,,,,,,,,,,,,,,,,,,,,,,,,,,,,,,,,,,,,,,,,,,,,,,,,,,,,,,,,,,,,,,,,,,,,,,,,,,,,,,,,,,,,,,,
2020-04-08,,,,,,,,,,,,,,,,,,,,,,,,,,,,,,,,,,,,,,,,,,,,,,,,,,,,,,,,,,,,,,,,,,,,,,,,,,,,,,,,,,,,,,,,,,,,,,,,,,,,,,,,,,,,,,,,,,,,,,,,,,,,,,,,,,,,,,,,,,,,,,,
2020-04-09,0.1571080739135179,1.0685242022488934,0.5827845043871623,1.2421365212925068,-0.39600367411871545,1.0261556308507294,0.23770403073201052,-0.4766635654553173,0.14908973809554124,-0.8784502983261996,1.0530278769796748,-0.895513159751577,-1.074135476793666,-1.024223025867918,0.6132850679285505,-0.5212476527428579,0.18409128822865706,0.5101056136475741,0.6936719989770466,1.0071362948962508,1.3082881085820581,1.2277228313625341,-0.11014562777025637,-0.5790828679310476,0.4454586800772676,-0.6174326508844977,-0.055282350207848906,0.10307781745998264,0.2660395648900238,0.46809007537667363,-0.0943429386477544,-2.5401330495809438,-2.371218255986098,1.3443456836101053,1.3789668220003934,0.28142633475661855,-1.0119679446977372,-1.0611989285655152,-0.1194728586030071,-1.3724355709774316,-0.19984060200853232,-0.5861395609659082,0.7163994358785633,-0.46281371132168103,-0.2433791884168213,1.6069470303751932,0.01867151906707834,-0.8142003525394388,1.170406154865371,0.2824954138667713,0.029036420313269085,-0.18326968112866523,-0.42499042638491297,-0.3731512162901882,-0.11251695155062676,0.12353902073835794,-1.5870507737058666,-0.9178307234956987,-0.5915759858329362,0.28867355821180324,0.209148729535692,-0.10923077676727344,1.6158222313017438,0.8388573008937174,0.3495944772430662,-0.348311859887913,0.6161516911396661,-0.8482833871224009,-0.036047528338227684,0.727641025468803,0.5915874882833927,0.8294401616740441,-2.5676855068112534,-0.7404080593756913,1.0421653097351624,0.5926865919204477,0.37935006785837905,-0.8777655066289775,0.9167290797294263,-0.3826868244791608,1.192724684010931,-1.544788838178273,-2.905856289003096,-0.9262442799464591,-1.1786883493354259,-0.133898691734208,-1.9289127864882003,1.54923817519952,0.26961337076587416,-0.9422189745486429,0.3127781889406817,-1.3106493723595207,0.5444150643947526,-0.03588351746339741,-0.8442825381638288,0.39901566556157997,1.3283640338526441,1.2343387190724617,0.4611716340840599,0.23263913646287257,-0.12256922884395058,1.087829709267544,-0.2041617695858927,1.2838045544489929,0.8517199903839353,0.9386799022912379,0.8022771075212104,0.7907145587088297,0.9887265291011864,0.9203070306402726,0.9140397838224765,1.255447997123982,-0.25496552885383217,-1.0653134897588916,1.1539215809468324,0.7827627255272612,-1.8788454176692557,0.589980754776905,-1.3253413654613804,-1.5030975557825819,-1.6951992094262787,1.0122532552451344,-0.039758606835781335,-0.7475533270427882,0.2629044566010226,1.0349366565260685,0.8507568666010951,-0.1551920866656917,-0.06154602915705584,-1.6387011492515247,0.9245301649979242,-0.7403533326959303,0.7154827012107382,0.9338351781966272,0.470090563714403,-0.9594457754647455,0.9288838823664897,-2.692243310594384,0.48579553905575495,0.9264335834405849,1.1531543223502911,-1.2923571740847735,-2.1429510212494276
2020-04-13,0.10777651004852905,-0.585721585459768,0.01937323998883202,0.15673375379425306,0.36797989554134314,-0.17381386849147332,0.360515654605704,0.5058246569245518,0.9430242623454955,-1.678512687487481,0.2548675506742637,-1.538021618012597,-0.6373876981131746,-0.27668546149664813,1.2891503687534163,0.844573774670905,0.3572799896103286,-0.1266588202779788,0.56199047350578,1.2241321905286673,0.7066996926414288,0.028285501719023623,-0.2932431656276121,-0.8430866214528983,0.5051861389562878,-0.25910411937862743,-0.32995022595753015,0.5165265778010224,1.0344866958882937,0.7213210333912454,-0.8855640430021698,-1.3048298673557976,-2.136655863638069,0.20265557329072625,1.0999433525079307,0.5232002107123696,-1.5410091686397993,-2.084459298680326,0.7630071317851822,-1.1650213002128558,0.844476768183599,0.006090823009517171,0.6990093986898097,-0.2933039994665827,0.5191291632775489,1.1599639319357806,0.7068427916719796,-3.298672900297666,0.9329836475716068,1.0601280724680449,0.9335071303387127,-0.2316262165956245,-0.19619450959408058,0.5829630616858382,0.7868196281654853,0.5798996903708772,-0.6529927119514833,-1.2374865010222085,0.28356389795515535,0.9279511729170274,0.06605315528989053,0.2243833550307787,1.1100490835024448,-2.8258375125846524,-0.34380690985034096,0.02922929308507018,-0.3716522662149428,-0.5827924686107796,-0.6759731770058188,0.7981705194115453,0.6644301264213596,0.9157222932380024,-1.5422783324724936,-0.4969646701024942,1.0059369804612595,0.15969696022443633,0.16733254582507082,-0.7794889668868816,-0.23281952457664493,0.8029986551216161,0.6528448736642404,-1.7535785750221724,-1.2845341490741373,-0.2397285813366438,0.08675174998411446,0.49073650256375495,-1.6690194641373424,1.0493909369482863,-0.6408286201356181,-0.8752820767331274,1.0210131185621758,-0.831855079980533,0.5096876153102098,0.9655649757824157,-3.957575903961147,0.8982008721091732,0.18760363424284585,-0.04857066023331388,-0.3176258335471629,0.9942882220474998,0.5642481309656318,1.2319547152554573,-0.3848223080775822,1.1420515522199501,-0.06466783703662181,0.4206505091728877,0.24795614337415245,0.9525803075872532,1.1942227364654665,0.022922061435761826,0.8468996716368045,0.953218077005118,0.8841895059153586,-0.4460526807778336,1.0283132973828093,-0.1376241650471013,-1.8947032015843381,-0.13710499305986698,-1.6973142125673484,-0.8770704740631122,-1.6795578484814535,0.42522590781708686,-0.20848685642288403,-0.2732561944318866,0.3237449897197921,0.5624891568533159,1.1841095607420484,0.027411676346339984,-0.5845166227702794,0.6395155830007008,1.0761111655935003,-0.517522670674051,0.484081031149577,1.029062734908032,-0.10361247552942916,-1.0075009149225513,0.6584687583197996,-2.772980473853393,0.34409668965202345,1.0501483168210788,1.2273499610584295,0.8876306320234987,-1.2995927951961372
2020-04-15,0.6376979846038071,-1.4869271503898176,-0.010231694186334744,-0.38107468531688576,0.7023835338372334,-0.37139440736669677,-0.5174576264845705,-0.08328204617336417,0.5129060162123336,-0.7368566130502793,-0.15117747765636733,-1.6283444725611766,-0.27464863770222325,0.3952088726596038,0.8050292905448632,1.3634175450765489,-0.14207385224986493,0.5060646049181369,0.6066579984513464,0.8544897121109962,0.5977077569006253,-0.5618913449913677,0.24311494905319272,-0.6221416077168576,0.7538252572249662,0.2757145130445411,-0.8307617237140207,0.3682240261518906,0.40047974315561646,0.9451324463357907,-1.0428263743902042,0.00170418394468218,-1.7075919492189355,-0.018427778709152246,0.8320865213720577,0.20373879739190548,-1.541074655647675,-1.7509657558626022,0.03155249795983196,-1.0031225366466865,0.7730318783472796,-0.04433603367998296,0.6575837102710582,-0.5301562957851114,0.8032738961596226,0.6289175460280612,0.5936884153662233,-4.128904611014259,0.5448306476967625,0.4669925427804104,1.0245883849296176,0.270632689654843,-0.23181471250011326,0.048981418832006206,1.327328165354879,0.8816461799696121,0.7529028500419175,-0.9895806332703665,0.014278694837356465,0.0004443935733935716,-0.3978245784548299,0.7404416613535076,1.4142872561784707,-3.65251138236944,-0.7934287318830071,0.17550486204175342,0.5372676255091787,-0.45369571401382225,-0.034866439588341305,0.783662208096875,0.774177840486676,0.07677102256071026,0.09687158146078535,-0.6111311518718084,0.6348440311410387,0.8706469381915897,1.0652323041763656,-1.1003646338263233,-0.6581253151079482,0.8800238333567653,-0.4306555520087483,-1.5124136083217388,-0.5582542974514687,0.3752410707243904,0.8639717074086806,-0.008043380677316993,-0.6435711389032761,-1.1505699081676886,-0.21463031117002193,-2.9157479649393276,0.8705557781920155,0.7204801611291028,0.46383889576442494,-0.16766203749202288,-4.524757148825277,0.3241971027234682,-0.06142314878643569,-0.3000336420130565,-0.21978612946247356,0.9656219498543192,0.8214539762387063,0.6900079906689112,0.7162182397483269,0.8858044820579023,-1.2659744321972546,0.4844910101429501,0.7551648854381897,0.7331272242841543,-0.38668335206075805,-0.3670543067800869,0.4056793419987968,0.3101103378783227,1.3943904885704614,0.20180212358617228,0.9434463799950362,-0.7495855111682175,-1.2919242545725913,-0.3643602017440174,-1.1077095033811528,0.22080925985876934,-0.7481483227712689,0.08735617519625193,-0.4598886467628214,0.7440897337307578,0.20466953114621514,0.8280466282091733,0.805926884408901,0.6707933825020764,-0.4644657302973481,1.2619507887092087,0.5251723281345962,0.7325913500502624,0.9441250184525267,1.074579532466126,-0.7705016800108727,-0.5112149350100699,-0.713133332816163,-2.0479436946560745,-0.23972757366462977,1.0919913404787571,0.8309528479369168,1.2593730479044603,0.6008565445766333
2020-04-16,0.20138100351094557,-1.7979823158531019,0.6765829282513761,-0.2632388964795672,0.5448163486732949,-0.5689966747865014,-1.1294253428663381,-0.9119002145411651,0.13840618486344944,0.12988288838681236,-0.22470888245289242,-2.3085987921610305,0.4221348739626405,0.7543445451594527,0.39741858823359205,0.8383921873472178,-0.3466387300104823,0.20886253196684004,0.5470454324169716,0.4572454921333983,0.35901949375914716,-0.7461033297047559,0.719216075467335,0.23251355727530634,0.6458718325367212,-0.07252718616813557,0.0768617006575009,0.25820155108314397,0.38708573323640744,1.073720488835619,-1.2240640929687518,-0.17574897361264244,-0.2146412130193343,-0.0663359274542088,0.8912081299525533,0.1418541812576502,0.512788197853961,-1.1687392494298732,0.1549641150995242,-0.002825168441569729,1.3805052185469466,-0.06149197208020244,0.7799562723384831,-0.15062197984155223,0.5954835736745218,0.25977724239802713,0.10274840914761571,-3.728042872977063,0.4250093645552537,0.8573993779098582,0.23164364735807344,0.300181626176258,0.4383842820058915,0.8966007656438493,0.8350393854890095,0.20217568045689882,1.2752547629707736,-1.4368561443153893,-0.12629538095961354,0.3507137175111028,-0.8550094194162752,-0.03234604281801024,0.8399630028034414,-3.5923630795892953,-1.0507304835057334,0.2828376823541669,0.7936631880700873,-0.7667060275877027,0.7921594934556072,1.1054996490279831,0.34319306374835284,0.3452140710113815,0.7039611601805863,0.1362097760753338,-0.3739222611980099,0.07802044705103994,1.50808854208417,-0.46601335420638523,-1.2539201621236817,-1.4139090265821805,-0.1363848898869078,-0.3481793701006724,0.41732595552863333,-0.5282083689768744,0.7986384946860938,-0.12673332546203728,0.4645278181614471,-2.545904243014027,0.015679065652036823,-3.8857248606343098,-0.09825917095249322,0.8204609331531817,0.32033092011862563,-0.10721362440039975,-4.340627248058841,-0.3073302012769268,0.5196407558380483,0.4353671574494191,-0.8286103198937479,0.6764529733366319,0.6353627424446789,0.7178393509154268,0.5098881905447241,0.5885021291853009,-0.909280612607942,0.8388867756133804,1.4663995866997397,0.39821882692284777,-1.8244805458346813,-0.4525767442685445,0.252782165857914,0.23031183099225808,0.8478213478380637,0.27769882452900635,0.3203515726385174,-1.3495199063798602,-0.424813229229391,-0.15464323490485962,-0.3872980401878558,0.18633795154261554,-0.5480733486931615,-0.8117730672182502,-0.37550426068658965,1.0686320862491223,0.28230802691758206,0.8851039921703261,1.2047858724335514,0.09026031656648448,0.1688422223348626,0.8445904765868297,0.4588139072662999,0.9151847028403353,0.8192888268291352,0.7232609573845816,-0.17715842193685974,0.7477296881200579,-1.4389028179819672,-1.4328167464171728,0.12699825218753902,0.8859007158395785,0.7651457330935497,0.8571739388593065,0.8583732468625291
2020-04-17,-0.5362707249404901,-0.9884749168935687,0.9812888319264522,0.5204500633421044,0.20037595824050694,0.003850985288390089,-0.3142317734904639,-1.102771361738521,-0.13522910805452515,-0.2951995124844156,0.14414609021168842,-0.723645005631688,-1.4831997064584623,0.7104981999569616,-0.6371002050168756,0.2234166613467795,-0.41917013209843407,-1.2892694802356588,0.7415607530312219,0.4686876554854476,0.7563834497579898,0.036668422661174496,-2.198862473912708,0.9159173873637877,0.9053444493521197,-0.004409314665535283,0.0043776706264431675,0.42439052225965146,0.7342881170688774,0.9757457062516064,-2.1400116305871504,-1.6518678548882424,0.8119010786514859,0.5542798560139018,0.47576357442941697,0.8434233616522157,0.915522900299987,-1.1205768152162128,0.8478848581514437,1.0555143569437955,1.0061171097649888,0.00802814531465557,-0.8640427526926846,-0.48642537321190793,0.527975206379495,-1.1839086132802905,0.2906547083852694,-0.5782915538196856,-0.1276079439645229,1.217543008324308,0.3828172304764216,0.6754094720629544,1.3333547475985754,1.201005258409644,0.32929790875346365,0.12667340607014735,0.8558435630945287,-0.8221178274909189,-0.052124648211875846,0.9390378402232007,-1.168996628092781,-1.393553002520268,-0.9170551552695477,0.29310073903404466,-2.1910987587355946,0.9753734710957067,-0.034981407395571686,-1.8036027260780627,1.404719205942911,1.0610063851895182,0.17057243790355014,0.6986495574249065,0.20200648095590948,-0.05381759431787225,-0.6878870224660614,-0.6825258915469141,0.7287293124462456,-1.223480336296398,-0.6203008620450235,-2.464435075833287,0.44644331172021817,0.6966138031117348,0.6860759435424024,-1.8544876646490327,0.420821435947444,0.7747374368626009,-0.3274474890947498,-2.252422140954823,0.7467513053046236,-3.9354502847295083,-0.31171465974724477,0.6968319318072512,0.03144837916689444,-1.0576041456058067,-2.5782264537529853,0.4635379209645921,1.057285411640822,1.051123765127233,-0.44372629393558694,0.30425469811413997,0.7068343939047447,0.6608964346545403,1.0614362956772434,-0.04815788823984173,-0.28646572874880355,0.6365970605202449,1.068980588005064,0.09071527417849319,-2.044452773977561,-0.3789479583717301,-0.20087037308248523,-0.35451147917874565,0.09546009462209963,-0.3772699376570446,0.034468122040176505,-0.7664208722173368,-2.5578113629459427,0.7485598531153376,0.5536263587008181,0.9270460233798696,-0.16758075292378427,-0.3417818035470989,0.06718309689650427,1.2359495616550131,0.37770352893648224,0.2433507802181048,1.359767304075098,0.849015318164958,0.32579790345556303,1.454929588725617,0.5791012887935812,-0.5871982706397227,0.8241139670163635,-0.5626375512219951,0.5828166675729712,1.5213991066014823,-1.1383991300187644,-0.9208980489469663,0.4877744251927024,1.0840122124081286,0.5376770047709872,0.36699251040348174,1.3533000416105427
2020-04-20,0.36711221321512105,-0.06766958610529582,0.45436028270129014,0.5754167440439589,-2.2903662885912643,0.5708283048533989,-0.7059366301862628,-1.2647477667915688,-0.3711582764677293,0.2093298057168517,0.6367636817719197,-0.2580607723421318,-0.8872131290805819,0.48884003228686734,-0.4655285060489301,-0.03418451770372665,-0.19030731057474357,-1.543475525587673,0.02336676761886863,0.7705585683617487,-0.5469088803660845,0.6465651857502049,-2.9991771539545464,1.2426438478660706,0.020154433552550453,-0.21264986258179416,0.16367208702323557,-0.06781225170924399,0.684350544902209,-0.7227259037949779,-2.5243970692566515,0.49444405040015266,1.0885620248272778,1.0829121779584572,0.7141719598817301,0.8609969227333045,0.9182207142437367,-0.6116807669632451,0.6721469403946295,0.8541076872372128,0.8703135821729711,0.6050673324704224,-0.4164129128532313,-0.1804661723356861,-0.21135735398190825,-1.3707519658201694,0.6458047836324082,0.6773103524593526,0.025587423179911254,1.3690294760302073,0.26454635409948696,1.3392968833070948,1.0034652855733945,0.31498744977282755,-0.6804599640741591,-0.46622291622081247,0.8243209520496748,0.5842224746071993,-1.273238201981351,0.956480829110391,-2.1872507864432555,-0.9907101014332536,-1.6678751887489223,1.7703112436982078,-1.1443095474523641,0.616846335829946,0.9417582370828671,-0.7900837798491456,1.8605274885633023,0.0381623055369861,-0.5664490987408283,0.9661933049218794,0.3199183169729493,0.8986764462637176,-0.6186591425231524,-0.08383412656557292,0.6522137266379836,-1.642246530691339,-0.023470997121733745,-2.3877197937232917,0.06452444933224086,0.8970710071695087,0.8503710060332397,-0.5927951094833958,-0.10312498035387961,0.7377548824503765,0.04015495940651655,-1.820511942310092,0.45064312739417867,-2.976585707905421,-0.515310678126354,-0.3483367167398142,-1.5324013903415576,-0.3063401059427215,-1.72226347578419,0.7873965049456395,1.6582673916790165,1.8788087180383615,-1.1392548230669048,0.567876444007791,0.9590020672075206,0.5690229555573474,0.15899720603956982,0.6652832479282303,0.6235469391714412,-0.27387312699902955,-0.16487223301416934,0.11289312452801978,-0.2686809169092853,-0.6318817801344199,0.8108647482624959,-0.18732586556309072,-0.4971138184456179,-0.41655850586100257,-0.15362975190218842,-0.2845037217001631,0.06682918639634772,0.9622283623340397,0.8789772594401877,0.06647197845027028,-0.606512413088221,-0.5510878968797487,0.13879532432164138,1.3214596558268257,0.7082872122536567,-0.15504793273776923,0.5046924175921007,0.6258283736555005,-0.8654470005341625,0.468371803571754,0.8029619798372012,-1.315395208348451,0.7680892178993481,-2.4038763139068906,0.82114016267898,0.9767016228758112,0.31383894261022527,-0.16547621187803496,0.5655062984131269,1.409166878344403,-2.8101001264929546,0.04310008313766211,0.9143354330122031
2020-04-21,0.7291669511574457,0.13972854205931476,1.1908231639632108,0.29882674379827906,-1.708210307433538,0.23750099527466456,0.2571773576776485,-0.08690089765675313,0.1949267698978527,1.438741402381539,0.09623457559922798,-4.077690993482879,0.07909535200943577,0.20654751520071749,0.13604411541150951,0.8768858446120201,0.19891335726698253,-0.09904496283362635,0.30974510307920183,0.17426018665121515,-1.592212337517094,-0.40884401417758404,-1.9037038138924074,0.01491604018489628,0.061398250173510534,-0.5579164505921158,0.8613464934186268,0.09832804697790448,-0.14558477437777062,0.5572863873727044,-3.547047780929557,1.504161116300793,0.06241862503958744,0.8646549895621579,0.8841759074561114,-0.3824426514243522,0.36698257338554624,-0.7697349575826045,-0.17589390431506932,-0.5647717926421802,0.32126379892761187,-0.9912070525372366,-0.1297775684312866,-0.24083732817956333,0.09404465403553595,-0.633052656263318,1.2243788401803128,0.03747752176538124,0.10412849389674954,0.4136035892726078,-0.29608431071925245,0.5912196582515505,0.9542186807725416,0.11380607522780078,-1.0992337686801443,-0.39501642083678823,-0.26036395906605,1.6053203593862058,-0.29676861527286214,0.2831798423804574,-1.2358307420319732,0.0512502550074103,-2.348193969248309,1.194496150143731,-0.11220958063330447,0.11652553991522191,0.025673899296505844,1.2730626139819734,0.004288124578904505,-0.09461605637098723,0.16025726147859162,0.24042370526145587,1.343080526899831,1.103837011574088,-0.23336529609113257,0.05349781961757581,0.13104626550942822,-0.5507536166295329,0.3428111584627497,-0.2943897952694624,0.10087502092149228,0.05044058022888969,1.3833767098449385,0.7155318587984542,0.216709813821057,0.3943405667692216,0.4896085991425509,-0.20265976179242873,-0.11445253168051625,0.06652908619281361,-0.0035865200167593627,-0.8442188288917223,-2.0209273545227937,-0.17303587641014206,0.05109158991859934,0.10702333353023306,0.8697351690580973,1.0950375365125269,-0.709673084140295,0.7433639263655947,1.4362108064677064,-0.900872310804691,-0.32652674646388197,0.34633184994876876,0.023633788002041668,0.11213364649561186,-2.0970223920061244,0.019719094961830212,1.070273849074992,-1.0809298272016128,2.024120663362842,-0.044470235706243116,-1.3468373686069723,0.0622867807613301,0.05408535516699433,-0.0635885974568849,2.6259733986705065,0.4387358145609846,0.30228537300239083,-0.8082330204552318,-0.013071977846630894,-0.06781086271187625,0.3251234216316051,0.7933590228729462,1.7565512658585507,0.028238035061214157,0.08737448800917959,0.44485759057428625,0.0025605253770324176,-0.5588587690029293,0.4566176598594402,-2.662136157710138,-0.10703614541160647,-1.821552150320708,0.781286574893691,0.2479028966823975,0.38259827487518977,0.1760183632346046,0.7865673478993298,0.47227691254890125,-4.135179883050951,0.8120383197979203,-0.6416223851635239
2020-04-22,2.7935447361402765,-1.5780068460193593,0.4529385321943457,-0.018044640806740016,-1.143170495558504,-0.7434873039587947,0.5798215783896243,0.2774563700904935,-1.620058364090135,0.40326272465944374,-0.9004691571931132,-4.298347146216552,-0.11881178257143821,-0.10087593639729536,-0.10215340772948515,0.3830609699882044,0.4630275504345756,0.3370176015521998,0.6850822641325934,0.2887219321791506,-1.682578328587345,-0.37628326855879035,0.092973092640064,0.3445491853106708,0.9342329651167814,-0.02498374196528281,0.20404293531188242,0.39691577506551917,-0.7316150756998052,0.9883988200440508,-1.005828710418497,0.25085555852149155,0.5083389785931608,0.45157509978923493,0.29755089730572126,-2.1972169562056147,0.5062256186990824,-0.47298124029390054,-0.11447663226895088,-0.04537381035334563,0.48554460001263217,-0.996029048934715,-0.0005953589836251877,-0.5820195675571481,-0.503265528750071,-0.12763362272230858,0.3874963669447125,0.15393875243315802,0.15076581408649586,0.5115886946686405,0.971656451140433,0.5169852975933358,0.35843079989279875,0.07179304801550387,-0.2851614342243665,-0.04612353310368701,-0.9728783609256189,0.4586076979831325,0.6855110778528728,-0.16732422849148731,-0.2990898511165003,0.4516343149430852,-0.052216930705253344,-0.17951953984370117,0.4625906931198243,0.9163764370143543,1.6769036821561158,0.30282781353364135,-0.4447484937110099,-0.15320424000783467,0.5273592176398929,0.22430086180434677,0.36695246995658254,0.4657728687662193,0.3652354712291755,-0.8704657032918113,-0.04995901555476673,0.3322389456580494,1.0440640617410029,0.48798136401962083,0.9866680322948844,0.6242855635085843,0.3787133596459666,0.6341416946974435,0.48789604717155194,-0.4289291206909417,0.07231359281073504,-0.77854813169934,0.7096583763180204,0.4270404152649121,0.8013769229480683,-1.7483147258824219,-1.1662372975036688,-0.9384452039510385,0.31781542086239506,-0.5875537251898174,0.4982271511914846,0.48857906358350234,-0.16559763353168963,0.5273592176398929,2.0670179394817363,-0.32982508064986704,-0.5481841175178411,0.616381092087852,-0.8489807708183822,0.5191463458344356,-3.530248758947419,0.5981097837633021,1.443195794010902,-0.6686448196516317,1.471507523720367,0.7105274729615985,-2.9039594142399845,0.6215501041525674,0.37116993792151876,0.029575823047138225,0.34872751732933616,1.1348849721381626,-0.45488736829208637,-0.25551999653530394,-0.643378003087812,0.5149446024957921,-0.2670333892190312,0.5656606043622577,0.4618152952910659,-0.10679875793272071,0.14720900549831675,0.43148900286100955,0.022660561977764188,-1.1212019177317187,0.37171630977720377,-0.14429177312358996,0.5041981194098352,0.24767596968728683,0.45902076851737483,-0.28904998028513906,0.39201447953298674,1.6215968310947915,0.475585574000485,0.5060976825775645,-4.2939572326141775,-3.0612847432888155,0.6621653053676043
2020-04-23,0.5022605792683997,0.06815954064880478,0.0034780513774247666,-0.42013249010072,0.047214809839722524,0.4185396100909891,-0.03726000143425493,0.646235301984029,-0.6345553368529914,-0.7626973822282643,-0.8797241821751982,-3.667888605677088,0.5956505236595803,-0.09622235025012219,0.5536040121832326,0.2936429171989752,0.39359170659856574,0.2744940838916758,0.7110410086034095,-0.8624324968126478,0.07998129225207579,0.26703848482861015,0.732819921368352,0.6618160266770144,0.7203822861290023,1.2902773337298923,-0.07295172885457131,0.7353109404991126,-0.5065308498020317,0.6668174512297994,-0.07018653242024227,0.14813687078764373,0.7211532733923615,0.620821877857404,-2.127060437114945,-1.5069510476393537,0.6430247134838678,-0.6419718431378179,0.30635894378831335,-0.27995119057438334,-0.1111764527703504,-0.1726530064319354,-0.18823991333576648,0.2978509569494631,-0.1857121412219984,-0.03852415247260054,0.6716550095361393,-1.6903189380819394,0.27892064975564057,0.22777820267908863,0.6470534592488246,1.201910383096919,-0.1962224603982755,-0.7420101953112977,-0.45694298342425704,1.1015442956095396,-0.021345886052357387,-0.18075154869655077,1.199597257033996,0.7350352354691071,-0.7589992049996798,-0.8776689395785455,1.3047566727635929,-2.8633527313402296,0.7353109404991126,0.6757817721412707,1.489270442478249,0.5934787096399393,0.004427031180849201,-1.4746177851633417,0.710326070567898,0.7025759340544957,0.07382217901666514,0.7213296186820283,0.8718926707950894,-0.2930048692287334,-1.8697640355927534,-2.0534860119836225,1.1001625647908264,-0.6623843249027778,0.3039898213987796,0.22134116089489236,-0.08566624149727717,-0.22140025720913414,-1.7419417356918503,0.48434922609956904,0.5429337168950227,0.5204947012556914,1.3011468643143504,0.4144188262695032,0.6819423872027712,-3.1383944882143076,0.3248362790061932,0.3590785383836781,0.6617278609934499,-0.04889719844757528,-0.31023473016391884,-0.6054039423803952,0.8158504035714901,0.7353109404991126,0.5455756510889042,-0.29913672535262886,-0.5220908809369919,-0.8087732970741102,-0.7018203362521005,0.6299437889422415,-3.638060097984465,1.4544065451406503,1.2422944813103514,-0.3519221565617929,0.6602467479426202,0.5173829206811038,-2.4413303256047145,0.5311363367454522,0.6685757774712802,0.9002069463359097,-1.2977003546309092,0.3184351825083877,-1.9766596383834993,0.23279889558583738,0.0996157337083275,-0.9199592162873296,-0.02832706361998688,0.4812955493207884,0.38963312866199407,-1.2227753200770646,0.0002863144866134806,1.4102444671125152,0.6494640144091699,-0.6925995060125864,-0.1159862322546082,0.9149043759732017,0.8533771244088392,0.620091096606498,0.6552152532531301,0.5525135074584375,0.6809040907809644,0.5609396013456586,0.37761662172082705,0.2995019480980686,0.012827370700254427,-3.2347610902881305,0.7343470750487572
2020-04-24,0.16554490676480849,-0.046418320555593424,0.30116886218619543,-0.07806943046081002,1.0496109890202308,0.04370035112632621,-0.14179932192843753,0.6004823199331296,-0.20360432445727314,-0.06371946520955657,-1.576342601209362,-0.7570613027598815,1.0664716057915034,-0.9157720118017587,1.1970773603393345,1.6017773154978068,0.08211076584045401,-0.037020887774676575,1.2821879053004521,-0.7619813401150006,0.3035753990208569,-0.005128137338028678,-0.7257671409258055,0.009208816877524123,0.884939505985203,-0.13455028122636165,-0.06452604039059169,0.40918666146774935,-1.9821578786122722,0.7173615213191078,0.11480655897602268,2.030929981359284,-0.5959418037122983,0.41195048003740903,-1.117442067591868,-1.7444065876456314,0.37056577504346006,1.0370431725279128,-0.05906467229834993,-0.5613121984028092,0.9047691317838377,-0.18244639673707103,0.016045990687029534,0.33373648300497605,-0.4469564688975478,0.19968422499136082,0.38464071964172447,-2.569068641216897,0.022670161561907754,-0.14257945717925333,0.06735833676824383,0.1269136438175632,-0.5519471257645454,-0.40026179839025666,-0.29278118120350227,1.949132713251433,-1.1576357054136555,0.8699844036392177,1.2185110648295387,0.42461567836774866,0.08408378414403742,0.0035965803693012305,1.8517365927592153,-1.0087615449019467,1.7060716308490633,0.5825785329202396,1.1644754323589506,1.2015170332983913,1.2294960122642302,-0.7701613531961037,0.6847308246349538,0.042562904028352375,1.2136944126898013,1.0687595243581387,0.3592083184981067,-0.11555729442095715,-2.1994881761811573,0.2178109841225292,-0.017705107339500984,0.05266352152116525,-0.00705240517967767,-2.31256231208676,0.017185394545834873,2.0002134351662044,-1.3735311076036039,-0.6000842020540799,0.004388268264726325,0.11336550058201635,0.053880963452707285,0.05183264738180808,-0.040861998114449606,-3.0032228265951226,1.6872634834996003,0.6869178874417095,1.1983194201283955,-0.6388439828231877,0.19040479615237746,0.18154980583005093,0.5282292519729025,0.6908308385946931,-0.24395027981993214,-0.7488512118269622,-0.034112162972347544,-1.1762524530414575,-0.5809718865292002,0.781142025829389,-1.512701034402168,0.012112318700153923,0.5252485774357571,0.5976125349094794,-0.22628838256576198,0.33122349346785457,-3.6960636544321033,-0.47442008840241073,0.7366131785283165,0.2160644218656651,-2.934107420059391,-0.018257903491930738,-1.2899283444700895,-0.707754838801102,-0.46348118643891173,-2.227747352433205,-0.3042697801534485,1.1185772179399545,0.020485533420231312,-0.8708106688617695,0.5440001999079834,0.23452805024868884,0.20140060310385954,-0.9936161372634206,-0.7736499909594925,0.21013437085205794,1.1450635386122228,0.8571446747354126,0.7608299555243726,0.26008706065231124,0.792554436679919,-0.28444197144429323,0.6589772574356831,0.08620559368265616,1.6168647036734334,-1.3664381658103293,-0.44029052189889645
2020-04-27,0.3965411346413452,0.6808916377955604,0.6879462306174303,0.4832849303025113,0.6879462306174303,-0.20941367732846536,-0.9925760799031734,0.7657652522063596,-0.22189196064781339,0.6525128994675476,-0.36305821934176596,0.3757130611545974,-0.12803620213364125,-1.2256566247316767,0.20797518998995074,0.44900948902481225,-0.7482812709579698,-1.0743156558300428,0.6160217172159571,-1.4134134394082727,1.0291453949283373,0.11472514692204366,-1.2064304471421596,0.699461423914102,0.6879462306174303,-0.0818835030268308,0.6135166876147284,0.5669884035824642,-2.665247698152159,0.6603121600056863,1.2419032162610144,0.61517994073554,-0.5505613322952331,0.6336454430909677,-0.8822475107840101,-1.2941108661753997,0.8776895888502638,1.8436297519902545,1.0541759182684698,0.3473949417524988,0.36254569929059743,0.84578379390804,-0.3823317169310989,0.9990159994430653,0.2139416314478416,-0.25322674509409804,0.6731479133892592,-1.8075193955950135,0.7700681863412747,0.2933953128809516,0.9903600371230419,0.7301406668648253,-0.6335446035509329,-0.9043459640944256,0.597838232727664,0.2357884176685832,-0.7899668688383196,0.11054994765145582,0.41444472374435776,0.538890165190503,1.139263013151518,-0.681441511960841,-1.2674808674295874,-1.0145821197550493,0.8142877009618135,0.46337680745838,1.3498429716771747,-0.1807444129562784,0.4484673381317426,-0.5976343100851392,0.6879462306174303,0.678971153489142,0.42485643933190675,0.5082228786915873,0.6597379818084295,-1.3872436744909633,-3.4846913804701813,1.4559571857365567,0.43615517724489355,-0.6640791315845903,0.2086821233840459,-2.638780497183327,0.8358801199776793,0.5162608474536561,-3.073763371497092,0.6621060729186978,0.5525867500649563,-1.7091172496547657,0.2135377635428082,-1.4909889228088453,0.3388014725990734,-2.2027706450909195,1.1855564969837258,0.7480570270568437,0.49481356794671866,-0.5252190243939809,0.6596862953375521,0.652824891062575,1.0054073913474202,0.451014739560372,-0.06743305406204932,-0.998532403614362,-0.5218720522037495,-1.0215312150626956,-0.2437359936295161,0.5641311668503833,0.8376591793901332,0.5340866499979242,0.6197353837043954,1.414734934878265,-2.467275011685993,0.8556427167802466,-1.542205999632011,0.530197841091392,0.6435713208772107,0.06748064852524696,-1.4547081537362392,0.6075005214527074,-1.0034240254682398,-0.43697704836567003,-0.022734980823256687,-2.88063273486682,-1.9075645305662738,0.6879462306174303,0.05391904963777972,-0.7082410376980747,0.5689126168998068,0.06872322736634905,0.3780071892272267,-0.7158610321268306,-0.4629017322348451,0.5923247753225377,0.4762220317664745,1.5822280260444004,0.5784836859713118,0.6538500063033933,0.14738966888099372,-0.03554662307253038,0.6360343790214127,-0.10198877205959593,0.5718218385125434,-1.124369486890954,0.4359965132289232
2020-04-28,0.3231344697004257,0.9161255294118642,-0.24926377114456266,0.4925814044558021,1.06035382379689,0.7219390221359463,-0.6760383789625175,0.7386790832113568,0.38881613612847155,0.6599776359942752,0.6193161948054251,0.8517380897303924,-1.338648444914188,0.19205459442247225,-0.9894366756833498,-1.821833480632727,-0.6381297522161143,-2.152563880864297,0.24277311656763287,-1.211772995484875,0.8267340006232203,0.2921811479757729,-0.39461350897390596,1.0778517400579066,0.28558012638705915,0.6196655657949558,0.9873259138954563,0.28516170808065433,-1.4460258713943537,-0.36298396716042247,0.09244922568296737,-1.8302829349759477,0.1479787263529048,0.9561866480556593,-1.027994361898537,0.25762484091186194,0.7828952612605296,0.37086314438693524,0.8822497917191485,0.8897808898799532,-0.526483569734177,0.8621653668529667,-0.5807514233838285,0.6879947627455718,0.8578239919752678,-1.0505327611856659,-0.37364660394512483,0.5244626945784574,0.688391429967364,0.6604620225157374,0.6642075627893623,0.7247243862970298,0.21916797160062954,0.44118961298986265,0.627988475203872,0.2440105632879716,-0.22715221356550355,0.3107427144850454,0.060874435658220497,0.6715624036717264,1.6756189532978034,-1.1970811378375292,-1.3404888515689233,0.618067289883971,0.5998936357051153,-0.6421629942325927,0.0479408224920374,-3.2511427073825008,0.14485729833159053,0.4359185068890927,1.4285636948583726,0.739140809408995,-0.0726850801127619,0.17485755884395565,-0.013232261433184124,-2.780124386679584,-1.5290731823784418,-1.116944703516792,0.4235529254008413,-1.483764588688913,0.014438760941526461,-0.468929819605442,0.4832488275511514,-1.4829613706867832,-4.434566350905433,1.235276159468008,0.6805416041302803,-2.4974549748165713,-0.6730094452385625,-1.2525819449010136,0.46867558769258144,-0.10996536962442886,1.0199935372594588,-0.08759908129767735,0.5327332542887051,0.4642507444426008,0.8573593067895041,0.9183145444162643,1.1865369712332474,-0.19036183151613792,-0.24267602968475865,0.0644660171174187,0.31713708637990323,0.4636641503620267,0.27578453498501787,0.1363573504190838,1.3722062727672217,0.8077394107806657,0.1596000562292134,0.5461745816202734,-3.790072619699896,0.6673520462475757,-0.4667160204584804,-0.22530907622564125,0.13434557320616675,0.41671053343774245,-1.7612760327161952,0.6459645697938611,-0.8845029053578425,0.7073839184802359,0.4710935579636455,-1.7151105727425506,-0.43779143336990267,0.9449485533986393,0.07029041415467505,-0.07285920613076621,0.09392268583808824,0.0382597002367577,-0.022811194272250795,0.10234747938930754,-0.1617252201264094,0.7415558153155934,-0.16395829796069653,0.5326563100595014,0.3246287301134847,0.6152295783602373,-0.4187358650413116,0.6105623421280345,0.3073274502884232,0.48723724947910735,0.38902995291511794,0.019624493733635368,1.0646617177582527
2020-04-29,0.5358064524912325,1.0769628811790848,0.04294577801497807,-0.5842563517146447,0.46835620941514094,0.73515071721354,0.24502229258574645,-0.7186073821265461,0.911200301931915,-1.1935619963193924,1.6631112241384636,0.914494103479594,-0.03209274242555603,0.37191561178142174,-1.3391328473005217,-2.203738251235267,-1.2404140862405617,-2.9615104753856327,0.03106516845608884,-0.5282188404454996,0.9931724849102569,1.0971698329330117,-0.9596151323906432,0.7938578241224058,0.6017522317068568,0.9147754301735702,0.9703212841013196,0.4593679579516861,-0.02510541910887091,-1.3259712270537463,-0.2494177859783215,-2.0242017619242176,0.9056114186807259,0.38411274657314715,-0.4284360837538409,1.0784990543121966,0.41550577106545067,0.8590081447899519,1.4184026088085473,0.9781781032742948,-0.8612678931886633,1.3819753689013574,0.23303574765210888,0.7691468894556098,-0.3502078767469281,-0.3470841326175944,-1.5276347361838,0.960839058777428,1.0576779268344338,0.8826026782118571,0.9741918474778896,0.7848651948441252,0.3239797692534861,-0.18801988230199806,-0.2980123244117971,0.19563667685297995,-0.19655993550717507,-1.1244626909151,0.7671718585864752,1.496314931918847,1.317687875960319,-0.8632939595403464,-2.1349066297960473,-0.308455182488346,1.0925695067843326,-0.7571338960739775,-0.006084235590863657,-2.987139163687548,-0.12702585363376792,0.3309786679833176,0.9142451303030849,0.6340372598907904,-1.1997218117594788,-0.2744272562656725,-0.23761345781595786,-2.1691819956372367,-0.6581797017471421,-1.5115532655021922,0.17285040200195043,-0.5941202229706664,0.6616285808502349,0.7868224526664153,-0.14575172406351838,-1.5775613336243037,-2.4908509048266674,1.0271455736916617,0.9006285027808575,-1.8899190390999754,0.031767344145580696,-1.73264575165497,0.8006863158512617,0.7421172188506149,0.9226909603086417,-0.22479820920379348,0.4188356075444947,0.8994017095573573,0.37325876910161715,0.16710264095679436,1.0295372490105255,-0.8350662780147774,-0.13876445897779327,0.729277102544046,-0.5344184651770287,-0.12324334048696418,0.9477896043207636,-0.41402842368607845,0.9186924276476656,0.9483361012880904,-0.28382926173386697,0.3660105694895946,-3.1009817633196697,-0.2377448874759846,0.6258229561931743,-2.2742577622913305,-0.3627524334219079,0.29773629557365205,-1.121529336742633,1.2452969985557842,0.27504900058883053,0.9416687417639505,-0.19527016793194668,-0.5717944828878421,-0.9229172525035403,0.8877029761692762,-0.40247063044490256,-0.04904491732878539,-0.025257851070197453,0.5763956380041837,-0.09409791235541459,1.013952922487531,-0.5991674973523833,0.013083630055788296,-0.1959375140208437,0.7014824293245446,0.3227016800316585,0.44063484124054614,-0.09023781205629593,0.19441273607399753,0.9191910833017062,0.7956131867754488,-0.0690113762930928,-0.8189513525806894,0.9806223558857549
2020-04-30,0.8417769230923695,0.3173944664079954,0.2635265882834792,-0.0736209622385923,0.5231034529167001,0.7693019882942056,1.093389662643126,-0.13679527819574833,0.10214303520722309,-1.992094144745384,1.2665457803407132,1.1188530912766899,0.22666768408371318,-0.006638804816907745,-0.8171417818786125,-1.2066549245207652,0.4345533820707155,-2.9150000939632683,0.023238257374574002,-0.009292357694878689,1.4134978126776574,1.4583442229089023,-1.4949000010705575,0.3702652063876683,-0.3527566888450934,1.0900911457236504,0.10774210088712476,0.3279055005557516,1.0201389480909961,-0.5566561071742491,-0.6207117854793395,-1.8783114609816178,1.3631122683494283,-0.34098102660768126,-0.1141790853787577,1.3424728782339639,0.4328695635852409,1.1095440853036747,1.0476246528489155,1.390405607193637,-0.7504217764691784,1.1353009507783713,0.15555500024258137,1.0760198792849562,0.011535502598045833,-0.6157943057999269,-1.9023106875194018,0.7478121691946128,1.0658052673880924,0.8736679507394418,0.7464033652119836,0.9309750893927774,0.09649366014601259,-1.3956536165443827,-0.1691437031870137,0.3226709422484235,-1.0401283798356091,-2.195210531752604,-0.17492775361423407,1.447192736353139,1.1895451784076072,-0.5744021485613301,-0.8015220005397538,0.2735484344969416,1.259813421776099,-0.06486681239308957,-0.8906993033700387,-1.507963976761543,-0.804638558564878,-0.2982486105069111,-0.02918989570648925,0.9488669612238426,-1.5176590930428906,-1.3830543676234734,-0.30472255935079473,-1.661876446585922,0.24829980629940412,-0.48725395662376214,0.2656289484151136,-0.1948112121026245,-0.5695170391100798,1.5405036339579097,-0.549636966071893,-1.6349983883038228,-1.851782512276323,1.3316363806337488,0.08570824978191766,0.19826824232497353,0.2059468860565968,-1.3807732711003324,0.716198841115597,0.21136003842548107,0.5915881517468488,-0.4792049250229696,0.5680766183082188,0.7057492636980832,-0.44867356776282474,-0.8689606264033944,0.23230207927403207,-1.3547974856576868,-1.619759236993863,0.9480698422459335,-0.3768092536796309,0.3071629939065093,1.0419059389765037,0.19925319047029175,0.7278828194766339,0.673512766170264,0.22634635001107473,0.5832670368165079,-1.3373997550776133,-0.11253812050797418,0.6513135150148419,-1.8423033849538475,0.19695091150220942,0.2576273037121729,-1.7198578829675166,1.1470079037580514,0.4159697635266303,1.50431120344398,0.8730362279993161,0.7751595272624555,0.529331228117605,0.752640737778924,-0.8487886285683317,-0.5432117290115954,-0.1565921189991824,0.2274015751856547,-2.567753615072682,1.680982469614936,-0.25125696610146603,-0.6552530149247631,0.4556449958077128,0.7897523917126954,0.18706484411821195,0.6479353269023557,-2.1731028510313086,-2.1759709480956215,0.6060730142462303,0.010535594734444547,0.541452858522428,-0.0799498924444261,1.284552094892865
2020-05-04,1.6019953525811887,0.13971191928401577,0.6985827510094056,0.5745403226950643,0.5471853364990413,0.9108165611410811,0.5397216950510647,0.3590047473365119,-0.3162820305063614,-2.899961594392184,1.2686547814667637,-1.0822002245096323,1.5384756942306002,0.3672340645290747,-0.0027230545915849502,0.07395468612522799,0.8184899160629385,-2.448325138708861,0.6985111053968078,0.06966255311005952,1.72009475058072,1.4466621495408614,0.10504547470824184,-1.9532289886892775,-2.957805737860231,-0.2898000643217333,0.2968856268508009,0.6839821463390067,0.6335959633448822,0.1686918002231339,-1.052096978676582,-0.1253284962170229,-0.6102364223079064,-0.7664687112626368,-0.1645905631149562,1.4138962521621241,0.7383673514586403,0.11812663660503855,0.6251045391670453,0.6191680337168091,0.1665760199329812,0.06971139247162178,0.5790017525693667,1.0344157395523181,0.12472164704880746,0.39875228680173497,-2.989627061590672,-0.5022128162125756,0.6435187817258889,0.4896166350381175,1.698830677766608,1.03476893580826,0.5162481683438845,-1.6678620632974677,0.3297258323959903,0.4414094521049918,-0.7079166418826073,-1.5946586405135414,0.22767136916704062,1.3835685455406899,1.331207661641997,0.8248834856924496,-0.4541568342840409,-0.30613518127962736,1.589879908521263,-0.23525556738578368,-0.6545877218464042,-0.039583651048417226,-1.4184259399842643,-0.24414256639990914,0.16092187012086698,0.8642726647142436,-0.4345322732165936,-0.6179030478085363,-0.446872128293425,-0.24777046845176742,0.6233994442496982,0.05406718586891541,0.29047359165170833,1.4627257717910884,-1.3465345196009242,0.12621442829197535,-1.5839609200859988,-1.3588272244548878,-0.1295911853188065,0.37857035950677614,0.9356092641448173,0.03788678177679958,0.07213153331241029,0.2426989162547387,0.5913906620518495,1.2102371511482424,0.38955436256472176,-1.1994203983381724,1.0954558087999497,0.2125559399966295,-0.12148187419748166,-0.23045646727678382,-0.17914872617805516,-1.6465970315805962,-2.574784917963206,0.9916298915753655,-0.5353998681652992,0.13400951263316915,1.6420162815262545,0.6144874294682391,0.4841030804530568,-0.04432096921037631,0.2738601379402137,0.6221219762315194,-0.03362870685371928,-0.14385953316532726,0.026293290878978855,-1.4120270889291577,0.4268229105796049,0.4599753452909267,-2.1950575041446574,0.8204195708801256,0.08981948626699889,0.15659578270867608,-0.06241883495176472,0.11160976410254912,0.7030272043520998,0.6176027385968804,0.12017744130797604,-0.9379611374628556,0.6085615688786202,1.0158726708318395,-2.263702645404546,0.09665089732559852,-1.5496988936390368,-0.8967547030338111,-1.0879550398520819,0.7019609264697975,0.2564832832497305,-0.8246398104830703,-1.8140993657058864,-0.7258086949709806,1.3697457339051842,-1.2486527215894523,0.1686918002231339,0.6838378950666127,-0.22773346911793402
2020-05-05,0.8385888555280542,-0.3174882376850103,-0.0973086491190433,0.3314604598931765,-0.44809951111319635,-0.1377692899131964,0.49404864902444756,1.009974741141915,-1.3704420206867465,-0.9375471050647065,1.010437173668642,-0.45284589847475476,1.0066550614390657,0.20554607695149035,0.812891873337102,1.1387695545633585,-0.09620830847725663,-0.7198530706138931,1.4560812014738613,1.0796881222049926,0.9083818224438734,0.7561139107095962,-1.3315668833314385,-2.3870138218004264,-3.137353797890772,0.2048949476151548,-0.002151908851405515,0.04623469625531714,1.0902453371453795,0.7785770137724858,-1.9603226203801711,-0.047229481400919385,-0.15031949285950016,-0.1656395807645849,-0.2746233879214403,0.821663147082964,1.0462150145471194,0.46837671746623893,1.0193870897505801,0.007828967985130999,1.4100468414425873,0.3268121789349257,-0.06201399134740124,-0.12940981795452483,-0.07640399193531786,0.7186114905345398,-1.3236213534677272,0.23596946632345506,-0.029242668740052533,0.652078869255331,0.26901180076666203,0.44022561735133636,1.0226830653345258,-2.3284020101052145,0.3424092346591041,0.056361828832179266,-0.11629639066428135,-0.47959250678035753,-1.2934845665989367,0.5593405175070162,1.4823893121766056,0.6062181146802657,0.6794459052072095,-0.29310085171522454,-0.04691839851158775,0.17231250352973013,-1.2429773530630244,0.27412807232573666,-1.8093316374322368,-0.17010802890541185,0.4715216384113916,-0.00012002354465218286,-0.39021212402215294,-0.29202760305557296,0.09603917039315431,2.3621616677647745,0.9009887321021836,0.2591699443513962,0.45050903607599524,0.18887352608785582,-1.6864275246098805,0.27095399000688863,-2.2659630746314114,-1.0613224350210857,0.18994227725099752,-1.287749266776142,0.3120427231741734,0.6223770537171108,1.0312427593404074,0.8913093377617843,0.09074404147202787,0.03797031086180628,1.0245875607646042,-2.3663934530742603,0.9007033689218978,0.02774334835372689,0.11095354778390186,0.15841996353877483,-0.9279561774913276,-0.8233686263647512,-3.8427905032678957,0.215689055509317,-0.17790631307479107,-0.009118405761015106,0.6245893494719811,0.9173493374607425,1.430772610389211,-1.3696521764152247,1.4438760420152668,0.43823924690168686,-0.1332747020656291,-0.1318324997439565,-0.8477027171207111,-0.2862876122487251,1.4187771796921378,0.14900033746307098,-2.148619686830919,0.6712493542546566,-0.0482428675780371,0.49230563390748106,0.00556103278865453,0.2698440191678349,0.45526078846063134,-0.1249813755682005,0.09711088202838132,-0.717041872800167,0.12195632456782558,0.13207589189432806,-1.3791670291557976,-0.09219032216433982,-1.189665812925592,-0.35713648446797014,0.6988763618599975,1.0175607389375252,0.5330967068132546,1.6228255396098912,-2.528137659008427,-0.29343590972534866,1.8057674106400192,-0.7729935307549595,0.46474746329616445,-0.12768195140580207,-0.09080418388273392
2020-05-06,0.26757930744404557,-1.3649927854547468,0.20679818373691736,-0.1957631592951397,-0.06597422315548146,-0.3687774397357585,1.3820242154286673,0.30094436814815434,-0.5613015803288613,0.7028184702737609,0.5795621041452629,-1.6221507473092334,0.43294745413506747,-0.08831069837433837,0.3191987911647897,-0.3083517232245922,0.15793782473875737,-1.593921513437083,1.895888140210685,0.18313889193190538,1.2696670924042164,0.6768998759563339,-0.5678793723133617,-2.00712649691477,-0.9632192380933574,0.2421436556794167,0.5818293120611788,0.7246332049001493,0.3989388214935697,0.24864975053246732,-0.7350035690488682,-1.5936015154206795,0.3941606186180966,1.3599098223711683,-5.844897090714149,0.4727849408848043,-0.1689520265975302,0.3585794837022868,0.36876727190330194,0.34322783942136514,0.24256495725376148,0.38540272817162735,0.2554115139598176,-0.8953616357897811,0.3730916929648873,0.2759703285112405,-1.3119545803669073,-0.24800603889931855,-0.46016217849175894,0.8409548172733528,0.8209541657315571,0.04243921077389414,0.3963247127273671,-0.2534459721140433,-0.5968095097159904,-0.519455681127296,-0.6968471119808622,-0.43154532945764973,1.3521283160427915,0.8880767876532937,1.9737521369671105,-0.10427670913352687,-0.19014563160894526,-0.46016217849175894,-0.13300071493179128,0.34935125841800063,0.005965351172227784,0.1290555419744149,0.812575606584031,0.772468815549794,1.5856255851635217,2.25040237510753,-1.1107344643922765,-0.023774844199650317,0.04600581292166979,0.22124663284783716,0.37567896131017303,-0.18166460143918503,0.4178057557222406,-0.4481737703883144,0.061142300066311495,0.4177620483752578,-2.6666497724771125,-2.475060905140709,-0.40781247247280117,-1.6342259566061672,0.40065384083435945,0.31529633158901793,0.9040308983889326,0.10691861143065003,0.14993162655162245,-0.9608112125605112,0.4739874291581959,-1.8499107465469367,0.6781102162653759,0.6153157193259793,0.39577653134080737,0.3735364225522897,-0.9633052437253081,0.3545906969540504,-1.4289024229882437,0.6416704542881412,-0.037911721609192255,0.6923479086490021,0.10083386751808783,0.38460276399128845,1.998891678768763,-1.131665064052211,1.028235926184146,-0.8206403022753521,-2.3155162591099767,-0.15711012346954537,-0.2771289884446295,0.4742471921134765,0.3907296254852749,0.14251960664771635,-1.9803613561416404,0.996772745928605,0.35065661090640626,0.5467110811434253,0.4690935384952238,-0.8706711839147628,0.23148499536305614,1.5582778646571587,-0.2295030053201178,0.4536631510141206,0.03262724625927865,0.7804618144067311,-0.8732433880414513,0.7403942135009495,0.2755997795799015,-1.3325781102375043,0.8124852343644137,0.3099630563169822,0.331113247805394,0.48511176391050215,0.05760003648785496,0.181038959902854,0.101500784006887,-0.2936102446912767,0.7632784198368018,-0.7193021519024351,0.2804160172205811
2020-05-07,0.1754088955511105,-0.4018318808493775,-0.4364063683976598,-2.0625891393530527,0.0750275904422446,-0.7342698952472523,1.1274589540793574,-0.9756525587468966,0.17906508189017456,1.340712578795448,0.5923906790726388,-0.8313995648439639,-0.5625633053517597,0.48395015266460045,0.19384599131269045,0.03925959622502931,-0.060837684758426165,-1.6367322123342285,0.22218637096408267,0.18751229292340418,0.7216707717186107,1.2389707908920757,0.03221363153102566,0.06354247467772113,-0.14158540798822064,0.2565277676919406,0.2437066867144303,1.7226826124805914,0.9548507203930663,0.08715277387783336,0.19499920083019257,-1.5507508349696042,0.27160278410653366,0.994308207205621,-5.078721656837217,1.246025287691292,-1.209389677610116,1.017285939639369,1.025514363004203,0.6235966646979391,0.12544814290615117,0.2612227921396253,-0.32737127420000617,-2.8687837214638536,0.2689277696198075,0.23237957053187708,0.23354134948567942,-0.13917385675152846,-1.2167035549000544,1.6244879227953384,0.405321697459303,-0.35595531005815056,1.5484525561134799,0.42301226308772766,0.08479596703648642,-0.9970529237089383,0.12388092432644994,-0.31752481933626603,0.5698650763306456,0.5563055407620152,0.015544930506027888,0.13077449174600364,-0.7059572121579656,0.2689277696198075,0.05992050820913594,0.16792084451450776,0.7327927728271547,-2.52263449598065,-1.0589742676413425,0.3139898660514751,0.7553266374341454,0.8351951989354891,-1.8642234761275294,-1.6474410744120758,0.11831878184381919,1.458714148128749,1.2823543770432497,0.07434588500301181,0.8074857038374821,-0.04328841821489762,-1.1487635681489692,0.792479710445975,-3.2658162763017162,-2.1723598512802744,-0.383624457246817,-1.3769698543339544,0.8038771869503146,0.9742741634475554,1.0496390164636493,0.17125279932547247,-0.3283278462369493,-1.5187469016733548,0.5368875216584638,-0.5599004472568243,0.4045883967719927,0.5780459644958108,0.25812646553116486,0.24870911845770644,0.6176408244886091,0.8414559114378237,0.6522005564811431,0.3988401529284418,0.4416528181189298,1.1713911691300556,1.21073136964973,-0.23380625927576607,0.5646255428655816,0.1335969809489724,0.12409441038523657,-0.7883323976907782,-1.6893862893872977,-0.3680921785661596,-1.0749284429591797,0.2550452450542801,0.25276468977425975,0.40513744533786544,-0.23979958220089134,0.23016623379102072,0.6814591466075682,0.42237847901463554,-0.22822096098220881,-0.49189572665320114,-0.5883706296253497,0.2689277696198075,-0.16820895273358208,0.46818032424881284,-0.8967643139568346,1.284884630392809,0.11621999939898432,0.032161920434084675,0.8698501340845886,-1.0487672697960504,1.0789227375896413,0.18065977760614188,0.5743659294199299,-0.5168657516224041,1.1748194575110469,0.4501984352110851,0.20116648282143723,0.286402060928878,-1.9198671355446866,0.21811495936138434,0.5389713981547679
2020-05-08,0.18952001544103378,-0.34948913130398457,-0.9824656431728437,-2.3057557794437615,0.2906801212516699,-0.8109353456170051,-0.12024349967243123,-1.07142312662849,0.7335236082561944,0.18838246674092932,0.6720301442686745,-0.09397001832794966,0.9143643664728099,0.3144862214329195,0.5469341669997497,0.25921409173796756,0.058523621149756636,0.23349666377003594,1.4798215482004453,-0.16826328963904055,1.9323749034521849,0.2744065681343636,-0.10923621041400464,0.20530608747936227,1.345151908634917,-0.692882169198836,0.5849231454780633,0.8454967540950252,-0.018189739694682596,0.356032644087815,0.9117651396191435,-0.22084736318199227,0.31694699941135485,0.7870001552137905,-5.627043243371288,-0.40425827255544466,-1.0484773240423622,0.36917249788340933,0.2700270858343313,-0.012597850247865921,-0.08684807155937938,-1.0907777259293154,0.185141856326645,-2.286845094433515,0.4308739790331061,0.576683600439638,0.33546459643612414,0.14572969419710907,-1.9766636384489025,0.14802441406184233,-0.5561730413472934,-0.34910265960106607,0.34637958911971173,0.004308996879383146,0.004859561205090879,-2.763998962442092,0.4026462211905429,-0.0457932862454564,1.1001395087524175,-1.1993289369961844,0.13341243726532542,0.1087109852646068,-0.8190387112814701,-0.11077109045609697,0.8196170425314304,-0.06738196501362918,0.24026350714193187,-1.2619376158410733,-1.27993696630689,-0.13774628104914227,1.22607171677386,0.9061686054122075,-1.0786422680053935,-0.7646284649672678,-0.34848569687439857,0.19904908543406524,0.24233874013532333,-0.43388379889349277,0.6213032558082929,0.8016180270615547,-0.84878141714667,-0.15583022938333543,-1.7500525371484779,-0.8417326573907543,0.606564383585785,-0.4301565731783485,0.99734854988642,0.21255998058235753,0.8378216774112537,-0.7116265928435715,-0.2667305028882469,-0.9133229714513236,0.9097398980886038,-1.4391932844232391,0.1553767104331232,-0.8059531247849658,0.2649034883457587,0.18576553478290744,1.5999841132448362,1.1794412298641737,0.3114424366089946,0.4234520012111173,0.8029738289996021,1.5921428157990465,0.26777521774961144,0.356032644087815,2.00704374731682,0.356032644087815,0.40606613351634097,-0.0805756809966063,0.8028500603785329,1.2639001357339217,-2.3110983275203023,0.3422257730660958,1.061910478501652,-0.13936653370394692,0.3073730614176712,0.5454793132051886,0.35276047326431337,-0.9014112068149552,0.2193746953452957,-0.7734109910101598,-1.315109818216698,0.9063696784974833,0.3391019386898463,0.3487842920250783,-2.290017809674716,0.9680872495052996,0.3419783381015478,-1.1036660411575336,2.5443404841422965,-0.07179755804897356,0.21594432415593087,0.3118921033354446,0.02687797495420572,-0.16485831283498917,0.6834025368939041,1.031299416249973,-0.9292527305337079,0.3734213419599537,-0.3832602205281235,-0.5517716988804642,0.3548120522216156
2020-05-11,-0.1935016459255872,0.017250846200667545,-1.19590201183513,-2.089165000382425,1.2454180373305712,-0.7781396576697165,0.522392376702937,-1.8991137267216978,-0.23188384859758854,-0.9469093045075819,0.8932082938243777,-0.41057437326046486,0.9236460594633201,-1.5449537983104749,1.0120573819994112,0.6613264567240905,-0.7332213847143817,0.6025979749864745,0.8056642956620028,-0.6086985583511525,0.6610382331528702,0.6872070442853152,-0.31034796603414266,0.12911219478084174,0.5986257940398528,0.502741382941465,0.6645230131761692,1.7768158705639456,-0.39781429953279435,1.2067065124071648,1.3290431330244419,-1.378776350634727,0.9045628022830947,0.8619720321141182,-1.967545865717626,0.09855934997445248,-1.0451346557659622,-0.40971817990987697,0.6382782204327254,-0.07706493453125551,-0.6402041582707063,0.46785409586869264,-0.47501995797340096,-1.5527716327347423,0.37362928708272386,0.529994310329179,0.381595037971058,0.3439361562440915,-1.4059423478063,-0.7754959405153684,-0.379252458582855,-1.144954382407173,0.6301141413309768,-0.05195740990517291,0.6818177846407618,-2.0072346990712084,-1.6976702489566713,-0.21762670767266507,1.5495375851040913,-0.0660889800662457,0.5477251324810591,1.7569254622455457,-0.01399411744253144,-3.077987471053222,0.6810615296656497,-1.5346489324090316,-0.6896503504771867,-0.11020015026238801,-2.43934622357194,-0.25793391317372943,0.5660361875700582,0.7077866207619312,0.2295979188082406,-1.3111303833002834,-0.04506323896375868,0.21110015827691597,1.015668473550544,-0.6466884873760592,0.6657307211551622,0.6607471201222914,-1.1622328491121705,-0.4325786644740629,0.01167250360317247,1.3008831988199132,1.3042467392339996,0.13004167836548564,-0.9122268708317776,0.8388163400873317,-0.578449631182715,-1.9542560060793033,0.3553104462513099,-0.2884575683818271,1.1615787969230398,0.9909701102638394,0.43832716422179585,0.0878936155378709,0.9335621154133521,1.0010388075790217,0.844541155598783,0.9842891727626452,0.18524115521667764,-0.1024080550570663,-0.45638356466996594,0.7191152827539129,0.3787035475627262,1.1517778902140412,1.5583548103220974,0.7734334096110951,0.39372413624064373,-0.3422991598211242,1.3157565352735692,0.5797651143768513,-2.1376354091663483,0.7054480897433416,0.9443327806325907,-0.14033553780527105,0.8706405791220967,1.116784882405048,0.8645318472916589,-0.10847693542822337,-0.771176335643361,0.1530937153426915,-1.5390409820702153,2.084032316601074,0.22255031708190642,-0.12826057077716457,-1.1901461343581967,0.8407625262327924,-1.5849014978211327,-1.5837413030292682,0.8171846623882886,-1.7658244343404852,0.6191855083839225,0.7044957617934465,-0.23602457829120435,0.7600392702600309,0.6454649433018587,-0.13532213842262839,-1.557877834651534,0.5862318291204636,-1.0401179355567298,-1.082774052428413,-0.12715198141844886
2020-05-12,0.4770155140845504,0.13655475254503838,-0.6823679742095502,-0.7416836792287602,0.4653526041178643,-0.7068410083203994,0.37236013627536874,-0.11428653574216871,0.2893282956012287,-0.7069909361890457,1.2915043236190684,-1.2801703788879095,0.08297265418308672,-2.0495222580216352,0.0036008691907839243,-0.20349790452543015,-0.5529001863218309,1.1662260161254907,0.5089823683789753,-0.2881837322836011,0.23533986025645498,0.15903785865908937,0.011384434285850635,-1.197578457621949,1.3474290400117601,0.9856586867331618,0.5833084710680794,0.7211696707993656,-0.8537961286316987,0.4204562260842056,0.8855623557467411,-0.11363982106463227,1.228557941828062,0.8312894773997755,-0.21531979032586165,0.33893352979835545,0.07760133392496095,0.7881521359049939,0.500872406739578,-0.540459763171348,-1.1536991323600225,0.9521497821745297,-0.17101337841672662,-0.7180984982290203,-0.6025076954417502,1.2556151417987287,1.3458263132764965,0.6414152811560364,-0.3798443738976005,-0.7681864825123996,-0.39633337705099964,-1.5259741612542475,0.8524703036936128,-0.10428484620131705,0.9196536254080301,-1.4715876998640323,-1.4006275433520696,-0.41638458874744994,0.9514348843163524,0.44006054004730416,0.5865960309331839,0.4980202335574038,0.3689812469419766,-4.365554008100302,0.6448101879360866,-0.31849609742518076,-2.107005422209989,-0.506430681283654,-2.6993636153163068,-0.4961890751617099,0.445973135405349,-0.7603741498222093,0.40184784994370837,-1.2878275409981619,-0.25977816744662874,-0.13215463293213806,1.2060966832661433,0.27353161323407216,0.5547393953401174,0.4411545233350093,-0.8979731819622111,-0.5055655096334881,0.03400048774000398,0.3238266376079881,0.4755183297886616,0.5124408327301463,-0.9013248679087607,0.1956382172143158,-0.7651278458836897,-1.6806731497344078,0.8414500009862522,0.38589285189706596,1.3246289986564794,0.9723864500797917,0.4915707571193967,0.1806887409554785,1.0389398834270174,1.1618418701043969,-1.1195431363676533,1.3492035884214626,0.3701197534706805,0.500223654482163,-0.017366475233511935,0.9420267453378209,0.5047429043016352,0.6100712208968212,1.7823022275131106,-0.35666027548456086,0.02421253851065727,0.481590073256807,0.5951152880127888,0.28650604817010983,0.43940039213250087,1.1631270584166358,0.4254207534854357,-0.2371463221514029,3.0229119779303386,0.892312035459975,0.8030178201554632,-0.16283229929577897,-1.8116183459611477,0.6125830495956385,-1.127036436137142,0.27238295057200185,0.4914653241671818,-0.4023536060440657,-0.6647001177462015,-0.01674793277501007,-0.9552314048593554,-0.7493692390567569,0.599451793997563,-1.2555039760233935,0.11944917495199894,0.7119893805082528,0.004588410253942508,-0.22253289465311052,-0.08945569607166888,-4.5578386704780405,0.05980955531091533,0.012314037118810732,-0.6762908582695848,-0.5193982172072025,0.2770546316440793
2020-05-13,-0.17349984615882488,-0.11861191328065084,0.28269046073176335,-1.127189733746206,-0.6779896646988406,-0.9882578669442637,1.109883470387598,-0.16112836892466326,0.4513200807590721,-0.05863388502628651,1.0233335672655284,0.1505577985412976,-1.0732956754751977,-1.7958272330034426,-0.16179578805868097,-0.6453400241263558,-0.18815114535248492,-0.3666778032217073,-1.2602087219560556,-0.7819552448877857,-1.2868513763437186,0.9914718927402585,0.5848496396605132,-0.18329020977991548,-3.7143050631908228,1.590427720219077,1.155614163658927,0.9513520017200715,0.23333229646290138,-2.545469923191527,1.3253943838833548,-0.6086381586176312,1.1690817673869158,0.6304802217539974,0.7061035715469156,1.0701589293009193,-0.4240480043771771,0.7513877483271227,1.0954769010398382,0.5936171647945463,-1.091618559950894,1.1604983237980107,0.5855169655650678,-1.0871939470170509,0.06167034554276091,0.678853775559889,1.1278261383909254,0.8790602226754362,0.3316900820333861,-0.8408715900380215,-0.809027030961728,-0.8497714422135918,-0.2639579021387572,0.5374862097033056,0.7179649482165037,0.9237201265111264,-1.5009487835283866,-0.22236519546634223,1.0873963751212308,1.158973563852935,1.109262437766261,-0.27449098232589825,1.2619943884995648,-2.97665038686881,-0.8864951708629195,1.080048755567872,-1.08251140955539,0.554676794799668,-2.06754928862813,0.2709250682892577,0.5391441106630417,-0.03862135761453362,-1.1378288888714778,-0.5345969141598859,-1.1327416352663011,0.2851836448255894,1.0273171189884955,-0.08150946036249579,-0.3949648080906007,-1.0330889329465796,0.04810312551061157,0.8767011533866025,-0.46743130124490057,-1.4409464348498295,0.23579849625237043,0.44162916905556604,-0.5681263074073707,0.6556660317753498,-0.4468872336137001,-1.46601751239581,0.6486837447947553,1.1509133209420535,0.6957729310164531,0.5786841289582477,0.1979819275510705,2.043002124748728,0.08530978044413622,-0.2416570404199515,-0.7124465756779724,1.144460819356121,0.3277377540887732,0.37521941380750234,0.5623789388070582,-0.6941732928677021,0.5499462238963573,-0.5334524443011409,0.954728044851619,-0.20405629616154006,0.5381619135079171,-0.6116292273982279,0.11683958319739121,-2.1830381588497785,1.103783885198679,0.6719339659608597,-0.0943350020548808,-0.40943308755537755,1.1564675538912974,0.687096679590726,0.876749071348127,1.167685859790489,0.44946016469159533,-0.15829837394961568,0.4402889813689943,-0.8325118114072546,0.8529937287193265,0.3388700143875192,0.20992878755374247,0.23011049976374146,-0.4744005302703872,1.051748633636919,0.7484734919277506,-0.9551668115382705,0.17130739934726102,-0.30467006881967224,-0.859443295528324,0.5818069044819942,-0.4627072139921824,-3.8357448793482725,0.516709950709723,0.32036857488881915,0.17081033163176576,-1.4583978215212554,0.8428837770144644
2020-05-14,0.09400243779022034,0.1319880601892091,0.3895575068000586,-1.082177353267485,-2.100687396216738,-0.7526382689375586,0.6587055768958943,0.15062634084972618,0.6181773112533961,0.007152251459764431,0.7153390430085909,0.5552711148168502,-0.720755841987035,-1.0175018642047033,-0.4545629970559504,-0.45399188237507454,-0.6588843914346096,-0.7608724024992772,-0.9617733570402058,-0.29661843364246,-0.8582741726342875,0.6717857747072616,0.9853070483994988,0.4475335382471965,-4.800647831017446,0.8418081778973334,1.2919882837433052,0.9222415510144444,0.01303799726628183,-1.964103548324244,0.7940802639826576,0.5444745926431669,0.7170885818201405,0.5866955070329634,1.6596688810597147,0.41544772667812835,-0.5453363077446599,1.1596829100976156,-0.19864959991118905,0.16950118727121768,-0.18597823910205746,0.9506212290583066,0.6322584874513543,-0.7841562288207744,0.15914073666799214,-1.1440443526578477,1.6598537644695015,-0.3516881474492196,0.06663507209918572,-1.8353513187000883,-0.6258624275875168,0.12262426119184376,-0.13095429045540932,0.7425056220191104,0.9020340772320686,1.6863098673605732,-1.6271195109960408,0.6965693024379696,0.6904850596466064,0.6725769841894392,0.7312393467166767,0.152753939616947,1.4102476740732783,-0.6554255186608038,-0.12987574500409352,1.2159986543599024,0.1828981542238271,0.9841734986389727,-3.0302450691586724,1.2480070528250002,0.511410726814771,-0.2165070127573193,-0.4973820393078532,0.4086722762171058,-1.301822494650041,-0.292768985951102,0.6253942256709561,0.9231627988166874,-1.0965955317797922,0.16836857696005914,0.02202770513034227,-0.09895315735395344,-0.07044286476251645,-0.5052098311530347,-0.5875183812085282,-0.9010716129880042,-0.5751694150584455,0.5183581300920229,0.3897717306097379,0.49516321135340857,0.6531019282736461,0.4726550361602251,-0.04853266642289505,-0.691870348862315,-0.19020671391876992,1.0739899478880077,0.5967115048150895,0.5703465481769942,-0.05756711124178077,0.9815547712239879,0.6933962512793735,-0.25108977882563144,0.4990945968586254,0.040127033794066506,0.6807628530735016,0.20924726131220148,-0.6905112411784975,0.36923362089760026,0.860815227153353,-0.7461136733507563,-0.9268757641312116,-2.3999705293582156,1.3760673572377335,0.6018113877656825,0.44442095661058134,0.0740308718705463,1.4645347754360702,0.11342246910835713,0.06712262532361189,0.6571033755764734,0.6025110432724862,0.24758729916857683,0.0023074689688515893,-1.7651682429501705,1.1354695529527814,0.674985397210375,1.3707040082187745,0.2442808549631823,0.5168146177277249,0.6911130564254226,0.40256521452655375,-0.33156052049860757,-0.7875396262138691,-0.5024128230115046,-1.3857969399721937,-1.3791547388785645,-1.0481526455755377,-3.4643912827577643,0.6939932879278464,0.4801373851331507,0.15485409962157573,-1.8554921784934681,-0.4332728673234041
2020-05-15,0.06424304517053356,-0.07770996165735891,0.3882841790668343,-1.3753649910279608,-2.0751897972768707,-0.662793980209025,-0.9599900186007257,0.5671106282695313,-0.2961985931130561,1.528569400928227,-0.031652823947449234,0.6183098590720848,0.34541069818164294,0.01611754247187894,0.06661016660774403,0.11679392150367461,-0.023545304639643088,-0.0827803797424967,0.06233940176242692,0.32131456297026795,-3.046076938460119,0.7246533068699605,0.5983173139615499,-0.3005766258471282,-5.576755376447028,1.1755486057490911,0.5755703362023504,-0.09558334563160933,0.0637508290579267,-1.6103100985228531,1.184133246215889,0.572663128484758,0.609166600352799,0.2297967661589385,0.5600862933844606,0.21853823322048255,-0.6362615918614549,1.34099432143819,0.6113976666168467,0.5986715355814582,-0.008892766590756098,0.6174467437152346,0.5902560273685177,-1.87970638542573,-0.3513920653540607,-0.1414326198678873,0.5900517066808816,0.11457069177932411,0.1704652830859253,-1.00067324458465,0.4638086337867187,0.10492699302918439,0.5346151394680054,0.9539824101545397,0.7888960576894006,1.0542833645553658,-0.7523276848376909,0.5056073320743073,0.7829593105902262,0.15090200377333798,0.3882181416321919,0.44210789705652503,0.6114017613700676,-0.2917156759213408,-0.17900912044246303,0.9278405656203738,0.11801512190412172,1.2292743443167735,-1.7530615254631612,0.8677495695409823,0.3586433916085631,0.22274690809733566,-1.1202270089749795,0.662083021137365,-0.9652239084796427,0.3481886583437448,0.38024578620666666,1.4294275964324503,-1.1203422436811878,0.5845157170163272,0.4918924216373377,0.6022549987100925,1.252951330530403,-0.8642568097843657,-2.0211214170631497,-0.9048017390216925,-0.39266073541765517,0.3661111641596149,0.8445948585408397,-0.1492799260167155,0.5624421336462241,0.43521612723346786,-0.7588529785150091,0.2083159819120225,0.00899527200189092,0.5390935777967395,-0.2180251385558376,-0.43830066314659405,-0.14329559583787663,0.2116611600164957,0.6229283918197074,-0.02408848091221234,0.9997297336797127,0.4860297283488081,0.2949157026670134,0.5985459270463329,-0.42351823132402294,0.5755075332899933,1.7209328971382507,-2.1532011905807584,-0.46935460299263787,-2.350371274377301,0.5135259497605374,-0.8884936621987238,0.5839655354761698,0.45256561061147793,0.9068339104465245,-1.12399050474064,0.36529588512429223,0.8511267385674055,0.6087968491458225,0.013085692229743562,0.838712153793684,-2.876335793852007,0.4788491403706264,0.7592123167204182,0.9109491510544777,0.4937959057257088,0.5817806198727022,-0.12264278443739966,0.17594281989963922,0.5762259242589953,-0.18644718637249255,-0.36452124062600266,-1.5167570618459782,-1.7625767201657236,0.11687702729273897,-2.161154197405821,0.43903721980078086,0.7592699390130742,-0.3044633284334136,-1.2188194755409614,-0.14746428090017114
2020-05-18,0.32890436290181124,0.049383301096658186,0.04248498244139041,-0.6582598604440383,-0.8554825937513345,-0.21400061459486494,-0.2856477169393622,-0.6669176325412361,-0.0930413881050163,1.3348143481629138,-0.29540417248688994,-0.8093319691326099,1.1812235905694255,0.7907884126925414,0.42362306751823486,0.9235266380944552,-0.5213323053392992,-0.19066734033670832,1.202034707537657,0.12402486805081785,-1.2936899565649935,-0.07902086719383453,-0.05812801301989889,-0.5463902524495191,-1.630524290298662,-0.6793720499892796,0.5126211205834075,0.704215404585883,-0.695211210034686,0.21382438417990218,-0.08981340671403662,3.6694228308057504,-2.0823258093406443,0.35480208906583083,-0.6228539937391461,-1.549201609502484,0.22312869757842593,0.8925802928032452,-0.24979474653776232,-0.5733373060702576,0.161180789540893,-0.2919988090836426,1.2320993812641103,-1.4069085270214396,-0.6362041838092668,0.45522683136784914,0.7845664598334225,-0.273740461495915,-0.2922414275327124,-0.9673632968694638,0.2564074741144107,0.10143422207282099,-0.39002491505957676,-0.600262944183389,0.8004793405357634,0.2597022869164492,-0.11025058684343259,-0.2527456220509217,2.0853898823852877,-0.6501858965756385,0.33867755297790336,1.1320618744399045,1.007341890398099,-0.1265796470464735,-0.21595903190422855,-0.04787755368208451,0.882289386597322,1.9466747686622432,-2.3304894494732333,-0.923522692486634,0.9596795757449282,-0.6734609172505697,-0.1773061560780978,0.9391562126275383,0.024784028694784837,0.4530664014443099,0.279577445787322,3.056997425305541,-0.5817138968242263,1.3531374417160666,-0.6207505613153725,-1.1466830490084685,-0.3720196772042594,3.867335357980859,-0.7965960801508908,-0.7538006478805571,0.5031335729308141,0.9874092500268545,-0.3310247526123706,-0.004393922360277513,-0.10033518831330758,0.43797555715856845,-0.7085456280548128,0.5285850310197288,0.6823924497681585,-0.6200120285764372,-0.6350243550942604,-0.6381568830768182,-0.5060425122482173,0.9155964810081253,0.4035399479009968,-1.122358375519813,0.26690727934750813,-0.21457290621006087,-0.39253331339935643,0.5144880615198432,-0.6835823019528537,0.20774314319699497,2.6997075005692923,-0.794667913673699,0.9275497068174072,-0.6908267687647985,-0.6417583494963474,-0.4547173298323429,1.026547191356934,0.6159864991141605,1.998336681498418,-0.20206130579398424,0.1456409487330168,-0.20917942769069572,1.1495543873061038,0.09946896301300713,-0.2829455105479375,-1.894656103454344,-0.4179094367124198,-1.292110788848222,-0.30693689090333864,0.17620660399757618,0.2703058228333053,-1.6576208841153213,-0.37392217918370446,1.6636919211484833,-0.2652677357024734,-0.44635871938955207,-0.33298179518233184,-2.3952901401202564,-0.6420579525085313,-2.0063951585772015,0.18461038746950648,-0.42914870173123887,-0.2878012587669599,0.23289135330835092,-0.627306215748949
2020-05-19,0.04637403147747823,0.11222144916325034,-0.07901624987388065,-1.6468430064857855,-4.134117849058585,0.024650388428763336,0.08737405185556922,0.09103886974436676,-0.946909715835015,0.8339620566797361,0.1248596244976316,0.26764329613454113,0.5411014533049472,0.034242728602122664,0.01307708135037514,0.03546162619855799,-0.5014271425667466,1.519080570080672,2.5400222829894705,0.09567712140959246,0.8567291477100379,0.22620514816416631,0.11304518050562,-3.9473398412180067,0.9856556333839542,-0.5340420615253567,0.06930478105447746,0.22997204151844963,0.07547008705595978,0.7069869873286965,-0.15123682092816093,0.004088901804585929,-1.583089407209011,0.01138636272328737,-0.7601995312300063,-0.016419431170279844,0.11548165549288818,-0.09813503774486053,0.12161651665898544,0.2607031889700407,0.39174845003801684,0.09531219078207391,0.1965421776801541,-1.2596152183738512,0.3608249768764899,1.3061242483708302,0.04791310599598082,0.012565904389835762,0.5234142126939682,-1.131496568341356,0.9201103075620469,-0.1469643763131149,0.6730670754936762,-0.4250601327697948,0.37907439396546083,0.09850143423590123,0.1280686877703114,-0.024905137838659882,0.41314625666153154,0.4781951321319709,1.0841016688776985,0.09101640728124491,0.11756152185821792,-5.313305822342934,0.5617539037309163,0.03981711243554884,0.07139893066722124,0.9441528929852635,-3.165854547779803,-0.5769645267107495,0.05370630040217085,-1.3827756913346956,-0.18380714535536535,-0.15454220467778867,1.0884853899594442,0.08745310874846732,0.01780359046878036,-0.27796503102294856,0.8455218395074537,0.584034800138137,-0.4621126479305653,0.12969817209676282,-0.12040634036741656,0.9902670216684125,1.3699664278399764,-0.6460756472674785,-0.004424432633297935,-0.016538708355082664,0.07408986261001933,0.009325777927340519,0.07190790078284531,0.09031282549720898,0.007774816117528586,-0.052284839676444685,0.9049931759301163,0.32455073903278286,0.10581366217614885,0.08611529315376759,-0.6710852751911887,-0.2987471486291902,-0.7273777566416159,0.14069444949147755,-0.03133745999942842,0.5260215663385508,-0.013424272493117489,1.0731508453243592,1.3414460223811056,-0.05296739707064079,-0.4605155862921881,0.045560160092378586,0.10668313795083145,1.3506135057120168,0.7749563050265115,0.6909366843586234,0.6808502528186009,0.05585114271714347,-0.01466386609254905,-0.05218406360864069,1.1138262541293722,0.12181323450167471,-0.1250759391399323,0.022703463479365478,-0.6486035998118641,-1.9840391332723182,-0.5397754250310437,-0.8804037253269132,-0.14402049835635772,0.04563824786601347,0.030517277858268247,-1.369049600075416,-0.0686562548061824,0.4072383706570136,0.3898144872481624,0.016114524489135446,-0.17252024407886551,-1.4376079707956544,3.657992805099517,0.035244004997311854,0.5379060227243533,-0.06499258510225589,0.3213042025625752,0.09954879374135374,-0.005166806642782143
2020-05-20,0.06287779105653081,-0.15100624914238206,0.27979623647843704,-1.223960059029348,-1.8178942310266144,-0.24542225233573356,0.45509524354564695,1.3543431369205674,-0.3405814185437745,0.8604842390405162,0.9406634581017246,-1.3846447688371049,0.4443113211154494,0.11234576869038579,-0.5306391469196581,-0.5619089864538291,-0.23386914141565968,0.8616801584753172,0.8818409599785509,-0.13964881319354772,0.8118339586789988,0.5888021417270557,-0.6188744936216505,-2.549730740619395,0.7593793000333059,-0.7958565083995345,0.3860362249004609,-1.0625991666723007,0.6850879426519377,0.8235497147991179,0.7747785495090456,-1.447964953379831,-2.1517635425099058,0.8240403153351462,-0.9492763664054263,0.8789651334950879,0.8764290548719711,-0.014410846515386728,0.6832204775449211,0.21595279014766702,-0.9794721884197032,-1.155631892212575,-0.9904316288763725,-1.6976233119579143,1.020650528796155,0.7552652828545485,-1.3089152226592045,-0.4411800600479573,0.897673569811443,-0.5750794829345992,0.7669232781594953,-1.0904625924315516,0.8969853843929297,-0.19925323942099263,-0.041200409550801946,0.29049782375956185,1.6571161828384724,-0.3219756021222253,-0.7769660836968797,0.8614463255613439,1.9001298905181194,0.21379401635330214,0.4629371819648646,-5.231654715832995,1.4689810938614398,0.5701152753359443,0.9311087264060415,1.8076142967581468,1.1677771023379266,0.2103070923204823,-0.6368641370482174,-1.5036330781904859,-0.6798607906834842,0.2657973300221963,0.8462661905618897,-1.0092582484424186,-0.15539043603173305,-2.15604477479957,-0.21377564045813974,0.14054140435466284,-2.007508541307331,-0.45145576723058517,-1.371962004734784,0.7904043410930086,0.648343919022013,0.27341657561984345,0.12011677364143081,-0.011541324928113614,0.49523785300043915,-0.505787764380388,0.5469290937541941,-0.5080716026934926,0.8116566014432395,1.0140484141398756,0.8674044428872288,0.7295164949935365,0.919509507144839,0.919509507144839,-0.5606332762333005,0.3164459607372712,-0.31004732428037096,-1.232497569923634,0.188473965475295,0.8553832899450811,0.5698731161081987,0.919509507144839,0.7845946086206708,0.6326577369182251,-1.859075834514461,-0.39830301061010676,0.01583763903989163,0.8965103159200144,0.7890371451592287,0.5910210585642622,0.8899583950821796,-1.2377138080110661,0.8826710419449781,0.6732116804609304,0.7971281228622651,-0.2616434168516869,-0.26320473307332076,-0.29675636011126105,-0.07817158921067696,-1.3868251792050887,-1.3652133808700098,-0.10804258034530469,0.1536493120400053,-0.1398434842125702,0.06469622493777255,-0.8252953357885694,0.6294480091529401,0.46839600178831275,0.9143281828901677,-0.5613712664924532,-0.32688468192454145,-1.3471264686167814,0.5616299868491611,1.1902182286135228,-0.23605560081300983,0.6071376362509591,1.1977870142296712,0.07149863356998984,-0.4548811050557402
2020-05-21,0.4601057783579271,-0.35787831364733225,0.9677281972807499,-0.11498310123319752,-1.169829446837567,-0.22136180000790903,0.8792870653302183,0.9135576379225505,-1.0132812570759546,-1.2976797146537709,-0.5153709440739497,-1.7539787878278694,1.03359287109213,-0.6983867542333619,0.9531306864628993,0.5679399967069028,-0.21321445532853864,2.329453216627931,0.020579203405178173,0.730653889132868,1.0037525450252136,-0.7766483892153695,-1.408097516129211,-1.4352132869106158,1.0451826741779602,-1.2122714436965158,0.30228578745008783,-1.1850836216526799,1.0577938587618194,0.739297905043847,1.072622959319073,0.2473772819057528,-0.3944266928487391,0.6589471721681787,-0.9969778462704082,1.3827491538444812,0.2524653481459789,-0.1799229164522781,0.8319980871699384,0.6654847420082944,-0.48739279137661096,-0.2712403080475963,-1.6046942285181212,-1.2640148430945939,-0.07695683516378003,0.7709303978559822,-1.6336363829858047,-0.7607245985699637,0.8684578828153126,-0.9000518806115847,0.6936933681051479,-0.1076055572542495,1.224040496550707,-0.43576557567365753,0.11898458131852407,-0.48088581338647807,0.09375256672706102,-2.2521713974205695,-0.8621151088137936,1.1502915867236048,1.0753808402029257,0.5824827166625891,0.8390868495638282,-3.4919763346580366,1.668300845783796,1.004767955274719,-1.2511769218108981,1.9170402803191524,0.47175415550454525,0.5431017608425767,-0.5689888068182278,-3.3098860584585594,-1.3912448399696775,0.7197535340907583,-0.039558526427852056,-0.4203568435183813,0.39424644058785296,-1.498144595183177,0.644064347804089,0.7175367327199742,-1.5905531437619593,-0.6292168915065205,-1.2536913318120608,0.9866649095550509,0.9501274690045854,0.5143029257584455,-0.6933624265319019,-0.14872291642700594,0.34621876495192094,-0.10817010544078434,0.6566025560396545,-0.8195929106033846,0.8626294065302824,0.3653107655923192,1.0696357857982366,0.9295961923706486,-0.37097817187334176,-0.7667451771139859,0.9827853078427063,0.2967661513012052,0.4345537762440735,-0.3683267923297259,-0.6132143909107554,1.4976822582174718,-0.38894613790718763,0.5752378106230353,0.9628822824826349,0.7255872054372493,-2.305077789795373,-0.11803234061039923,0.3988726593950992,0.6263704814277324,0.7876143652142362,0.18140213785183243,1.2391297529949883,-0.6051150638509177,1.134515500148046,0.8967132565392659,0.9933121664317809,-0.7508430052831118,-0.5621469467963696,0.6191048235941783,0.21636552016030758,-0.4507809082023206,-0.6715058312238539,0.11756242884994866,0.3337915029158841,0.07759878009766756,0.047854280169341935,-0.601232825231319,0.9571634200759217,-0.054888201011085824,-0.8501980397589339,0.5367072399847849,-0.446930643682534,-2.7249997412203273,-0.19173602982750357,0.8291693266344476,-0.4660443270298951,0.06704316209150084,1.340742293424587,0.225794591809148,-0.7928180287535133
2020-05-22,-0.7464084812150414,-1.5001559296250646,0.6049232902760596,0.3633620937661734,0.3337374138261665,-1.3734548140067002,0.5253361218340957,0.6995992662860201,-0.9615049244473504,0.4962900244398028,-1.483343663992139,-1.884734931240811,1.957286708649133,0.10210815228587863,1.5389069570176979,1.273008079903837,-0.8503777254812716,1.6395370335812547,-0.14545794386553704,0.8426203387585611,0.6277335452671203,-0.4282267748313687,-0.7790629014409949,0.1386948736740987,1.5356420330069096,-0.5644414230826661,-0.5268245945094633,-1.4985191781116116,0.14054835476227925,0.6229262701100566,1.4427959909692805,1.0523946240151674,-1.18879380967788,0.15834032239592438,-2.07348795870198,1.0994886249536424,0.7775762811267671,0.27481334841634514,0.9457106444522099,0.7178135093718462,0.051930393174513166,-0.830225366159462,-1.335910498134955,-1.924066402493243,-0.14264273345526937,1.2814518509209674,-1.428068064932319,-1.0736873998553365,0.9114140229732982,-0.28089057259060407,0.2833255304961889,-0.646068571248075,1.0412880323800138,-0.07718463002120514,0.5772527598303825,-0.7328635824254208,-0.6170479956445304,-1.2199666644614973,-1.28900378008988,0.497960227322781,1.0978237113922455,1.3176864432470599,1.6653345951381742,-0.4528655689625225,0.6995992662860201,0.6312741999644587,-1.2234145674631345,1.302646865271863,0.31412192896536556,-0.3767828436609578,-1.3198339166615123,-2.0143964208180574,-1.0720469866581634,0.5942336951743473,-1.1949678731068465,-0.4582350522648106,-0.1617859169867117,-0.8397579882370728,0.4868302136188106,0.8754870663239559,-1.3513281024273134,-0.6257406730644904,-2.457165950314791,2.1598089606169433,1.2275153629705478,0.19741272515505742,-1.3337066780684024,0.3466075686826458,0.4573476808795881,0.5750320165199244,0.33155166793434543,-0.233682380821462,1.240474761152639,0.4628651264590562,1.448786544115515,0.6750294859870096,0.13717287919201387,-0.04230041512513374,0.377685085493279,-0.04627109692880394,0.44253522516802635,-0.04242978751697319,-0.3428752377666457,2.0702069406097476,-0.14612904420485445,0.6413297627571857,1.3303014149294972,0.6457640650471276,-1.32614588995143,-0.8276809958647422,1.1836626403098292,1.09299300368661,0.6040451374448298,0.6332616776531895,0.8756786198729264,-1.7367523586713502,2.210926178865565,0.5926441136852432,0.5339466531326912,-1.0944410381440397,-1.3215796716528163,-0.8812029835161568,0.15072984056010966,-0.668724061913836,0.23603299376771023,-0.3806968806628741,-0.4266179890479262,-0.17963826680580144,0.2494929083255397,-0.48824909413986745,0.6143348515178327,-0.14974992677134424,-0.5734461524506191,0.4957325304875661,-1.1821946505235794,-1.1777516775305725,-0.762101050437719,0.6508373877271522,0.04270540061026512,-0.10182181257774361,1.0179197480872473,-1.7310972751645324,-1.1451960724045076
2020-05-26,-0.8281747849275397,-2.1342814822618883,0.5440863226047721,0.7201083839258537,-1.6764446677876126,-0.9316435659005264,-0.25937631184098414,0.10181305020036341,-1.2248013674775062,0.6008119600618302,-1.7732618303007772,0.05940967087942584,0.7408258578732311,0.5640400675906292,2.2529211147998556,1.7763597820079433,-1.504540122876772,0.9319526068914425,0.27729396229393916,0.764467912448683,-0.2552158192378882,-0.2136651589920214,-0.5565778963140406,2.449017526681342,0.7453269221047155,-0.4339793553684407,0.2899559471326155,-0.015723297750383308,0.2522140318162326,-0.058362347389815675,0.8015643702263612,1.0671028287654232,0.003990802821030464,-0.13951656932285159,-0.9305148600033375,1.5607287316839302,0.7248946580369098,-0.31240257581665276,0.8044532002332567,1.1092673869633074,0.25381781428192346,0.424942751560008,-2.046772253485717,0.5143880397033795,-1.2077483808899487,0.4955604841620147,-0.3275737580629903,0.17585167655139958,0.7679126999245476,0.10306613061295884,0.37580306698137533,0.2770468650283297,0.8064743889968161,0.7526786562107037,0.22815342316904097,-1.131261025846429,-0.006270550140754341,-1.505333786177036,0.3804027969781283,0.772303175510196,1.7386203467942813,0.7883695027801609,0.7817853470971067,0.169162852235023,-0.8586992719032895,-0.5429440831140006,-0.013899938750233178,0.5292960137613669,0.29587427534556,0.2761888119273001,-1.3049111332220025,-2.1309266473251443,-3.7269196548223658,-0.612201408351472,-2.813572650104992,-0.2147846050821294,0.6256843059346219,0.5901948095306409,0.2702814731761291,1.1074010235376648,0.3391917304461239,-0.6254066643157319,-1.3972084005623548,0.5336268285420568,0.86121524635283,0.22936470216080648,-1.5423265812736031,0.09112722608382952,-0.5020747439827885,-1.298032834655553,0.5240435002024566,0.6404774591148402,0.6457030603470644,0.8540011428995434,0.6854269260284889,-0.08388361426737148,-1.1416615724607444,-1.664777914075644,0.03855119226145174,0.8502203929712914,0.7556187727089604,-0.45551741214432845,-0.04444972085845035,0.8038159338685507,-0.21386196280840994,0.6972002095360472,1.1289517348893532,0.7591491368302185,0.40406454539829345,-2.1373320153448807,0.45700883464856207,1.376833457047421,0.7551184128856632,-0.42655195014919245,0.8017761008754235,-1.7600986247283792,0.9791738581493182,0.753475099536197,-0.05588467676546793,0.3737610893701437,-0.4927470562016252,-1.0397969294639846,-0.26168009757349414,-1.9616013407875845,-0.05584027847397754,0.9038718561363673,0.6531896490283748,-0.9881319433962452,0.6272884293871885,0.4879543976380051,-0.1917021294936861,-0.6910342924143935,-1.0169256512188674,1.1318362847127736,-1.6081094313160502,0.14574637177921582,-0.4409702412022703,1.0900957101297026,0.6253282860185323,0.13589948614880074,0.13036717044583113,-1.6658035500756412,0.5413707264439256
2020-05-27,-1.062330261452821,-0.8973473128139815,0.4756160242535487,-0.12068792310080811,-1.6198698683827386,-0.08540360017668726,-0.32400339191997635,-0.47871895003997506,-0.1658165429084819,1.27287537404311,-0.12611514348062924,1.0756202140957232,-2.951578828535566,0.8167395332183297,0.8742356842351244,0.11653841902856855,-2.0526544881971103,-1.401767351241502,-0.5024193250999421,0.18895008646634318,-0.7029857971856948,0.9670849939605269,0.6025286578563342,1.0847473660592724,0.5788326880631917,1.0108831256372897,0.767194107010685,-0.7468408603792672,0.12124751302378636,-2.1162228839541823,0.533851524794628,-1.9582969971009947,0.42286760312012656,-0.5633633686025885,-0.1853602747172656,1.1291903209324095,1.0968697462165906,-0.0952461770625986,1.30477549917841,1.1935839401653339,0.8301056508834028,0.9377006802540211,-1.3489152183590514,0.9463033806830556,0.5131786387892536,-1.122580607789664,0.477271446555577,0.9655330383937947,1.071782848453099,0.7436446540525345,-0.8536136697762293,-0.9868072289341625,0.3941191290553055,0.8272841334881125,-0.8935872844960684,0.2942918644383792,-0.1772168444693951,-1.225877973422754,-0.2945972133780719,0.7626887930581399,1.088964520081377,-1.686612472404955,0.458806584975627,0.4703012532133488,-1.4468304725930934,0.7115549832947219,0.49347150071055257,-1.0612900264449132,-0.724352961742892,-0.49367966517694556,-0.8044350074736721,-0.27356187358775247,-4.406862728342039,-1.7421706928145937,-1.4588825571398527,0.45457390752320587,-0.67864700766486,0.06409211091918891,-0.11759597054601939,-0.32506851035498224,0.9515346265521231,0.7018644789361601,-0.8184177918138502,-0.6614665184899792,-0.4075155983757256,0.44861492332783665,-0.3307022619163984,0.3746061266527583,0.3626059400862796,-0.9679581035583555,0.7384087920103465,-0.443783979084101,-0.6775812736940223,0.6356837932999334,1.0036639915435988,0.24593107477583243,-0.16654013815221744,-0.5381960024365593,-0.26274589520755876,1.2538094009991072,0.6135656896613375,0.6735954840282995,0.5793781575429119,0.3364476571859795,0.8715344852143797,0.06468593919252572,1.07995880867762,1.0708093741401077,0.7304410751005224,-1.493850057858299,-1.2409325074301232,0.8633696338716279,0.7678748521033367,-1.2834213457984562,-0.4328345194616252,-0.6882503162404109,0.24619904434200418,1.1058666319477952,0.6540293887571408,1.422704894024194,0.357083547758412,-1.3030420564258753,0.40112849473044926,-1.3174904781893593,-0.04824941699025509,0.2202812100478082,0.8618372167459477,-0.2628172709589452,0.5245675847330965,3.0172927888051486,0.7059608911317712,0.08799523300128381,0.19178831455345005,1.0794784349864017,-0.3664046750579619,1.0949918341621794,-0.8864612011101776,1.1307823452083894,0.08284434584972075,-1.094183471353802,0.18433208475897633,-1.051250324880706,1.14686040712037
2020-05-28,-0.2482875506990029,0.07963865956372353,0.40190742478047875,-0.21850018292487294,-0.3273795707460932,0.45165144155621834,0.05535760683911014,-0.6418868444107427,0.40506679605290685,0.645699522763698,0.6865081561348547,1.2954128624484387,-2.4852294639404455,0.8817234573912966,0.8885053935748664,0.27847876416295086,-1.7273788583523935,-1.2648100144977916,0.14859505490962344,0.942358031928604,-1.477716178421075,1.0769852403740794,-0.5513693249451556,1.2633380146866797,-0.9473920363843458,1.6289199755140276,-0.15181632308292445,0.02682178689354235,-0.1982968991573151,-1.1572175208813322,0.20707325433536777,-1.3278532218341872,1.1661364268335135,-0.6340414632702446,1.1805717227734025,0.8518732301477883,1.1458149000133275,-0.6349253704440269,0.1730785489372271,1.354276209718869,-0.24954455154390615,1.0976297591343371,-2.6365166261558914,0.7069592665873244,0.5911712910272297,-1.8276943571910276,0.834104207790192,1.6413186249576015,0.3454838042666414,-0.1869423569615265,-1.0163336043603524,-0.9971764514011983,-1.0047098471146867,0.5695951489720259,-1.6602136622653638,0.03939391654884506,-1.0959309722589805,-0.8482584089950882,0.2831237488208565,0.8112848989708475,0.17867862105325755,-1.79008743884344,-0.3578279293580676,-0.01314127791780409,-0.7251653461914236,0.05310849931762704,0.5155836241772346,-1.860542335488175,-0.8827061865326816,0.11899072689103721,0.03272287021694442,0.9535436964550704,-3.958279226121957,-1.086022918308197,-0.074928101592225,-0.9431342167129474,-0.5307778608219043,0.8174193010661207,-1.4807446601932852,0.21178789597197817,1.18396198674139,1.4222577277184085,0.1253394644987888,0.16993922051767374,-0.12137610991792024,0.11105392715811366,-0.5796344568755913,-0.5659067280141664,0.659421829958284,-2.232917474084133,0.7898188817749012,-0.33966976315353736,-0.5509217383478434,-0.443887042294991,-1.4796503198890916,0.07915941610317839,-0.5774011222107611,-1.0719378857222324,-0.19678703346680437,1.089762659835548,0.5565888191324216,1.1883092070244552,0.6155014388595177,0.45220103289914126,0.8141317021248433,1.232330109618927,1.4781251016951995,1.2309235232326445,0.20735738495225178,-0.9553485104668541,-0.39754970695156644,0.5182270645878636,0.4600442439846053,-0.8920868907341051,0.020505828432306906,-0.1506077894359811,-0.09579017016420019,-0.16132962218333388,1.0301640213418493,1.1952905949360262,1.242830366466699,0.1999294675658372,0.5792239865030637,-1.343453214455677,-0.5319477788956024,0.9675960510030929,0.7541658748006725,-0.3166508795582867,-0.03995233187900265,1.7431680172657784,0.9804869079123021,-0.25038667427879213,0.6849628156218753,0.5541275854403744,-0.1129744314154112,1.9069604675108482,-0.5037089492330903,0.4123047224373746,-0.9023519136808201,-0.23431934120572787,1.1154979238237936,-1.8312970329713305,1.2912623137694983
2020-05-29,0.4473054000329734,1.0772390314079963,-0.17448934263561938,0.6891604676931886,0.6443040860016651,0.857885997156803,0.5933954723172943,0.048578207440177316,0.9267047625035113,1.816716493466392,0.4397298258399519,0.31852351550560304,-1.5801784751735954,0.00927812798652105,0.370021931245383,0.5211377015622168,0.22754687660895376,-0.4033231713129564,0.12546273582592107,0.6154494232162206,-0.2984173839082227,-0.41702612982611265,-1.6433552600752634,1.679561437024748,-1.5539437250008725,1.0344316733859629,0.6315297132768475,-0.8289258640459471,-0.20696060848060707,-0.5994001328583075,1.3841495431187838,-2.008318194395054,0.6283823675520006,-1.2373058214946318,1.7148018066796888,-0.6843736530834084,-0.3941205408406925,-1.1851355087041435,-0.5403522942894079,0.33162192149973246,-1.0271322650928485,0.20148607542530206,-1.5898349264442981,0.5461340093453623,0.2657372871096722,-2.436029697128025,0.07197978266792687,0.853121149823155,-0.9465416067064223,-1.0375982604959897,-1.8173176541686131,-1.0699807456181296,-0.44939451707318484,0.42933973389541213,-1.3578311893890878,0.3538295778556618,-1.075852282926229,-0.5576088295202382,-0.6277255035809971,0.5245956503668742,1.4282562955643143,-1.6733943872846149,-1.6296395753498325,-2.424044603750827,-1.4555333523229705,0.49926137876556304,1.0516004940732993,-1.7053256886101833,-1.0525621684629412,1.349577445009798,-1.2807215415554418,0.43010230663535925,-1.7626382239161633,0.02028013910939502,1.3144054306764004,-1.1064417245504465,0.04259863935724772,1.4327597293978438,-1.6040079345542368,0.09029991237043705,1.2587747448732391,1.6998103009712549,0.9656447059593768,-0.1599765132787964,-0.8322948332588022,-0.31880373652690835,-0.3725481885149032,-0.9512783112444979,-0.16365339003068338,-1.7948798168817466,0.7922021565860793,-0.3110673170210477,-0.25775213669128183,-1.168195545959924,-0.4759603608184008,-0.013282861213114202,-0.6938158569118694,-1.2022021833830043,0.02991017474921933,0.8987889746247785,-0.5662396383870922,0.7133493925744092,-0.6255160366338075,1.3893341613783667,0.24771718283072258,1.3682263886082924,1.1944319388816873,1.32120707877031,-0.03688194843457077,1.1485609537331072,-0.8621794074630675,0.5624635110028225,0.8199578258795724,-0.3404524057932969,-0.18606314898766613,0.8131310471267106,-0.0112052401434434,-0.2715601237194467,0.8042734789291888,0.5073125042242564,1.6958529193765772,0.7619102897056195,1.365090168303749,0.574205635724893,-0.15040455271413553,1.3508379502771541,1.0507678656584638,1.0953488677374217,0.2383479562357312,1.418126381106549,0.28546682802974443,0.2611967469135181,0.5122304426408429,1.0019731574036161,0.12829113630362374,0.6042133714853104,-0.8489634987498872,-0.15863468111094037,-0.19433694080812416,-1.4933717586824067,1.3701267767242196,-1.3131027772754669,0.9300394241359315
2020-06-01,0.5019691325051507,1.3944102420187523,0.028133903078961242,1.1460303114462513,-0.31713383367219605,1.6251305326818672,0.9705646157097249,-0.854435287254377,0.03208415308265091,-0.37383462541324997,0.7110773084888954,1.2895263488408422,0.3610549848034995,0.01905293489426436,-1.2031672967586713,-1.1838214927615156,-0.026124157638161796,0.3765972681529724,-1.425674908512362,0.030882649495165032,0.5272551879163692,-0.0374996209721063,-1.6264401336935819,1.6501047498893255,-0.9374981437566359,-0.6839910228718902,-0.5094420578344524,-0.08169209604944466,0.01169420419607742,-1.558738379112632,-0.822196623339541,-1.6183932195346513,1.1358333358916086,-1.5041564926783642,1.7455049228231658,-0.21769185693491375,-1.1324366980019598,-0.39634043793459656,-0.32554329173035385,-0.27623844153397015,-0.7897757847416359,1.224807293541533,-1.408709862166425,-0.9403933110181858,-0.6211097433699112,-1.7227907910399263,0.6396742817357383,0.20046952021777484,-0.7305684531966896,-0.6706426566799524,-1.3642984476023685,0.6624473818984573,-1.716815685407866,0.3168478921128815,-0.7547192390183917,1.2354560527093212,-0.18161831729789255,0.46812755605252765,-0.053161902576880186,0.30722253776056846,0.9708234994697538,-0.24140571142091652,-0.39659868906071466,-1.8784485904889145,-2.090615405691293,1.527667441598986,1.6473107831618228,-1.1431119499930456,0.6433559526639947,1.3170406407008943,-1.8180139535827506,0.5439309456444714,-1.4249632826449368,0.1944195961336448,1.6497788466264012,-0.7617724435422026,0.8053592973020551,0.5403871154741507,-0.5819915998197499,-0.2489911980217059,0.9982221180075761,2.198658984727599,0.07034868786639561,-0.11988420079421193,-0.8071051492022143,0.5262679009032141,-0.7322323187266218,-0.27523780055938996,0.6734272761119712,-1.0679837527865246,0.2648479165381439,0.2702869046297658,0.6933177918642326,-0.7694230609943286,-2.5376283699531017,0.9884252564224006,-0.9403350748440776,-1.5738181319626776,0.7759535224228633,0.4662235442785173,-0.1827378028498236,0.4491768310138295,0.4144954707510772,-0.34925227462602876,0.6102756316990775,-0.46521196477317633,0.28933562361720294,1.4359458113063048,-1.031215395896471,1.3149705774884197,-1.1583595497429295,-0.4950455350685846,0.36607845381479615,0.7614390405703754,-0.29652358797106004,1.1705014621651628,0.4504754104823283,-0.681341073032083,-0.27116104260188795,1.269237635718614,0.5831367741956499,1.2685962186804778,1.940487836849657,-0.7125254250246865,-0.9221964753447829,0.7151469177571451,0.6865513841775674,-0.1683054041957016,0.18072362747884327,1.9842547690886394,0.4675268557401911,-0.42240406200039415,0.775445122998033,0.6861488421553431,1.4295122826265048,1.0954057418719048,-0.48505723674350354,-0.3610552692225951,-2.031794342220911,-0.4195887924444219,1.5386441008905873,-1.1875516269134443,0.8564561092362166
2020-06-02,-0.6048830145988369,1.131013250635034,0.2857917714615841,0.5243778176679488,-0.7547025389765298,1.164787072425371,1.0788702213209342,-0.16179806107384131,-0.3258382934705996,-1.1067102045199453,0.5135955288914942,0.8600583407858887,0.13898067185114846,-0.19338144398153467,-2.5906565004578814,-2.471991876407218,-0.009956714696839947,-0.6269223209136043,-0.9015371283812867,-0.4183841402576945,1.1541471232852765,-0.5379917785410454,-0.6629588021745653,1.429811393124327,0.2432232878589802,-0.5307106819388209,-0.3812206764264564,0.5439551151925759,0.4734374787422498,-1.154314277222776,-0.6187023511610471,-1.8676988960668854,1.2750008643085815,-0.1713735224735921,1.3877895831557328,0.24283450218076147,-0.9204800348227152,0.11093598014921291,0.6489906797246269,0.2991125263454061,-0.6647323264118623,1.4251992670875293,-0.4188286048558168,-0.2842065582196846,-0.2309304286200904,-1.0569429445685203,-0.5135649076070374,-0.975471591967167,-1.0091911076502573,-0.02131019957370339,-2.0545725561607435,0.6215497929684791,-0.995529542999192,0.6478491223260083,-0.017918547306000093,1.6101813250720967,1.0065976341456773,0.8529607307915166,0.33418467096728194,0.37125990654487245,1.1284845430701638,-0.07366591591501853,0.5280782109450709,-4.369040043480386,-1.9266967415000769,1.2272094878706483,1.6336187330458705,-1.2830887882013695,1.3389537184905587,1.1379085315961706,-1.5205092614217952,0.8388253141004738,-0.5098241045748021,0.5097837517123314,1.0829688908524766,-0.5795411484225764,-0.6112494630727248,0.5226798112404876,0.2208722726194317,-1.1170261718357273,0.6663950284857644,1.3293819720320024,0.10190167891061655,-0.7276497828356885,-0.7912166686117129,1.3291837345861808,0.38347101876456896,1.2866935593259614,0.4358041292612827,-0.9751847335848269,-0.12498909731151617,0.1790345772021706,0.2290407497747938,0.9381771590695297,-2.406375982735157,1.3655916608219805,-0.48588398002199185,-0.9444540452143232,1.1745091981295206,0.46523960735630965,-0.09374519079056771,-0.6354344390214298,0.8615605958262192,-0.20952350664872568,0.38211315119631645,-0.5173392591977646,-0.7291836671865543,0.3242102747142954,-0.7278505861281103,0.034917514243246774,-0.22979287173885665,-0.18866174421581372,0.33549597110344476,0.6884964421558043,-0.13084496818397237,0.9716290087815356,0.6406393426130198,0.4515646613135447,-0.1518845067861188,0.7049013535176424,0.02033168214911227,0.7721577866468029,1.389050294281858,-1.9000879268558273,-0.6506814525955685,0.9149004803510188,0.6229280242346571,-0.6020344350303822,-0.9420640853551943,1.3017849776362709,-0.12260500665954793,-0.6383358244125571,0.8688556070711323,0.33262852225798406,1.2239418899463717,1.3956768512784532,-0.4061982252641315,-0.812218065554754,-1.897215110888798,-0.13977569483891625,1.3211854722950527,-1.0437295593545155,0.4817417280632245
2020-06-03,-0.522728692887151,1.3372684049649903,0.6582033298799886,0.42249814254917345,0.3648978758081529,1.324780188807257,1.160340541675244,-0.8313346225354762,-0.09616360325017236,-0.5649041761131176,0.6390106472976287,0.3569332888224107,0.06937797055581969,0.4036102470275127,-2.81494371370775,-3.277621155707636,0.5591890393192455,-1.4997674860536077,-1.615773752867308,-0.21488132624228923,-0.15360705172690706,-0.2350112654689735,0.3466744608723933,1.2359294039165074,1.0605823138661625,-0.6156494071118277,-1.3501363069966419,0.4593887712786111,0.25092843723401687,-2.7336878331045105,-0.5720948208016355,-1.1263160154306104,1.0051024745140689,0.887913511265942,1.269711020184218,0.9816021838268888,0.10287994644018371,0.694247894767448,0.951801791993836,1.0132643917523563,0.20063506726694177,0.7972625553396352,-0.2100874654826414,-0.5272463705200834,0.2403531995015001,-0.10159549855639459,-0.1252381302130682,-1.0506492413572215,0.03649057360993524,0.09309827271739538,-3.049552738907778,0.5874966140642341,-1.1759929599547794,0.6176175575778751,-0.4466288659462503,1.1892474495170016,1.200218955758315,0.4527744306560385,0.5103533579193229,0.4003634319036684,1.11892037838094,-0.5010316870096035,0.7691928139836434,-3.7239289754495797,-0.7472983945754922,0.29643994445013777,-0.43055582777721624,-0.971191160851965,1.5692886879794161,1.0805173056655488,-0.5904826723795761,1.0597875984953666,0.03606016115954615,0.16762903443663577,0.9938440211491404,-0.1631552888627372,-1.4745013776304385,0.08975036082573454,0.2842243029948693,-1.1436442246018783,0.5619532935357093,1.1085996929102861,-0.9984154649910997,-1.351512441318468,-1.0143694504571992,0.9108982345547594,1.0306246767703817,1.6518113440736504,-0.17092717516802197,-0.2207020571155022,0.15477903842791438,-0.37782567937496225,-0.010091885933750157,1.204704818304457,-1.3538773770144452,0.6661817611306258,0.11167925105255694,-0.14434675953535625,1.403086997219457,-0.1501119372184269,0.11361215090527123,-0.23256095881630592,0.2538828168017411,-0.24263768868892116,0.4209888087528821,-1.5110729864171537,-0.7966373213545517,0.15454423507218412,-1.2442741287556627,0.5797934872893591,-0.7745538014146873,-0.04908896049207082,0.12409670478743735,0.6280504491255174,-0.7045875424804531,0.355177465636948,-0.530181995423354,0.3180971808139319,0.049905583374413025,0.6123773583589541,0.40899047362075175,0.6158404892404805,1.1560713299107044,-1.537851497991434,-0.6391461205096803,0.6510584198009156,0.1784972295664051,-0.8658312047954657,-1.592593306333973,1.3618245012028989,0.46512969807605514,-0.13013231169518122,1.3542923809157084,0.00993074384334023,0.9519584159584065,1.1320944976486054,0.29749435471402713,-0.349500063502931,-2.200359935173501,0.9373577975008408,0.38131230952155654,-0.3215750427414074,0.5077668604040461
2020-06-04,-0.4078705291451392,0.8484351667810021,0.9331596540443227,-0.05910973458668218,-0.05755474239432472,1.0094060200958161,0.6974827382068974,0.5659026029433103,0.1262443023072727,0.4120006310531749,1.5899111241167903,-0.18295284154777547,0.7451280081014164,0.17442737320457688,-1.648429680140271,-1.54254632147864,0.5661271382223612,-0.1787949377331403,-0.22079935156387243,0.47628474670430904,-0.46421428523370345,0.17271524376307534,0.14270028798818096,-0.13831613385448382,1.66875846609244,-0.3551092179572561,-1.1568495420859362,-0.39813088054806783,0.6583796310857338,-1.6088032722673649,0.3478743430497034,0.8474700302321984,-0.0028285411868173905,1.063251163643031,0.8843262426921028,1.1573798017337475,0.6188020610494244,0.6899536563628164,0.8628638589869683,0.49081866453937345,0.051422724955934807,0.4670510620898618,0.2505946025267611,0.04175966550527181,0.27599260616152305,0.7883843679790277,-0.7637266759235427,-1.3030563538877353,0.2538228788964599,-0.07379902678303249,-2.0733767102230853,0.061715801461316805,-0.9663578631058253,-0.17981461980903587,0.2663108838674204,-0.05096739856508961,0.6927320497585108,0.15564776029365568,0.7333241665687061,0.5647502794837951,0.8216304838688654,0.03989616073420938,0.8499887547998886,-6.075736152917492,0.6803205795467455,-1.0244381149612583,-3.408888899311544,0.30465131477865104,0.8949971647707398,0.47548801248594924,0.6049304977015953,0.44744799721209466,-1.420859602019243,0.6470899695734572,0.6866067653356782,0.07574654623117481,-1.1042397507613573,0.746138590876337,0.868326308906547,0.2252709447093349,0.45888195429352274,-0.5215421690493943,-0.4765731720643958,-0.052498452461897986,-0.049151343270879576,0.8440104004368663,0.5310852850080428,0.7690030543705386,-0.8012054689203814,-0.5647214266716338,0.567334620643587,-0.07425677688144461,0.300555928017268,1.3951515562737706,-1.202812251297564,0.8062195734240609,0.32637506423080687,0.2135958214893541,0.8567082926301867,-0.011447575982716939,0.49774135460570784,0.5884065914966592,-0.08355290781032126,0.4820584968943541,0.40523050057197985,-1.272840675889845,0.6331579800023901,-1.0271834488090006,-2.3855174206073655,0.6319021386889406,0.7936778929836217,0.538857992567025,-0.4202708704537749,0.25529511535302934,-0.08028326946909176,0.37981234033423483,-0.7656410752596368,0.6788158513811545,-0.4960204284612178,-0.4898854425105876,0.4219926537122035,0.194857420170042,-0.3090229671812024,-1.6095529867614433,-0.04160216354781694,0.03443350977444969,-1.2875730784494963,0.09879022791778193,-1.914921817704877,0.3578236103743219,0.4095569656566648,0.35255124148510564,0.810379168043835,0.3296629959189848,0.9567866258451003,0.6268500021073977,0.49559240596716264,-3.022868733205243,-1.0802848806842178,0.39126043266902777,-0.014083312313413528,-1.979390463466539,-0.25398120424140946
2020-06-05,-0.0915338545741883,0.3988838576788052,0.49817016020236005,0.6724914926515675,0.6713502198390953,0.024441051619393646,0.9137589634572405,0.7186867587471422,0.28005205986494014,-0.21731520498700216,0.9322271090055925,0.55208400223407,0.4249078788931221,0.9153914907371028,0.15336041094750016,-0.1500790751694116,0.32631878695985167,-0.554871325982216,-1.573792666906235,0.5921637769466767,-0.4645845515260414,0.4504474198536852,-0.07194132290510816,-0.1774856055441739,0.7487653372393859,0.5218950792329466,-1.1823690986376918,-0.7093984801966325,0.8125464036887701,-2.314553800739249,0.6854017055052325,0.8544454879425449,0.5648769533535781,0.38449376646538047,0.580988106454943,0.901698726231733,0.21113545245564397,0.5396487520918422,0.9132470409876425,0.41549919179233286,0.6492051541917053,0.4541248911180395,0.5649838550300229,0.9160926808449313,0.5568832145679922,0.4934495155636193,0.3139939331717132,-0.10940547053288842,0.024165376010875334,0.5210433642835495,-0.5469918280804366,-0.32016098367501894,0.09468798134940355,0.2911091998937231,0.13762560289737635,0.24349969478841946,0.6697240450601684,-0.4103305193859431,-0.3861436996286319,1.1269108520987172,-1.0802401060703184,0.20801376347552133,0.6173719211870008,-5.927233306582218,0.20951926151908223,0.14507633051215127,-3.8177713059755867,0.47866095255218793,-0.794982286425961,0.8649298630016352,-0.3133560266681016,0.6033571205603467,-1.7607563858991984,0.3502596919942762,0.8967216340989004,0.6632447748230638,0.5794108826766818,-0.21772679253557434,0.32132133276040825,-0.7102394060920908,0.8181911377176714,-0.06875836887248005,-0.12128426010855224,-0.10481378759165619,0.5126330067086216,1.205970155686138,0.6588414822143611,0.2230899814911797,-0.16284352125230372,0.019225071861860857,0.22704333151006284,0.49494493961475927,-0.8326220278348488,1.0605122185333886,-2.373533901870833,0.9233330658308746,-0.19851681056972703,-0.45716802473566936,0.2434130240327489,-0.11068999289479116,0.20008777904983555,0.7520148640865664,-0.004348592961013279,-0.31654113329827205,0.6126815124444002,-2.234494592651905,-0.048985497373601514,-0.2178350770666546,-4.2864283493140825,0.46878947942694227,0.8009112477275665,-0.5558162222441762,0.20651599750194968,-0.86518512520912,-1.284766214536499,-0.04036827036813631,-0.2243855204772097,0.16032996454000742,0.9514023338127924,-0.14728839043763903,0.9651352798122331,0.5286897053833057,0.07623519325083193,-0.49162494345539076,-0.7833128874204479,0.9196683903331305,-0.4814494021995444,0.413297482620151,-2.414997223419347,0.49791410302831784,-0.4053107729326321,0.644426920239037,-0.7353354133052984,0.5836310052608183,0.6001850964294402,0.4259531322279698,-0.14671214759442017,-1.6913936838695192,-0.10681481195426946,0.4575920598532145,-0.45735002230472854,-0.4926619385153954,0.4594767380182274
2020-06-08,0.09874091809822871,0.700990767900507,0.37219135250631696,0.5693084972723932,0.7275474686192979,0.36703315419784843,0.7029138213787225,0.26753471660703604,0.6744588530303164,-1.9987529022876611,0.8114662710994529,0.5502170387358828,-0.5675555913077355,0.6614196086075962,-0.25700455437629277,-0.6867359154330694,0.39650361292088515,-1.1855364596314975,-0.9589452323640286,0.7898610811409846,0.05701243111656147,0.9263594800635518,-0.9155170611798851,-0.24676078016950556,0.4761462142966702,0.8702028974085616,-0.12675298353308762,-1.9186872620007176,0.9331136483100618,-0.29341924494762534,-0.3762999617221889,0.5427204595007113,0.8817167625987573,0.0307601932258031,0.7373472176633595,0.7884174427908287,-0.32304203140797944,-0.30161888649301866,0.9178964163959471,0.7419799905941942,1.1619006018213869,0.7110438761270996,1.2044815622894924,0.8068845419757096,1.9490031330076703,0.20381244865426218,-1.064580729112144,0.2714137060751586,0.26980678368011457,0.45659233157557144,0.013503232381946756,0.11719655570336628,0.9169902019845652,0.20844912679379018,0.5000702152087063,-0.06871203509118805,0.14534136111582296,0.2147092247522424,-1.7351841131099175,0.7272096726573197,-2.852848051285073,0.11277336764529551,-0.047987576280409575,-6.445003187134127,-1.0652947360568188,0.8118798110114286,-1.3343492005426218,-0.6752859560360371,-0.2537692606775836,0.27548647945903176,-1.4205373433044792,0.7564820947160781,-1.4379140571846531,0.49514210955732935,0.8649538456014325,-0.5667759918544109,0.8051113001750914,0.036848809241947014,0.38372999872640545,-0.35676265328998386,0.64277445128574,0.08823853095997114,0.7384449935226118,-0.32658077271462177,0.19482502100132068,0.6783444635695267,0.5917942525685773,-0.005047487235545187,0.714741475180565,1.092231461288319,-0.04529820233309432,0.6745122468410714,-0.5831923566213282,-0.42414020281597564,-2.2682985325438896,0.9978917881079936,-0.6340506376903299,-0.9658387105940278,0.03785743895355294,-0.5527115627349611,-0.6720552518793227,0.8977322178332322,0.2482353911851022,-0.19029130436621744,0.808113172814738,-0.896100813449517,-0.4315130457684111,-0.16184795666751292,-2.2888310155592646,0.9064824323508227,-0.34657233054656555,-0.87735614288583,0.4084993448151229,-0.27799069552554423,-0.7698347746753224,0.8294181799867688,-0.022688997331976737,0.4592458546878159,0.5393622694852248,0.2104678185886954,1.2729675883032363,0.7864529511120157,0.11159689741361391,0.6537506480043873,-0.2470859489067025,0.5508555218361827,-0.662968025957951,-0.2510209566824906,-2.482007169995296,0.7016431974922375,0.5292921823698048,0.9368752476861122,-0.7629911861176097,-1.137853027252151,0.9318861128110586,-0.05070153933270796,0.04403344964988473,-1.3669195473122127,0.790165172964194,-0.29710811140575,-1.196697306829338,0.7828722818909023,0.8109466069661
2020-06-09,0.2774941203292413,0.8827120773824557,0.37599325401968176,0.17707500880280214,0.6226383288328127,0.657561360865267,0.5471949840508876,0.576872731988853,0.6424091227233906,-1.61185152194545,0.562853268602847,-0.21335313689875765,-0.4037936749359748,0.6048042859155455,0.2100409206213601,-0.042381560298743216,0.8196015456933247,-0.8772742314022982,-1.242950952293054,0.6930110464525716,0.6714374375018114,1.0960063918849015,-0.9971159858919816,0.5389964661538578,-2.085535708269892,0.6880865872760866,0.296982603421589,-1.2611226597986687,0.7645468353339522,-0.3581189272342789,0.2838769640200479,-0.3123354220282381,0.6516949109711417,0.16081808982716148,1.1554072777367175,0.2641053608592203,-1.2146591585716164,-0.05144429708537731,0.40853440309646055,0.5261211312892136,0.6795933613872205,-0.3440335296618917,0.6515935448479836,1.0741742438015904,0.693791520215451,-0.2274550629491975,-0.47717597770708414,0.20270965398107466,-1.176508895452525,0.47873751457792774,-0.3013423513516201,0.3254030221730724,0.6908029299112238,0.5982964475703346,1.011386154036812,0.6347253166557304,-0.0657416127022461,0.7014257686597372,-1.570922466589998,0.6449537125911503,-5.905954551158908,0.6828597933511867,0.059878394474076446,-3.503715777394506,-0.9467795182207065,1.1401495852765693,0.40584782243686157,-1.8295201336386862,-0.9438465131239943,0.14575280377070263,-0.8646562115412593,0.5495477980808524,-1.019954311899884,0.9171912008153899,0.8472826254299484,0.6696946327255605,1.1988174114345345,0.5061325983895847,0.5647484565613683,-0.22365810038376024,0.26174646642502364,-0.06609229174673667,0.5903277203595304,-0.10752695739960477,-0.08548949346336006,0.45167139369018644,0.6569733909938364,0.2665519307832379,0.6484700386802124,0.7324742958351432,-0.2711923283402995,-0.16485957039906177,-0.6558941812518039,-1.224678870750311,-2.244823464420389,1.067371567576281,-1.24427313843974,-1.6630121386143029,-0.1226913509002925,-0.9250415523350374,-0.5027359305487635,0.9457023723952336,0.29296536846496507,0.3079222900250058,1.0677531405738052,-0.11300277314163809,-2.0532536536319106,0.3313031854483126,-0.09531722954241409,0.8305714415141104,-2.224362604701956,-0.23215553747778583,0.757689533606981,-0.2204661270681171,-0.7404207337368394,0.8711058773223317,0.4729072652276153,0.6486063736008394,0.6662384580075643,-0.08451000845004522,0.8364086156068462,0.7773592537056296,0.17177024047868936,0.43277165498546954,-0.4614578930005088,0.37566510533769765,0.12186626937917178,0.27426349798267624,-2.423204977985368,0.4336418738728838,0.794452068357319,0.7867717760008731,-1.0560455575568566,-0.9998556999580805,0.6749121417088111,-0.6947573941066731,0.11593131122662302,0.11518161155075121,1.2005071835892802,0.3073509273162068,-1.0385562800301231,1.0681500431638753,0.2011514758257948
2020-06-10,0.2874978822044935,0.3572249453865425,0.4267642304258796,0.13239046646295832,0.3583456399044161,-0.025407098649266317,0.6040278331732696,0.2314235468789604,0.45074943960277114,-2.0405964939738235,0.5257315496081364,-0.9477112223749313,-0.881623957710129,0.9909373894994178,0.47046643888769546,-0.07789329541190813,0.18541598200052,-1.6877967957152054,-0.6242842844244515,0.6034603048455565,0.3785872235307804,0.5106623451377257,0.08921529826416419,0.5788153355179231,-2.4579474267308554,0.011862643901128497,0.8362221462166056,-0.28019186232155385,0.7845146105540005,-0.8391497192056053,0.15169576630834877,-1.2043961727891617,0.4009805490756028,0.5361465858052535,0.6969626180091281,0.5003154618503814,-0.05422426419493529,0.05637568373082395,0.511993713130311,0.7083814846217332,-0.013914918806074877,-0.18070319389621298,0.4216240585199271,0.6101921239668533,0.6044073974130497,-0.858482177212525,0.4547822766907769,0.39525940074008975,-0.9171747268090706,1.1032020761745964,-0.17735292558530413,0.3822345270856052,0.020198297682588327,0.4066974664083626,0.5300832975228047,0.7604255835715025,0.8937989306290423,-0.18571860092810427,-0.17698023482064718,0.352754952818405,-5.130255275368531,0.22575823801169087,-0.10556693513679394,-1.9783958666014951,-1.1789000271851051,0.5253383487819675,1.424692423743332,-3.417081851975153,0.03793235269328534,0.23871689957797462,0.09534255707771322,0.46562238040030307,0.36920444560676835,0.5297040318613797,0.10523751557856706,0.9288975441794849,0.447146606601409,-0.8440658744994074,0.46905818444076874,-0.2615961023571269,0.19228202648997442,-0.1635056399444383,0.5406477949464793,0.3390367171311326,-0.8279530678337247,0.18420584473266646,0.5416495361870238,-0.3728109402267189,0.5293574281784182,1.5018173837728237,0.29840436213866883,-0.9328359658340171,0.249951505569185,-1.6067471180518482,-0.5657390958785453,0.5754108520389085,0.06006823382073724,-0.06353805918340039,0.3583125076930053,-0.2671765764044947,0.06577181951372234,0.5246122042306518,0.6528663188528593,-0.3099895428141046,0.7253117368449651,-1.096570252190409,-3.0062886312752566,0.52883345039035,1.85146243191966,0.5244318269223,-5.3895236578914885,-0.6417399088781235,0.40614153886751614,0.4737067051682233,-0.16219649729483113,0.12397272273385872,-0.2570896715827494,0.7611925423638632,0.6019074817813941,0.25304159344975224,0.7258301893932422,0.6278953783187937,0.22777644532455882,0.4474697016550344,0.48360374890720387,0.055089513753842564,0.15836157613979673,0.5225142726338569,-0.1497095862542069,-0.397484932468653,0.1423658511998066,0.9873666861582268,0.2439379907430429,-1.4016864235268085,0.528673808737456,-0.4361608428480432,0.5182260463985413,0.08578726000801899,0.5024598371890409,0.534512036832062,-0.8807560439678648,0.8289391205013603,-0.18377130291159482
2020-06-11,1.4976114704439831,0.10985634343782823,0.0008588713523711555,0.17059163865118396,0.30538868139604264,-0.05070630162797812,0.13906168782092934,-0.0703068449709312,0.5712642551360011,-0.5465697157499462,0.3384726895373545,-1.3292598916785388,-0.11244673111777138,-0.0023928730364139545,0.2905990890315747,0.49214093670060177,-0.048282325189471016,-1.0821288232066764,0.3682241711268209,0.8793591950126868,0.7819034797021722,0.06008026394702832,-0.06908990665150584,0.6353990408955543,-2.0013611859743494,-0.3987307511493693,0.05011373690060706,-0.006081062441257226,0.04622413145226861,-0.15695687447181733,0.0008588713523711555,-0.8654346281114607,0.004479658857615427,0.5030242523448236,0.6313524908669244,0.27040368193724684,0.7527614257436297,-0.5005130187916407,0.40951473730744187,0.3750655620308457,0.3363971894170738,-0.31080102666521264,0.6328837024385723,0.5879579244770758,1.0725521251771366,-0.076978630876242,0.6117376334932942,0.9158741140938164,-0.8301772970198228,0.71467505867402,-0.15582173452711576,0.8314241310018703,0.03881338454471979,-0.1343764927825799,0.44237364756993186,0.0031505090139182434,-0.04513366191242191,-0.07079210022819638,-0.022051669604744632,-0.05616006805605316,-4.670946457213988,0.4927024019181444,-0.20850296593072307,1.5907312572984584,-0.14918932571482924,-0.5751512504028649,0.6856005008616458,-4.251221915592597,2.1168209812715664,-0.0024072698022986985,0.37036331944685735,0.40458745434032395,0.20468866442237954,0.6732488174926629,-0.09058270129250726,0.29976074073120096,0.0973448986009428,-1.3326596923841343,0.39869992739899407,0.12134097087182956,-0.04446993661783369,-0.5111594379824604,-0.16508276231040067,-0.476729828238068,-1.5306220675049544,-0.07302287883496014,1.0014874856473865,-0.24726927355258121,-1.2180189016527516,0.266626620897206,0.2353127497785018,-1.3344020160577303,0.8814035774148224,-1.1529367821205763,0.5083223833351642,-0.10227841483760197,0.43591838516076437,0.5191211812730063,-0.016728074587174718,-0.164287182857265,0.015157379224443,0.6106737588098036,-0.046796742256981626,0.0008588713523711555,0.6108639692580821,-0.3200771478741722,-4.053679488361521,-0.1077110184264241,-0.27461237205604117,-0.006166878522839562,-5.244124150199408,-0.7331686545755876,-0.001493973577866106,1.227098906461558,0.9483135978867765,-0.14049337633277445,-0.8615723681432923,0.7123446165345265,0.10073448615432082,0.7459812404115175,0.11158437237501753,0.3759322915529768,0.22384163635740903,0.8100433605400162,0.9096671722159865,-0.05307250155539711,0.33663420393937526,0.6292867474267207,0.9916222376127943,-0.9408587565256771,-0.022080193003566145,0.8071707547634648,0.24248025644181864,-0.39061622291265624,0.4557466276354524,-0.07893416475353192,0.4171205888518215,1.0416490246086292,-0.17343265784157838,0.4413186540783699,-0.1823827446323821,1.8113471724786612,-0.8625078651398482
2020-06-12,0.36196590716836186,-0.02343033926650023,0.37842411769352874,0.2077346804594719,0.44768374076056794,-0.29270455142354723,-0.6902338617521345,-0.041753660183058615,0.3306759079520419,-0.4120472115950789,0.3316739473953045,0.31087258090878067,0.8493644166378614,-0.27667258539162487,0.010535815708439703,0.02727131209502253,0.015774819538341447,-1.9791002324152946,0.43866946546284735,0.3626357315106025,0.3799284234336992,-0.27362034712568406,0.7094268160308387,0.3931068484220004,-1.4374651295443175,0.2107937607709255,0.14865182762613144,0.4197681864586986,0.525922996434676,-0.7346352558877665,-0.27127257524989434,-1.6829964632701282,0.04867436468760669,1.100465244758334,0.9903068157011314,0.4163564608616635,0.41219934964567645,0.40204033783235926,0.4101902573998111,0.37825628580910686,0.15715239350892296,0.42408341632291796,0.32713657382142314,-0.8944342277070306,0.34879782301801704,-0.008410345667785195,0.42905327244070884,-0.10163944953212924,0.32964923703489285,0.7917595284511391,-0.24141666484239524,0.365564064650322,0.14409109890345265,0.5902319249300458,0.3950085837551962,0.45107654807725794,-0.8958713748008876,0.03112480507186132,-0.16326877396278724,0.4848907814002205,-2.3068664748020353,0.43435257089799767,-0.0032619804537295165,-0.2666597668664356,-0.5828692851188169,-0.6553448407806267,0.5530949398294593,-3.7521366607563906,0.06928419594544202,0.9521086108760477,0.5238696039468923,0.5396165343430664,0.4610050115503307,0.33939321696072333,-0.6853542371447588,0.4831998270901543,0.8871182992911716,-2.1731701189383257,0.6087701130561495,-0.08609715783259896,0.7811699015761207,0.4065738022827997,-1.9200294974656122,-1.0845582891593057,-1.1323432550447035,0.38411683230163335,0.3285264626630512,-0.5214134083459884,-2.0583876851092304,0.2914636767376825,0.403063422585125,-0.9363598003153069,0.45034826999906,-0.9977082597206727,-0.14367195520123013,0.553396631084456,0.4725843771778904,0.4712087826937763,0.7956573271288974,1.3290995664944452,1.4577961122309029,0.7963682711043122,-0.20470813159728732,0.19156195441036042,0.43180601559145726,-0.1292857972042086,-4.211839169992136,1.1164492546910918,0.3269054514432613,-0.13201678591719151,-5.395883712102689,-1.3888621839605357,-0.5849723804543496,0.4145295128836185,0.4169947120599334,-1.3704832130331008,-2.198741306871725,0.4999420959699537,0.08598297692467591,0.40179457039921945,0.7272591159834758,0.35752750501877206,0.8387715573441196,0.4114619869695076,0.38466260386188095,0.8612670977421704,1.366589400025292,0.2983150394962182,0.7132989136967336,-1.004556001520619,0.14976708896573251,0.12055740907792062,0.2919576878544999,0.9908983592617464,0.27078451598033954,-0.654673038635105,0.8714465712582209,0.30430135401619685,0.41192731442164576,1.1485921959012504,0.7639991506544968,1.6658949861295886,-0.8941957844680455
2020-06-15,-0.239027273185174,0.0419037866170866,0.7070632159596663,0.07073266107708827,0.333760335255956,-0.43817338134121003,-1.6674612289478292,-0.7030110925048977,0.04329982832219311,-0.5397890622071471,0.0579006942795482,0.2365167154119297,1.7608084781610764,-0.06275390108066481,0.4749225082211874,0.06178183240938372,-0.18394765872476074,-0.33950763258844746,-0.5390488578812557,0.09330651572644313,0.06201922078783818,-0.7102884870141766,1.132471161503277,0.1740596113172618,1.1873298691115186,-0.28434362353426235,0.5407531194161336,1.0368296712634286,0.19195565278409962,-0.8418650542178444,0.3002183474115711,-1.1637819618527379,-0.2157738349757302,0.7859778313947742,0.3632441401155499,0.3172918559049254,0.649116264489856,-0.20254615544740856,0.03038056273332637,0.4193869284300848,1.2687461897134613,0.08989323727537948,0.07839767943289395,-0.11113354706614385,0.46349154589468894,1.195121632823417,-1.5676623718596598,-0.14329005277693185,0.1846045819802415,0.07103513716120127,0.08686343222731056,0.6242773086224944,0.33633733478994954,-0.39606189672804837,0.79560063023089,0.22237359041849267,-0.7169459391661472,-0.4316650265890761,0.029648805215236756,0.47394134062118976,-0.1667273877514305,1.1777445995346585,0.33310064388453636,-0.8973397194104794,-0.3013832136297333,-0.5816703129701379,0.46591630225623687,-0.3786284300270849,-0.37825599129054616,0.3294790380851313,1.2600331520281955,1.3596099037046883,1.4195261477619872,0.27153271299822546,-0.39814288076421966,0.9817613775750144,0.9696884833873621,-1.0292104690403363,1.1352555354945952,-0.0608491502830005,0.05004074578344865,-1.1554456481298467,-2.8519968195770513,-2.0428090473874057,-0.03169591231242566,0.12583123826277715,0.019538149761469625,-0.07187525422831727,-2.9288628402993484,0.9021110408863223,0.08403954545088503,-0.0035093163601923527,1.3885600327658045,-0.768520747247914,0.461294529282774,0.3051566439742591,0.8618068426175087,1.0621006427340212,1.4959418159197542,-1.650422815160766,0.07659917967891529,1.628283349050624,-0.4628822311334199,0.20566253354329186,-0.04083216759468238,-1.2672066351234679,-6.044132984108907,0.7765636168029358,0.04602942441752275,0.6531739892232231,-1.2090963581618857,-1.843555922423199,-1.9959685013758832,0.9397485716449763,0.7979997268143859,-1.7188534386059067,-2.5676586899095484,0.7641116414330422,0.2013929511670858,-0.5335759473868549,0.7916499409786327,0.08345498031708716,0.19548189675423383,-0.7305668265672112,1.0194508851984299,0.2655987492694578,0.49127356542828643,0.20493575188732557,1.776990166636158,-0.43000641542830564,0.016944850674863125,-0.24321151932661614,0.032811431011954266,0.6442063877242905,0.005494557437713038,-0.4233313344551679,0.6742657443668342,-0.0490642938257635,0.14422108418833826,-0.27846510320663787,0.705805588754396,0.7481662384097533,-0.30991681728342274
2020-06-16,0.15865668061095897,0.427183919799063,1.048045799432968,0.09883483566036079,1.276836012643605,0.21699521563250537,-0.35640746781229204,0.1484468999363194,-1.2949382281680628,0.510205825660309,0.1278209296035511,0.2843645332531126,1.0453507535119642,0.26481959535937744,0.22523182803615774,-0.060179234540001,-2.039046778556154,0.2528766259302552,0.5659675263934328,0.5365835397867654,0.2700169687942977,-0.8107687340961196,0.06814346059465554,0.6616570586752871,1.2422099608710135,0.262859952090748,0.5595604632829593,0.39571281646392215,0.4001900170376595,0.21430305869651156,0.7469405460368417,-0.03139725605701378,0.22968422095743965,0.5258446578641176,0.031387779830017906,0.30318010030066733,0.7857270700890768,1.003556557884509,0.401116706053613,0.502830448647489,0.22614891529779566,0.2929534905147476,-0.37549148245931946,-0.7821564730505955,0.1909216647700471,0.2209399187135072,-0.3918221065810078,0.06785597755840045,0.7214775965645598,-1.6120350995867077,0.2688941108408516,0.1580635815047503,-0.3689206259984144,-0.07080704971826378,-0.9154911071961789,-0.12966450847038502,-1.5214865399838369,-1.1316314286098377,-0.5947562535620239,0.41072239709347014,2.129078720937228,-0.22959441305751613,0.1596634147878658,-0.05978080774865269,0.2700169687942977,-0.006975019365699877,0.08632732602098721,0.9374159561944085,0.048843063096844254,-0.38836579603746374,1.0616175981765779,0.7064100981127365,-0.8567784210468162,-1.0786993865121315,0.20761113689002358,0.32772264024234615,0.06926231393372348,-2.121863730829735,0.4691479014097065,0.49606465394675364,-0.1641118591499562,-0.16316943983028082,-2.694188432750707,-3.1393632827299114,0.045468901664849834,0.2922755363899954,-0.03362460067000125,-0.67063827469709,-0.6562822295843632,0.22977728075651516,0.4017692790182682,-0.748963740583409,0.45802291235073794,-0.8161170419538053,1.4407782286332302,0.40044383917913184,0.4865670760546711,0.5821094961870777,0.42841737871025076,-3.2891815751985645,0.2700169687942977,0.20237293949092205,-0.7887976705689667,0.24921570741665586,0.14933515844469555,0.05901307079328748,-6.185870008320548,0.3952972930005455,0.8183104080670712,0.14682960070334142,0.22446519302671225,-2.2262634366056595,-1.2182894508076592,0.20773070591209553,0.4400523423073044,-1.0812274374180821,-1.0100815298141155,0.844583397847484,0.2700169687942977,-0.16615759810499361,0.23814667951434443,0.37824342687822593,0.3657959820877834,0.404300385726698,0.16671235363172424,0.085446191026363,1.4031449313852862,-0.08335623314021057,2.4946627258360485,-0.5086360906580742,0.3831775387727474,-1.3681961651860468,0.22154040350168383,1.6481005350630438,-0.25412351113418646,0.11051655603171207,-0.16581836066614078,-0.7034636961196027,0.22906227765700202,0.07154117912524909,1.046402076551336,0.6294249629871842,1.125589914593072
2020-06-17,0.40049213878201617,0.609344162716434,0.3439948855203089,0.17034138598996987,0.34587606762628986,0.8692422158119083,0.3757322096923927,0.37781648462750855,-1.5468586644358864,0.6498067102634749,0.7580389258372459,-0.772924038576834,0.2186866008336756,0.8071556666580477,0.8929385041300077,-0.4921582744373815,-1.8254036090404298,1.0080219173648008,0.39558035215272797,0.769145993242863,-0.26365558169109077,0.10584914427313263,-1.0688906786067187,-0.72337500996856,1.6118542499748996,-0.8729157343553356,0.40287990917010674,-0.10106271214496822,-0.22059533913318338,0.5206314113626177,0.6219886515779011,-3.348179809652339,0.18545299533295878,0.8957175147126416,0.3739982886444389,0.037542297819197434,0.20692284036906952,0.3452855886458267,1.0749702205825464,0.7314832157394979,-0.6895174785301516,0.5948283856600329,-0.47350590999348446,-2.5058494149088526,0.8425020078862483,0.3788284182204505,0.33847429309076693,-0.42398497764483684,1.0506994422436386,-1.8771812641170464,0.9455211774219651,0.3775333820030226,-0.3402845897978612,0.3270286575279027,-0.2646045457222369,0.3991353377344057,-0.0541018413900456,-0.36058395907105856,-1.5369382803329263,0.39991511197231067,2.0789142352390546,0.04197401123449656,0.18261113144092336,-0.3836241901685046,-0.5833225183402297,0.3812112484758044,0.2180004705845977,0.18875811379124147,1.2181113103849022,-0.4068251972948676,0.6706406960395651,1.1813569184733046,0.13954823298410107,-1.356790623286393,0.8781441344160474,1.2083377928820258,0.558821285590411,-2.948367731040445,0.8335532156128933,0.40024794198194596,-0.17866812384826214,-0.18097506949717435,-0.016798013343251778,-0.8497996949038097,0.3085893481521573,0.31266734885840247,-1.6780975876668638,-0.9210256307859458,0.3284205522408555,-2.124117577728469,0.3148631529404475,-1.4690613030241408,1.0322052579379384,0.04777760759105377,0.9355330739317186,0.7346409098213331,0.24739729798876336,0.23478917614410952,0.9298430448680879,-1.246691507998405,0.2315965431963188,-0.1809622843153813,-0.32981688104049084,-0.12588215794483412,0.2558025589515654,0.19753454062248837,-6.082263757217362,1.1748346501418863,0.31021461133131384,-0.07481576516447266,0.08045189092922107,-0.42230273290548065,-0.6382543470558847,1.1105498501086721,0.40565196748759647,0.24533939583811692,0.26298340907972056,0.5911898059501002,0.33227831235447,-0.23795363795641034,-0.9079744282415817,-0.6425930061968151,0.3944785081394308,0.31931536714147524,0.33925267518226543,0.179304236404374,0.3677963614696959,-0.17872198890455138,0.3454484717573413,-1.1329222918434885,0.6988265973939541,-1.8447920814073773,0.3780947733259618,0.39194666424399205,-0.46357851551776447,0.1923474372359417,-0.7364121381683907,0.284122892106584,0.5058439370009453,-0.9235719894329992,1.4040080524819725,0.3469770059411682,0.315149697152312
2020-06-18,-0.30369459379218783,0.3017869127860426,0.5368536701472325,0.40600612484517296,-0.012123720847627481,0.7239929679681191,0.8328325692026431,0.6196904280072646,-0.5531569975274526,0.4598426195682989,0.7209638187188362,-0.0946560393093068,-0.7653913959235136,0.8488609075428803,-1.4346369128319543,-1.5185653212904573,-1.3966798897130108,0.13994440577871414,-0.22759915177297999,0.7886987235725186,-1.9507121674200858,0.7347850722221967,-0.5965783338360795,0.02618191921474671,-3.1985927253215998,-0.048218436603848946,0.6118308060375555,-0.21693868421174578,0.2254496025214424,-0.13579313522474684,0.7314345034393629,-3.689969474194133,0.6114625623176001,-0.9881527248590027,-0.12084197398812706,0.17116809585500795,-0.807854599097639,1.7573095051609013,0.7631202232243144,0.700207519972785,0.4388189192370582,0.6831586563499785,-0.18981354480706775,-0.2163607560273249,0.7196752956919062,-0.3749361687200279,0.4564620053055314,-0.19222785686413724,0.6115425907395258,-1.0974590243399671,0.36032040971741947,-0.12215192850150987,0.6405986419089464,0.4833998163931143,-0.8636619078527663,-0.32577969580094757,0.6595016813342066,-0.3779859240445435,-1.7771775696036773,0.8799409394034301,0.3064818254324414,-0.47856392084868504,0.673108355965029,0.7314345034393629,0.15960627919521467,2.1702593591548482,-0.055202772596394875,0.0053034250341008225,0.6298524777551474,-0.37927447207338166,0.6819707340842357,0.28657799146468854,-0.7021178343340612,-0.2579660228344494,0.7125915164520614,1.2633435751802942,-0.7519487505743065,0.09887022461082076,0.5895528718812275,-0.7120260645420095,0.36986159708509037,0.674945794321459,0.6075937510228325,-0.2703883089964902,-0.8488137347963175,0.5540402764246446,-0.5951194507173861,0.21546891370142177,-0.378919279335764,-1.055221679496139,0.6799605550606965,-5.231856765529662,0.10134011604898846,1.0092585682205073,-0.6698624056193833,0.7624543922770501,1.5083184107215055,1.6802670344312747,0.6411968548608457,-0.7432707144591667,0.8396496395742695,0.32728740278546953,0.6457510361875415,-0.42867914941716645,1.5090920770000078,-0.061910529112678185,-4.216630130836514,0.007088328243587195,0.45453318743581533,0.12002464953472503,0.0017785168864948736,0.27624785727486445,-0.2472415045156752,0.1906933833318377,-0.5703873598101106,0.6578879166238942,0.07674264891414935,0.3463575162956448,0.8126540195813964,0.6227510123442398,-1.1075955362359207,-0.09388672736931772,0.47922444878542997,-0.6805903549636136,-0.5585283992718768,0.7033882650349365,0.6727384226829434,0.02149257694608324,0.3427054016314523,0.17494902342802157,0.9055971106271353,-1.0536801510022153,0.45933716174137795,0.16887400480117795,0.08471365243147363,0.4685988606329969,-0.7011197712577855,-1.1802167029744959,0.8211412935282223,-0.32771882270576524,0.6442987740307292,-1.1899284802540409,0.5512769444815464
2020-06-19,-0.8994955079479997,0.20026927208278994,-0.07135182718851237,0.2787195347201684,0.006079856462181213,0.4236938372881645,0.5335890673382286,0.11172313684653182,0.4758593584545123,-0.9869689279291941,0.4964168305009247,0.4076346722337701,-0.9244051488874695,0.9357293778889013,-2.6971154038913276,-2.3805021517695106,0.2543117519079575,-1.2233027774747895,-0.5340041924158697,0.3824055471318734,-2.112818023429967,0.843161910827525,-1.1334280300933606,-0.14869253553990003,-2.5565298140473143,1.115473181313077,-0.0021275286560091576,-0.543028287060062,0.26482210580552734,-0.7956730694872545,0.9965016571028665,-4.612421617355775,0.9563214031447601,-0.33218317711369255,0.9429899013234057,0.4009920945177133,-0.7798908949347733,0.8115059868759067,0.7466316219862785,0.8929554677563329,-1.5836134696719522,0.8770161293334274,-0.13358074984495089,0.11499096552873782,0.23907459130266748,-1.3001743455396304,0.1446806750954103,-0.022497306298090488,-0.6996161305444046,0.04576066329765632,-1.3852113127219865,0.1286052914101336,0.019750428978119794,1.1338209138611535,-0.6216259195116155,-0.14358312253484345,0.8855406680366632,0.2974182530668269,-1.0820928863654282,0.6703824137436694,-0.6323633201236988,-0.828532114116235,0.8968420069574138,2.279723680600826,0.22360169788644035,0.9973157892545977,0.2714458880986257,0.8834720238034335,-0.31433497448304853,0.6402952954508777,0.6817380955261728,0.8211494704695947,-0.27039372503083847,0.15960651424541386,0.5129122511769248,1.3473968136592227,-0.19655318160277438,0.5664230176579172,0.751666082343951,-1.5443602191170878,0.8770248771147687,1.0159969013053747,0.8778348163223604,-0.4385086153519669,-0.6988470457816911,0.7818189689459537,-0.8777565143255521,-0.13632123065130536,0.23310141643249935,-0.5891236901116783,0.8794534945350126,-3.6461893995044816,0.2147045618338139,1.5501926961354362,-1.7574627830038798,1.013064537722571,0.9289926253828711,0.9035410573292519,0.7512176177776217,-1.0971592237856753,0.32130994748358477,0.5674323633874598,0.8510850231574745,0.16061194765498965,0.8750345578230369,-0.12138767650641576,-2.824962236092961,-0.5684722689427553,0.42793028882555106,-0.5140230946103005,-0.26912195915188303,0.7066669015610363,-1.2451953680373988,0.06824613176143299,-0.7401393942733628,0.8930011731678551,0.7114890917471048,0.03753760964971137,0.8897501977078593,0.687481654236481,-0.6615751125270621,0.2782784491882909,0.3607793761682666,-0.304899398681573,-0.2854584528399617,0.7990998280302356,0.7079795267375284,0.3731454174428586,-0.9333603941973941,0.37253818111930154,0.8912805114859234,-0.290279650870127,0.49205563985184747,-0.352459233710521,0.4697981204034418,0.3666046640118065,-0.5686886710024341,-0.01872976808101627,0.7433767376500403,-0.10386318383342977,0.8379573541889644,-0.33480191524227126,0.8854265142715839
2020-06-22,-0.8537555967659793,0.5985716167799084,-0.04113072740609795,0.5150513398983162,0.1529797258820768,0.607128945476343,0.3057657744717425,-0.1717542543678451,1.0503527895090568,-0.6214888502955358,0.31399966945082214,0.8691729231261034,-1.1089039684761202,-0.3273455871060031,-2.767488509997899,-2.443245160503667,0.2542719921639697,-2.075307664575544,-1.325807039811385,0.6232368726334774,-1.6061090562778184,0.8209451615004966,0.042457693825883706,0.15960767173662213,-2.5321437503915103,0.8600775646120364,-0.44349554016831133,-0.2591743684741849,0.8437518512455416,-1.3462431283153673,1.1394313252331556,-3.1448530977892806,0.42439471244186233,-0.9219573734253471,1.017833425063424,0.4366461599215948,-0.6822738526669379,-0.15949210691766005,0.8890239478900507,0.6179822987022227,-0.6687997708600784,0.8720874645602095,0.032126315538225855,0.9705794252843353,0.181253651074049,-1.9973794037504822,0.6911616940548758,-4.120353238777112,0.18942339648691395,0.2917704345906385,-1.2917483543949515,-0.008030419471738494,0.07451153127985038,1.0424500595620128,0.1753804737628461,0.3777126286169125,0.5603515680713929,0.9810314744872543,-1.6372246502242345,0.7640023090842167,-1.2109725666896767,-0.43858883096205187,0.332720834128916,0.02102221390688699,-1.2185769268171882,1.039509693530142,0.16672049611854722,0.7458428118119591,-0.35225322596267994,1.0256063626584009,-0.06614870595353516,0.8641076710852588,0.7992386199176021,0.3261281728012873,0.8055954468589626,0.9947198982131346,-0.33655036928394333,2.0789582011298253,0.6929265832456618,-1.7969319334059095,1.0110012983204293,0.6462852144584714,1.0323278310739554,-0.2980494903606926,-1.0602953407987197,1.0378017816314333,0.20838620997779886,0.7765526346327781,0.930153920995807,0.7086900009219821,0.4082332616230284,-2.0251414143382678,-0.6542089168673818,0.8324606879592842,-0.9613572233728173,1.0304823690189147,-0.2632813081816069,-0.5652691009765245,0.388331233798543,0.3337702981934706,0.760217968509343,-0.47252267286340394,0.8556815556318603,-0.6681230882680657,1.0449748425875083,-0.579023620797968,-2.074159007280913,-1.0551293860770856,0.06164914657148254,0.39953462078243196,-1.3837107930016048,-0.4745954683808142,-0.5775435810557634,-0.2590624401697127,-0.6835996294945821,0.6961591926120233,0.4493019160902989,-0.015033692384433712,1.0066581680883293,0.6365650803598196,-0.0618380172544672,0.9696959890849588,0.37415813707575996,-0.1845279730633153,-0.22224512804810012,1.1303381432497797,0.473952834707742,0.6505127760866569,-0.5233978588620034,0.42611219016766494,1.169495330613765,-0.3625914468574872,0.3768218416506591,-0.4257417267972298,0.916784722611176,0.015981750462862324,-0.2709499602480936,-0.5848651031966875,0.7721270304761226,0.913091832905491,1.026630360514872,-0.47850713122134975,1.049753483633409
2020-06-23,0.2567362639568133,0.301017558463701,-0.1910325142297371,0.45001717706751704,0.8882660658903309,0.5492024436153101,0.17679641815040129,-0.04921700751511775,1.464092263648313,-1.2171607146367645,0.03486689284161336,0.7481098998644785,-1.0078584329187907,-0.2927666717048083,-2.5044216451689834,-3.0112046743449348,0.6821556464478252,-4.420725293203079,-1.4464195893042622,0.7562763504029482,-0.9180786636401713,0.5784275921531099,0.7042923434802636,0.6307801620374419,-1.5441165488383104,0.6732428783118,-0.3017579506659934,-0.22439078043407007,0.8591743342809351,-1.4281866272139496,0.9348725175724912,-2.1110371106286747,0.5492223405437842,-0.09058177663382166,0.6964437779931326,0.29391130052842007,-0.11430887200933003,-0.22474542710240297,0.3266289415909513,0.5170834188964856,-1.49871698333803,0.6641723316473999,0.1475997188405751,1.387513496570855,0.30689832041765763,-2.4534951635828435,0.672752760835047,-2.8279241027947832,-0.2601966390639889,0.4436766414208461,-0.9164715207837916,0.23078863145580336,0.2469549003680827,0.8572030624223266,0.5845318448589805,0.19247715259207646,0.7018282497800437,-0.04810187125897193,-0.6719903630645604,0.3875542764943591,-2.2214483475669757,-0.41607887122985243,-0.6151411648106145,-0.19076183323131504,-1.1647670393715142,0.9978750100529785,0.11916240446860846,-0.20376900553231772,-1.219019954159705,0.7283602632002671,-0.3946090900855844,0.996524216935408,0.8494302143945992,0.25788689383304203,0.025268729908173446,-0.4246407559111517,-0.4604051976739071,1.228175003317311,-0.5709938816392656,-1.1716248195430181,1.1906261103403089,0.7957941587290647,0.4525250337489587,-0.16248303947174733,0.045741644641937,0.8418508972307653,0.6264229825240369,1.0609538508333582,1.1707809860923482,0.623302305642999,0.7092977358307577,0.746519367311406,-1.2346680020410263,-0.4664922567628183,-1.0144346970829208,0.6872455775137022,-0.018323873253457967,-0.3427460163111726,-0.7328576043400742,0.7414297078188189,0.867770468403649,-0.07180876447063897,1.3677515482219078,0.11802713109104154,0.988341105678023,-1.1434593888571123,-2.207870350732906,-1.87405275678488,-0.09153216424123183,0.3188190299135707,-1.7042247825755017,-0.021260931703970396,0.25659254453528635,-1.005157915978989,-0.5137504484639535,0.12671475543324173,0.32105810561702564,-0.06872731169289846,0.6248327223294751,0.564237968084904,0.5679416679239052,1.2969632245254556,0.09216160045929532,0.28412636951091613,-0.03264439292146827,1.295750854532076,0.2363722508171565,0.6672939759387644,-0.6511699486709209,0.9190190722065872,1.2702290701485373,0.0818211552317201,0.5302666202390216,-0.3144453463019623,0.5519236504672871,0.7806636612769099,-0.6548017317062655,-0.2117104718112235,1.2183053040900396,1.0216396695521017,1.3859397536940377,-0.1344417516224117,0.9559265029022563
2020-06-24,0.8446003139169718,0.7318769673154566,0.20156523380684596,0.48272214343151804,0.7948712739545938,0.7915381408906346,-0.1793395881251535,0.680746163416558,1.0658755559622488,0.45413911041103683,-1.49015193337038,0.6012896794648518,0.10343247316517826,-0.7185652052466448,-0.4104389496293691,-2.047077039728942,-0.034663144882976754,-3.3769104019149694,-2.556729817655704,0.7577553906974932,-0.3262024410847367,-1.5110464302202744,1.0965276605903653,0.9945121859943059,-2.647273539445379,0.5461766211251814,-0.5946205968400713,0.6904705268538048,0.5763665777984754,-0.16148552762069138,0.5106744823440678,0.23753201189288511,1.0350201462492539,-0.05780615019449069,-0.3270239138792354,0.10264512073239077,0.05606151737978647,-1.2086913255008644,-0.03220309566478665,0.4074582983009076,0.3369928710117787,0.5568834291536344,-1.0918405045616622,0.3851429433740077,0.7797973843174364,-0.8411964629974398,-0.2866449018850855,-2.616812579399382,0.7453138427588991,-0.23175586292780204,0.3754047774991395,0.171243201850147,-0.20178265285738026,1.2844830187447236,0.6736539186866282,0.3762540778821932,-0.8745845649149298,0.6831848324278994,0.06441967454523045,0.2032619507200707,-3.3958609418386905,1.1173242553781033,-1.8427828529643915,0.2926589085145508,-1.154631663999976,1.062495651361348,-0.21206217882458264,0.9378964626755759,-1.330345599823798,0.44269014186191086,-0.08807507664389672,-0.31765828250118794,0.1079402587981077,0.8202217320912976,-0.7452357309832789,-0.5984057711423277,-0.113342039539959,0.7921051486353036,-1.0549987282651134,0.4476974142239265,0.01584388527349486,0.7333119437148476,-0.10999443990012543,-0.19234976824314767,0.7595575249886093,0.1775778751995006,0.7917832162482011,0.08224249862118611,0.6641767271958924,1.0998537771566188,0.2799244300088682,1.1868010918811214,-0.7715231551301593,0.7554983601899947,-0.5599488780334922,-0.2456937805778799,-0.8592547809153442,-1.2510934841189343,-0.4910232758313725,0.7989887850883136,0.9832178444469984,-3.1585607637840356,0.5476721996756754,-0.019065761279563487,0.5453101972794651,-0.9804702613331195,-3.5818900953617776,-0.6750016132378802,-0.39816499049584353,0.9337043584353208,-2.1453312793647203,-0.7881888723671585,0.4747948821544392,0.023568226236800577,0.6547053289038222,-0.18810515377967266,0.0465901926629036,-0.08516205857459924,0.8607573859403354,0.8344457058104632,0.811118804808755,0.6702845422340755,0.27643023975760433,0.7639145121000427,0.18605309458554498,0.707921565834101,-0.4978726768093682,0.4484684434867239,-0.2236289246489509,1.443412617880353,0.4577177011645405,-0.2086982959133982,-0.12917804865734997,0.2684025853492766,0.8603364336908601,0.9188719874174824,0.1438448741551797,-0.1812353963728085,1.1160648610808008,0.8334561859944323,1.299888910105165,0.7948444928009972,0.7473994700397878
2020-06-25,0.5455241473511969,0.8641546680195616,-0.9771259663227825,0.9840671379492478,1.3396386103421232,0.9541821060213234,-0.4728896096581644,-0.42905725276660645,1.25090478883494,0.9892444921356661,-0.27473320523717076,0.42681882508095176,0.5178706080794658,0.2083815273277156,0.45569465545953153,-1.6080438853655667,0.4765232531449369,-2.2967086326953563,-1.7736866927460087,0.8502102420787582,-0.48768555449798395,-0.44711266843261466,0.5781214600797601,0.5734740793027194,-3.427447793034438,-0.9334597076432405,0.031140813393370173,1.246957711837429,0.4412707710374629,1.3623027764047992,-0.12208602898015711,-0.9294194397854073,0.5535129522606426,0.44135377238102674,-0.43921128707886525,-0.007419568011598074,-0.3374885857187686,-0.35156185208342805,-0.5815890149024963,0.5178629521371841,1.0643015601198902,0.5917534395851474,-0.4475231805003008,-1.3156549212163462,0.5683445349147629,0.42930086902780806,-0.8833587483001807,-0.1360800614000745,0.8616493446651401,-0.26004862209935115,0.8484507042411602,0.5232158850971054,0.3207363872328568,1.0695651030512565,0.5934645276631737,-0.5168574751938751,-1.614601060229311,1.2481483024556685,0.8595888871143771,-0.5731159787122797,-4.05118308049922,0.5368238561093934,-1.3539224166173818,-0.03292399478875569,0.3014721001704071,0.5688267041784927,0.4796385258707106,0.971478689247634,-0.3668120331055277,0.7187322965754487,0.6834631815384229,-2.34011375591256,-0.40419462844203297,0.6430520458158866,-1.240557503441883,-1.1809251933868894,-0.549693392445959,0.6092909402478887,-0.769488973678045,-0.9027492733892086,0.28868421835148267,0.034911041314606636,0.08935571633531154,0.20422787462377512,-0.7084007254325572,-0.41183114530360976,0.5851960329695499,-1.9760593601515921,0.1931986569460164,0.5701343792338618,0.10830566569206106,0.7907890075968186,-1.5869828507312,0.06947922438066588,-0.282156811181455,-0.747575374592516,0.4469986930093401,0.4174951316945028,0.14404216946275392,3.512131839924069,1.0837898478871386,-1.6512901778970723,0.5307141900465815,-0.4015314073257725,0.7720441787818891,-0.8532953188954441,-4.26199448287982,0.1531077455066451,-0.1652259254799137,0.43957939288368764,-1.262098312616438,-0.3602365072160229,0.6420284988763085,0.43791081391183007,0.4694923862950055,0.40874184936575936,-0.44339094410844704,-0.3201663635398811,0.5593317459957868,0.547775423285052,-0.7081973357918315,-0.02337692736580694,0.26361373009084127,0.0014008308102509102,0.532364042951828,0.7546417935878038,0.10255577552329398,0.5811925553093761,0.20007831385054398,0.48899127697170197,-0.07179919845362906,0.14364668061644448,0.0468432024578993,0.06000873945654982,0.7322922335858766,0.9082392623417866,0.5006812448303559,-0.39778875516662393,0.18680488974238532,0.5902595373010359,0.6442458194010442,0.6876811059008444,0.4444119677665374
2020-06-26,0.4872009901620623,-0.2905834443437714,-1.286193076690041,0.6765175321559254,0.5991125716475069,0.5218362762995036,0.8419165119924569,0.4308352335151721,0.5017246217973659,1.298201583397259,0.3727142478483081,0.8779281962862019,0.5219285209063306,-0.09257057134734742,1.0151390141480443,0.4273536334158887,0.5613655063150761,-0.7052795424861075,-0.8776475997073592,0.5580926431659425,-0.9036523624411034,0.5113466393900713,0.9900570296366401,0.4730894013515147,-1.9318880425379745,-0.6787844731473683,0.9642429564127803,-1.2532706606666602,0.4184950252140714,0.6963789104234683,0.44041679129261124,0.39342173878010445,0.5507329473700544,0.38882421816040486,-2.2106874948082504,0.4460573021613198,-0.9712819658940203,-0.568501009304798,-0.08705882110323931,0.39463851500975533,1.212060596036258,0.6655509421526707,-0.845429980424458,-1.1887662600064643,0.7440714248226178,0.2807131679097467,-2.018751170443931,-0.08750608222177386,0.6805016110056278,-0.681656081115457,1.1192525101333655,0.34682909507759374,0.015605500338518706,0.25148701787414496,-0.48535554460099933,-0.6279860247055484,-1.4899947055835305,0.14569399091358326,-0.2646462506733591,0.024908402970173597,-5.033383817306201,0.5753323309871595,0.278497239327825,-1.6359556630332097,0.8469239750662667,0.7117795974045042,1.1285864330573245,-0.4256407863533575,0.9378031343435929,-1.9051505006313671,-0.960156456661585,-1.4289856403708259,-1.384187439656266,0.7542439251502465,-0.09396470912467517,-1.0895622694175584,0.6932738779834845,0.2226262302874182,-0.5324251504533022,0.4564274120228012,-0.36849157459917614,0.5511881057422165,0.5552365099432814,0.823016858346404,0.15869096269521848,-0.4144929124143887,0.6017091463275476,-0.9894063513148118,-0.17313691807606948,0.5773633392279899,-0.6537777671592331,1.0499929159228014,-0.8536817808949548,0.34321303538824705,0.5857443236369914,0.07247990757681327,0.6385785507985678,0.6702952684494655,0.14551551312173053,0.2892006934244453,-0.07803169029539761,-1.008285222462177,-0.12269897830637197,0.052191773186900096,0.564417546655241,0.32371238111774464,-5.296889395119715,0.44545676058168804,1.1903547168075888,-0.2682273403181482,-0.617944927990929,0.5892880958906689,0.08957071085938685,0.9801733854291378,0.5991125716475069,-0.25835398592144937,-0.8484686751523072,-0.2984589037312787,0.597384014870471,0.9069986844896915,-1.2585168914799874,0.12371485476224253,0.2830863463635469,-1.8904964898831154,0.5725613498526407,-1.2280528282039693,-0.011655166856868751,0.9909120954132872,1.0034924978566317,0.5685410422346078,-0.11267884877456191,0.5762728857697302,1.1699831851520839,-0.08135316724826205,0.1383978196367592,1.1409080332432366,0.799626795062589,0.5530773663913396,0.4857140916177349,-0.7381719519597773,0.9094558245270666,0.009535896109547708,0.43027253617269273
2020-06-29,0.7914528495116466,-0.7764426223023726,-0.7207550024407967,0.08168031514909951,0.4653395553925413,-0.02339524714364218,0.5638469951678239,0.11823051342711614,0.01826804382952092,2.8468927243435678,-0.10303470967118593,-0.061559927589978365,1.3453503537808549,-0.520483075141939,0.33311168449811207,0.47141209483022484,-0.0646484755501588,0.3332777810790263,0.9772289129503741,0.19065633820584807,-1.9901564949285946,0.5689581543368418,3.6116488692087385,-0.5534320601761047,-0.15595713582509962,-0.22308904022461476,0.7752606292710196,-0.6757412462193794,-0.7475922575274796,0.9419240904106879,-0.25660996604338115,0.6509374414444444,-0.624141192898626,1.3223868406114105,-1.1208389384475015,0.02690403038774996,0.027622419614783327,0.19345424046675916,-0.46605500409708595,0.21935016655090506,0.6337122350981811,0.2272130110590875,-0.10548538529232991,-1.8390695848583494,0.3838835011272613,0.4280694182181743,-1.042037013948852,-0.7107254935990287,0.5806534448765134,-0.9587737670451463,0.9701696345111978,-0.40456024133454677,0.018903472592938505,-0.020723762203535733,-1.5895815474667288,-0.12339767177839417,-0.38192549265184605,0.19302404992859007,-0.10641705389733673,-0.5732327007301595,-5.547320031376726,0.4898898889804393,1.0284012907792706,-4.435394666506679,1.0622415159862033,-0.06624344481640951,0.6378890243764708,-0.04836308346609176,0.22497743494208403,-1.062045579286799,-0.21519400435569394,-1.2812210963500075,-1.2645981790763094,0.35303618593740627,0.1346415655200455,-2.344164629715094,-0.33195360915227656,0.5044680658319062,0.24961382375289692,0.3598444249807152,-0.8862832139547896,0.003916536271078125,-0.07507812348819404,1.6445561879686281,-0.06158244379296486,-0.8251812019552534,0.4535496089149644,-0.8673842630839658,0.4639770669950245,0.17234954160667346,-0.4185719757343852,0.17475807774612445,0.38393826284868515,-0.3175015779625249,1.2418655359858868,-0.1382483159984884,1.255312860753579,1.51498924263895,0.42919546791758556,-0.7527240421230279,-0.046253226639468514,-0.33227756423749394,-0.30189294202157896,0.32471169580713927,0.015240963344629238,1.057527060337368,-2.246898260525358,0.07998213706182095,0.11882382030096621,-0.31811300509409024,1.100003586719775,0.8343717614326368,-0.03304979256824104,1.0431529854146708,0.9706794333467957,-0.06506018583018336,-0.3693446095427472,-0.003620570067453769,0.01313592981528003,-0.002317439160736988,0.022241726892122084,0.024848201447226086,-0.24504676070527145,-0.8461749494649606,0.25721062516806753,-1.282979815833848,0.8051639438473163,0.3188307810061648,0.6519858638832974,0.3449439317094289,0.022563024419153695,0.2225371000926567,0.41141158041587433,0.13714128967274913,0.021540748446997673,0.4299905760351105,0.6389932233019976,0.5868898939729976,0.10446798073088027,-0.24285925595863214,0.8151009588378106,0.08719451365623794,-0.34011678885227326
2020-06-30,0.6988036886189211,-2.2773030253055273,0.14025223541192794,0.11589010804879069,0.49590736282125575,-1.3366421166654903,0.661772822106766,0.38915797836853416,-0.45858378921569487,1.6930254598982613,0.22504847324977012,0.6473443054539214,0.18532611240779856,0.12271058517176121,0.524900459111888,0.6364167116150381,-0.5187027469214153,1.3002053009582624,0.8399539217216934,0.4114444254212499,-2.58329759734431,0.8732648807481619,0.14329343789697382,0.1267619502485193,0.28285712074123565,0.22410827000487177,-0.8496274873267347,0.1286576148159848,-1.826390868601554,0.9127538855461643,-0.9303718572159811,0.9594837551780044,-0.22789181184854745,0.8195440429402652,-0.6056554341909127,-0.3771086363898676,0.22616000261653108,0.7432593040486941,-0.5565517604811739,0.8647803784073324,1.1245606527214298,0.5090988266794896,-0.3620483481477974,-1.0906040417879381,0.16744771835133004,0.643472688388257,0.15258208789041036,0.8947062790895196,0.22903390168944113,-0.8432503755506654,-0.0368854506550241,-0.33752905248978676,0.20084985368035,-0.1056781846075162,-1.3088062642771126,-0.9775841406081748,-0.6534077014246261,0.20603386331556356,1.2827793834496326,-0.44480934576650566,-5.460734778321875,-0.36553693361063005,-0.3406889169315555,-3.2151443514079516,0.6028644309013215,0.22468959031672903,1.0160117169904272,0.25736250834706476,-0.024706734492774038,-1.3720980777676166,0.18557222719499045,0.09207003449735186,-3.3313720385867795,0.5030249280640063,0.7129520839241165,-2.1483123599836724,-0.38217880748363126,0.21030958946814168,0.13485824063196028,0.8564588552075023,-0.7086966581973954,0.6336466157370632,-0.20553036358805513,0.4609195640222949,0.20364257139344735,-1.2493495172658313,-0.5825707909586982,-2.272978654390278,0.1518711729789546,0.5047724126861092,-1.6283192259945072,0.22018767490361332,0.29065958867305614,-0.15352497834023385,1.2177932087987473,-1.0911925602739376,0.2112740819682884,0.21826322388591116,0.1387760714110461,-0.05557414492991329,0.3567075840913694,0.5974191415199814,0.6329626215021511,1.6587131577527336,0.5091343273671473,0.8890656302570751,0.22903390168944113,0.9992509793863342,1.0788180418529696,-0.17486905979678438,1.5912421851380654,0.7976619421774602,0.5389514694554159,-0.03959530589718386,0.4013164610751799,-1.3625408128956342,0.1253821556248564,0.20833439809097298,0.17707656418281076,0.797822248916144,-0.49030371314261906,0.47692797298750506,-0.22033442429263414,-0.8420301563646693,-0.4139440744083429,-0.8130818743489541,0.1929727702366253,0.5365206794571531,0.683488043927214,1.2918025300084808,0.4581055219738794,0.2277642512862771,-0.7999879892986087,0.11638379749309388,-0.850262952946049,0.040064241722058,0.8367869253482126,0.9196846046955227,-0.5401594394810418,-0.08333076252429449,0.9796155111226724,0.44230334860895143,1.284737244960246
2020-07-01,-0.4068351010313215,-1.3529726105944306,0.4989093160442147,0.4779489834245868,0.5970036727040362,-0.8757229521122136,1.6524403869100635,-0.13313323283978204,-1.1055967213467288,0.27672979027623573,0.5734384972315636,0.5368091099480314,-2.9916901291054843,0.24137488117706948,-2.0988100422607756,-1.373412294313673,-0.6914060615119288,0.3652388070404678,-2.406641892587158,1.3578846908173214,-1.7635936739211384,0.5886061055027274,-2.5763992601643406,0.54772628713817,0.10126767715700168,0.792902950512887,-0.055297496390904595,-0.5356951607502778,-0.878390472576639,-1.8345542388451153,-2.1888369879888447,-0.7842384111063955,1.1706468312798664,0.5090954321018667,0.5345676089816492,1.0767156153104644,1.1413917246757435,0.4562186277093418,-0.2048479120626848,1.3717485164164862,0.4281804348452574,0.9919931163526814,-0.32121225432159844,0.28362256377725464,0.31021052218717665,-1.3101911760389295,0.4965792573100797,2.1971956073340904,-0.805655666395795,-0.3347105475442876,0.4172808308629533,0.4679310474275267,0.9021113824263476,0.5614789575167529,-1.195301653484176,-0.6081094786416692,0.2601697974862536,0.042195103754217755,0.12744083540264434,0.5109440854243196,-2.7347081219197347,-1.9604367234437414,0.3414867041902099,0.2562196401700241,-0.3875194573396676,0.9544372100567847,0.5182580829703678,-1.436437937203048,0.7235605601577801,0.09289722024219975,0.2711221935353823,-1.6202770517960827,0.09081470730595945,0.28986193954267037,1.4191091717349593,-0.5461425642746855,0.41811769658184506,-1.8875090197115882,1.2107320082618833,-0.18204090617438295,0.12447819240486568,1.0258317534929091,0.8234644918653257,-1.0597259121133324,-1.5261511739145945,-0.6255618733696235,-0.03322353658401555,-1.6103618780699844,0.5267297785929342,-0.572995040425938,-0.031136281253689852,0.013652364904461738,0.9547498064048946,0.5030102506871885,0.30779314342141195,0.30463937145923203,0.5970036727040362,0.5970036727040362,1.2375514375596242,-0.4246294712428538,1.092578572041611,0.08483626808511682,0.7136387135544484,0.5118496123835066,0.637376686187791,-1.2545542430108418,3.0149160122754366,0.9895095371261806,0.5964175973841876,-0.7774989145495381,0.5671764988303363,0.5474585417207272,-0.1485424125997128,0.2930864465452033,-1.1842598357336735,-0.3598879475886778,-0.301591325633445,0.6688795592837785,0.6482759785068181,1.069872000236017,0.46365247778197743,0.8512700791198746,0.5818248157169342,-1.1787447947264333,0.43281912635444225,-0.03982398252559488,0.2818934667133346,0.6772579170246887,-0.284153598632989,1.267659730343354,0.32290974100541275,-0.23052696841068912,0.14193691361553495,0.15576111920949962,-0.7712540663273834,-0.29101873761896196,-1.5193810822683944,0.4220879745892412,0.4747865215148928,0.5540419222898769,-1.3317832772328713,-0.566116821905972,1.1789524306801047
2020-07-02,0.6237896148362532,-0.4967910131405153,0.6789245293914329,0.43279980110116645,1.2203628165797369,-0.49502426822846257,0.2850821856351192,-0.13591739576623502,-1.6740608447462748,-0.40621014428439994,0.9568094281005167,0.6455785271239985,-0.9827496335590399,0.2751004805890164,-1.4557364463017182,-0.8597569276507343,-0.33893053770299564,-2.0809952371028553,-1.6766407705728483,1.025313913510199,-0.10801246618338722,0.992256166038863,-1.3080491949462376,1.0486998649452581,-0.31454521636191024,0.6810671554807591,-2.10507045730874,0.3597344339277182,0.5613079770541258,-0.573610193247193,-0.9778364279008398,-0.23220088267452207,-0.012079036906211803,0.8916425604960161,0.6932584343207848,0.9418497942773724,0.3162698766036707,0.759146970912275,0.7441181234733544,1.7351100685789538,-0.011490276719498427,0.9277361140831691,0.7834726413148819,0.4613064527392746,-0.6419208212200118,-0.9547768780876885,0.5975920472837285,0.9488195258812903,-1.4556068864894356,0.2777920447093654,0.22932241107312465,0.780289119456711,0.6496000209967006,-0.3995428823446592,-0.1806913951953968,0.33327629695454997,-1.6487372962616533,0.41990957347557684,1.2902944831125316,0.993962254853932,0.41236832781716776,-1.0417485066371217,0.0851765556660388,1.3347248902431457,-0.6734226694301937,0.6041796096191735,0.5851557945036491,-0.5975699670348364,0.24988839849473285,-0.6300913027686423,-1.0768877787337663,-1.5749814326440947,0.658197178132416,-0.04943295088579962,0.7888673773601786,1.5908727302645043,0.8648348687463245,-2.1049711217390374,0.582233079815052,-0.7778341214880772,0.26402286054996216,1.3128840266763948,-1.6774135898176368,-3.575501631001682,-1.1951407597817887,-0.6679305488949822,-0.7467933815466852,-1.6467465337170368,0.9116384258493804,-2.9853082388705325,0.6690533431694501,-0.05701361974069318,-0.39066252633466403,0.42148387459876663,-0.5459280760748175,0.7334229459218629,0.506444839768421,0.41341694671154616,1.0327392950970495,0.4928158271312754,0.5604017193286774,0.48287556286298616,0.32373002737942874,0.6655781514439347,0.36369732635339436,-0.41670283789420404,2.922984820122878,0.792106554454916,0.3069506405509785,-0.100304873342703,-0.08135604117526256,0.9142988169722178,-0.1770391721657349,-0.6149172188777502,-0.7078826258911132,0.36512530218924366,0.4380965539832206,0.9638433958209224,0.248164126959218,0.8467097722550064,0.8607466997514955,0.9202354521900334,0.28369194638036155,-3.854933412553084,-0.9988833659105827,-0.5532738157584828,-0.6647849172142187,-0.8574231356916171,-0.16347674058919076,0.8972907382487053,0.3565837764813962,0.05210070459545845,-0.8898867973765658,0.34168051267537636,0.14647841742057222,0.5694871167812569,-0.3474090870128366,0.9499301482698111,-0.8429821576082246,-0.06613017159847066,0.489550724837431,0.24638327807160612,-0.5049905327219825
2020-07-03,-0.18000641233521905,0.8736833021571178,0.3303124743823123,-0.972874425555519,0.9827810427236788,0.04412959264663645,-0.08309755334554013,-1.1824494068184204,-1.583515888248221,-0.16816239501570523,0.8289086095760171,0.8812547465636625,-1.1906956067780432,-0.333639027000068,-0.8418321793450724,-0.0768422920405486,-0.8071357979513011,-1.7684541241775051,-0.588150169072996,0.5724341878188393,-2.847217054815592,0.2055024727525049,-3.7715403414993145,-0.5816752583849162,-2.2070156066918973,0.4066396838561412,-0.9897844976342057,0.2815530038479955,0.9644147396193766,0.40480997675703395,0.4158948741034105,0.07283627688378393,0.8846198108208302,0.4770578142874696,0.5867878530185167,0.8263938848038358,-0.2661357376915245,-0.48306115910712843,0.8338709990704403,1.1404647244354482,0.6317941268776648,1.0119103365825073,-0.5333864678999802,-0.021365755405019157,-0.44669820977915675,-0.22771200652582985,0.10024522401356922,1.24223155843536,-1.8682246189632876,-0.58977677087576,-0.9083165057579662,0.2928280430045612,0.8485147215871625,-0.8830533603548245,0.9768197534817447,-0.9450883270602219,-2.2270925156294075,0.9631260275402943,1.0102894469591401,0.903136546720714,2.7875923571422767,-0.29877331527485845,-0.5214730378156203,1.215378492403803,-0.32878709895945873,0.4717311027451569,0.2811019039930388,0.3127241470299582,-0.39855686455882816,-0.7019901898847337,-0.437065699650605,-1.2055640008237087,1.0062219181835994,0.9251878338577777,0.6202987717756769,1.3449108342222307,1.0312511696554074,-0.4834200623076692,0.5805927533621055,0.45945298305051124,0.1472983102400942,0.994293710455544,-0.9709747052307444,-2.4881512900543274,-1.3200988721639857,0.04824757205745398,-0.07691381115416443,-0.6940342746575566,0.06444795598903487,-0.2344359044921356,0.7611822771672216,-1.235219437875073,0.175948237438882,0.9180720495955765,0.05048945184440542,1.1006372038435224,0.2322872206791828,0.09514567014817349,0.6133884311796435,-0.15530268011682766,0.3860940917866151,-0.11762063307299556,-1.3123648617500359,1.0235028197266607,0.49473332200024833,0.17058619965266872,2.8210943673160522,0.27669119693623306,-0.25165407083497865,0.6849790304795612,1.0377562107676968,1.0267919479526053,-0.611636164807748,0.11931902359751939,-0.26826812281089885,0.5266892217304103,0.6959022224200389,-0.9964480595382791,0.5558411792593874,0.6028225187110042,0.9919812861347489,1.0385315216901048,-0.08152196815693726,-3.325411188635392,0.009114485403335877,-1.1074938118857682,-0.8875562373696898,-1.2790520002685892,-0.7504044029937067,0.19829384853571608,-0.012995130330125634,-0.8300069712344925,0.32658024069321867,0.358967835584221,0.8594084285996659,0.9767256583203366,-0.2832415685145102,1.0150428779408116,-0.32769033068882886,0.020461154600540758,0.7951432940461646,0.9439754068103312,-0.6220313644128945
2020-07-06,-1.0079406910704851,0.9807296023926693,-0.3288649158764153,-0.37910134800817263,1.0421320883665592,0.9878165214353979,-0.5031963066333824,-1.3279325573715692,-1.4594134182491147,-1.6921274842422713,0.6607440008096873,1.2234074314038206,-0.012849678478012466,0.4089811084393863,0.02994652492894142,-1.0906963460378027,-0.050006879503869554,-1.9885871502003833,0.21278499886792943,-0.20282523730334354,-3.3906437554341884,0.2505091523656696,-2.3120486899764208,0.09016344335812027,-4.802972733284154,0.0702181174914404,-0.7269396946434914,0.06377169588867525,0.2778849053543931,0.14892965362992353,0.8029785311267847,0.10144580298190764,1.0090885697349765,0.499455894904985,0.38055193684564687,0.9168743530751723,-0.05772793199022297,-1.656243914291322,1.0761171653380104,1.457503700327597,-0.014073584283431893,1.2250810626897666,-0.4978164070735305,0.017015968864832018,-0.848099435580835,0.42579258741463283,0.7653252239552453,1.3870038404138465,-0.2635080996768759,0.4255301810708118,0.05170567561536517,-0.17517919426750367,0.8321743391656466,-0.2504070134398098,0.14757858465221046,-0.9926452070256595,-1.7482162215106818,-0.665511815082722,1.0722065817940452,1.0583190937530036,1.0533416041167676,0.8306593151640291,0.23632038830985191,1.6426418606992186,-0.13209765563186948,1.0477424332227796,0.01756335239378481,0.32499568926612066,0.27022027585742286,-0.1912644279987614,-0.15190033825309524,0.9146238467079207,0.39592618151384273,0.5433517398782748,0.7671216439948565,1.0627502468448136,0.7308825395016855,0.5571136451343367,0.6152446913332161,-0.2031167319393194,0.29872896167544283,1.6916291372443513,-2.6062207806434303,-1.0088051451316118,0.10542721727552455,1.0584048287260022,-0.5290545303794941,-0.0615923256956708,0.33298557572671156,0.25467783218812634,0.4388287473787453,-0.09354991787320761,-0.4867916148322197,0.8394725036146533,-1.3923861612859867,1.0270738965980273,-0.45811137140298014,-0.8190959067982523,0.5052622222594572,-0.49933646322655645,0.056309814574556985,0.49873245977409825,-0.9629944605217778,-0.278288145468799,0.6588441013800388,-0.18359208860986467,2.497147475661606,0.41863339630210256,-0.277009565287305,0.22860003078527863,0.23820299492746644,0.08483944329865283,-1.124538522453402,-0.4646485551467884,0.26002381792229246,0.549209916190518,0.9520758530040284,-0.8769966351732748,-1.0770105241269028,0.5096637498296344,1.1401858524552386,0.932795361555371,-0.48257969786593896,-1.9403627285779543,-0.3761340044035819,-1.5038805880176391,-1.123234566718644,-1.0725856103021731,-1.638853992077492,1.062928147034429,-0.014501176041397754,-1.0280890563953993,0.2634711402083783,0.2197612510557253,0.7603170089868766,1.084607578670097,-0.2194820182684085,-0.36830041108721645,-0.1583862717967986,0.6047391458534991,0.9720995091593941,0.5028008015893086,0.09162013466676401
2020-07-07,-0.4706849765652219,0.8305941637794336,-0.8591804061330115,0.764680252436471,0.7606216482778293,0.7690265398142375,-0.47995449243027766,-0.7821671207087836,-0.3251430832773,-0.9759282019640183,-0.125690831250826,0.7268719602406899,-0.44101420821366666,0.7892333723242875,-0.9902510201607291,-2.521479770650211,0.13738809895502943,-2.9020867662923435,0.7925884258790978,0.12118634676292361,-2.7425767670735115,0.011677296505384748,-2.0600304072889717,0.4400568941708316,-3.109338365763776,0.1772858678837063,-2.9174249390141433,0.8253772108022196,-0.264898910905885,0.7047523541207242,0.6112976360622573,-1.3097491054260935,0.6485164408377029,0.9341989023721016,-1.1406332715193686,0.4779358907624302,0.18805081761080272,-1.27015891717056,0.056534111161618085,0.7396666048673903,0.4358231922763732,1.197848429854767,-1.347162037083799,-0.983286473605269,0.25108742834575937,-0.587578625419193,0.8358718374027848,1.413562908116743,0.5237608944319696,0.5182122186712567,0.2660877933879339,0.5118250552852698,-0.07684207946352294,-0.4380532090002957,0.22752530405953056,-0.7898891492836366,-0.27878222159139887,-0.11013633722622285,1.2949386660477569,0.7930511439275493,0.9182261242099166,-0.2634973596828619,0.19640184993249696,1.381679511801213,-0.7562043063342404,2.0358917312755405,-0.10793643395195505,-1.0449609648451692,0.6382956611099484,-0.6887496766015682,0.7537127613921835,1.4349303772264501,0.46680190184014136,0.8109059533507464,0.38903151062992336,1.1895793503439476,0.498219602340749,0.5693788412489497,0.6312498137257468,-0.6269619063822701,0.08746350011434548,0.9283197736399531,-1.0109562357561641,-2.5460188101670997,0.22644046559393435,0.7629453778073969,-0.6320066370939622,0.023540848480016145,1.215650763504531,0.5837352132727777,0.4593360635074039,0.7672350355545395,-0.21483937237479805,-0.5805641708107258,-1.5581931923413352,0.567708294850065,0.4293326699085445,0.3727910505298602,1.0035868598016666,-0.29634047930343715,0.6708328179200099,0.40046908836250766,0.7172470145503074,0.4460269454258515,0.5177979663631177,0.3419516178093413,0.5360894085080751,0.8348084437920471,-0.7561556977724466,0.23511747352596735,-1.1450740081199648,0.7924107780933083,-0.2318473119610477,-0.6577276091347093,0.23594812518910438,0.7004036976455942,-0.21815883344952577,-1.0455893273784675,-0.6279670661863738,0.38026827173518435,1.3360537301924797,0.5110549028863595,-0.7623757688949973,-0.1797461799859796,0.6272406945159551,-0.7417014778700044,-0.6419828507126241,-0.22671788859167463,-1.1671555902329835,0.8469291047570765,-0.17393297055724924,-0.23854155870635266,0.3944533962839497,-4.30384342171912,0.9582510223285114,0.5729931667352088,0.362680501986101,0.4260866230622126,-0.12811088280741564,0.43095609947456653,1.0584583911406316,-0.17718763138785518,0.5971114188858797
2020-07-08,0.14726499124295592,0.5944401152490505,-0.010522241448437775,0.9593904781579828,0.5908661080621511,0.2999210419270859,0.2226616042394127,-0.023483197256855316,0.20703502151722403,-1.1562720967151228,0.5936487998549985,-0.40973957856032905,-0.5151265196785657,0.5803244248403526,-0.43652760594171425,-1.7114375075789288,0.9970017691557236,-1.9088457422835237,-0.6856798065722006,0.5373919274035803,-1.6532840829188458,0.5287611214268947,-0.10327276135507173,0.561057415576612,-1.5348943414387182,0.0886395902412076,-2.966432621332938,0.7015991826506527,-0.5814165538387577,-0.9261584965636999,-0.9815901016976574,-0.5919261537343935,0.5982625677653209,0.5908661080621511,-1.72291698989254,0.3970402990547441,0.10699226112521938,0.38467483627135796,0.12733587844061153,0.5843595482715044,1.3681107485363515,0.4954171909857926,-0.21673506224995495,-0.27242092072122553,0.2691117574382103,0.07333147177308302,0.6256755593654736,0.5510035380081703,0.8153787413486386,0.6431641360718994,0.526940859787093,0.9547314102850744,0.532917642200457,0.5327121030103609,-0.04511485588865172,-0.14690643986363797,0.4837781028153789,-0.8319645995334259,0.5683357909893865,0.15647208552274555,-0.0007734877419330993,0.01299100575411071,0.5620536534570526,1.2215534784502604,-0.5759055271558524,0.8534530249011151,-0.2730922653114949,-2.55729789615637,0.9117446607647425,0.09041116137480928,0.5218445728473345,0.5286888019355463,0.1723116960788209,-0.07268738687447013,1.0553143875584785,0.7699620636227392,0.5876141809444575,-0.0015761032140418415,0.5921124066108049,-0.2495881686104651,-0.5315194159945743,0.7291305036133793,-0.5215634439358806,-2.3127149485427827,0.9037863835446523,0.7721661638199716,0.10945831880586217,0.5731766587866858,1.084622287923048,0.9574531421002451,0.880384022971331,0.9821805387935576,-1.9480109505330687,-0.20452833149555855,-1.2055787754323113,0.5371064097006533,-0.22579040647876164,-0.4365115669490532,0.99048625945312,-0.4727834354752315,0.7468605906315549,0.7767138462275393,0.27049764463995174,0.5691745675865268,0.6247065381478825,-0.24195482230504792,-1.055770733354834,1.0886905024903681,-0.27046554778761867,0.5427407415687193,-0.9430629175377387,0.721530793461866,0.3369204161435963,-2.9101178436000517,-0.4177735687075803,0.9286258138591836,-1.7540995639702566,0.12915785270611924,-1.2767963814660874,0.20065035535342257,0.5773479178184929,0.2755426048639458,-1.9236583005493806,-0.7125544574066145,0.23837857533321746,0.22409734175246726,-0.3359841895461573,0.5627567254390416,-0.04377664142349813,0.5665813600329924,0.11860376708112992,0.6243869902498131,0.1683215952729093,-6.111372251829124,1.057724495540601,-0.5612560264854881,0.5702084682008822,-0.7073599548464942,0.5350896236795303,0.5774625601997001,0.5233184012144445,0.6047808048051857,0.731100680994155
2020-07-09,-0.508071130921804,0.3955977696743416,0.5096052473671181,0.5645579324988744,0.7666761045175456,-0.5498217441375157,0.3447117693006438,0.5501702211910998,0.546154844739504,0.05343710953246492,0.2186083765802483,-0.732820210264815,-0.6982835894895771,0.30378901052900587,-0.7376383888041148,-1.5755752562093421,0.5576962665306773,-1.338125118785658,-0.6537525638625384,0.7213726429825215,0.45330333173216303,0.5007346486957374,-0.00667771932707776,0.4745131334335713,-0.28436196447810563,0.14032851206256036,-2.4113461552565796,0.6874221782980607,0.09388266577438621,-0.786432965203634,-0.2976820076165718,-0.572770198502616,0.4072975650703035,1.027646213326831,-1.847142013446978,0.6297660093222824,0.7028916124677276,1.193776993964577,0.23349203784780861,0.4328778944836503,0.6689665627791502,0.44355675447712045,0.1907668133161414,-0.885122108440489,0.26573814447633587,-0.25721187708842375,-0.19185643726102983,-0.25876912774676025,0.8816849848761742,0.6673292303591783,0.5732545496136029,0.5318743613856628,0.32454256039768686,0.10921702377296667,-0.09473257861062272,0.3540179635765286,0.8501955566200925,-1.7496694925532636,1.3607253765381644,0.40139584860661165,0.5815595982280887,-0.057805774343100795,0.5313980440204661,0.5763872347439356,-0.34455387956861216,0.6399493937807406,0.5627776780743026,-2.5755008866512235,1.1148208424590627,-0.04546522631150344,0.5787180608312507,0.5714842651912513,-0.921197359275671,-0.33062798926066245,0.6976949225074597,0.5938515314580185,0.304647742899643,-0.0883233957829101,0.5520732956406045,0.2896447463238344,-0.5656918861740474,0.5959437179439565,-0.06202185496052485,-3.084213135870307,0.533777568181769,1.027115906983749,0.5403004770429848,0.26616173980746594,0.5806608327242342,0.5438763477274557,0.6025204209524911,0.5916164121342602,-2.087983850989967,-0.21139990973206968,-1.0586374512817234,0.5850679301853046,-0.3809223817418869,-0.6251516335562234,0.594297382209961,-0.2025193380775392,0.9128099343919507,0.7319757798978369,0.4510421751348769,0.5438515109576566,0.7153600209572518,0.24147659455519468,-2.2430659221640297,0.5426132059727393,0.06549386998873749,0.1600559954256044,-1.0513753040232674,0.8195193299303432,0.1672581721486053,-3.299399663130122,-1.0642645239393906,0.5161720405886294,-1.0476996055005847,0.6979048805622339,-0.10279653832901177,0.41944331904825055,-0.13896181410536979,0.7102768169518486,-1.3277366077816406,-0.6044414379812085,-0.6925690226514558,0.5946427679461275,0.5025455640312606,0.6041714356862332,0.08255701255073347,0.3372053807190534,0.5698088542353611,0.5375462672591832,0.0003539168939793073,-6.446632630685726,0.5228443625564083,-1.053505703216616,0.6816447999156646,-0.8493590955646839,0.5895358661164074,0.7112569076495642,-0.09627591715904767,0.6391192093116317,0.8395544816623141
2020-07-10,0.15197103941837403,0.3724317494577889,0.9305628293061879,0.8497996541853658,1.001397498075303,-0.3917209611880895,0.25810190390840726,0.9323244286189591,0.37664268232431347,0.7249990601493148,0.22599410202728576,-1.955622825092981,0.20499148943345763,-0.29060364860079685,-0.3286183546980459,-1.208221001477747,0.25938027740335384,-0.058053523887289696,0.05600617443514999,0.7337062891315776,0.35575098678273886,0.3151369576114467,1.0330467887613495,-0.30182174655939065,0.27827084681939757,-0.9402430443376895,-0.473353948692394,0.3455184156921212,-0.3708020474868378,0.3073970724133067,0.29389776382570354,-0.461971233488188,0.03436093166041743,0.25803867128405084,-2.102992422733271,0.025904926625340004,0.2606732231606546,0.904532857980363,0.09377403724433529,-0.4238376369004752,-0.08162285034144712,-0.015761961624626862,0.132549860070788,-1.51665394664748,0.3697740909500134,0.2258221453809258,0.4137660868217473,-0.4340263090121649,1.0237291949406677,0.17653896657541432,-0.22375010944947427,0.26846008385972286,0.4043757330723766,0.009866862731151942,0.2913950418481385,-0.37302105237233557,0.43445799769435106,-2.0890311944114073,0.10278470935413113,-0.8437712184153384,0.8020948117313488,0.44124757770956785,1.081528820429857,-1.3828202035899977,0.4260515117331303,0.5124091321110728,0.411761631138378,-1.1110460630745316,1.153388183660375,-0.17019330599559251,0.3073970724133067,0.3026148961706422,-2.7888507129503806,0.20550802043917235,1.597182909265335,0.25695309398818106,0.388419935561703,0.40963028766417314,0.62130976115076,0.6571833527391974,-1.641296733747786,0.4679684556898037,0.25523915991424273,-0.9613272902380676,0.07879260928313596,0.2945293161701313,0.5595366352989549,-0.04249094815242309,1.5472653174590862,0.4166261264304874,0.5155705423188426,0.3340869347670008,-2.9293405562967285,-0.11238560455370082,-0.902621801887335,0.2156992975397184,0.1548204696625573,0.10986151678283995,0.5208175572960846,0.04769005111468026,1.0160549909956198,0.4704146218051464,0.29572967290109087,0.6438506918299037,0.29111941321532536,1.9123324862313795,-4.488238756157365,-0.04062318380121181,-0.043836668943060375,0.291251085942711,0.1741934557783758,0.9214394604910817,-0.9714886038038141,-4.670582719741968,-1.1536494525472762,0.5156567574263146,0.08601275684760543,0.49844468228492084,-0.19157953720277343,-0.8229882635435992,0.33631004240556606,1.1123541749418275,-1.4468409385688352,0.339360644039226,-0.38335560655665457,0.1923679110334216,0.79762549279906,1.2869176260663744,-0.05603218783130114,0.10002032671852476,0.6764897383415974,0.2917654190611229,0.8810430838776888,-3.1671903102009376,0.28231869057115216,-2.4318234804938794,0.7528258942974752,0.021352520691066405,0.28096292597134315,0.28894243911689127,0.5591023800898011,0.6490235724645672,0.29950259039206134
2020-07-13,0.28825894054537954,-0.7402605179602807,1.1547564429298585,0.6369547433741843,0.3483971111724385,-0.3893333008904327,-0.5866953193329072,0.2796591931773191,0.3203141963799571,0.6528317135302659,0.20534060263328988,-0.3373470017019095,0.33948562788276754,-0.38332628178036865,0.27287151068035503,0.2810521305503945,-0.16186955197559316,0.7110082529838072,0.5498870647560745,0.8802365916425068,0.7728447455099775,0.25213963424732483,-0.6138395778102941,-1.198567368614666,-0.9096735233071415,-1.0600715763571136,-1.1091238565503523,-0.045389225636208196,-1.0209231579544953,0.7407534366638167,-0.9165566209140336,0.35688864880215454,0.19618279067225325,0.3412247321662731,-1.106296892298782,-0.9750611907632242,0.5685945204142047,0.7702083399542726,-0.666938628355348,-0.8479548406524455,1.1045836899471684,0.06458279073480276,-0.1355414183394263,-0.5426113065384816,-0.017029170683050925,1.1040319135374972,0.8276621147837007,0.43229064178609083,0.7852111709465076,0.32833797610124077,-0.32355622360431197,0.2847567399710002,-0.05607998543874661,-1.229341783170332,1.1551403524696726,-0.9457764185722216,0.3199388385749352,-3.4591826490629116,-0.09667517149135171,-1.4546967013565646,2.1045391115606935,1.0138097053390152,0.2188372879212189,-1.4838698641721761,0.6075626276778056,0.5201948537548534,0.41365773859811544,0.10697973812923156,0.23931223963202225,-0.5672724092419129,-0.4579061240715843,-0.3580412898871131,-3.232669264049417,-0.8792672626439453,0.27243395043347457,0.6307605131163041,0.708576149909735,0.4792691290810949,0.4986218031725343,0.8149970745499903,-2.6521831025742184,0.08490000269628542,0.2135690312310165,0.24733758717386004,0.3290685042499294,-0.11719295546275242,0.30008743162615464,0.06543044397642557,0.3483971111724385,0.4122725912221201,0.45285163261486344,-0.6609324133462949,-0.18768434973912976,0.6250460156960146,0.28217795849392574,-0.06892570552394993,-0.5011687382165194,-0.6838164901395856,0.5422667550543656,0.8574651184202853,0.3065869100432735,0.3406938737774222,-0.27864357839366966,0.4529181365696451,-0.0625317869256118,0.8466617253947737,-3.4826682374139706,0.46256008705663104,-0.03650828594283991,-0.9746044952561999,0.9656087480774876,0.41508925779865635,-2.277652566623829,-0.8460296975887927,0.018270408550771246,0.3422258536972058,0.8414884121622274,0.3038871999051883,0.3262749228493784,-1.246430951742225,0.26800765371446755,0.49444102758760256,0.10728200154115458,0.8047424340421374,-0.8873630121776944,0.2696923670848411,-1.514551096638831,0.307816594572641,-0.1907612784101544,0.002345630350877874,0.2743442025867637,-0.09901351608940936,1.1593644391111346,0.49048038007177724,0.3455213619141103,-1.056934490333765,0.2946170369249167,-0.905479218682625,0.7986012262109027,-0.7252906735208725,5.88137520164398,-0.20566474174078003,0.1330304583979009
2020-07-14,0.6015815698815531,0.20302496756841498,1.2723460171552723,1.0847050962054898,-1.514937473421287,0.7110285603588102,-1.536640990546661,0.6526931219619765,-0.21504095082348745,0.07016622785126582,-0.26038971202337324,-0.33218931971808957,1.6496137248887086,-0.6137767429032875,0.6906713864346302,-0.021842024070498445,-0.11290407569224561,1.569845138951477,1.1083245542964708,-0.7773507248152222,0.3107936822085723,-0.41382706604262254,-0.9769073359067785,-1.9537249577900055,1.9386159367229925,-3.609393398864322,-0.013909885158953517,0.032336371453769316,-0.8853987739228149,0.8336743017300439,-0.07780233232289796,0.8883784297459388,-0.12860227120017104,0.3576660496289283,-0.26353408152261404,-1.5576675076625683,-0.06709191141318135,-0.08497499778424357,-0.8379457736146875,-1.1542489107923941,0.5276154036621191,-1.256771945557572,0.7913274449238741,0.02102184987962128,0.034302796322620926,1.1329185876740422,0.5580054896574291,0.49828052676110274,-0.15788311962758592,-0.2631982335841709,-0.9767600533007138,0.46698607745290527,-0.24886238479050374,-1.0578947502324239,0.4829931093968677,-1.300152155728508,0.7515660879210286,-0.7573020632406511,-0.6148533813792103,-1.2765403073309376,1.6340444870211874,0.5946869355841558,-0.3475265470107786,-0.29727113817932893,1.1491973655894292,-1.056336263038509,2.008324326922832,1.767909967140203,-0.2055078020141191,-0.41933598074929,-0.28242307516511056,-0.4064586598388571,-1.1256977015288596,-0.2838499017334727,-0.8063358015963746,-0.3457965235532964,0.7900447211732906,1.3480002563970868,0.35602166593391377,2.0237159123752035,-3.5668637195878357,-0.6874856152383144,0.15295157813278742,1.0546208130508692,-0.14507648421294195,-0.918740117759723,0.9048557373833788,-0.3599953885984652,-1.143127877850288,0.5950294007790463,-0.09285278087812462,-0.1735683300301979,1.5567303129516183,-0.9055158374948625,0.8362877779255309,-0.5231786539938313,0.5187565355925903,0.7448189416321108,0.6806519558072195,0.6642281755837219,0.28251755806879164,0.47646144569366494,-0.6494290250362383,1.0152482739122255,-0.25279651642183787,0.8282138221642668,-0.5362413334797117,1.104389788085751,0.2589486441359666,-1.0939670263684682,2.5820815133879185,0.17163790916247826,-2.5648555129766075,0.968716845182198,0.8896865164662319,0.09486031290730144,0.5155656187227952,-0.023983228354965174,0.10095575976927063,-1.141965027960848,-0.3588344441194637,-1.1817979707118722,0.19261329133441846,0.8791671334288215,-0.3259175165891961,0.29129545499808995,-2.0525616460332246,-0.6369700453931836,-0.17384218962163936,-1.5637519284244363,-0.03143664901547597,-0.016930668554276777,-0.12630687076087943,1.7224419222638312,-0.09762434515175814,-0.3445741871929233,-0.2693552122408186,0.3610335499822243,0.13117968571297478,-0.8438775018068022,1.6523654094015916,0.5781284110690649,-0.01858558447000539
2020-07-15,0.3469270818686705,0.16924584441396298,0.44982042543598505,0.539216640246624,-0.01393623460632314,0.31168903541331083,-1.757749897327582,-0.1397687371929286,0.7325171094182923,0.7339236045610125,0.31877896438195,-1.5248703938068515,-0.18807460498503803,-0.7212560500822582,0.3897880524046592,0.40771426519087334,0.06450281226598463,0.2711666004740659,1.1897656712103948,-0.3975349156275996,0.296874781234832,-0.901926388059863,-0.2868321363600486,0.2831798815400882,1.8809129883274358,-1.2030386603784242,0.6271515966811864,0.3774188870322839,-0.12463435459899203,-0.06427731535075842,0.2799631350395579,-0.14531101940960425,-0.09067916921470832,0.05573430013775778,-3.0884711289609186,-0.7080310007679117,-0.5846091508927667,0.5449378006278369,-0.5089129562618221,-0.5277979119454861,0.6642106304942124,-1.428839249533388,0.5003496022675367,-0.21749365912823956,-0.2385109573243984,0.8528603500671463,0.7666719933077095,-0.21158490638626531,0.5805262667062233,-0.026485808323831496,1.017286289206094,0.427626836743833,0.2659458261623473,-1.913156200840247,0.16261890250966995,-0.27631584327720143,-0.13199110164244082,-0.42046633218513524,0.5086241026535916,-1.1256823226605546,1.7336941263952326,-0.019937712494378167,-0.08197921997318629,2.6731717193035784,0.8408453479033513,0.11750355503852702,0.09241732739949085,0.46414157738446843,0.7756893489499115,-2.467995614057743,0.2601418635297457,-0.7360985913745678,-0.27085575207026785,-0.22689786146002672,-2.157087617669507,-0.020655169624338287,0.1997081901455672,0.4680608444768273,0.01154445362138941,1.8340439262760664,-1.6561487791908933,0.13908209193298693,-0.08862706231340267,0.33113201806191317,0.567097061047464,-0.10556943145767352,-0.05622016519878998,1.1751713985875323,-0.4563475057416463,-0.03611428487284579,0.3618632949362725,0.13247018893436727,0.3286947860938253,-2.480396449855234,0.35677323590915866,-0.2358526283294309,0.2700458617516423,0.3173772817254517,-0.05164773586586662,-0.05947597559637024,0.4567225444018883,-0.0032061617592508544,0.6962930459447143,0.40340832921495107,0.23331939684505662,0.5451746947318777,1.7191001359067102,-0.028014093647742624,-0.26476748072062006,-0.19665212021674663,0.05664828953981172,0.5747271765517843,-0.10319692508758274,0.883495572394487,0.39254471170932775,0.35469970044522586,1.02609741796833,-0.7564808816098613,0.07797157006477233,-0.4356213325686519,0.8705956558755442,0.2327325112652567,0.4906491980554035,0.6903050561472145,-0.20705351404606503,-0.6833794260153175,-2.821794671324718,-0.12113759075536652,0.6169816930458987,-0.6110207539191321,0.6802262806798962,-0.5133953156481719,0.1538327830405984,-0.15423895372898244,-0.4066573401295717,1.1798881842383941,-0.03767102864422903,-0.034598945781820864,0.2026312242390864,-6.456500623242258,0.7979213903088213,1.2384431168555448,-0.031496333777291906
2020-07-16,0.32429078708088915,0.16081313917909026,0.30682980759997847,0.7501176864519139,0.3691815663754296,-0.09269111116147194,0.08323629646567766,0.643388783283454,0.3351618436678061,0.23638519517815734,0.18860806936662236,-0.8625664582873768,-0.4208803466428102,-0.18645057570062654,0.15061866413954073,0.099963338027762,0.3616788715105798,0.9738024751200288,0.26760845435748976,-0.3429828617950344,0.8932002628776775,-0.2163661079708253,-1.1302305583979793,0.4126456936608585,0.3488482466663572,-0.6609517567536891,0.7999856238459833,-1.738186900086833,-0.8841236967120969,0.323681293648651,1.1286470260847845,-1.0784509003239424,-1.7154162955575998,0.8165492393611307,-1.3107628450490514,0.34286657434481876,-0.05516636098124538,0.3182274409245254,-0.34319137986368115,0.36441667957038965,0.290658703074554,-1.8710106227600194,0.3381866033724686,0.2647164213623306,0.14218397145148023,-0.4676909498042948,0.44836884840862873,-0.4058882018318629,-0.04245406803407301,0.37782619225303754,0.0785443855044037,0.6689137805215915,0.4712364286766533,-1.9148842867071971,0.19548151336669284,0.024582897547560014,-0.6922327882894835,-0.1436699418421577,0.07113513395599137,-0.5374351087509732,1.9312668984434416,0.4475531952787411,-0.5062405082946969,3.4277272877087586,0.2666015569837891,0.22907650054715445,-0.9542296830943862,-0.29995363895598065,2.5726927214998363,-4.903093111713728,1.0603479405188545,0.44973862543157145,-1.9071508066815255,-0.9829614500720522,-0.9793850975900101,-0.14107002146354317,-0.36855290320654566,-0.014726542147110794,0.027488422910748427,0.9364647146222799,-1.5404603323232449,-0.45145184431017704,-1.059397087551006,-1.0088504525175523,-0.6433494715997831,0.0524581076540298,-0.14137480729827723,-1.6218438683523295,-0.09681924137429558,0.884373591745115,0.43408208704010415,-1.3065856578867012,0.3487436260746385,-1.7612984875857307,0.3453246666213913,-0.9447860031368478,0.34633345394262144,0.3360557607566816,0.6805450465082794,0.9969462302170781,0.4117819636651168,0.759427517653439,0.43925836085567055,-0.04059738982291514,0.27254385978128853,0.3134490131895725,1.8829437099794082,0.5745086807921896,0.19716028308970382,0.3339914469435213,-0.07362550660576557,0.2527808686743959,0.37772128293888124,-0.15276590998253944,0.23825682188631186,0.524067584327992,0.15210678600956481,-0.40199966822675604,0.24526265609185616,-0.09328040112005118,0.34649304621097166,0.30130391039907933,0.57284089937754,0.6583762334153137,-0.04304328304297251,-0.0397522238329914,-0.08278997180925741,0.38479085533917207,0.4326765873004983,-0.3550023788780742,0.44484996824264317,-0.24792300097883788,1.0572056678482233,-0.37903953892997155,0.057068771902447045,0.234869454038697,0.5785003294410657,0.3691815663754296,0.16731949476088848,-5.000952685853166,2.32308650716861,0.9142875841078727,-0.30648298505429555
2020-07-17,0.5880546208169151,0.3508258931710839,0.2838585699189884,0.9948621418718667,0.21314655991358347,0.3682915860881684,-0.6209769318465316,1.0362960299783872,0.22812329936205164,-0.43174458715830527,0.29158876840574344,-0.2268599550023038,0.29536711150531425,-0.20065841405085577,0.22174539881612443,-0.3593800835178206,0.9383752752260676,0.5096858348169448,-0.28291459511149747,0.15189465113709463,0.1889230236276898,-0.3339460642277594,-0.06943672877009255,0.8105529705313129,-0.4600884676612786,0.24291318970760062,0.3593917500746417,-5.520736971047725,0.5007122438588096,0.6633784181057737,1.0344101055181196,-0.02529443510406645,-1.9175700428017157,0.15454024461014185,-1.2695339363725846,0.6101359915889216,-1.0197435610097931,0.7937400494597394,0.1515852377243843,0.21035112486989904,0.34759552911159713,-0.4066323391370865,0.6510711754599302,0.6023585681804364,-0.07922670583827439,0.1301830541446247,-0.6240437635226265,-0.4106614887770643,0.8044918754887235,0.7024853034422552,0.7998314241471751,0.7505714981333075,0.04243102438688771,-0.39188767392621837,-0.41081966060665664,-0.0286862116359628,-0.7703141674576918,1.358424490144206,-2.1426011604308663,-0.22397976048097504,0.845479642612984,0.10748115607751749,-0.606792814355591,-0.7628202196670176,-0.4634897333216309,0.39258070262138745,-0.4034088845618447,0.17954638155415276,0.7198639868683268,-3.6768017131406854,0.09012107840198125,1.030544323903436,-1.282563574929073,-1.2351550674162373,-1.334442398887779,0.6830819226456833,0.1316295232583531,0.5717197208689128,0.4991180591543856,0.38483396117127117,-0.15274415338124026,-0.2739635470769704,-1.5945988827482722,-1.5677603773704722,0.04299590333245466,0.09105880754524484,0.21942571725183332,-0.6404555587774378,0.42606443392737003,0.9492336992660877,0.014482928240701458,-2.9238700839361003,0.21848974526917428,-1.816356820410193,0.1635174576342864,0.3031152761689123,-0.8656721769287504,-1.2706008819142456,0.6720418745060627,0.8976855001331667,-0.9706557268249503,0.9860353574411304,-0.026328254568895235,0.2584314955170591,0.6419787581083067,0.574845313919022,0.679662847010701,0.9866897636329267,0.9617688042628996,0.6502391230596691,-0.026410546014998478,0.3714657075995967,-0.3474088033149613,-0.4855979601139381,0.49926363277346214,0.2506825470650557,0.007922227870695771,0.4366523921928531,0.9233960185513969,0.3327664142431945,0.786187105030629,0.7802104447059333,0.07047844700045884,-0.7381160636991831,-0.45775797081992015,0.9374510613636771,1.0050179238404262,-0.23464626697652766,-0.15143928034450949,0.9152999855693285,0.9220700680932482,0.8582358222279408,0.9826214426467557,0.15346415357330054,0.24616611801982247,0.9525152314739442,0.9865913175758025,0.9181919478144899,-0.9594639907779431,-4.093189597519116,0.8027087102382165,1.039869688555777,-1.3449366514419294
2020-07-20,0.33356368653920865,0.13770376410671634,-1.5007416835425773,0.6008218500862279,0.6183983631053467,0.11851881659705482,0.06874707395035279,1.0320737903000476,0.08668296276870768,-0.057045646237977095,-0.21520849708029133,0.9938622117364682,0.3776756256617141,0.3104133932997867,-0.9555339639765668,-1.5108541527793473,1.0186355581498652,0.8672886178037482,0.5538429432042474,0.1808243627820873,0.7784712622587033,-0.0651407816751496,-0.34418148651027647,0.3647902429269721,0.08309572047445511,0.961227685654208,0.32879942446878185,-4.305050406804744,-1.0809835279816808,0.46819933374420375,1.4664324299263285,-1.104120698863342,-0.8231213513564808,-0.2990223811267754,-0.16753551445217002,0.415319945646458,-0.2726982749705162,0.16011428955093157,-0.37644495516864424,-0.15415880349687586,0.44682797803857943,0.5490301294606964,0.0869756293372997,0.2597404182059385,0.3283881084502372,-0.749661204082291,-0.1296823648086921,0.7311562443263142,0.9044208409619661,0.907548208623432,0.9319523607560888,0.21983863643385457,-0.3068278503410182,-0.9454106211811135,-1.2124983277926904,0.05123640715070648,-1.6672140573139598,1.3326156317501439,-2.2387127124188346,0.15551896192915834,0.24065286609504466,-0.5854093793162795,-0.04695454323079666,-1.2319154561640724,-1.154966850201239,0.17936177819737886,0.5109770037234762,-0.1695699148819126,-0.03451522537471206,-3.1153814521427163,-0.4320860701690287,1.2830895883814528,-1.1297468525531358,-0.9284559030064843,-0.22608724964988952,1.0326036999633748,0.5201871798812471,0.43611021368678554,0.854600049324005,0.05533613739561254,0.8183901885723022,1.0574914320516926,-1.5279473658379241,-4.461468753885408,-0.7573525018457979,0.5132005706709496,0.6847336666787747,-0.05870102367961218,0.2507259111438976,0.6892757786311947,0.36414601297443006,-3.1171250159733783,1.095942900919195,-1.531022134180896,0.06682976515616379,0.4199812406744207,-0.3369797393484129,-0.67593354746196,1.0828778489146664,0.6602495602584747,-0.6614808375324602,1.2804445332987489,-0.22752292482808772,0.10486315845159054,-0.3910366465991067,-0.25917325154158866,-0.7997899015204948,1.0081415452893043,1.0655856757931486,0.11631652708139255,-0.8429880430834613,0.10523616949360656,-0.27014197846576476,-0.391812004987558,0.16974928823231858,0.41485075299521784,0.06834331672617787,0.27920939101422076,0.6843357231070997,1.595540234331773,0.8744093713375154,0.1651426327027733,0.2395171831520234,-0.30543384624560893,-0.38822984358256607,0.9102976276970152,-0.281372303491385,-0.11075652232404516,0.4714033574451488,1.353494458757582,0.5825498330392924,0.19319665211299406,1.0354047841052376,0.36926476846643025,0.5903545895164505,1.0876072490967883,-0.25841347004034104,1.3795884290758271,-1.833237031583656,-1.039746818937488,1.0250128721982688,1.5936346133352692,-0.7464073736844395
2020-07-21,0.14606692630502008,-0.9759838385699061,-2.6905550561813842,0.7729015817653628,0.5201612268435423,-1.144787386060584,0.09441637751485978,0.8211210860479765,-0.0051387283603606315,-0.7241072490739529,0.3109448865214405,1.7635519535959367,-0.07759316212108068,0.30627960395464054,0.2701580799682259,0.024012153906193566,0.9876372544875477,0.5042289812390159,-0.12899178229859481,0.5703347878227103,-0.17008029391309776,0.5135739452405119,0.20781577890703765,0.736568516553336,0.01427266997086299,0.9662065756665201,0.47672825982749817,-4.619540120594937,0.07071804951860444,0.05359666917283772,1.548317874678353,0.0009833193109655333,0.7486895335472371,-0.37247527520017154,0.9299631921887639,0.9120178344080179,-0.9086093318021232,0.4807764091727379,0.6126144563156886,0.10352617800216204,-0.17423786512872644,1.0091792134300803,-1.465219973265167,-0.9592072298192967,-0.10622588219783803,-0.7666827185297665,-1.3877830414118952,1.0949504887938912,0.8731022572357139,1.5381575853759268,0.07254567687229979,0.14618545048627465,0.7586398141177787,-0.572205093060878,-1.2737057049684795,-0.5192206072464334,-1.0140135110044168,1.1383864382336757,-3.236297858011363,0.5228652410265199,-0.9572461511826017,-1.9131139258592418,-0.09525581842738523,0.6307082809488398,-0.9274020614295021,0.9796828007191619,0.9078143942561848,0.489540456791855,0.5951336881670831,-0.7073721099406565,-2.7818672173510373,1.045201462419787,0.26326469405663766,-0.5943722645785838,0.4328125400989819,0.9460365612289732,-0.12463423859199443,0.3044363735445525,0.28650177875256944,-0.06704538735368851,0.38380501683397195,1.158873511689028,-0.22254604289953842,-3.2391215190166536,-0.3746451253277234,0.33793974173178765,-0.5032459385268183,0.6021080983128807,0.33378093238162276,-0.3689661955960127,-0.005459871702323018,-1.9767581823167721,0.9214959943279781,-0.739745089469347,0.09827260526731081,0.7780483397032589,0.2985211629797262,0.17655892006997692,0.5101212258723439,0.6109008517329216,-1.5126905754091065,0.961284647722979,0.20781488846820775,-0.6709664636379159,0.4413306147127354,-0.48804399460748404,-1.4920920233634982,-1.1085865612222092,0.8746552211940156,-0.12498266030228566,-0.8945435995146516,-0.6964581896960772,-1.1532121032701903,-0.4780000399315194,-0.4810765419669605,0.07543521280065078,0.531764975819821,0.4191776296427072,0.9673242487212534,1.352781036022546,0.8481943903457674,0.5988680032416474,1.0451286465669023,-0.22293692338018117,-0.8431270219969635,0.7131960933011651,-0.1905503147067839,-0.5919685070249201,-0.6194655575048932,1.1094132666870338,0.704732244445242,-0.08127328738047952,0.9343731392502507,0.8795043526648986,0.6166725877831355,1.1991830718141112,-0.6374309944003548,0.20216782129974553,-1.671609647122802,-0.17933655202879434,0.9552035766821052,1.1617526637423639,0.5160963140162076
2020-07-22,0.12809688423350535,-0.8325165215599535,-3.048010559494787,0.6436387129027397,0.6121629757797099,-0.6458443702218274,0.4545000384278759,0.611110626921585,0.48800478288339144,0.3815826443945516,0.6509278309733415,0.4120935903160241,-2.5774571164377287,0.5620995266938199,0.5719181652374773,0.5660824966315898,0.4527127736601246,0.6332801841890632,0.5263052774564806,0.6538222415164475,0.08226580820025259,0.3841652129292263,-0.07285766831708053,0.4686887174627996,0.4622722023643397,0.31970477942707665,0.21449023583580007,-1.0969241656620587,0.6250422811027917,0.6198287122638534,1.431452066250542,-1.1654504378043384,0.6861983618566833,-0.4624186896006607,0.7447164275146589,0.7590355955087369,0.0029456843038727356,-0.11915068691829919,1.038526420930186,0.48726104409812665,0.08559661270872411,0.6138736625241489,-1.2634216443914315,-2.2216352137418536,0.483612216460945,-2.1636239926985548,-0.2207292838948085,0.6911750647242966,-0.6804659104561106,0.5328430284753503,0.47040930006476694,0.004685660319375349,0.266197113743074,-0.5715942070198646,-0.41162382462128894,0.5507621326970195,0.48351107932816273,0.6784616259734941,-0.5758938939986765,1.1424814812439401,-0.12603551764708568,-1.965976907512812,0.10861609784974675,-0.7055549537282345,-0.15346684321745982,0.642635583719639,0.6505868763450837,0.9316592060167321,-0.03627675961923474,0.344099152461609,-2.1278083781656125,-0.03020867953874676,1.1924971512671108,0.43378221861172284,0.6329550171970489,0.9366837900596086,0.1384013935493858,0.02036270758470559,0.651560932745642,0.033637300805271365,-0.3638408783265103,0.691970202098515,0.24439450836499707,-5.82035890445401,-1.8737695225994357,0.5858417606231595,-0.08085341881801175,0.7633045819497021,0.26042126047486636,-0.22988143936793393,0.5684305367007848,-2.6543989756509787,0.5575490576821279,-0.3307908599800305,0.5642922277464462,0.7863107126875131,0.07828335638286181,-0.0815089217049672,-0.5865327292922745,0.42851320248704833,-0.6515510210708206,0.6525810804385783,0.7490969100315585,-0.588147930934286,0.6513311647268007,-0.06973594058512794,-1.411936759478845,-2.624298218159113,-1.5569617757492753,-0.7077905958301692,-0.3608037352765925,-0.4113812203721196,-1.156095359479353,0.5341443392909062,-0.0888213622859533,0.583591086974204,-0.15969456060570492,0.22540502731690973,0.6490958281131542,0.8322892700190994,0.6865948306073931,0.18721441571237896,0.8254275373375028,-0.45812654362933375,0.4752915331308033,0.784258621077978,-0.4101007341403403,-1.52087211228736,0.4998519809535211,0.9423649051609537,0.5622924041164172,0.08588691056174205,0.42026871806165234,0.7759961574747378,0.57868773301358,0.6324202910673112,-1.1620205949340043,-0.6408423975291817,-0.7410645754533742,0.12091554652274923,2.092626427234,0.1256982021545813,0.4184662772248941
2020-07-23,0.5100457039181683,-0.23002106049216609,-1.6190366771831652,0.476141802084191,0.5468727623558254,0.13244960087639848,-0.4455936699822174,0.6073644247462476,-0.09497561434599286,0.36409697372667754,0.313731771774436,0.4279857161838101,-1.3939177804601266,0.16034928752357175,0.4738180717292221,0.41000955221007557,0.033604496781538575,0.47772416273684293,0.14014681338658241,0.37462062633171395,-0.9739113770625372,0.3447988272503778,-0.08418049817356954,0.5894900650905647,0.8108425422481188,0.38692690087029713,0.2179482873062511,-0.5768120608994162,0.3596696036933887,0.5786591015183168,0.4836096879923537,-1.0917530629802477,0.1268160324419844,0.3493479373044154,0.8023705451087866,0.6584501396411901,0.38068629215429906,0.10266427128284152,0.6855013024687768,-1.3057094846939739,0.15788666376071334,-0.013432741584700002,-2.2797021147967595,-0.8764588459090737,0.4905356883357795,-1.6201465713980283,0.03037090944690549,0.00037485484936580093,-2.083347927543857,0.5805462200132556,0.05641555913422168,0.5249784438700077,-0.6435043257543192,0.10984218719355926,0.30699102836886655,0.09561061299786071,0.5446106857638767,0.17214676685737193,-0.354916858421282,1.0507099312460104,0.47270967794806124,-2.0927355575185405,-0.25201910085854035,0.20067259968311776,0.11054710153060454,-0.10254356355438818,0.6034152215466954,0.5903527003980742,0.2570571680028682,0.5591179948319984,-2.3744602567011417,-0.7762623616413992,0.8555878326007325,0.18031256730551956,0.42194800711685165,0.10670042694694197,-0.5965142582497673,-0.22770149827651007,0.6852446491130649,0.5655361344129438,0.5582428091808185,0.14349695232532714,-0.22839352143668296,-2.294005858893237,-2.4390558067311305,0.688060959026519,-0.2818472077332332,0.4450812996479629,-0.3269452148288733,-0.3252712962972668,1.044722390219787,-1.5203445641966453,0.43174797814423366,-0.4464116086431506,0.6375584279526206,0.5132236072132852,-0.08007818075304741,-0.2554067832604157,-0.3337539375739371,0.10001613299647787,-0.36247922627278434,-0.17671283423975165,0.9105468042448608,-0.31394864041194565,0.6578401939471641,0.4240495797463021,-1.49473879762769,-2.9214644543151183,-1.6106205652711814,-0.45303133307856736,-0.14773062350587088,-0.051727624748165196,-1.7053225939470702,0.5949716541003377,-0.7751007122343296,1.1122925107536936,-0.2126896155591137,0.5476788285879637,0.3336692986367569,0.5707504264718528,0.771032710027665,-0.07053071738764437,0.7681493386840383,-0.07644077576131099,0.4631981359142743,0.8417354506838521,-0.4218629020012237,-1.5998762369063608,0.31161647061091835,0.5574688813036693,0.5451433977941171,-0.19729977679374167,-0.01025093998663048,0.5949716541003377,0.7699143128099557,-0.3087700307951261,-0.3255332120689994,-1.244470632780008,0.37862354969545564,0.400386428316788,7.032070793332023,-0.3429474661178564,0.25949504815800434
2020-07-24,1.127331453302491,0.20238980280952856,-0.41136462779024935,0.5804154529307467,0.29183346768226676,-0.44514920240830225,-0.49569542374354647,0.4336092962148888,-0.03795122722391349,1.199531870622396,0.21009483902269832,0.18116112827692912,0.0683378592683371,0.29183346768226676,0.7135345650160937,0.29183346768226676,0.1153621186996704,0.5483742716185394,0.3351608159595398,0.3743621659714777,-1.5739910272502091,-0.12293499640496262,0.26054099258307234,0.7671016957779018,1.036359348323306,1.2141627634234076,0.2678649523271055,0.0696352975023501,0.26170521972319993,0.6051660976509488,0.26168171774479465,0.3241774810983936,0.04241401406302016,0.6421114791527743,-1.096967336326002,0.40843793549722507,0.2511447754493705,-0.04488811113276167,0.8708641933329959,-1.0046801601710091,0.7986698629404712,0.18520327582597193,-1.8763189691908415,0.22601209242954745,0.356976539913503,-2.1323429613977947,0.549553964827239,-0.8328184448426876,-4.336937648056508,0.30445892953689496,-0.25870374943193053,1.2089414480247926,-1.3475412380756142,-1.6090695868142872,0.5127564885551138,-0.2123330312488667,0.6471039317329355,1.1052947231553976,0.20792695809330367,0.3236985721503628,1.5371757271006736,-0.4007481799949885,0.219638781259025,0.18962734790676683,-1.7752808141744232,0.08962783719412871,0.856793760237252,-0.400252165585484,0.8445925743270838,-0.03098215557354844,-0.6303643123684907,-1.2173717553450158,1.110700978730088,0.5933664493418894,0.16248786977428573,0.28138763470263684,-0.09959325858684326,-0.2250407980207185,0.7531849309413391,0.7143093793026152,0.010613850396353588,0.1766989560869591,-0.24161180219327538,-0.2631362107248894,-2.996616452260027,-0.48231134544788246,0.10126172889443727,0.5640190412655345,-0.7509493521772389,0.185562790602026,0.49951200556137965,-2.0844470512362823,0.7980927734989921,0.5359656210796728,0.783985229149007,0.23410703416194548,0.15540112784347465,0.1463196700357893,-0.3275767749840211,-1.4588212430547507,0.22305925624454612,-0.3763777687191895,1.7976902177813883,0.3177905774665162,0.34663599469376016,1.0079344871948768,-2.4688716114581997,-2.223802585658437,-2.1994215894540554,-0.4382483839835629,-1.656173823391513,0.2434503577572293,-3.406772037565064,1.09162982854557,0.23816127766730927,0.6707781288239967,-0.8166347432539999,0.4684800291121381,0.4390750017124125,-0.5868529179000224,0.46095718404710273,0.29183346768226676,0.08329194382753839,0.28305502794694937,0.7339955652518164,0.511500351975883,-1.9363732465886914,-1.540338793663943,0.7244035253465286,0.47791691011187376,0.4429738598306302,0.28536456345435607,-0.28304332401137333,0.9241795458400361,0.7948091705108394,0.04092666061816296,0.2819800141517462,-0.5656648079793277,0.4075385089375474,-0.3586181441871518,3.0592607108342746,0.7564042379850168,0.4573448927111693
2020-07-27,0.13617625851803547,-0.25863940782108497,0.19678559163094844,-0.0276983153776712,-0.3507612442958814,-1.3980175695897905,-0.3867114393732246,0.6322499545782196,0.5751350929311355,0.6634893698173534,-1.6398555606788292,0.8044508976877333,0.9877410555852678,-0.5373153316533553,0.44608589711249164,0.7511906510357816,-0.020257237958049033,1.0217943479053102,1.5449645749895113,0.5158307687089372,-0.23487791793880283,-0.9788282312350229,0.0454442816805792,-0.06502898245647729,0.5605543321638472,1.193153579409816,0.5660519834888432,-0.7581190484729563,0.17266774566306972,0.5159499790877836,0.44717040989834517,0.48509891017703427,0.37123922986896746,0.36316986827979625,-2.9168323574641044,-0.07507596841758833,0.31854697187528136,-0.24877844140896316,0.28904944549714956,-1.4965412018718185,0.5762836674881151,0.07853551969305564,-0.9811883208289355,0.587266130624505,0.9145863177350504,-0.27384030265253484,0.6684402737861277,-1.145652805713178,-1.8823998490144287,0.5704457821138089,0.47519277251250336,0.6092016693769376,-0.8562526144676184,-2.8982402001385386,1.1209760093107068,-0.9314977450192315,-0.07322112285061097,-0.16642233793911387,-0.7687862263569936,-0.2562984617391755,1.6167587419594993,1.7654561892660086,-1.4752542584689092,0.93923319520852,-0.4630440257636717,0.13651160710995647,1.577524668003652,0.37578062863884537,0.1769145277664271,-1.4500851251173152,-0.6964530507376553,-0.23313828557184094,-1.433899052870822,-0.1404126752804632,0.1895782150232195,-0.07412256726966819,0.4182354524306788,0.3173380762290173,-0.04284171450603255,1.0519931053973952,-2.6454173413765782,0.1401984974382434,-0.2776695618622855,2.603033883006857,-2.383152107436561,-0.08158212110928616,-0.3345846557134931,0.3672927045705218,-0.06630928113527217,0.7828457626965041,0.4808956768765589,-2.2598110439838934,-0.06429351359214346,0.48075448680224014,1.6136300387107527,-0.33900533511656944,0.4448876187675004,0.5387037645609632,0.1937725675985811,-1.1196064937293249,0.02222204202600911,-0.07795451851625251,0.35526751632419884,0.45689293839788353,0.46942108936002847,1.1916014602379146,-0.4250759798726204,-0.6278064620650692,-1.4559970251809315,-0.16604534985069963,-0.6877934133721596,1.729717750098562,-3.0373359893482204,0.26834607488384593,0.7644806681456666,0.270720625900104,-0.1027479515547909,0.6335913076092561,0.14379354225781737,-0.08468061770784024,-0.2900837154694322,0.2877650518654175,-0.2605216014773419,-0.562052897790697,-0.5571326714697359,-0.7664120576927186,-2.8777081740825325,-0.27321071026955074,0.6050588011778992,0.30110141556365166,-0.0032285182723659654,-0.003263118181573682,0.011374566283414754,0.9750315163996593,-0.4125342578662967,0.07244294554538432,0.5401925852902383,0.2945245495916112,0.1466555429403188,-0.41979170808307065,3.482316732876571,1.3357111584411696,0.5247085619882806
2020-07-28,-0.06906003233197437,-0.7495175780835248,-0.7445554406201126,-0.6516322023642617,0.03254386275343911,-2.772701256639865,-2.069764739396031,-0.2350070266706964,0.5685531452209605,-0.3120392890601075,-0.6428554977585659,0.5367941751812657,0.5597581451183664,-1.2807436594278805,0.013416661539718955,0.47753265786199345,0.843312228342875,0.39877384628842183,0.6407886156226589,1.01864937375578,1.184021867677614,0.6294212959747316,-0.41612625392980734,0.26245311242168057,-0.16526161791227645,0.7292980160902294,0.4606613127772318,-0.49410798087487257,0.6995830396500101,0.5905854684019108,0.33106569079855236,-0.17302694639969554,0.4915018771319593,0.636941814099531,-2.484310847825869,0.4789508181483833,0.10350279792668608,-0.2285456590403311,0.23126905444106013,0.36381837296349046,-0.22640911780057674,0.5945937225671083,-0.721645672802038,-0.6738813539283965,0.6389776782834916,0.9041983660546234,0.666525972157937,0.5196046012084451,-3.3292820324061245,0.5325148441315268,0.5884751926931476,-0.5434160790295461,1.2284483640830839,-3.172792651728941,0.6157469036507965,-0.7949431473584934,-0.9586322225210724,-1.2349365936000105,-0.3600189473884043,0.032040066577418924,0.5497436928331108,1.3372141696742565,-0.36299160373291,0.6744689278254338,-0.32379945882692207,0.7835529777763335,0.5558289874384017,-0.6038749848517739,1.3922119139689235,-1.547444497285483,0.20112966544585584,0.857854384285059,-2.396300266437417,-1.094304957850377,0.6247464703303975,0.43659225722275097,-0.8287827066228178,0.6113748895126461,0.21446128020919863,0.44820172403764247,-2.0383972238390355,0.8565155796603935,-1.2673246441251644,0.22727337963136818,-0.30975753259243144,-0.7924969999941546,-1.3562714574890873,0.05388105841647615,0.7620199281962351,0.5938886745458323,0.6344202932639218,-0.3218005049136453,0.135018091654155,0.6235045895920791,0.6288922482053221,0.7939024354869337,0.3634714723019203,0.3079263192404072,0.5818229387614051,0.37132937273419736,1.0442594318425595,0.5248271659335515,1.231001925961862,0.702494557107587,0.7391071497715286,0.896509161872133,0.4971277619884189,0.3331051330999046,-0.15695382828106977,-1.0849331631853893,-0.6635160593730062,0.868283379366113,-2.0603953237793085,-0.9537275030477472,0.5638050448734585,-0.6290023771626916,0.4974721137667396,0.6247355880148349,0.6617785237943734,-0.01871969300262573,-0.6650901540473658,0.6334020047570883,-0.05274721023076144,0.6281040452007044,-0.6529229468973626,-2.1139023665215633,-3.132308035790472,0.582683461125857,-0.6561462752719598,0.8033694532873515,0.7262197704787684,-0.2847448832562953,1.1311519090196904,0.5690893217673721,-2.7361103613578255,1.0202364759045373,0.6109695483477428,0.5688644262666384,1.2331432136052318,-0.7974890213870658,1.9000603125679387,0.9271177068833956,0.6629806176005084
2020-07-29,-0.1145934318748071,-0.9086144132166566,-1.9400408893615708,0.008362643920247695,0.15053882974103064,-2.402091094103021,-2.792564993620137,0.10360118015944994,1.199932259049797,-0.1381876989578092,0.44927009880518376,-0.4543029084933681,0.3422841456958664,-0.41250762598443186,0.2952813977508133,0.03174383809238766,0.8533881645650343,0.6927856224585375,0.17841784172619943,0.8012970913466411,0.7890065809062938,0.8113605025270604,0.6079324960632223,0.3156809200453392,-1.1670280928833745,1.1583655468226803,0.6757850399154979,0.7433392159413692,0.6428831908824987,0.8033065093056754,0.9926361865430846,-1.1730200036718244,-0.5338387406489583,0.5580176309428682,-3.4856838148136964,-1.1172300721515689,0.4969437319581415,0.08767019609531422,-0.9410013278145773,-0.587271167766675,0.36869967149136024,-1.9067232264654654,-0.5473707579192116,0.17240066576828664,0.8420769309364048,0.8187432391442236,0.2414416525149112,0.5480395960134455,-0.9232167011370428,0.5339135364713413,0.5984389862426975,-1.8311405003417405,1.2125640104646194,-0.4596223038181594,1.3799200034467578,-0.23262410524109675,0.22377425425048578,-0.8969965981544767,0.8600689162243412,0.43924154363795026,1.1610816801869548,0.9704245428359056,0.6701501785512911,-0.2579784927796562,-0.5464109360599461,0.8439994194921431,0.7855477843051554,-2.327660940987,0.15595508994319474,-0.7968769923876213,0.9431670344611242,0.7326745927329222,-2.4690423986457817,-1.4697532730624954,0.9203289324780084,0.7481133934751214,-0.6312745225969033,-0.05553152374034236,-0.023851882984300687,-0.5577658161783995,-1.6095492077010407,0.06895897108334673,0.3255605523223493,0.46893643956680725,0.4545117357117606,-0.6490172334754138,-0.26116218436209,0.6689639338343462,0.6569479852675645,1.0908543346181476,0.9296042443871291,-0.6081457665164501,0.8600689162243412,0.6617846325016933,0.737288335535047,1.9670692246694346,-0.5634684171300453,-0.8729619623627173,0.8077496245381084,0.7532284784913419,1.0607246034963123,0.9747301799290187,-0.27261751334551226,-0.42121842441542606,0.3527145313608048,0.1674801701660242,0.7528143682675599,0.8179933865139766,-0.32426020279484513,-1.0295409777691544,0.964500177184236,0.0624242351257457,0.6888458797433554,-0.6620682650748324,0.32699361850819436,-0.10433191261281564,-1.1610390423400823,0.5702248827240445,-1.0715623910783332,-0.7396119988389418,-0.3335690673132458,-1.0620671663327084,-1.3015246955735449,0.2575031643867575,-2.241597322959962,-1.3204256332892788,-1.1214453830877096,0.9185798311364168,-0.17888585326907547,-0.7911740353573281,0.7383396382290941,0.2866516866343434,1.211400392079015,0.16268485119296408,-3.04628796898397,1.3519671875911856,-0.4830645695330934,0.8430297084824367,0.7254935261677905,-0.5730982614072595,1.4907623264317238,1.3919874690807168,0.37554296527448083
2020-07-30,0.30036735243389007,-1.8224143619801572,-1.0412004912974377,0.012643509034019153,0.07421118186884591,-2.139461022577324,-3.958421151468945,0.27404206188694313,-0.41206239458577304,0.5130946941435124,0.19752423981164335,-1.0334832693188296,0.770815160399534,-0.03916386434600833,0.3761787448436068,0.26855776029552525,-0.2576537568114229,0.06207872069513961,0.9150519116623124,0.34258401747338657,0.6550283490616534,0.11622820480840074,0.24840101449871632,0.738035313703018,0.26291184905645326,-0.07724433231628343,0.34047847316196894,2.529564386965092,0.10328169896844075,0.5627079770003642,0.6984327577994246,-0.05307467342839183,-0.9590532274324287,0.6852326131440644,-3.0621364782324316,-0.8547197881284446,0.17035858845682772,0.11918555338278208,-1.2018216296651631,-2.6659618673667507,-0.07010019608329347,-3.4211343014541677,-0.39642867152750044,0.1800587698595301,0.3318785160303974,1.1335134474072635,0.6787603221368578,-1.0905386817648344,0.15269604920515348,-0.007873133585715513,0.4199098276796753,-0.9819737391911955,0.14955346766845215,0.17548404688481428,0.7690909535253481,0.1604898097575497,0.7919929873318371,-0.5611820840245247,1.1878454887152103,0.5629762426105649,1.6553913735603434,0.8958554072906105,-0.06007441476395904,0.5632743269751322,0.758539212717582,0.3326589265861859,-0.7893169594434236,0.1968274816197879,0.3059234274050224,-0.3037777369458829,2.161222659108552,0.6858319535761224,-1.1003971058265727,-0.9399227397996831,-1.3499856979636982,1.0821911779946687,-0.681223925397674,0.7060650371739117,0.2225463033075034,0.264396552011985,0.039894688168834354,-1.490409907243562,0.33347040636902286,0.22545216619930952,3.13613052005012,-0.4893605168548802,-0.9568690083328758,0.2115045527299742,0.7468775759248443,0.11192808089278804,0.7493186800316747,0.3959936090316796,1.057934931674735,-0.17393942166696796,1.2857578929641384,0.5117405921983786,-0.6190953762132926,-0.8766958558659185,0.7341563712073346,0.42653831614391874,1.048997017915795,-0.4090923074074479,-0.6923838437848004,0.07132496767266974,0.4849757082628812,0.7019500550464904,-0.05121104746371634,1.0635750271127609,0.9104659446089101,-0.10404892257850727,1.698169301546398,0.3190353392467092,0.33951278209183516,0.3283961772235101,0.4750307469221799,0.20111451889407214,0.3734965406630179,0.3442932838729477,0.4240217043430885,-1.6698381815706056,-0.3636878745857593,-0.8697985242300552,-1.0263024546870827,0.9268710107714183,-1.2597746804802814,-0.9357345500358919,-0.32499277229135043,0.37170422604612685,0.24388508861587832,-1.705595232381883,0.07592300806603938,0.0008364130808610079,0.3502045227122405,0.5525803068634783,-2.339407189475932,0.48001851925387073,-0.8912959810897829,-0.008487551474800023,-0.07786833447751301,-1.3986599686134158,0.10763747845215703,0.826307348882529,-0.48264412491611897
2020-07-31,-0.36618243720957705,-0.2463147844570596,-0.08789318308798486,0.17029246907266446,0.49757956973339806,-0.4378935945151517,-1.4096901992129713,0.44662023090042896,-0.7220335496257365,0.8674168661441337,0.9494213043548099,-2.8878996103583137,0.4463066064870359,0.6950665935064239,0.3810127812926699,0.11592512048882256,-1.5622290139783503,-0.46473720457388934,0.29182923555551904,0.3453126568860423,0.5359389190610484,0.28352596985887196,0.609240118413957,0.5198936385306832,0.7417059989632923,-0.4140061783860564,0.25388551207874294,0.9226133901192564,0.11857812849387941,-0.32110661581334354,0.9213498476076505,1.4184231498789235,-2.3457457057415825,0.5090743976018357,-2.281715416208965,-0.25932214759682276,0.3489661304964148,0.15022113466742118,-2.193472012263523,-2.9154835304552997,0.043294693203745405,-3.1464586180897784,0.5126261144184293,0.27609129499310986,0.11720571988399274,0.6768304809435339,0.5407338377270096,-1.6840697332068941,0.48250037723907996,-0.2887219440736838,-1.5440453760511195,-1.769956081743496,0.04610392172931803,0.05233634510895923,1.0296993430059214,0.8305606030762522,0.8450368974399074,0.14756772632373585,1.7807053214283106,0.5015810747795204,1.209728635573492,0.5095396090751769,0.4880538009664625,-0.9538129538067437,0.9681511365122507,0.3699508106890663,-2.0107769248569265,0.10965080297746056,0.48856810364237,0.07602325456459802,0.614012496507038,0.5197864116312431,-0.10096057233367696,-0.626415920624015,-0.15628274798767583,0.43996322190015585,0.3256332672706201,0.7013026652514845,0.31344191480969064,0.44649269436154854,0.2695825136094087,-2.5517052583470075,0.03358745011617229,0.46359669672180215,1.5543165469886946,0.18078756817852182,-0.045606115498672,0.49234205828841143,0.9105582877900886,-0.17329438316076412,0.5462792600547881,1.1747675365026267,0.4923047106584092,-0.2038485322579556,0.5348240414204923,0.5502897614591407,0.4382557954750379,0.41860513347908274,0.5146995551968725,0.5903638764025788,0.4937334237937148,-0.5855697475785488,-0.926113234188938,0.6984389138061036,0.43955232115683496,0.5040442716697762,0.5333000512016159,0.4889901340367745,0.5385041754417292,0.49426881730776706,0.5241807935309455,0.602850700178525,0.9478196791638446,0.546898733154665,-0.26152852539127197,-0.0535615107584355,0.14670894996495082,-0.07966216998110419,0.2828837242751401,-2.780238631129914,0.3758432009887347,-0.17702979188265536,-0.7542149866115476,0.4462349786562257,-0.4157869062831153,0.25220300432206066,0.06684555811793905,0.4905096623385703,0.07547461312376261,-4.263612033540072,-0.31816045404447424,1.2409052732926935,0.8191867430483601,0.3025968306260699,0.1094144074711158,0.30349355704047737,-1.6366288639940272,-0.9124710340557414,-0.07747824934949596,-0.31485295061046875,0.28317534046688553,0.8396056091594984,-2.287607171981504
2020-08-03,0.1472524849641303,0.16272121411853108,0.512166796849705,0.3968701459871763,0.492656837926115,-0.4511813897861519,0.7376357582007403,0.3318779152949902,-0.779581222393246,0.05472805405019059,0.4580237685191099,-2.1052209612783566,0.8667840012061435,1.1346775944151215,0.6368161024712511,0.6922293639790743,-1.5335999842372747,2.8072521939266437,0.09405446320046931,0.32086149765051775,-0.04587676144129115,0.1196781273460425,0.1413597436108188,0.5681842902687267,0.24410911676220237,-0.8653175601435033,0.7107696214295519,0.21982153870474586,0.29006396753845626,-0.4101292392678778,0.3200956006497059,0.5030987122881951,-1.3378145727040813,0.3399395882899692,-1.2425516712696003,0.19466533872776323,0.20018686940880515,-0.048195423161219754,-1.346403325489914,-2.834767907564278,0.5674882962864404,-1.8506079601540086,0.2441166094634924,1.0075375998995315,0.14915913015069598,1.0719298789365121,1.1051831591183334,-1.764802129393724,0.9559250722292212,-0.6869513604554964,-1.3828358532909732,-1.4815787970745184,-0.3031361789832052,-0.24170852306835688,1.1591074593157384,1.4191991563218835,0.7961081714460735,0.40630948464176436,0.1908220430758994,0.26432332953274734,-0.7436568397225637,0.4323558011615792,0.9573982475651364,-2.379861648839973,0.8326950191229776,0.8444158215839255,-1.1998388657789993,1.2340140532561246,0.4864235655985278,0.27252020690192447,1.2926027749863698,0.4027315448539705,-1.1197595992194205,-0.62731932332985,-0.6271144549158364,0.19560284484228735,1.5247676382941269,0.835641642987202,0.15852650819283842,0.496264912099711,-1.023250892351059,-2.440495226120068,0.34940677683686217,0.8047646174562388,0.26178825135394357,0.21607675048607566,0.3839706262342069,1.0974365286978374,0.35509169037638205,-1.27704265158813,0.3244320569248348,0.24551762775055602,0.2487593622511866,0.07519622835577103,-0.2575144643223569,0.2919167052220032,0.23853680472020813,0.21765196314505328,0.6220231572091255,0.8729649963177525,0.9547450801589014,-0.4949422689256193,-0.8741762270702528,0.27647185488505605,0.37238566034634435,-0.762922446362287,-1.2889917804526247,0.19819197636136243,0.1548976909956474,0.9577644459630962,1.3391878725422848,0.23198760472183053,1.1081218666820287,0.13892613023956263,-0.326621198382474,0.13188918615727807,0.8178088468835479,0.08117952278026382,-0.3013685795029927,-1.638986992942941,0.3658895458308681,0.4440682267777221,-0.6431401498027187,0.1554623232237707,-0.6002685421396602,0.566589825553264,0.3416694051436903,-0.8772628159955244,-2.395310383970319,-4.398641454287745,-0.775038290166178,0.1380485782947326,0.455106669660064,1.3238955262556664,0.7926298531449838,0.3713315094744909,0.2432182620910968,-1.4503244195245448,-0.1785821614850094,-0.32225860009442875,-0.11824875086857771,1.0859673758155641,-2.7995198136525956
2020-08-04,0.5640495670733044,0.9034239329546809,-1.0088327570608862,0.3366852109707879,0.06135510183127202,0.2513504840787444,0.04238482009405913,-1.7652835467982375,-0.2916204444086754,0.2267940267766547,0.642718022617509,-1.4407623195047998,0.20888847076520192,0.5395798335564961,0.604930555213123,0.38104199372290276,-1.2805031210311895,0.8842969774310534,0.5681498728978688,0.6338218047859171,-1.1534682444368856,0.6029664674308131,-0.11663440723205559,0.6579181663448141,0.1278726453063833,-0.48502424499033975,0.7496058591779613,1.1162570072669504,0.3993930687311092,-1.366572540655923,0.1768798806021906,0.7558477972093139,-0.9605982444565342,0.6183400348164855,0.0031147282130092116,0.15164046907232873,0.2420076643266968,0.5046676656063178,-0.5617112901120215,-1.6748167920610681,-0.1786603072872481,-0.7311125870913427,0.1753058578061401,0.5506590234454809,0.2307024692817913,0.7761621512167617,1.0527653705449254,0.0033354219034864886,0.6828278168251813,0.1038098853043195,-1.534197089291091,-0.03698436082884798,-0.10273021438884537,0.7650475521911768,0.09858618613966481,0.5351238074116959,0.08008686410337858,0.5625596138395484,0.6828278168251813,0.6746840302241156,-2.3875729741709084,-0.05772428551720862,0.07617177701977784,-1.433379851677461,0.22747467422449058,1.084794728914065,-1.435829166108594,1.3731848400583622,0.5914160998087136,0.8301490321842472,0.5870909070202459,0.5905429132581103,-1.47257291852116,-1.3127408612517801,-1.4191989109090373,-0.24350775115853684,0.5881951650311017,0.6632866411299051,0.16172416022105113,0.2280403303022545,-0.16261716658982414,-1.7653019459036003,0.3797325941488539,1.2266350761913984,0.7033723693869567,0.11339916101520306,-0.4544951185524025,0.9426366850182845,0.7751305046279009,-1.6525559453983465,0.5230563750206868,0.5145478021558315,0.3297621026202317,0.28690171439435047,-0.6210481601175674,0.5444531923571914,0.4049301290903405,0.33809718909358966,0.6828278168251813,0.8641956502686884,0.6654933506011754,0.5073726682056686,0.25755151771627827,0.5701804547787297,0.7409914830590743,-0.048813272252792694,-2.859416665225368,0.6197282086467975,0.27944434896644843,0.5659858226245729,0.4008757406129489,0.6774148808208748,-1.116538257359571,0.21255944604681787,0.40045816799325396,0.6079846124214255,1.4904899519000496,-0.12535466255778008,0.4176163201185378,-1.0390461090268568,0.3485864892312633,0.8308981612745118,-1.3636732175395727,-0.25023383392842985,0.02612804654391061,0.7471983738316696,1.7757149506888457,-0.5895013677473749,-1.8824172139249136,-5.098434113162969,-0.9381929061171569,0.22501310023223556,0.8887605995790024,0.6335208906769041,1.0180627054166518,0.6651493230953577,0.5138327527179717,-2.8012805241548233,-0.43002902199048126,0.5676590074734016,-0.4794068709556366,-0.8365208626284552,-3.2499705365138833
2020-08-05,0.7116674086187328,0.7613173453281786,-0.2836030585219106,-0.9426783996727437,0.8188304168776357,0.7906888366191691,-0.06705204965112993,-1.7557235416777135,0.32570909541562376,0.7658490951807988,0.7273743802015593,0.45858328439652546,-0.14590591566384475,0.18065930848527248,0.24742660774100594,0.23484406933994725,-0.12908007550171896,0.5027088147287683,0.7379299470148747,-0.8912661356613254,-0.9350704369029381,0.8615064471689083,-0.7757834062414518,0.10500934700979139,0.23656521021852572,0.728408268954737,0.6276506271924994,0.7830890490662773,0.3147444381623296,-0.07688866017557512,-0.4835443948709865,0.15544067782302728,-0.07643152070581473,0.8155804821855082,0.9404042450216085,0.21583276491801523,0.22590631620636414,-0.09535709475399815,0.646596799116201,-0.08471684651628135,0.06384813131583707,0.13567344842132645,-1.3136284729957104,-0.19404756551603008,0.7936747229674129,0.8114086462483467,0.8060287795648362,0.5627333120383592,1.1888586953952,1.0689765271926626,0.5378670844683688,0.013383332772672233,-0.6749716046059921,1.0107248030350575,0.6252461403779824,0.7931425033276592,0.39580839568397563,-2.249614607938865,1.1748864778355692,0.8337020279893653,-2.7124727877749955,-0.018460998694688487,-0.2010915827789708,0.537965578966708,0.17007953895723002,0.6944851254174546,0.06898354023450426,0.816464939298073,0.7435852003353282,0.9882749318418532,0.7633261751000001,0.8118403774333752,-1.7418439998848827,-1.8380088153105787,-1.8193728130364868,-1.2138044863687236,0.43065017401516437,0.9063864039071406,0.25896154329453996,0.04655503875786008,-0.5653784961959337,0.4554211786869974,-0.2020681156477478,0.7544425917016607,0.6188339650235042,0.8113432651994401,-0.8660236456915127,0.28439001024145416,0.20883191266154455,-1.4191317484615138,0.509618656584994,1.2117152000782463,-1.3600551074510052,-1.2788242984769793,-2.0485931918902747,0.8527302446235545,-0.18223604898928616,-0.42671461577455605,0.6831390225434829,0.8684035833775928,0.39289484399515456,0.7535412903737204,0.6774229866088053,0.00890447190489269,1.4759331058466199,-0.000417798249321364,-3.9771853481915156,0.9980265014427432,-1.0620154153379415,0.7184146242770834,-0.8067982477042488,0.328700975687485,-0.47658803570157077,-1.8770898980360546,0.619948673030902,-0.14771714839727626,1.42378128093905,0.08879818305322264,0.48719284474550145,-0.01428421152525048,-0.08986734673850898,0.8122884116167558,-0.9317942095583317,0.5092766271882724,-2.361856093176714,0.7115312232132389,1.0228499468774739,-1.3771382098233809,-2.868411724121192,-2.428435807240184,0.22091099338749723,-0.5944362547927913,0.35411405098783305,0.1925437484613376,0.748163307105192,0.2233443740025895,0.7938273569180473,-2.56500193704954,0.20632553942404036,1.1264638976979542,-1.9023892189130254,-1.1990384403412613,-0.37800388379400574
2020-08-06,0.9197551317525465,0.8064567332239343,-1.339951725909387,-0.22284627149598688,0.8305351015061808,0.47724185299649263,-0.3358573063551896,-1.4159313442759403,0.3007456557265131,0.7012251543392304,0.5150873758063003,-0.9849157927689488,0.31937818116716143,0.4433447595746888,0.00794036343925443,-0.4693777866619835,-0.15014870776819422,1.481469868877062,0.9068542753560517,0.7172009472304998,-0.04429077401474555,0.5701216808458613,-0.7901949415641608,0.40680511134468295,1.0302048728669053,0.8830191670669502,0.07536167479538082,0.8131397930630688,0.3840114021294336,0.5313895627589053,-0.4221323479840477,0.009049096883783986,-0.044038160880274894,0.7087107395467405,-0.914070270360844,0.4312164011408203,0.2799703903078873,-0.21889593847056177,0.7777908421515708,-0.4886023983206006,0.32334028901816286,0.3888131120075721,-0.6952830613146145,0.7068068423558599,0.19178217611788734,0.7557874187479764,-0.13335444521065914,-0.25755258922556984,1.0356634709328767,0.6896939957191957,1.2714140400125438,0.6714282900294529,-0.4489325865718106,0.16817475271720092,0.2031867995056659,0.6954643738209854,0.32454351471624854,-2.3431205663480172,0.5421962978176682,0.45654038756179194,-1.4095311549717169,-0.42720913826714024,-0.8336209909817883,1.0033402127201914,0.23541545829467025,0.8599146412798155,1.0884402172376377,0.6735387423839391,0.6686571733231251,0.021787690722635256,0.4495985047688617,0.3601027200975217,-0.47159487619160817,-1.9984270701505125,-1.8814492666777414,-0.8999543855975239,0.3190975430903129,0.7107332386897461,0.5700344180746634,-0.45204954746977133,0.4443797725096314,0.4947763854183974,0.3546584819877349,-1.2069353767800832,1.4936244817459825,0.2256645919431381,-0.8684598028537089,0.8206228772952168,0.37431802143566933,-0.18035524609099166,0.6492500235017042,2.3942583343031436,-1.3212987679853812,-0.6777685471078158,-1.0549916361757148,0.4937019196873212,-0.5430943526211867,-0.8735641322993104,0.60299499932,0.48199482395899834,-0.09687226006104303,1.115175264819703,0.9184795401279876,-1.328589630455823,0.7395594376632181,0.7421126388263024,-4.200469010546382,0.8305351015061808,-0.4564591015567295,0.7073032123453384,-0.5038299476183662,-1.3555682846591803,-0.48143134111949953,-2.2732264749092206,0.9051955973174154,0.7728146695034801,0.3720425391194045,0.7704103681464792,0.6151630303890694,0.47630085697084307,-0.04531671580186911,0.8834882125737826,-2.9836829782504086,0.35435907389470306,-2.067176659530538,-0.016289304569746497,0.34843388543811205,-0.8030065866661623,-1.2041967233994475,-2.2991335997929685,0.7794329188694865,-1.2448745001235786,0.35093056190716937,0.1516578788797137,0.7879783547876118,0.5446196318716006,0.015195929297834462,-1.9034155855261148,0.5267291006342864,0.7941401519343072,-3.0383079553204775,-1.7464630782949515,0.8222859183329485
2020-08-07,-1.1013328728675686,1.0302656374936263,-1.6783121381713173,-0.3566004170643179,-0.45238087810726013,1.1154784928039803,-1.1213836794926375,-1.7751050430735502,0.6399075568518247,0.2459882368686255,-0.8370023741469669,-0.6808848073310592,0.43179868430466656,0.4643927842203984,-0.732485663338224,-1.4473858504682793,0.2240696422943345,0.7272233018165539,-0.750235862871894,0.9261328972484978,0.7393953593533326,-0.91467586830564,-0.4578535732006885,0.20697994543100742,1.2969490074758474,1.4960965763935898,-1.2338389760451265,0.05200580694080578,-0.146370478506272,0.9261811929744058,-0.5909957647358265,-0.3406439050508835,0.21808185684669418,0.5892778223271289,-0.16427396959404147,0.35649443360082556,0.8716465518249096,-0.32345913617906813,0.5286203048330081,-0.5586473716397418,0.7849252974004732,0.8778855372101383,-0.3715777168705468,0.7335894871457485,-0.6136937161651548,-0.5021794887007521,-0.46051334027984747,0.46829392314096585,0.6550914116083912,0.8284457160555191,0.993183627244783,0.6846210667221974,-0.2909953218473733,0.927973660941241,0.2466421680920766,0.814114948932006,0.6398203721520995,-2.0353731770275325,0.9207646211481669,0.7390387475966573,0.12990270755911779,0.13279608413519445,-0.47132872670202663,-1.2223502979268783,-1.153471804660272,0.9468448642754188,1.1220367166088763,-0.14960931962783142,0.605102502272922,0.8718584894391367,0.9214264035573929,0.3746519014437837,-0.0640501229244291,-0.9955565831383705,-0.5051437769787841,0.2652865187922425,0.39451809050293474,0.6751091499959204,0.9543326665335733,-0.7032928841141874,0.8939145972456305,2.436765434285629,0.909163991173035,-1.3031101294759313,0.11527530797323933,0.3149620823977916,-0.8947532508599618,1.0850180799628504,0.9624110701607484,0.5962630390995817,0.13124972704690452,0.8088193504109622,-1.0175173858808542,-0.42957085845785675,-0.11052458877513181,0.39958990689606066,-0.7037203982934714,-1.0785413799878956,0.8669357018316516,0.6921083516503339,-0.1518456653520251,1.4463868205767567,1.1354361599878655,-0.7483984967591045,-0.2916891811984039,0.5941416627137115,-0.18993542798159832,0.9468448642754188,-0.08719393877332945,0.6918043569745139,-3.2948278821639585,-0.7780140568673137,0.2518413682080567,-1.9174852860795757,0.9899995842607844,0.6134707943819817,-0.29421202802632535,0.9308339027418607,-1.2668802537451433,0.8614600364366992,0.45134118753206304,0.4614295718290752,-3.9264487515908906,0.4019351209390639,-1.9226184942343403,0.3182311096524979,0.36916740924742303,0.5028771601126822,-0.8800832346050921,-0.5971419854295287,0.013294399370973108,-0.9319020133081607,0.2193271855547375,-2.164454196821297,0.9471873107329406,0.25176177483655343,-0.978905242551503,-0.5615942483169071,1.0299643864024848,1.0275061129539451,-3.672584802952514,-0.9778924141536173,0.9108888075288534
2020-08-10,-0.8286472356214503,0.8733699792661028,-1.256723590158668,0.05480168187904567,-1.0817265359453354,0.7228934921767964,-1.000791111260722,-1.905817306574557,-0.47687306857555334,-0.5995561191711993,-0.2227839386800476,-1.7896161949525877,0.8594317263731551,0.8221995826355369,0.06482804828499605,-0.7118604058498439,0.21630767453710584,0.8596945171881637,-0.7275385355210184,1.3114692221518311,-1.6326694080036126,-0.5175914629814051,-0.765433988498743,0.6300704237141279,0.3616494190561803,0.41077926847159957,-0.7682144091149676,0.44317507707757,0.13772707494297687,0.9581840395737022,0.7317519238811755,0.0467681088230283,-1.9192107525728512,0.7480378965186607,0.13217989020462645,0.7079518062770876,5.147322225547547,-0.07319617156683254,0.7402268948152998,-3.2294992201862143,-0.36115686184855605,0.1901004885827134,0.79237473971179,1.0196916918067784,-0.5061480294325873,0.053013522070712214,-0.3786550775566649,-0.6383344489786598,0.2213102860947751,0.8444849780794622,0.8312589645203854,0.7757372644839715,0.41272157216552363,0.7948512730417765,0.5344361236598169,0.7725906963046143,0.8716823261132588,-0.03382653996823158,0.6024627440027959,0.7570365237777289,-0.7306160387840794,-0.061078195189776634,-0.47554087385855875,-1.7588629229916763,-0.6623394473685791,0.8252004195187831,0.6010509852528966,-0.08394230981877619,0.02496271298913168,0.8072860468872378,0.655204546912949,0.0829083921836533,0.102105706145814,-0.5025987227162965,0.40834037554178493,0.17671434910113365,0.27348386234366834,0.29570224784758137,-0.3270830361826166,-0.36758452539550784,0.2315248862890293,-0.3415313538424503,-0.3767579969048455,-0.7894243595702527,0.7139323329985343,0.3824011463943356,0.3642181751815331,1.2146358100252952,0.9133346290585648,-0.6020485957359456,0.6305931248422295,1.287718114605495,0.43798122379830207,-1.1201382594063993,0.7505756264632639,0.7058644555335606,-0.9048273993432873,-1.2515057872574529,0.06420080561847981,0.503166571893051,0.03260013706516784,1.2065049756871746,0.7090540466831906,-1.4545551491664224,-0.6050798072777828,0.5437088805934492,-1.9078711763660727,0.6545106615825985,0.7216807986850281,0.8767793507030253,-0.41402733754041077,-0.9811133993435868,0.9604404533142739,-0.50205794983581,0.4400943289765327,-0.04166741855212401,-0.08332988323162611,1.3066183146369206,-1.956252556939197,0.03498243995523875,0.536918597696993,0.43633578697505476,-3.1662201856548142,-0.3497447747434653,-0.6097194030335157,0.5574818369148937,-0.47899244303823374,0.3585365725306855,-1.3237553658913574,-0.6860197806690126,0.02021472163978868,0.07851832208822655,0.4247096526780904,-0.5529903268424698,1.1013889802592054,0.08299334961662709,-1.1700570491031062,-0.21560177382965867,1.1719194116027436,0.8863159815001227,-3.270110029837219,-0.3100874845276157,-0.18898378381353959
2020-08-11,-0.4268130850421143,0.5594349085741346,-1.1862614349891893,-0.07731121476953258,-1.5191557830237294,0.5456750173190332,-0.3710391066891019,-2.062896709769992,-0.33049377899125143,-1.5146599970138337,-0.41506742637873356,-0.9387741983783762,-0.3578090483851741,0.725865816088201,0.011960418802718144,-0.49689956589346584,0.7234703620462825,0.878896012378175,0.18649177686361715,1.0355283497803554,-1.4389587411072757,-0.39628244100558413,-0.01818419906864217,1.1129997877582656,0.7496287651025639,0.7403370829074758,0.23449087526772802,-0.7958425354488352,0.6722226400630998,1.0694066249933147,0.41479904729735967,0.5846141979601521,-1.4782894664323531,0.5223897227169373,0.6712639120237288,0.711072217123658,1.591866934588518,0.12974224537329512,0.3884229507971382,-3.845630715164116,-0.1364031069566715,0.774175198106715,0.8618241338705518,0.861302231376,-0.4779712339912432,-0.36173964778478573,0.02633435097953119,-0.9991618924233033,0.5823328635835605,0.5343494130801227,0.7209955000607928,1.3208697974294004,0.8874127206287459,1.0881772798522562,-0.07866940468961559,0.758835103541581,0.7250824385597191,0.5422440382116405,0.5444245494216436,0.7877937407882544,0.004707984939374564,-0.15349701753321648,0.24059294427512523,-0.8237370799608192,-3.133504457922012,0.7893357937855137,0.8891203204319676,-1.0281173754278925,0.35813094211758173,0.8634272295183522,0.609047302029625,-0.577936355328537,-1.4834735860938444,-1.2774194832774781,0.6331718511949544,0.8436459116896833,0.20699793992948565,-0.3789892766006323,-0.6616870760179301,-0.2939904384831872,0.201012214452198,-0.5958140481711728,-0.3651731673146411,0.596660297558524,0.7673799623510852,0.6574007239541578,0.34816838789979815,0.8702441717520761,0.7996210233113927,-1.6974398632559997,0.8786356441697213,0.882917391049451,0.12962611623673748,0.12424328715618914,-0.17601167031100215,0.8396528140400964,-1.3647169685587077,-1.7990850992842904,-0.08563707431405002,0.6004684627234564,0.6312399857669658,0.8372421627173717,0.7545758200734607,-1.1949503618395771,-0.4639865138782752,0.5636930148031494,-2.1496332879990314,0.6835024883688217,0.9947339129419328,0.18268685191283932,-1.1544676939444733,0.5983547890879067,0.7425632809872925,-0.5211932031154678,0.11563484253789803,1.1236840833628694,-0.08918563156923126,0.5786102804564939,-2.0040021005721456,0.032147263312000796,0.7335493704358876,0.8603500829478213,-1.82964145995935,-0.924860751966862,-0.7217283536176694,0.8270595702359421,-0.0547610720805844,1.5697441078728374,-0.8332309641227524,0.8587312546062257,-0.1637696002503103,0.7603379144439583,0.45865285576757414,-0.6348928035067111,0.89148637982732,0.8528596406538836,-0.6225411901849462,-0.1742334463160803,-0.036639357065057575,0.6000762389657551,-4.205428794719641,-1.7620440981970278,0.4992775221875337
2020-08-12,0.49027977355544866,0.5416228978274453,-0.3451440475321661,-0.776174781101335,-0.007530216170826628,0.6470169037716014,0.6618688127143847,-1.2250399162966754,-0.2982519641171311,-2.1558349053307553,0.23102496064163566,-0.18934805933951257,-0.6635030732215444,0.3854108644701725,0.6501799720738581,0.5676839661866306,0.0813585855761263,0.959790884393892,-0.6554320192145692,0.6253072707393768,-2.80544349880117,0.3239172797072187,-1.437406191949618,0.8830852801273033,0.30451064987857424,0.908790587011824,-1.8788667510676567,0.06250897653287252,1.0538361092491373,0.49267670947465686,0.18387760338043177,0.30544025344710773,-0.6754011276695724,0.7490148521201084,0.46319044476575555,0.6757191818992321,1.80104456071422,0.3199002560484359,0.8863930928988624,-2.972268363032348,-0.21712313943023162,1.044551720513301,-0.33763086993529523,0.6927193599907062,-0.6602483862821393,0.44729342332349087,0.19938937832411568,0.21398328893273885,0.15043132539517304,0.553834698478016,1.0081034988477438,0.695333802693644,0.8246189853687893,-0.6035629699012578,0.06975830471633157,0.6152296389431727,-0.16594024243872282,0.9909894348526433,0.968015465117855,0.858202799340294,-0.4934501515271819,-0.04251668462454474,0.28599964727942306,-0.1974267622757896,-2.4715318587993473,-0.01415647990992491,-2.3746688177166986,-0.2200959665310866,0.32452596245892734,0.5552911481550056,0.9367175103358649,-0.6511745711195014,-0.9373685837160224,-1.478685472887537,0.8308463549526356,0.07874897452651627,0.8161387860105033,-0.32249490976429995,-0.3088449959805032,-0.38720293721287163,0.33824352693139864,0.17010496329348,-0.7233112172450982,0.6872544099839496,0.8025522598925067,1.114691056811531,0.05504653849496087,0.6538020152497784,0.27404079761437167,-4.122646111174993,0.6076004832020409,1.3198019354659292,0.7054375349456451,1.2753852327714335,0.30472045128212477,0.8520455327661585,-1.2573802908132188,-1.6892073022444918,-0.2788468832843627,0.7366036117449577,0.7106466298938833,0.46854998651122864,-0.8777049583671591,-1.3188034527192196,0.5554538872419245,-0.3686849255517946,-0.9831716084103526,0.2972040879548416,-1.2470884700657365,-0.09539528644346586,-0.7488973098145764,-0.1328429420509577,0.6907395883808423,-0.22274761911022012,-1.339207315879249,0.9328074956991309,0.674797108258301,0.00905566614272497,-0.23635550992916418,0.636875577194768,0.21702274681415795,0.7380506088911765,0.20175807315363847,-1.3886495775919214,-0.2837584478769756,0.9842764171827778,-0.8031539415145107,0.9676446541328806,-1.0864910102611856,1.2354533582578315,-0.03655469355664407,0.703213853945096,0.6716663864531177,0.3892808770978806,0.4546065626540123,0.681217433565091,0.013786986259683961,0.4994373469728534,0.035708066058140316,0.8346171268202784,-4.007015353235219,-1.6701290884689297,0.9704369167565676
2020-08-13,0.5889176122592558,0.7117782474107558,-0.12386935974026836,-0.740516253496298,0.21806563115132385,0.5856689109203913,0.6091860996394681,-0.6859803057411249,0.4320387641631612,-4.416354826280295,0.4415619122012379,1.3159314580206476,-0.29554894594113457,0.5001230613511467,0.6936813590329615,0.6686788313375833,-0.014881535189459831,1.1715718373206332,0.5281907184570351,0.6111562284078185,-1.783708211615809,0.5976544492692327,-4.433275406702867,1.1909213800596363,-1.7333382595140694,0.8618915351428132,-1.0464009982716942,0.5000201265297818,0.6776124088637603,0.4811491346274781,-0.3778036340557425,-1.436717864891318,0.4329947421115864,0.6568708011369504,0.6401494421434029,0.8449898001837736,0.451605593080805,-0.3186593131002921,0.9306351843634073,-0.011003287601172626,0.25804389194619515,0.7492816034071021,0.3437395797752254,0.5725606121784373,0.07998651857544574,0.6529282310532958,0.5409801795913621,0.5320030100823383,0.27216022278207447,-0.23318295143790527,0.8103124160194416,0.3952362974436716,0.3405006095774428,-0.7242254830664848,0.40738841982259466,0.9409626558436245,-0.42252699886358486,-0.3059619642437028,0.6566094058323823,0.6595235464294258,-0.9722384959112198,0.23576734519206233,0.6650649268746479,-0.05184586675029577,-1.9991261928911352,0.3400542072058161,-4.738538875561536,0.15111790132124672,-0.3786500614488488,0.6451324124937433,0.42789645880310195,0.22287130994814636,-0.9198331410224434,-0.9100356287117219,0.33024786893703495,0.4798437432407966,0.6637989447013296,-0.2560125353239229,-0.6983657997765831,-0.28021447558524604,0.6589296886165626,0.3600313884749188,0.29871620022417433,0.3068494793971628,0.639432068720724,0.6369280992703731,0.2874860632769044,0.657437961126195,0.23157746301320223,-3.2744839498339617,-0.3845119723943482,0.41359972135649253,0.3400659016161284,0.6210299565279722,-0.07598562514110536,0.7595454727737104,0.0812597575493287,-0.029359135807010446,0.574446013590894,0.6194504358160512,0.610142532965141,0.46652586864335277,-1.3458773907469053,-1.3192409686322135,0.5782840818799326,0.3194454657026718,-0.22800650577724235,0.32963498191909196,-2.2422596301000164,0.05438525302847222,0.5475793255021804,-0.5461230493697349,0.6625118966800997,0.13458105653617428,-0.5571999842508474,0.8202263502757695,-0.5384373057936226,-0.04992969369344249,0.1904312891819832,0.8929615727129402,0.027084059742422437,0.666763217789495,-0.48037989237899203,-1.8581554388690757,0.3546929233902041,0.697854242984412,-0.3764705902664122,-0.19348949871404822,-1.384655238946362,0.807248548512296,0.36876383586002004,-0.16188060704338933,0.0714659081850501,0.6202843838069168,0.11788065461817761,0.22617210172900118,0.22999842955779382,0.34766659697208874,-0.5257745808932606,0.6519771638785412,-1.4598880966715804,-1.3085486381699267,0.6510694645601179
2020-08-14,0.5262460796133548,0.4965893883588935,0.27339338911699174,-0.91534659438041,0.32935653490967204,0.4484841063840028,0.3280729955356463,-0.35001373713947226,0.32893504124227013,-4.958445354125268,0.07856458761627916,0.3920335206651344,0.26111948078770464,0.3852321138220323,0.7443366693401734,1.0062525813178538,1.0316104651232694,0.5639919097749603,0.9753357817774515,0.3052649026382562,-1.1321643716586625,0.28157086220477756,-4.351271243314395,0.6503554213291202,-0.8105835271806854,0.300038935329415,-0.07962150632939066,0.4571722535841162,0.37481711092819386,0.32935653490967204,-0.7453505797165862,-0.9840499100209176,-0.07911181494006819,-0.3595382800473114,0.3610592611338501,0.7411111791620756,-0.1149331116194384,-1.5128964443368857,0.36714342947379863,0.5498329997634441,1.0502068700456622,0.2985315171972293,1.8325133480538942,0.6342718665856555,0.32935653490967204,0.9245360433959552,0.6495360568612701,-0.2951928364780311,0.5684510811349972,0.30557717482185953,0.650522774405998,0.17093779182718696,0.04293589399599494,-0.4962399509700029,0.7215950211983968,0.8406995287084508,-0.7482564020290974,-0.8402975079747551,0.7863054732755812,0.5735983394096872,-2.388387753781837,0.47835233040433467,0.9705604921511071,-0.12537390967459308,-0.053565236798097146,0.40037914148047304,-4.855450887585833,0.4355219144281519,-0.40440047800669776,0.2325087954677524,0.7546036963505971,0.6463837971514804,-0.3217229740058148,-1.2409797943471483,0.3109385184042513,0.04574416703307349,0.8590123537003626,0.30364031018548165,-0.46094955956697176,0.2192333715806999,0.656277906175951,-2.128546612980223,0.9183425731750009,0.1993463931057733,0.31922827798751513,0.2772218646686382,0.40804793498009945,0.5926873424876931,0.288445713768654,-3.0446291847838234,0.34024152246532097,-0.8424250500242334,0.04739845631067745,0.32935653490967204,-0.6946859652055148,0.5131292171924351,0.23856465626193332,0.21670077718596006,0.19123987838153253,0.5089632149526363,0.6806209629195279,0.2056227097626402,-1.2055931634835946,-0.11665305183325693,0.29648887911294847,0.7928596987871356,1.2690605079820463,0.5532091180804143,-2.6296506552902374,0.5914548345506606,0.8664422241026203,0.1979467777520319,0.40145395974548304,0.1440159507740949,0.05851199725652833,0.17218421133112763,-0.3047557358876469,-1.190103711588263,0.2003660438526118,0.20503811404045588,0.1486296041133892,0.40576547845337546,-0.851784991162958,-1.4595830163119519,-0.17147953795106363,0.4667493903030924,-0.39519262164166474,-0.8013783406032334,0.05205005435900468,0.039108355229977104,-0.023109169290476274,0.2844298061657647,0.3436517139719458,0.6550883029066744,0.0059167458459440285,0.25486204790553585,0.2809704914506342,0.5045917331455854,-0.39906697883821884,0.3224277760428958,0.20496007604988897,-0.284518598950526,-0.40610141815609113
2020-08-17,0.5964540525375317,0.6072242788913986,0.3163464663568786,-1.0911561771788403,0.8077135637416886,0.7972499955192953,0.6614581494437252,0.4404935200312234,0.0969183922323654,-4.91954218920818,-0.16111499500653506,1.1403859975835637,0.5821195391885965,-0.6394521534298656,0.5937238032759703,0.5052439271207603,0.8458300916580854,0.7063905302011917,0.6094327811167104,0.316886511553806,0.26886424365731004,0.9192977480414812,-4.062848443919254,1.003925698011924,-0.3351556808651633,0.7617247926176542,-0.08156383444077855,0.9993948148931419,0.060723254566064214,1.0329990836458232,-0.39842822193654504,0.06735756122293507,0.16954287544986346,-1.2030845431769417,0.303496100452767,0.5691395985461055,-0.42417195031488936,-1.9450857890177577,0.7062569971745792,0.4179177757169436,0.28156808347096685,0.5863310668562715,0.29123859352541404,-0.5418032917763578,0.32102417651707255,0.5857468871501051,0.3668827250139535,-0.4310982045723945,0.6856942288356633,0.7398034529711158,0.531897042747774,0.6070267504178767,-0.054319715975570226,-0.101185775899555,0.6621213969437365,0.6027923179230917,-1.426072898788736,-1.96389231124951,0.5259364760185222,0.5362175467699607,-1.2426659530205015,0.7119504550622971,0.9704023211119384,0.11119599465676781,1.3296009061451581,0.2825046369288336,-3.4018285381680955,0.5377665529131902,-0.30274141680290734,0.3687953492214267,-0.3777428206376339,0.5354566246685756,-1.402066252382067,-1.119478673198809,0.274383174399868,-1.3409853434791417,0.5129846079423653,0.5417498752178427,-0.8244053572750013,0.13936806327561327,0.6162324317648158,-1.6580799098722465,0.5162543099027483,0.43037565436445185,0.6732727896632197,0.21172142047977133,-0.05964731899790555,0.7234199305946155,1.0143698533153827,-2.718918265177303,1.216423852715211,-1.0456838087930511,0.0288561256171097,0.3251352591920953,-1.0095944285202048,0.5890201397164312,0.02498639447837627,-0.15779580727603346,-2.0398210825513874,0.21378279662914,0.02325329590493963,-0.10636155805071056,0.41306214560784243,-0.24258259513543326,0.35956603886106625,0.5744883878664248,0.6188095563686578,0.19706358013458997,-0.9047712700477625,0.9798649613238075,0.37884484727517614,-0.3254826107650586,0.9189484006306536,0.3503288288602519,0.9011383835455437,0.3552685880366933,0.3177177125108277,-1.0565078890669553,0.660993443584557,0.518931947852226,-1.5727206762648098,0.8963775124265295,-1.0847911864109856,-1.4449793627192338,-0.34658385147694903,0.5839150444892663,-1.0181549671174916,-1.2338902171489596,0.5489561638715154,0.6868991638398144,-0.3752806545262671,-0.14269312564938982,0.3183581600264823,0.9458012884295783,0.25397476633352883,0.4730965199226746,0.0882744715074249,-0.9292370431829294,-0.5899839137964654,-0.07128786803459598,2.080018254515457,-1.2678380356356376,-0.37817589537445384
2020-08-18,0.5579057914547967,-0.3194132638040386,-2.3013800141376666,-0.30761390830212326,1.2999130991429735,-0.4331778714350362,1.2106628686916299,1.3071034754216013,-0.2796950083286049,-5.06697855280842,-0.6478587627455994,0.9680224352880732,0.2580921406337669,-0.2574671009408809,0.5144751318917271,0.4671124226651581,0.15887267346034245,1.0385876910395795,0.6614103802527107,0.3594474525944842,0.6931666431810063,-0.06985866968126872,-0.40744183327287903,0.9780999169162032,0.3066942667241711,0.8367358070392518,0.9899771307596055,1.5763249228786784,-0.14981250522413256,0.5339125504928653,0.9116700051395284,-2.758570402166283,0.8801990327683072,-1.4351401529260817,0.45766567380127215,0.6791253120425685,-1.0043993576995502,-0.47797006646074985,1.0342946381186795,0.5103401643113366,-2.1433315725425635,1.0068710042973728,0.0959963225490607,-0.5292750481039871,-0.22628044131469865,0.4832540478821422,0.9548400607883735,0.2625084585316855,0.41695065712257573,0.6298943054539438,-0.003584292370553682,-1.6573615750393453,-0.14024484147561522,0.9939977080123118,0.12865479738383823,0.41310974615871116,-0.9113928384136307,-2.0886334309856074,1.002940783399268,0.5924002877115806,0.7667530173506176,0.05923028156389419,1.0483607588507073,1.060015999664838,-0.6299939183839616,0.8941374941904467,-1.8270266063196599,0.2453271055686219,0.5720577632917848,0.4025924474143069,0.14903554734932173,0.962485781492724,-1.5723053251501777,-1.9476457368330777,-0.023747244271427038,-0.7139458232159563,-0.41498720387964877,0.7511513702404935,-0.18446139812069368,-0.4974454453283621,1.3198999846268042,-0.8905622194900761,0.943910658096164,0.012084156701098287,0.5766644936066724,0.16717459111817098,-0.1628280643710414,-0.5988581991291023,0.9428418626000349,-1.3952666277769306,1.0516032840921,-1.3033399720805865,-0.2833129899354651,0.6229037217255706,-1.3095081664642891,0.6765632237682994,0.21971123301386314,-0.038958593858585945,-2.1307037600432186,0.3453731982576555,-0.4172323927314852,0.8185570145116349,0.9303112311891184,0.08305187725740282,-0.22193412567142337,0.4800016308608065,0.1445939607217323,0.9411250875531362,-0.10162408079420016,-0.14568027243561757,0.8086764398497601,0.12053938447497801,0.866176197140096,-1.1034731796778026,0.9696395936594948,-0.07403975681241409,0.09708726239250264,-1.2944498858819815,-0.3296617220770817,0.9728594678962659,-2.259389203217777,0.809910512974873,0.07135000832471952,0.18869162891880678,-1.1813954594422587,0.6987831274360152,-0.09704714723470882,-1.1010368817935021,0.6268491993788169,0.9396462702541215,0.819527163290143,-0.5053001201504482,-0.7007693424528256,0.8946323932064366,-0.6417100827214601,0.6812584420705515,-0.11057933634519422,-0.4351854672996752,-1.0901977953183173,0.08043617679581358,0.6499593296266366,-2.158677343306822,-0.1436087801727253
2020-08-19,-1.1243464242648504,-0.049752594392051847,-4.873359371650389,0.1245664674888572,0.4406561575388767,-0.01852273416710949,1.116408770183122,1.0394145023673567,1.1320490869967674,-3.0754254312607205,-0.5324824356222756,0.9153246279983943,0.4410234148737946,0.41035116718855047,0.7445385255921504,0.576548706709286,-0.3010989153879965,0.7212978904509185,-0.2800853573339471,0.02381015204588501,0.6960762989008329,0.471191486454043,1.190171608917853,0.27743368464146906,0.29910170236867356,0.633644189084453,1.0990587355743664,0.9038030751898883,0.340900791200468,-0.8280412815788442,0.27382091781887424,-0.4910268206588057,0.9919342041252607,-0.028535121044178557,0.3929594921335462,0.880734913757936,-0.2671706938081051,-0.17088429987119058,0.997919471648061,0.4940406062358655,-1.4544897145607618,1.0022611496891431,0.420025597762386,-0.3083047939895461,0.4722858888692078,-0.3392438385493558,-0.7451408509813187,0.3767555491603361,0.5973189710216267,0.6077336339628476,0.20757541175353456,-0.8955353793934396,0.03220724094363059,0.9186665250630791,-0.08257094768831287,0.12450270384188737,-0.5281099290256809,-1.112533971060585,0.6985774778472333,0.8662595549221119,1.3446791164039096,-0.24799880381113099,0.8660000450889038,1.3817652289106943,-0.18899912665806515,0.6594354856375809,-0.961149752834733,0.28031586003630865,0.6677464251672266,0.7126233086889473,0.14720713267048877,0.8563008874304808,-1.1843607001908898,-0.8016482943758066,-0.06621698143517789,-0.21897728349801024,0.1433494508595936,-0.4351759097923156,0.2709127381483809,-0.19161694073668079,1.334343297508928,0.5855180001408546,0.7724779603003817,-0.24674640630527878,-0.22346049228116371,0.2846564192352337,-0.4336255339774372,-0.13906227198594878,0.847855063658593,-0.241375124435658,1.062816500092147,-0.38216191111039066,-2.039910065214032,0.6446510614535234,-2.9512894615734484,0.9386014444711128,-0.6016048631936564,-0.9360858126619555,-1.3382756085723042,0.29969579577194994,0.37751535392077457,0.9646639974020396,0.9045604076985374,-0.4312025094983222,-0.7003740261149933,-0.8053447435899972,-2.593248959682129,0.850030812084129,-1.3504872448879481,-0.2424516401389204,0.3101017824489621,-0.13003937276057456,0.5793169307149233,-0.9007319498966487,0.5312877280620467,-0.07366689391956546,0.724078293612244,0.4223445288716096,-0.05175878640721974,0.8677505068471723,-1.589284766035866,-0.8422983842923137,0.3570633218731191,0.23163342835008643,-0.2533308224000667,0.8457903132656392,-0.4920986331946279,-0.38595292266307957,0.7337328568359618,0.9197377898814006,0.4660982415274182,0.1960497237201205,-0.5226813802263399,-0.21207167122542842,-0.4077443864015787,0.5866094974827087,0.19947557407657537,-0.6046848667694834,-0.6840936287444987,0.5881021232952208,-0.937039687899027,-4.908047148449924,0.7451918901634667
2020-08-20,-1.4291394833376923,0.13501185826739406,-3.7023504161548524,0.6994138944584336,-0.3693961509218398,0.16587479156077917,0.7610493958235974,0.6972961686480349,0.747446805136001,-3.041438197039363,0.09791547338502705,0.9365459727546549,0.8365428286717033,0.6946967588098669,0.6745552119442332,0.6109515240612585,-0.7553173336624711,0.7151446390015339,-0.15219072109817766,-0.19974741399279983,0.7040689848977888,0.4394988807791431,0.7830513592548171,0.7437395113755053,-0.12278767095163101,0.7465792916812685,0.6408591860726537,0.11996767720835871,0.68961889415557,-0.1910265417864091,-1.001171030446233,-0.44974638951340956,0.7560977875065464,-0.05223620902353261,0.6236897511864645,0.5649855594920891,0.17295089612765863,0.29634650063711876,0.8636765899127236,0.1781880405304311,-1.837844521115656,0.8570514572057883,0.20317102329703413,0.590295629298221,-0.19863065143755734,-0.15957774721758375,-0.6647655723163592,-0.06414445454678754,-0.844031636531992,0.5722573313225164,0.7785845134444797,-0.8263731671451188,-0.21878929745784503,0.7727096810782155,0.11188802681611555,0.4881760424576688,0.22478341041179367,-0.3633689450386027,-0.02068304123925525,0.757851056823515,1.361845198363969,0.273346536537745,1.5306326424829932,1.330487970370134,-0.001240004806819776,-0.5069351236243761,-0.5067911341214686,0.7082186569327742,0.7889164065139893,0.7795785991619972,-0.27394350320249966,0.8568726848248465,-0.8722912379947229,-0.6259668472805315,-0.43926964542759384,0.7090986962326337,0.4703255581794821,-0.4513688689931395,0.7140814957790342,-0.8564245457872476,0.9023712683809721,0.7684127745151114,0.8791709600853116,0.39337416368124556,0.2568313798226256,0.4851712351323194,-0.2107483180186395,0.018083160458037612,-0.5023318476282032,0.9345001602387549,0.9167502954455069,1.2476071424350323,-1.8617927719742065,0.7449240680891317,-2.2214541391713993,0.9791612903136843,-0.048325000519714986,-0.18821153299061233,-1.4023458866601366,-0.4734620885000516,-0.3694944796618624,0.703160556258985,1.1783545267272508,-1.6488225908926737,-0.6232394775477232,-1.4125577110740677,-4.0192788211660355,0.09560430980059346,-1.4767629714155852,-0.8916264236897503,0.6325437497115756,-0.3592452386449607,0.7730836543688895,-1.1314438860769915,0.7401645375596724,0.035313555139305904,0.6655075827799554,0.7678035022412844,0.21921394274209652,0.9255276520396385,-2.2662261182275136,-1.2857140248353458,0.434648740664308,-1.9710368044446742,0.1459311998131681,0.7615866166185729,0.09764085008294215,0.6409337928337183,1.1322456347939118,0.5793643276174907,-0.4659926988583297,-0.808655026333794,-0.742243540654406,-0.04467343904869236,-0.0007801697715427924,0.8204813900934997,0.7157465703460774,-0.0014473145596518374,-1.0625351138837573,0.9772278279366436,-0.7455363577450894,-3.70192058681092,0.5925126143764252
2020-08-21,-1.7726316338740757,0.5736153762368775,-2.550708407783407,0.7772726509717707,-1.214782434424965,0.5189817771817824,0.9142436128230033,0.03256891296405008,0.758477974882527,-0.25038663102348263,-0.8063188807793548,0.8349629578594799,0.5632012404192633,0.7561167282277905,0.7770516197210685,0.7816667844096732,-0.03429345109120336,0.29472223190768365,-0.8216760521291968,-0.5778160111157309,0.6450808687563208,-0.0709026520006764,0.8057498539269664,0.8534593759784616,-1.9796193944979001,0.7431047704340693,-0.3348419571748649,0.20391059249392549,0.666448855018764,-0.23026782091238482,-1.4891372416707211,0.2540738384340722,0.7701623918063811,-0.12030357781097852,0.9297716211302264,0.9888731694088302,0.5419831020272584,0.028050092597325788,0.8279623697890127,-0.27071261714272704,-0.5952854954659181,0.7677434604109685,0.05588159118264132,1.0881004304934478,-0.17110649740118244,-0.7580140824203374,-0.7675981081083645,-0.0829901986785873,-3.7174951227849333,0.7732313472454114,0.9369193129161306,-0.23958453128799717,0.3614735610212469,0.9450548821808283,-0.2781437690411461,0.5490207158600584,-0.455677235677472,0.6277540668938446,0.4480347384756701,0.6357996963398408,0.8511902313150136,0.3387722465055565,0.6632159542298327,0.7917677327309375,0.4814822910953187,-1.0927473336660507,0.6409029744856661,0.7784322386956668,0.7831857240068583,0.9751050548537178,0.045316786393205244,0.7575657555420887,0.7917677327309375,0.03136948971993978,-0.3845510217061512,0.7839329816623765,0.7097029951341529,-0.32517310447090625,0.8358556821908936,0.28085214669079234,0.8617693460763411,0.7886275255444509,0.892843473393996,0.8031344430410003,0.14601420211516852,0.46045018380741853,0.2769313924780661,-0.6483282843583001,-1.7123029657985738,1.2021174073100356,0.7780024280170006,0.9597921370394181,-0.9708884133722063,1.0454137683537017,-2.1715008565158156,0.2897746307116669,0.3677532057686004,0.27455138529633943,-2.7568827496062833,-0.449190728770825,0.15215331334863713,-1.4366264098928592,0.8871748614980598,-1.749398486866358,-0.41578524213450196,-1.9812093164540707,-3.6367645177162906,-1.3689709557560616,-0.6428677245086876,-1.0693394302572623,0.4570624019878863,0.17212741743960003,0.9160087862611364,-0.8537945337121801,0.10485233484730071,0.049532792558314824,0.7169486180716339,0.4340621306340258,0.3424210435881923,0.3048445316326198,-2.23162032016167,-1.385357388315285,0.7631849156949791,-2.513614746014187,0.7222132339000052,0.8435437401803966,0.15046844960146452,0.4075544974160517,0.9727476067969077,0.41242982534649264,0.0021190229285680683,-0.8111879219095716,-0.5992553677770777,-0.3480430539207403,0.257995398155188,0.7800479706674213,0.7129086282688836,-0.15049062093848223,-0.1264824687318571,0.8735096852777723,-0.6175581500862434,-2.573107857545067,0.45930244979746465
2020-08-24,-0.040043578420270176,0.6592806373032453,-2.3100079446962614,1.0755446287419461,-0.47742786083239114,0.8280447925556502,0.510118175845941,0.6374574482336868,0.4447384102394743,0.7673385113589823,-1.0414436667659883,0.13246975511516262,0.11440135768122442,0.6651784680683049,-0.0044411573017445315,-0.38662831652731705,0.2804532907348084,-0.17254731995691247,-0.3578432275988915,-0.9847927399815146,-0.2450215291663301,-0.2641930748234075,-0.05291408582435741,0.49279585618394656,-2.157569916752262,0.8153682539045933,-0.5949467288498624,0.0413844172557929,0.3320522385676217,0.5383314306821394,-0.5078250224270853,-0.16862599082766985,0.9402540424188524,-0.268874397157618,1.142091001655474,0.6251410904847023,0.6703641740287775,-0.2696253556445308,0.761239309918329,-0.30623843818959223,0.6143210626246516,0.6944207480405938,-0.062334655916437644,0.6615157273868103,-0.4547337644658843,-0.9019199231079335,0.242411152694716,-0.013553174341981054,-5.511222796329372,0.6501782857752337,0.6409428125783365,0.3199394541614544,0.1410975764178923,0.6790763364019279,-1.3427909467395092,0.5638300700832747,-0.434164388969438,1.0997502853630605,0.4471285038568702,0.6286880561023804,-0.8250941356998485,-0.4571106933952759,0.5924032338791373,-1.8632235952299834,-0.7758429243283124,-1.4578778513577495,1.0899259292674286,-0.4646630368596965,0.6607335772450447,0.7157908268756621,0.34407890818204645,0.634230333377971,0.4729582654644463,-0.3355048972917598,-2.7131212542212806,1.3623836448843878,-0.6608720565644123,0.43100738346912526,0.7571896360898911,0.5967627416257315,1.0269760706914164,1.014182733486929,1.0712542641182037,0.8628956871833039,-0.2792527340433952,0.6076654726460686,-0.010427165871906454,-0.02549442568468111,-2.583011407072521,0.6637913998287155,0.658597512234162,-0.09844277972887291,0.3642881007932142,0.6703641740287775,0.09397295652240877,0.29543008108773766,0.6101368201009646,0.6070244797973043,-3.1321408219177265,0.39779675171788087,0.2868703500059052,-2.7707933765840056,0.8318041649277167,-0.0015404998565404062,-0.027720972054564648,-0.823672324860751,-1.5330894313568755,-0.9674687937488817,0.2475500860813293,-0.39910129987485676,0.23287558389111773,0.638112067533612,0.6195808068476026,-0.037484689575532276,-0.5542346896730115,0.3871003369459332,0.7714484942344993,0.5498327343332641,0.16490369366780186,0.04583680741769157,-1.9789483869483104,-1.2313770845955492,0.6817739782168308,-2.112214117381273,0.6603703947915636,0.6772012508789355,0.5666926353961521,0.6638839402190326,0.6519454412944,0.6607511306003953,-0.2421741631975805,-0.5625582163591808,-0.8346755635819233,0.47580173773970696,0.43565837465273294,0.7787742430362354,0.3369596345092191,0.5299236743317958,-0.08811027627306542,0.7508376424415399,1.1896355411516264,-1.841167293318936,0.7248278679127874
2020-08-25,0.6060110287170519,0.8240095024604587,-7.11569603906205,0.7195545001106937,-1.5888565427902626,0.7180562519977914,0.7058446188573249,0.7169688660608999,0.4389212151161499,0.0755604784256962,-1.3552946074359937,-0.029011618205728878,-0.3704239543256412,0.7404312951178083,-0.5427187977422756,-1.6438573101880731,0.3241176215308756,0.07688173146360011,-0.3665662568816547,-0.06121307660588454,0.4128398637313748,-0.126313087868393,-0.12065801520096457,0.25551992683744196,-0.7663179345433884,0.8216484492136547,-0.6652293139530978,0.15050639365875015,0.3192441495357608,-0.4899804355355998,-0.9876408742521455,-1.5249419547581953,0.6424421647245022,-0.08499875111872497,0.6700736410246125,0.4918873629162831,0.47089945534133315,-0.3482965982277756,0.4875342171830061,-0.10670616148981939,0.6934370428004107,0.7635264321609352,-0.6746282501116658,0.7270972500136283,0.1602291968250704,-0.3737051664962057,1.0090044490671484,0.4655213610491129,-3.1553365277074916,0.7222237439681273,0.6089605575916172,0.11280672702960927,-0.9855045846598975,0.6550258075400627,-1.04298149319772,0.3837597112510634,0.3035446648408682,0.7723855507632267,0.4899455582084395,0.583377726176735,-1.9830418999981716,-0.8013982076646938,0.24612232841356518,-1.2612206191699156,-0.49944888126389325,0.01706146000843832,0.45963835557912314,-0.8564559817500306,0.6346730195588047,0.7586126912193549,0.4787830558858879,0.5590004973220714,0.6897278016937308,0.0964550502838938,-1.6705982403594846,1.0612883894583673,-0.8777994263602925,-1.9337869181447855,0.7905616246655399,0.15948850934496647,0.4985498678015395,0.4928710592422029,0.4290157179030997,-0.5294943830001264,0.34831293898513993,0.7820434440420704,-0.10044093094266085,-3.6178525445757956,-0.5652445734460508,0.5937345794893173,0.6011231516450132,0.23014325449003437,1.0198340430923627,0.0704646868212292,0.6484796842373165,0.476598974721087,0.870468331654014,0.9087878963453344,-0.716664196985893,0.4181175897986862,0.4336418319232344,-1.6919339081536655,0.15796768274248393,0.0965481097567547,-0.025402466682236557,0.25146998930875325,0.32603303346676005,-0.26412328211005986,0.292126403271329,-0.1659790819688017,-0.3692807450698234,0.4009905252444103,0.5056477277745489,0.5062889687819696,-1.2317267106813676,0.8207246760373549,0.09658278947398839,0.30327479597383794,0.4705771118047014,0.47235924749734515,-0.5900312371784265,-1.3386765582795042,0.5062889687819696,0.15632207036749965,0.8284679316491502,0.5681417556468215,-0.0718371251620496,0.22522928313774315,-0.9808430982468063,0.42800751144016497,0.42852557977672534,0.35062276693878064,-0.5959406163229238,0.7959292312742298,0.46343511665613935,0.6316906344221178,0.503593053299867,0.161651191552436,0.45382635882733924,0.7659065463398371,0.5925674029057212,-0.1467798311781966,0.9586840039671873
2020-08-26,0.1320332984208781,0.6931854871872821,-5.272427212297246,0.08146306340637495,-0.798920083158766,0.7946998744813865,0.8268259270048025,-0.3375635484297712,0.5203822708495951,-0.3188664937032776,0.12152354977379219,0.21710833021688347,-1.0699471937215541,0.08222889453125817,-0.7541857660586597,-1.6259424466665005,0.0912244162302206,-0.10928166223790255,0.3916010530971185,0.3938148150874058,0.6526534645150007,0.5322001332770835,0.046519524902612346,0.909287128340609,0.3811551520827019,0.5254901023666789,0.19253949597288988,0.6123731247207211,0.88211340766269,-0.23944563138526234,0.19236040586833142,-1.7837741280479056,0.6154887176390188,0.028190687478255344,0.5926039370974278,0.6172047218492265,0.540103950147111,-0.16464576940177145,0.3358345643294189,0.6023787617004333,0.09636271640465514,0.6073810188320333,-0.6170066271913087,0.5730978728319704,0.6176666250112033,0.00855932439067695,0.6065901353671727,0.44940538690463244,-1.8653331331002572,0.5841883923483947,0.7879171071087853,0.6019776954015001,-0.03988169720938033,0.25565002181221314,-0.4928542639865664,0.7497426089500293,-1.4449132267230098,0.5166387357463712,0.8882395879557824,0.6066210387123856,-3.359010054235513,-0.9622450538271875,0.14263315236611768,-0.8466701969173014,-0.8984522155047638,0.5688022649277414,0.3152469358151059,-2.4892413038261565,0.3820398583405415,0.43741982236669275,0.7624382972878346,0.6795057600772244,0.6470524146733488,0.1964523382702413,-0.9674850349759044,0.5601294579766772,-1.5936659482567224,-1.7824828246904123,0.9256768295390416,-1.2238960956097533,-1.0824265590203783,0.3843115548112093,0.32656596682624806,-1.719455603122668,0.5908590664198868,0.6000645211279471,0.4582608280128644,-3.1545393576917697,0.5993714307011734,0.7300892923837644,0.6121372414929065,0.11666217436196083,0.5218387006350036,0.5174158733560976,0.5814649646913057,0.653085667597195,0.35687914517632174,0.3093431121865805,0.509906819000609,0.5575624080312076,0.4229564997846579,0.229681678812787,0.646215579480347,0.5477315993932172,0.3221167040666739,0.4187679680210601,-1.6677106796687455,0.3750040558361069,0.38611175690070587,0.3689049403984436,-2.089328783639938,0.5519235504836724,-0.22421922778456702,0.5626435948506799,-1.2734108132863116,0.7378438680958516,-1.1858116130252168,0.39939247539894557,0.6107779552845076,0.5798208447281896,-0.3468154569809158,-1.0956621777520943,0.40442122544985143,-0.38604102025080517,0.6022373459482615,0.5238330781159112,0.28441470423917237,0.39532421116142447,-3.34221166969625,1.0235162489808063,0.7367367540291219,-0.7308936198466401,0.05210572359514897,-0.7296221928401792,1.0304009587896272,0.7763381338487451,0.518569884543172,0.6077584159018552,0.8647396088221102,0.568800491845989,0.7955860477438117,-1.4663536468439617,0.6101217015944758
2020-08-27,-2.664389794695659,0.5402339251652635,-3.8010188096687645,0.3654818739261221,0.24263705040819544,0.5360637350189305,0.5674114642761745,-1.099860095899032,0.5285050247412622,-0.9756544229524516,0.22574692015953887,0.1674534614826127,-1.2659315878406259,0.4496228168183823,-0.16358334624543,-0.7870471584548168,0.4146867034990919,-1.2011432606738621,0.29021761504769095,-0.4477684200536087,0.8798764267281869,0.5497655367001275,-0.25876868888312765,0.7069259529541418,1.0139839758020859,0.48854192347194314,0.6372420346779772,0.31665410767299057,0.6301849814351865,0.07884112246398094,0.41266837839176695,-0.7129959757694344,0.21888251808606485,0.36665616691144953,0.5810324831138673,0.6594792767473723,0.37147279106273795,0.31961502392270164,0.45812989307896096,0.20708087543021841,-2.63313495149607,0.5248161060537838,-0.27940309550144266,-0.2867953191578045,-0.11474001673532923,0.5281406254549734,0.6701678916102582,-0.08270935362911987,-0.5831442104000508,0.5408288330474318,-1.3166562823127508,-0.08672657506863447,-0.22157677004348802,0.32469547632922524,0.4057576295484995,0.5090589677594992,-0.8039110553346078,0.2385399028229839,0.6869647343607634,0.6374872319327956,-3.2323003800090735,-0.5088860734782971,0.33361274902028487,0.30987563144668545,0.3596154550617077,0.9373557989535162,0.007236418514782043,-3.4460351282538797,0.4511471789519366,0.4924414259792845,0.8043569149172266,0.6364196453324936,1.1783736437348147,0.02558755499725631,-1.0002558345005745,0.5176756670835941,-0.3541222499636685,-2.2361633223437973,0.5084191984791682,-0.9047387526736841,-1.3229189957099516,0.19625696293648096,-0.8258131520410519,-1.2182359363741457,0.9795475891762667,0.17333537041379646,0.13751758794023358,-1.8442803995873163,1.0947577348271307,0.5328074208172338,0.546682358459509,0.47650662000353167,0.5263841968158456,0.2027525158611378,0.183152000178584,0.6642001545291399,0.3383137564258353,0.26275829791776784,0.5970621262070701,0.4010259172851908,0.6479306766208102,0.6882481848801488,0.9770479448472351,0.6586386475459205,0.44667601249439,0.5320861790660076,-2.908863668713406,0.5346915118386332,0.040006864409337095,0.7792565551477846,-2.20346793949635,0.6520184282831702,0.13910827867200823,0.7882240174574966,-1.5331075080291319,0.7556213720622866,-0.9003828530774431,0.7725796881100528,0.6556744101067574,0.14461992968905765,0.03599320069424466,-0.08582951978327766,0.5903582225916745,0.1164949935383,0.37672946005397373,0.5310156595209538,0.335904842636946,0.41753547245735706,-4.3034754014559535,0.6221928513779232,0.983413822270982,-0.17683430699932748,0.5201664200357687,-0.2656627009103357,0.7446069407880693,0.7561789370206898,0.3301751145100312,0.7609655147288308,0.12976304607440967,0.4589263363367337,0.5291336060733759,-1.0680536674389136,0.5076744893305121
2020-08-28,-1.4167851284742772,0.6601739749968696,-0.32184020771689625,-0.24268662750415734,0.5333943033039701,0.490534170577644,0.4573363165288066,-0.4684027976812681,0.8303431361257723,0.25536373500751897,0.6826273119259024,0.6312642661157278,-2.498529313754495,0.6291932636168392,0.37358625177702726,0.1326210610024813,0.5312757775615041,-1.5259927358385803,-1.3231220802576058,0.02230232960054472,0.49161651852714344,0.5593053305251389,0.4801913096021549,0.1363336760037439,-0.5728738414936155,0.5686359524362273,0.8524653749475556,0.2907109579651748,0.768264276799531,-2.0317340918888216,0.5986072810176208,-0.5277739898640681,0.6138753517600968,0.7470022008786146,-0.18576464394941367,0.8586463987367721,-0.42484515288650077,0.525472784752002,0.6999383887679278,0.2934124502807657,-1.8206070378914876,0.9041710791528533,0.5460694468225524,0.23538088240267538,0.3877198245122445,-1.2152332208937169,0.674904673898036,0.2745264587629151,0.06606793150419106,0.8584819757161273,-0.8340979967624298,-0.5455921216116588,0.6221902578739859,0.5769755393766509,0.6257991875587819,0.7374116197720557,0.14677397095237565,0.5109859545363387,0.5833652522097572,0.8330566589081286,-0.8945004985100546,-0.9953705123528671,0.3054332941255544,-2.627138434685686,-0.7472631777802414,0.5857950667890395,0.19302836171649385,-4.709826932190464,0.33324967017720425,0.7039695849684522,0.5874630756344538,0.5295976053818287,0.6337571458187169,0.9637283513590842,-0.20713116051492497,0.6433354710333401,-0.6546886632730404,-1.192833485235012,0.427158839638782,-0.765909812260121,-1.2759317500910596,0.5158149612737838,-0.3779946250702272,-0.8106735532513905,0.5888283299602242,0.32447884739400756,0.4980251363374439,0.1942190608411233,0.6496206128975988,0.6375367011736744,0.514350716122666,0.39850629233761786,0.28328638884796276,-0.5039336125466749,0.3081339152378157,0.6564936362061932,-2.4221351356165193,-2.975609800641009,0.8629478193594047,0.7388557187758018,0.6228759914982299,0.6287871689742668,0.3600502337427769,0.5438682045537567,0.9813737491485871,-0.6640745698035989,-2.7955038312157883,0.9348159096381052,-1.7188842207279615,0.5920969555597122,-2.2687618154649143,0.5332905551490872,0.3389703783269214,0.6042636924932877,-1.5682040717334007,0.8403681871067044,-2.180091858293455,0.6102934305242879,0.7007302227710549,-0.8633912082888819,0.5557820602920799,0.5743758243117595,0.552811989221199,0.42380655129728534,0.6375367011736744,0.6774652034087361,-0.17607395229868963,0.6017344040016718,-2.580971921494368,0.940075222914987,0.6296288096736024,0.5405918416410865,0.7233941995438876,-0.8032156709570045,0.6168768127153271,0.11734677346248505,-0.7263607313566119,0.5767033099607625,0.3027972132109703,0.5966659188576082,0.0743577562493937,-0.9645822573423083,0.617213511533249
2020-08-31,-0.5253106312502159,1.1751603155708137,0.1415069773567508,-1.1212251622814413,1.0941191018771987,0.95333909777603,-0.2110515158045292,0.29809571160814174,-0.2062159683865267,0.5923189651539609,0.4266538101044553,1.6619645222878068,-3.140993589996404,-0.06677337374708278,0.9970121195679853,0.6935719084716386,0.6829147364538364,-1.5366886002263311,-0.7556374926280137,-0.3139048906240239,0.6785063098864745,0.8795445801980342,-0.012418865980382934,-0.5177389357786761,0.007535701159014642,0.3924583059345919,2.258314770771532,-0.3211903846108664,0.04692152966658028,-1.0540582740217754,0.760063784943101,0.6154810240453047,0.9241276821903264,0.548162678464723,-0.26002395879997037,0.09332094188971214,-0.4664550901935952,0.03344193881841532,0.4114509924367059,0.20919982378605834,-0.5807420328875668,0.2675829850806551,1.2249608879455203,0.3374393596437492,0.553153019562361,-0.06311344542155997,0.6716889602644128,0.4053419017711061,1.1386805583432997,0.4001923341195221,-2.8768571767471327,-0.6221321475577921,0.646000083966004,-0.1840117444944718,-0.5520504008389314,0.2568899332436551,-0.5820159544120036,0.4735990334991324,0.7120937816479666,-0.007806786008417825,-0.4604414043984515,-1.0366402533978196,1.1644383531406703,-5.226243144303165,-0.5590613400025806,0.4451332016699611,-1.2769014059696664,-4.514808796970201,-0.5010588392954904,-0.278636861623689,0.17256957922286462,-0.00802047056905555,1.0995736302653245,0.7020003173333464,-0.560259400600342,-0.15258293480390797,-0.49649362186005236,-0.8035311096760712,0.2593981526026525,-0.04039578394745298,-0.8352429652541028,0.9286797607997587,-0.370815141537946,0.11514341801112972,0.9553154766836575,-0.46592218062031243,0.23773595991225144,-0.04681188828344382,0.7574391534541532,1.3628747555202683,0.1709601179171129,0.7887255620349306,0.41785857778313895,-0.518173779348998,1.0263731689129265,-0.21246038651797397,-1.0213604374961247,-1.1128361507764295,1.0862112574903267,0.16414209560660545,-1.2148306879153865,1.2189279601351586,-0.12371178666584688,0.588254531872694,0.4102226189834849,-0.35998519710195737,-0.9040557114271057,0.0873768027502574,-0.2514731374520028,0.38701223574212407,-0.7533980851184509,0.7887796989721718,-0.47057637685212583,1.195949837165501,-0.9300186035825502,1.0323441906065745,-0.5686582243148463,0.914177413895595,0.7618002494193551,-0.21487805541714186,1.0777791612004135,0.9639748963683015,0.19182168576385744,0.13780090818275864,0.374983299375261,-0.7418419626813634,-0.797496929632814,0.4108471541979116,-2.4123727523793677,0.039926727789969856,0.5026640584918372,0.37570485239902013,0.39751418404725397,-0.5626323005670657,0.5930487824840907,0.775678785352852,-1.4153858568758617,-0.5461314539675249,0.16311719953911916,-0.5259610008262063,0.1268650986645383,-0.6205062633109157,0.8570740647712
2020-09-01,0.6628054584623821,0.08122578564426432,0.18026723609856316,0.5378735996260892,-0.2840571844168492,0.0963973674761355,-0.7445419433763298,0.7597115088810321,0.127825337811941,0.016145435116702127,-0.9084655940467228,0.11945094166558803,-1.843023993293885,0.41231722075625993,-0.11436337916209673,-0.5675765464386455,0.11121373253340688,-0.14261507683056404,1.517279360385773,0.5233053642695639,0.004760376071344196,-0.13700319488290094,0.10379220587249086,-4.036657809271303,0.25724080313587894,-2.6819398323730934,2.159467313546584,0.34878601652448815,0.0905582961184345,-0.2221945572679715,-0.03640850140396465,-0.40588379368141203,-0.1794182436872576,0.6173800409979229,1.2930579398108601,0.10806419239299953,-1.1204362928105822,0.27539730347577324,-0.11557689064275425,-0.8052323314699943,-0.2772447019756267,-0.023104580563810168,0.0006803059307260001,-0.0465165901489934,0.18516074465592702,0.9225140235803694,0.138673499732706,-0.13914731899951924,0.2276146774047075,0.11064954473223859,-2.424625234330007,-0.8891688209629254,0.14233544607462154,0.6465734623965372,-0.5664874450148034,0.14861678957985733,0.459219094239564,-0.5354355421165569,0.8716202123490601,-0.2803260808549821,2.8289247286737598,0.20001187321599723,0.010233625395374214,0.25724080313587894,1.1479115894487595,0.25724080313587894,-0.9248673603891455,-3.001014488370067,3.1457880619249554,1.1413934167632882,1.2804260235099452,0.5292608657763612,-1.0448953725787042,-1.761302424505849,-1.5647176783119767,1.3230178323178423,-0.4455278011443985,-0.3712591640375787,0.10718720568257564,0.8007302805167585,0.18199513045164628,-0.07177480436307695,0.242280231373355,0.51075352632705,-0.21739603103242047,-0.40917648720682065,0.12420220294996034,-0.5447984584320974,3.106895697773746,-0.2075342249533786,0.17147542543025096,0.10824881615275823,-0.4031566134921607,-0.6425322205844409,0.8381590192532961,-0.2866974993721886,0.025383733401050563,-0.05941525087480438,-0.21915204830080598,0.6586818943831126,0.8287747818189407,0.12661086914381273,-0.06933188174775068,-0.2184505712485595,0.06843362885588523,0.8212266462364982,2.0317027117570214,0.14297292697561503,-3.841165596162334,0.06717145450818006,1.4526013142635383,-0.7385941639906002,0.2129624318681825,-0.3007055846990254,-1.8361214087756976,0.13179855308150987,0.18299196413527857,0.04449536971993614,0.05748821264889315,0.22506084798364284,-0.15359852654037984,0.6901395484215036,-0.546796116846116,0.08097780298740612,-0.938431324391967,0.20868579412487032,0.6560145763996665,0.013164165667064333,-0.7103065677127978,0.0002550990298252629,-0.06891168092938608,0.01751405096603881,0.6866667619867304,0.7339520989919632,0.22579023233680143,-0.12348351322718268,-0.9781707802489975,-1.9481461019582156,0.2517354758346605,0.24148766981431016,-0.029111374579730964,0.7439936270891921,0.00390256004141216
2020-09-02,0.771680398795897,-0.03278570409021956,-1.335655565850671,-0.5654926440884469,-0.22669908846187678,-0.30075242259396096,-0.7463721329667528,0.815964565888106,0.007116575728429305,0.6944438831195406,0.5864267028923296,0.7415368414586981,0.5827192546673877,1.9403692419427252,0.5059758323127663,-0.1311138540653357,0.8884578430760964,-1.0499551014055803,1.1365097213964581,-0.4781481394870303,0.1434197186835658,0.4170985266692283,0.5099630849449374,-2.7188131031884786,0.034057244429336754,-2.052175128937918,-0.06653973677667163,0.005919194193593996,0.31958055205062846,0.10183750945632104,0.43902100956124435,0.07220572755370139,0.384309880765358,0.02757765295695979,0.10851829083447358,0.21875948257639968,0.5484390186664884,-0.20130524202712294,0.3503076351714351,-1.0530649272193944,0.5971073686993784,0.6087585586881962,-0.28240077197471947,-4.093095242113915,0.2455493585892477,0.15094449766075418,0.21482693163886846,0.5559222001102906,-0.5791358243328998,0.7084432056765694,0.06671779721035057,0.7701981763970523,0.0037384037025668107,0.19919534064970812,-0.0976888467038932,0.6068664180710694,1.579147101154652,-0.2558790022947498,0.7587178927351228,0.7073570029831797,0.6029202819218897,0.7652421992422835,-0.25550986626147676,-4.645015623573287,0.7106859593255442,0.0009299226426996713,-1.7381315967965327,-0.5780469084343726,0.4429754515362628,0.7144344687962467,0.7257591291916133,0.7122071205412213,-0.8794224775567479,-1.7241287614813854,-1.7451708068654452,-0.43766434193557235,0.5624620383749466,0.7665858405521292,0.6948586250581413,0.4786692617905856,0.6120074192555551,-0.06386438111905966,-2.0101871520979606,-0.2981165690439106,0.42420687408259306,-0.0357765437848727,0.6139557502493651,0.7272857243578069,0.7374496935674736,-0.41066089955720503,0.5488574324602166,0.8185377901756155,0.1277744105879079,-2.151015963862988,-0.026389331076708867,0.7972934384645578,-0.1618759064081819,-0.318540428200297,0.5585898722867767,-0.32691830434655134,0.6161627594402552,-0.6393023937753004,0.8243804927675927,0.5378883152449706,0.745582983839468,0.7938845779514601,1.5776295887259268,0.504534625030098,-1.802407301056333,-0.2571404870152866,0.32191057877714574,-0.4518581950241074,-0.19906006331586812,-1.4317454052230174,0.5072187480327328,0.4890427057994319,1.4201187391684116,-0.11688356627773866,-0.6090142578078472,1.2854407901217755,-0.858701264664944,0.7780267022470854,0.10464208913684317,-0.5293479260431362,-1.3075933317256565,0.36086305145691194,0.7174564144178948,0.5870720699699387,-1.6469259429057739,-0.33254251305261573,0.5762945707826241,0.7240983990568579,-2.760456895353588,0.7516462304910525,0.4212984930961511,-0.05180031503528566,0.7395866793765664,-0.4052729666439447,0.2183993733073071,0.4093724502162062,0.7885689705772657,-2.709903499254765,0.11294991790383983
2020-09-03,-0.5058805193299738,0.6743326012557366,-0.47857121918159706,-0.3308517603299456,0.492728974508896,0.42437100596765504,-0.09811248753383404,0.4339783082924607,0.2945612843364184,0.09011054999228392,0.013281613067788963,0.2417712766853323,1.3025518621002141,0.7201625204061339,0.5799970431218907,0.5118836893350771,0.7867992660143367,-0.0014492003260272296,0.7488045788207796,-1.1517947612285662,0.4926068012082057,0.3811811801280017,0.760510474597829,-0.300692970768881,-0.4830558153645925,-2.2100508680392394,-0.11877302085938209,0.2596884871717855,0.7197202615667632,0.8992761761288628,0.6466925499935193,0.12672041351079882,0.449546977695797,0.36220698766983994,0.02425763469491532,0.5969250576715242,0.38820590381264825,0.19829758582002427,0.08657820970813047,-0.004112703535780338,0.7447779999007931,-0.0043232299777396935,-0.8971255620536057,-2.5302474340306156,0.7265683940181291,0.4320309427395316,0.04255614352655801,0.06483506965653325,0.1729880839091438,-0.03040041673002035,-0.4585212514174998,-1.4641108567368297,-0.6089726497794274,0.113110620931948,0.2952099472125738,0.5343153852648457,0.7784684574169458,0.5170545854304245,0.7514625294755852,0.687958833469231,0.6175862112773086,1.3443672933200732,-0.016346447475968588,-7.042528867837958,0.6822587246497072,-0.48025363882172883,-1.5437437941924936,0.6385451630120954,-2.9862506774775355,0.26307515719440194,0.7076536105692903,0.6420445817538746,-0.4143654923259471,-0.9781948425705159,-1.5122140583655252,-1.0244483774870727,0.8488874400227198,0.6671900243081295,0.4728276664565306,0.6644724766760916,0.4927822235572639,0.17864862064781287,-1.2190435814558584,-0.4252793183158988,0.359744328700774,0.1468724229885439,-0.11383617789715984,-0.455603744785978,0.23150198001229536,-0.16355319270085722,0.6299372180681423,1.0314534136076303,0.27794686261522683,-0.6423024690994432,-0.09675886650336296,-0.09913489315592457,0.729464552247166,0.7268586821335609,0.6666340396240595,-0.13565100081716777,0.8701005732016499,0.6950820422311175,0.8943568944110638,0.6283065738336329,-0.13412334722311356,0.9128887854895819,0.9124273941075036,0.8284061416592476,0.3804351770086567,-0.16488900191890896,0.723991578960355,0.21234800455781142,0.33505374934838283,-0.9741186634927449,0.7207886540260195,0.7087988527944691,0.7062147358268991,-0.46832971736827333,-1.0075241644742858,0.47327651449926944,-0.21018576327652697,0.5793873831594047,-1.2765713171257185,-0.0035342932573775047,-0.6155949242101594,-0.05664309629695257,-0.449608820790403,-1.2394378363472573,-1.2098768292159474,-0.4360000556566874,0.6574236374723074,0.7184115310293089,-3.572192796487472,0.7480126857240028,0.42740038688258736,-0.499441426894944,-0.4012283870831364,0.7995285154259615,-0.388520079868459,-0.6074623275357771,0.26539688806533196,-1.8911206906231743,-0.15491595373580697
2020-09-04,-1.4157402699415695,0.5614415737079008,-0.29001335693282326,0.18404968394099688,0.22275185620236512,0.5630300233354502,0.2032435427588553,0.6390733936666586,-0.11769620807003556,-0.5613578279061047,-0.13199072027492129,0.32154312665474133,1.5560175405768115,0.2654953965371589,0.1701230774324979,0.04601892216044459,0.9223688751665833,-0.7266562603562198,1.3192407889616335,-1.1405529185518555,0.25120349920684437,0.08382118088078173,0.4234718936757836,0.1301612635528772,0.1286982017419754,-1.6119486252506994,-0.09229912335571393,0.5737872457992536,0.43337664680206683,1.291897092309222,0.16989580388440842,0.213595737522747,0.15925283348533625,0.5000764602226521,0.15647700593664596,0.29814439743618854,0.3712337276471992,-0.02797994582097425,0.13138906618436516,0.04173849104711573,0.940937508618152,0.17323135797162093,-0.7044042279644859,-2.089269977569382,0.3444038483171664,0.711701143438381,-0.46940729554626837,0.16264906043739905,0.02287274842423078,0.2218681053507756,0.22378468270434476,-1.2344656227890674,-0.5606392089401006,-0.11641322652096747,0.2495980345569168,0.27979715719777354,0.5473842404712871,0.1522411582649979,0.7258608777405674,0.246653760553614,0.9037160321325715,1.0822818041704154,0.3951110683108091,-6.972562120036058,0.2020588943704431,-0.3185958136466982,-1.3568502034707646,0.814789791746221,-3.2143594197655263,0.23182830346388292,0.6297088514582365,0.8217783954029875,0.07715417677074354,-0.056761896964465514,-1.5045964821659188,-1.5774580300851107,0.6290995797081712,0.8858963568055476,0.34899745340213445,0.5136440324042564,0.12865308268721765,0.13546183562351716,-1.166581272182234,-0.4602968275338416,0.07264924592209204,0.1464124371840171,-1.2589264558215056,0.2141483255946427,0.21896252104448663,0.07886277099090469,0.17604652129730392,0.6014930517239443,0.18048083367222606,-0.2045105179172767,0.23928926516564908,-0.2939985757891295,1.1563772090458826,1.3557413698179763,0.803300079212198,0.23100458639055244,0.6825094472854524,1.0463675888946948,0.7841716242682213,0.7719458385425659,-0.36564324559161104,1.0231970714449277,1.132319514581437,0.8801375643493724,-0.1296136273156524,-0.5188858471998704,0.750129340303412,0.016346173633932266,0.3213934938071514,-0.38553824236052664,1.0455453416057467,0.6528901910083408,0.4872907934152225,-1.0894081735382144,-0.6170401342007464,0.39045418954656674,-0.7324573280954665,0.9355376954919936,-1.2738921417396958,0.2532319547491753,0.10906651782668153,-0.2730572680455821,-0.47265565075459925,-1.103528251394626,-0.7567571815857694,-0.6501546822060149,0.2654117000764649,0.25416986569068656,-3.3918161946469496,0.8288055066381836,0.2228601677985184,-0.3372227900068075,-0.03886841739374149,0.9972275708481235,-0.346585679311013,-0.3239327850241998,0.47973928048853903,-2.614247350615638,0.15633908189824844
2020-09-07,-1.1811069620977364,-0.10060810597491658,-0.006031671423183759,0.045192882217205986,0.3217814783513007,0.04132309907587285,0.12805395010787035,0.6709544008703572,0.10034834352618087,-0.3943449218240606,-0.4299858572250926,0.637338232335915,0.05746998537208493,-0.08746112672062821,0.18206411860201818,0.9471496609979245,0.6997405450107063,0.08850700833192987,0.05637784066530845,-0.10152934192642275,0.33376778526115275,-0.02161583227731965,0.232509591883914,0.5735823590872983,0.1957239570092675,-0.9677057238283228,-0.7703773798292637,0.3715907859245741,0.07850017659481973,0.5596023261100457,0.1427974204774668,1.145172449325347,0.45183101677338705,0.24083034005052908,-0.05351397664205352,0.07454057707873545,0.5980788116892157,0.5466544679694675,0.03268689623365813,0.346508582931798,0.6601599671888414,-0.5228036716633278,-0.4224288533919974,-0.11283475804757694,0.5723955072672088,0.6962182507187737,0.3287005074798833,0.7899148860017793,0.18107659819086255,0.3065436248906143,0.7527548941009047,-0.8058001178930243,-1.076016445711006,-0.43782424237240086,0.3589999428237248,-0.7571014826906881,0.7275613852919607,0.2468104224284069,0.10174414692522922,-0.35109457288712637,-0.3607094152792373,0.09851582302593308,0.04468876112773548,-8.018064120819806,0.04341363364354466,0.05044167431678797,-0.05178785164338436,0.4912979536205237,-5.924351267122197,-0.1699586505440358,0.19502488283599453,0.019872155628892007,1.030482781205385,0.004916442386307637,-0.17490665813966644,-0.9256465300412906,0.369139295521558,0.26637149488839146,0.4564661671539412,1.1243853383942073,0.9004381127328293,0.7688639995033877,0.07954711116666469,0.4351417915595218,1.4849961823684528,0.39768951565224503,-1.4335828062397045,0.26905250273454284,0.17362705631636033,-0.10897202857191395,0.11217224501756543,0.9073816480676848,0.20249782771166294,0.20910748523084693,0.09328569149790673,-0.4654269144986473,0.1118774318987642,0.11596781824084444,0.8793048455119974,-0.13797182784970266,0.7232200035172431,0.4474964980223948,0.05629222288143587,0.1782553646656134,-0.4551158406029018,0.08096070025401836,0.09374590856224746,0.0678009564244172,0.8553361422612009,-0.3235029074781403,0.452598514255521,0.11596781824084444,0.09588616099553,0.059037925871181264,0.06802877788082341,0.4916429394253809,0.11596781824084444,-0.8980229221093614,-0.037482099549262834,0.10401799442927086,-0.4327243018536811,0.7770116251837045,0.2953191761555161,0.9173502752911565,0.09566980701734486,-0.9656295977499376,-0.5972761859078883,-1.415439948500176,-0.49899679452235973,-0.3124777880421102,0.25464539748319676,-0.34883036750929286,-1.3826542622157834,0.5662796443268678,0.6259230136504877,0.2035309066147747,0.5136008510095943,-0.025278915744888726,-0.18661266527165277,-0.6439580944877863,0.4422043645861485,-1.4365671424770627,0.6748152498177689
2020-09-08,-0.1953323159580238,-0.440448448931259,0.876836328795569,0.47297783912438085,-0.45954117727986177,0.024387830838928874,-0.5306333122403125,1.9659767881698895,0.8176144796635404,0.2588151019443977,-0.665995089956144,0.02972652753305175,0.7605050035633335,-0.8678295591848547,-0.22309791972390397,-0.38816164858234237,-0.17774257721101525,-0.1896333179063485,0.39152243411366927,0.39209213411870103,1.0014433282249597,-0.5001592702412776,1.2001483841790075,1.2829719644769655,0.8062557982895288,-0.5962317730600544,-0.13919952811069913,-1.973448498833819,-0.6468321008406889,0.9017526207905144,-1.1827739581115477,0.5076088626910583,0.14368740116500564,0.30471256115163203,-1.1981082801269696,-0.4751125135126844,-0.5459939301285455,-0.5452946156464461,-0.5263127347580109,0.9290183750670137,0.1723042348180055,-0.5349420878758299,-0.2665208926455817,0.6479843794888325,0.5843759565680319,0.2597343038372014,0.2343013108709768,0.10929709218428091,1.6407856627135664,-1.836077855088562,0.955415851768345,-0.35952093021704973,-0.9975005882215575,-2.5400100826632546,-0.4819996769599595,-0.6999878151541279,-0.4732117386458537,1.5501737083785063,-0.9426346726083913,-0.6344705859212403,-0.6949815075387027,-0.870158708282045,-3.0216659381378568,-2.007150427801339,1.8491036452802299,0.5005985246468238,-0.8557456079322253,0.23119010475312352,-1.4535765153034375,-1.541385971722621,0.4053248667341687,-0.5554814040238438,2.041307299930526,-0.24627849150386355,-1.2781101539870032,0.8645896146752385,0.2081721158964072,-0.4792023800952794,0.38257685791560775,0.4411275539249031,-1.0486334859239281,-0.14710291616570675,-0.3076573625192808,0.30071415796000506,0.2893343242173085,-0.08549573630333004,-2.0310839257474496,0.0831923243631169,0.3006596195941351,-0.08875927646746617,-0.32087794853560847,0.012745910883845808,1.6873063309269343,-0.5443245541264647,1.6994692586328175,-0.5633393881168312,1.7685793081152252,2.261361649308823,0.5050470483623158,-0.46943928942095575,0.8830367408507143,0.003821958599015512,-0.47681041809378133,0.895577830677247,-1.1037135450015048,-0.45954117727986177,-1.8238520272076684,-0.433201867797376,2.5258474921563328,0.7964890598454731,1.4718348355868904,0.46632052911170524,-1.2164271680368721,1.7353332193622713,0.1648766552370508,0.6429853299361956,1.4063967098337584,-0.5763468646668048,0.3234397370994134,0.5907433802638735,-0.22777968836106846,0.8530723473340729,0.18411625592111266,1.5318442247886646,1.7713165277147616,-2.165261741307846,-1.1128249279066875,-1.0445978923256622,1.4788921696870139,-0.3107474183011476,0.7437074386153804,-0.46241938408218053,-0.46414673263871886,-0.01540188760639869,-0.13416813113464118,0.448347804064095,0.3052122020010948,-0.2765167447221155,-0.08739388928415982,-2.0237858110427522,0.07772409248643808,0.569079562500518,0.33530491847421734
2020-09-09,-0.33191247246511923,-0.4823725646830498,-0.3747310641823983,0.17855867867084518,0.27243392562775387,-0.5616116621577844,1.3920624046365644,-0.12040282948259555,-0.8842203525139786,0.43687540646726913,-0.8014446991723317,-0.9277636511295413,1.602309138714944,-0.4948489550556482,1.8257543377701597,1.2090341553721888,-0.15534955696624755,0.752880064551068,1.27065963570393,1.040284606988843,0.7273627134677746,-1.1828729569888952,0.5203486056930965,-0.2800441068661877,1.4345520579560185,-1.4204943115897921,-0.1120110485998488,-0.7241633047086655,-0.44479358303242855,1.2487035695616349,-0.633203078171458,0.3004633757382074,-1.318127194707259,1.2019309138212744,0.1867886595657722,-0.2311450403818445,1.467962674246845,-0.43362568153478187,-1.0328383523215212,-0.30639039733111945,-0.051725106351204884,-1.4744089424158564,-0.20788683950200282,-3.8913162659067617,0.6872979447639955,0.7700259716756797,2.284269935238054,-0.7449338000138186,-0.4720171170045228,-1.981333525878438,0.36854757844112285,-0.31365521000389573,-0.5227561080913098,-1.7057514677675656,0.6109435643584279,-0.7436439078983732,-1.1471947361999337,-0.3043417891468666,1.06721035409262,-0.1581605536079761,0.37685610210031034,0.6501675417620608,-1.7832060593939174,0.906474461202976,1.615564692825867,-0.1511343034254762,-0.3238891965896872,-0.20577064635752365,0.5742245668659135,-0.40232462138326597,2.0062371795623313,0.7952630731448652,0.1825297258465028,-1.2709469492733865,0.09437842219687452,0.2289686876068284,0.9343002419747305,1.3489014527116208,0.33772720387071553,0.7755757699874409,-0.36881073576400303,-1.375566174761028,-0.5459214396896721,0.2512363135068655,-0.12269342485013919,0.41018097385108043,-0.5825289076450869,-0.6021864767171102,-0.1654422320021451,0.9234325410186827,-0.6129938898493911,-0.22448871205776996,1.4063490303201098,0.10657820016325845,2.913135434281989,-0.5446201250101308,-0.41498215865881144,-0.4744743851327852,0.04771424908097182,0.6155797190980972,1.2315557647960353,-0.9897826342094079,-0.15985847453733976,0.2069903011166447,-0.9917012318399886,1.1776224812963236,0.8068261406930655,-0.22646025275908924,-0.3024376486804186,0.569422427853489,1.238659707631906,0.6676273815523581,-2.7055931032653877,-0.3404987801735417,2.550391723571968,-0.14110926281362998,2.0074963978918645,0.31450418387368567,0.008069697953567106,-0.31250674989819766,1.0860726372397307,0.2740888078330168,0.2704172878016018,-0.2218100713758842,-0.5686222054147718,-1.0238345940743458,-0.6237502821739046,-0.13041744316897785,0.7676363470365845,-1.1537169421259417,-0.17502783565942556,-0.777802886192541,0.17627497794235297,-1.448533242362117,-0.15147695419421267,-0.11054752168517369,-0.33496995759918907,-1.4903609219760887,-0.7735720835697767,-1.2399345267735087,1.129433770416228,-0.9356674952264069,-0.36626011846543843
2020-09-10,0.23871489354983202,-0.9124796087118463,-2.682252638376577,0.9568236319166146,-0.2456045149187231,-0.7429537420042335,0.6189923646192859,-0.8588924736128085,-0.09166382515370786,0.3286119394282044,-2.221290447883228,-0.13569566443559775,-0.05701408507942649,0.23445256697580036,0.43571559732591775,0.36037828616097256,0.6567170758330966,0.1400191926498215,-0.19422059524336324,1.2909051367042679,0.583735248701451,-1.6157931919199144,1.110298087758523,0.7069750984993118,0.457503450692608,-0.8726904569490711,-0.17604791122101499,-3.4500013640650846,0.5937775287990134,-0.018998776144281936,-1.390726739110618,0.5990994903824529,-0.34324566264481743,0.760830044182252,0.6216057357049043,-0.832572461760903,1.6350748940766169,-0.9381830189343376,-0.5392706355402621,0.4686723152037779,0.6293808824889541,0.12893974927735277,0.5588894200840707,-2.0272546799268736,0.6025290313282576,0.6847565910095392,0.7745775490793484,-0.06416949730805706,0.3750715584923403,-0.9933970190155501,0.5080897489552091,-1.7596406672716098,0.08829479247646647,-0.6378367500653052,0.8953179467884292,-1.4973899479527222,-1.1954536711978494,1.6255978993143156,-1.061270777573874,0.5474130400336239,0.46944998684680783,0.5360809225304218,-2.492324022462745,-0.10687882154965368,-0.4106127427036413,0.8871954271847442,-0.002397108446545585,-0.9929405524072994,3.1836974144599037,-0.4057545021496975,-0.6261661983055358,0.5654323334367077,0.23524278001621224,-0.050740569716900365,-0.24159062429840206,0.8760463850525053,0.8818196377797026,-0.035755741714833436,0.26297998639573217,0.2949648297532772,-0.008415273207399198,-1.7774928380528223,0.10861179407634039,0.6117257219060727,-0.8973371827142516,0.7308768525611404,0.41694261933820215,0.5438337163604644,0.4427213063174853,0.43814909584152467,-0.17447704041340795,0.2041702736091031,0.4251013530461422,-1.1070358008154826,0.46261560895567155,-0.1347507318185918,0.7458110447146467,0.7819036520197067,0.6173708864778362,0.5600566909961805,0.47736697979104925,-0.09363025755002902,0.38427322089206756,-0.3830823291836037,-0.7888536233833481,0.3995474721209498,-1.0131970446095455,-0.2809734109919441,0.5037637945532963,0.4327737279903857,0.12033777897625833,0.5470453332488361,-5.450177745242621,0.889336090090171,0.435571866053368,-0.13694982085889132,1.3499409178430954,0.03498052516662103,0.7022117160678318,0.4930714717071388,-0.3993025719462534,0.576589832125872,-0.35166015224075875,0.5827988080566184,0.5407426071018531,0.3319521858486601,0.47331782936003514,0.8053381947825307,0.023059648953508524,-0.4052645194404805,0.5239535044264358,0.09488413770183057,1.2354206167317132,0.0022400849562627095,-0.6360421292440434,0.7301370007044415,0.5383654210375928,-1.919001732952881,0.17061210577885805,-0.7219789789373633,0.4194307439737255,-0.4695860760711169,0.7507562432417517
2020-09-11,0.44279439444667196,0.6333609771316921,-1.7373758575536478,0.9073784477077489,0.48678601059429905,-0.01391566281112833,0.8186007119037376,-0.4286534946981382,-0.14190252752960258,0.29589311204483,-0.7390491862506356,0.20531703945432514,0.24866746888881433,0.636260844948292,0.7505607917262469,-0.03131683815601031,-0.9426263565599826,-0.37506838778002455,-0.34420439704229655,0.9565299505138125,0.4749048138622301,-0.8247497734827552,0.8895936485138483,1.4593147848448476,0.694274618753334,-0.6663274305407019,0.5226201112339904,-2.3520473724044937,0.20363144309676037,0.020917225553920067,-0.31967097087422347,0.09959768608191401,0.09128293783658749,1.4974835536394475,-3.8554787319011967,-1.1756033781761783,-0.5584684469320921,0.9196904123821654,-1.3493040154241942,0.8151700151621027,-0.5655447681825911,0.5847403118808261,0.9619570661404173,-1.7681344815841362,0.9658729944861675,0.3829351255164287,0.9709260962987367,-1.3595738934891524,-0.02494040477991947,-0.6674992504879715,0.7432463301604945,-1.8605181389113952,-0.17512058338297368,0.7365555710132426,1.4377842956058202,-0.9117559387182644,-1.5857503698224698,0.8109604934232545,0.12053578675284907,0.2677232647346093,0.8767043857163842,0.8488623187419404,0.0835694841016241,0.886484386755294,-0.7484502924861944,-0.9191991487521309,-1.227020870955443,0.3293922460923426,0.8310169774934174,-0.16323332315433495,0.19469489006544266,0.9263409195285252,-1.0841650297927565,0.29369041790983974,-1.3624752286204636,0.0012414929904061443,0.7030453939251217,0.1573681425206273,0.8056899307130099,0.33302425379527645,-0.25627317899268437,-1.592655479333998,0.5549429123197566,0.6990204111336199,-3.9583283684659536,0.5011490717105299,1.0342610604219062,0.032441663559952344,0.1557075595691219,0.5004120915997754,0.0963026320773203,-0.9010077224745329,0.09792877431555339,-0.6422845243479424,0.2402668942727723,0.7604808037530103,0.8492186054494447,0.7923824439308279,1.0868399248678249,0.5972713886244986,0.8456567595756244,0.4220529629743706,0.7766949727775192,-0.498446958216851,-0.6796394538155354,0.47647688060540444,-1.6108594411487975,0.9250986587912139,1.7638808364392884,0.41586735949839754,-0.1998609344779799,0.8181188871625341,-4.339950639421321,0.5897801378782882,-0.5093741499112194,0.6191926737355216,0.33818774208135954,0.052181045352783194,-0.1815050975233656,0.8556980896011652,-0.7468926199853353,0.06519284101697594,-0.16529508974455753,-0.3532050524271821,0.8625438587566661,-0.16684587584623095,-0.26479546939753346,0.5601270137857479,-0.02590858974037936,-0.26255872407457376,0.905766870024556,0.03383405054240279,1.2194596844892531,0.4283826352102205,-0.08451383212024159,1.1262347699962858,-0.052913941339938486,-1.328310855264935,-0.09339890572308741,-1.2622221747268105,-1.7702285434099163,0.7125219507023197,0.08984967788035379
2020-09-14,-3.000361145637737,-0.45640867695707393,-0.4356924573447887,-0.012067664027346933,0.907048003221834,0.5688512602473713,0.6124292007021889,-2.5808496714937275,-0.2571953147513908,-2.87047277748619,-0.04796023075753711,0.8661976908423846,0.8019740593702238,0.347581130682324,0.8545374827787742,0.9135972128167696,-2.0239434082253966,0.9427080441676492,-0.0660599795464288,-0.8430614998572853,-0.9654532539860695,-0.16311649131905903,-0.009869719098964355,2.0380692492449732,1.1573358177026314,0.5724802073234473,0.7397709496159396,0.3778105725038003,0.9555342098686133,0.4501224547196686,-1.108908966402753,-0.771675266205899,0.8205107391607585,0.9936731687056234,-3.158358822618321,-0.3630011628528128,-0.04832029154721063,-0.06459234943784113,0.012353887536554479,0.6682556503540209,-0.3375640734961848,0.9305234861979076,0.9681906271164733,-1.0204257164632407,-0.073143051247717,-0.4528701101021276,0.45522726309280775,-0.17294980442123747,-0.12166930415945594,-0.06386696128253042,-0.30978256997414305,-0.1735273432795505,-0.5829950997391878,-2.3973773625166785,1.5243765965300062,0.07221365557312835,-0.6968265584954098,1.0971600544520335,0.8536272083837886,1.0763041826904287,0.7615276867174531,1.2690338747222443,1.2307312265579264,-0.3392075374954796,-0.13684180775263974,-0.7309038555457692,-0.9808319659030759,0.6212976854043442,0.7525151597151363,-0.5882855686531117,0.6919127522046863,1.020441719785414,-1.663288346210378,0.2838011474367137,-0.44456592805100076,-0.7407002903675597,1.2871457682120042,-0.2571288537048336,1.1954735738647406,0.32011490262212566,-1.5538163503886755,-0.22040013468210445,0.8101453021802837,0.06423897050151531,-2.5329981244277953,0.2972679587297274,1.2211529821114306,-0.9298268786700259,-0.4658061064168945,-0.6337544651450544,0.9177163220265792,-0.0771070136871247,0.00518602949555937,-0.3930088553181976,-1.3409381715989255,1.0322485695240382,0.943813455484934,0.9487850899727006,0.7511959025542408,0.39335141871358675,0.7097398243212582,-0.5086447566660877,0.7687370902555803,0.02526807968875503,0.3577535661653026,0.768278192587448,-2.1728500399242017,1.5527026207441352,-0.05702553293254824,-0.3550959738251111,0.534819689339756,0.9015993836361111,-1.4535426972486238,0.1349374822743992,0.770369707157989,0.22380122750586784,0.875769090932578,0.06942002160097004,-0.795365161269111,1.31516080971176,-1.0183340249954322,-0.8803677082023013,0.36389479101065103,-0.13029732721852377,0.9965552646735152,-1.4011582645269063,-0.9075677461846008,0.0938967113799512,-0.7025043848958051,0.8415076400278335,0.7403727488656718,-0.6006534090520447,1.157115836911921,0.41975103119335483,0.20214630296524036,0.9747140620235112,-0.8593247869004041,0.22480210908595424,-1.1051863447099435,-1.9440885094038136,-1.2703397668678726,0.8733175460389865,0.5481313993358867
2020-09-15,-1.5758464246549297,-0.7049459811528604,0.9068759673285208,-0.02429059649725414,0.9962398899947794,-0.07640136287133055,-0.3612487763776792,-2.4159288233102787,-0.8837001163130035,-4.093537163889351,0.905899794073885,0.23856944093252053,0.1632010751038516,0.753354339798632,0.9228551503097256,0.2754720541517573,-2.063064119835134,0.7555068118863629,-0.07970162255676957,-1.0960195717842607,-0.13526660113108083,0.3291573774297418,-0.0033241272871787743,0.8728768580508109,1.2890046449215091,0.1765186203605718,0.36675170725240097,0.890751620222945,0.9020005822569277,0.7182059797906422,-1.3935644161297827,-0.8031039267517768,0.19102267272533177,1.2475698503588226,-2.9209026551510435,0.2957956165124985,-0.3765044010540181,-0.8020582875308958,0.25977229313614636,0.6969719521925071,-0.21525653781815263,0.5089368899302108,1.3017886943487018,0.08834976012325248,-0.6153217623211696,-0.9469493048973497,0.4839372898414964,-0.6590582420434227,-0.054706307355113344,-0.6707621539150512,0.16921222245179296,0.16443287252955946,-0.4787994291523468,-2.2163187754182636,0.9606545429324163,0.9407881755498336,-0.16509861683703986,0.9894741560097922,0.4721091660361598,1.04198438240061,0.8893803525184726,0.5804300230631412,1.2468627481769896,-0.8502892673601082,-0.9422076682192663,-1.4718293240714007,-1.332386145048278,-0.3958787300467909,0.8595323023159169,-0.6219574163805558,0.8330243596584568,1.2960188920575069,-0.8529717335812593,0.66070938448069,-0.5940050837125319,-1.6321443710888996,0.8408938603984581,-0.015529814491874674,0.9678071543613566,0.6051169609944169,-1.9603633952236783,-0.5099532776319833,1.0666770043112985,-1.1136955002153708,-2.0635491462612574,0.9811402449598766,1.3602193128764062,-0.4739129143595693,-0.5368061656201137,-1.853261652530267,1.100960782745987,-0.012304919902241822,0.9386918416721698,-0.6963906575592993,-2.1073655934222018,1.1253769063595502,1.0370983884210592,1.0380053381678545,0.740645588009265,0.28528840618424545,0.7191505298219606,0.2985213796641932,0.36671478161918825,0.25459729271672477,0.40008154027307147,0.9572409112191683,-1.189605162889413,0.967522494242033,0.9877999822067973,-0.6195191572862386,0.16593438403765587,0.4769803662128449,0.3428843687111838,0.46216156627518273,0.559998432750738,-0.015535494236644121,0.08520656300853273,0.33699616090006124,-0.5966042895198328,0.8433643717168157,-0.3184897319296027,-1.0529328075384647,0.9430123267223817,-0.3077650081898375,1.035124401709818,-1.3135348631850206,-0.799127393455739,0.590767907410392,-0.3630613467731949,0.4719130668409476,0.283681264205649,-0.3456618295868381,1.146910233768475,1.1306590715176938,0.6640074714089003,1.328501112854391,-1.4253218436712958,0.2832198379141439,-0.5284368505626788,-1.6998455476441974,-0.7113620848863962,1.0034194906025544,0.3189926791098802
2020-09-16,-2.3963577682671673,-0.4111082688188737,0.3757275085352919,-0.22502198632905038,1.0105265612702705,-0.131867062121205,-0.7785798872097933,-2.728068276821864,-0.545606710624004,-4.708578510040513,1.0948149647841463,-0.4232093186863562,0.9154611483160863,-0.550395083886267,0.8130602843541168,0.6569054255107486,-1.0493744838250914,0.7733882971719436,0.43264409819999294,-0.8629031659757956,0.5031571056153044,0.32215957106871007,-0.41705369843591744,0.8871312194064223,1.2723946674147757,0.2895796065005385,0.21442746747756447,1.1192453409824095,-0.2547187327706047,1.0105265612702705,-1.5679469208966448,-1.4006478971000949,-0.41185173021422183,1.064505156147696,-1.2707955883261086,0.8007538430282402,0.34495393125314855,-0.30430111623559564,0.4655225580804524,-0.06589602338733513,-1.3398038157980725,-1.099127621599321,0.8647308754419272,-0.7680191056383451,-1.333677126777964,-0.3405637165336242,0.5123499500587874,-0.496219278492599,0.17873848093025416,-0.32402580816314847,-0.12736245698503415,0.5600421626948685,-0.6061609343133113,-2.291580211675805,0.09711307892435128,0.9533422546522902,0.05433873786087264,-0.5386341488144342,1.1420756169403259,0.6613762129047623,1.0773048014995328,0.43333230818640484,0.555214444651302,0.5031571056153,-0.3587914192564889,-0.21140049012723597,0.07844158087209058,0.29094040067218646,1.002752726659521,-1.2097940972775243,0.9533981532902416,1.2096859849300348,0.34554907403989144,0.8299488532815208,-0.09875522625866553,-0.8592214352795704,0.750500034251078,-0.7024983095993516,0.44422636534034243,-0.49439223943747324,-1.9242955301164968,-1.3351333771227312,-0.5321452978504849,-0.9109192560425402,-0.306255564669363,0.9881067774469039,1.0048499448757708,-0.5395170222941452,0.7906460046240203,-2.3181419175496214,0.3077130162229501,0.13395895234354352,0.8723442346857259,-0.6706722282305183,-1.490080041600648,0.7156312469203716,0.5090281198441051,0.3577936940926902,1.1667273083542222,1.0353817209722156,1.102593602533102,0.27354934901581923,0.7832793868524663,-0.13384368413620376,0.6542060275278462,0.9033030009634057,-0.9961330583175011,0.9938230400964407,1.173816945930228,-2.3306326903283394,0.013455873689835602,0.4388426675745309,0.7949514054872682,1.4199826132023519,1.0085639818084398,-0.46366364154190476,-0.3574889681055448,0.010516305006876904,-0.40652060114469474,-0.10728451203707527,1.107965220951424,-0.21431297094286533,1.0098005076084244,0.7708361787572185,1.0105265612702705,-1.1261616908725451,-0.5126412203472535,0.4690376510926785,-0.8700255506249861,0.5740662850197699,0.774203353766806,-0.6029774720005413,1.5355323139972645,1.2396772236181202,0.3959664954002353,0.8437028299191639,-1.2783323651874194,-0.37869932921357274,-0.7910979526146283,-1.5564324836747183,0.8194470703686315,1.0620450844309242,-1.0735984177902942
2020-09-17,-0.04453817328274522,-1.183449721100241,0.3957780982472665,0.5377726674241959,0.9124229671031016,-1.2028430294317307,-3.7453543089695054,-3.4014273461027167,-0.4311335490343787,-2.7128667131776956,0.7246417105782551,0.07338027100948757,0.5887790021884545,-0.7858848300257257,1.341753935169737,0.5553505874545738,-0.3748808707486747,0.30418892254109064,1.0125194419621317,0.11549820766292371,0.5258352254484422,0.5462821617179683,0.06784453281784948,0.5396956392117701,1.2114331291921472,-0.45822864235409205,0.2758082482547007,0.4468259902036428,-0.4660747933261014,1.014923049286241,-0.02260864835013989,-1.2342798517799456,-1.117636533894762,0.5380726308234562,-2.096095774987532,1.189111927621155,0.028951397815500098,-1.3362509098681625,0.773347847154049,-0.13709243022311876,0.14730699334860925,-3.8500171101624914,0.6192620076201844,-0.17451572041125832,-1.7566150724276979,0.48028952704333794,0.6418899633082581,-0.1717681078778429,0.305428748504585,-0.6869527402584925,0.03189920803119573,0.15863335633552975,-0.5222530101235242,-1.3747908330738448,-0.0823275869022244,0.8008683847323467,-0.029872004172562902,0.6390438668793683,0.34378751892193943,0.5492334900134223,0.7711866841746803,0.4981189008579358,0.7263799893468825,0.5529146642823981,-0.7679299156226287,-0.6637258376146989,0.17733081974605774,0.05818548277900035,1.4063798671073435,-1.2956989854336833,0.9510293808501871,1.1085134156290497,0.6220932342295692,0.7744921607409083,-0.6988368844882389,0.17689385960653425,0.6388220846352375,-0.19687592234485124,0.5955026425648814,-0.4314716552393757,-1.4915210819941962,-2.6961314969275523,-1.1429778688108923,-0.5925746316955653,0.07972153732583,0.9408115402926979,0.43755228145495745,0.08534689056744953,0.4750063817197704,-1.9746391649976216,-0.22680623874178255,0.6201084402653554,0.5973759351119494,-0.6742425249474061,-0.31426250383531984,0.4966055850142604,1.277425688468929,1.4110899700535626,1.0935412273989158,0.2705743408937042,0.6344917954291633,-0.004279891911019161,1.0412571718794366,-0.7125607520606559,0.8922010111249651,0.70385047795022,-0.22216299037913176,1.432564589868288,1.4919341868004292,-1.488093335990026,0.2821613516736198,0.021655708595775196,0.7076712632452326,0.602533261576636,1.2052408589056067,0.24856535845165967,-0.27225728642724323,-0.22392317162725658,-0.4786564758918492,-0.17921997399094086,1.0641965191740663,0.4541972180000622,0.10494526913618207,0.6330708257396168,1.3088279049052576,0.28863439897556664,0.35447813933837136,0.25204925076102375,0.4154034052862045,0.431563216834076,-0.31378180396883465,0.221396262628113,0.5744097803421401,0.7009443653165823,-0.07499063084418675,0.057135852669369935,-1.0632732607284547,-0.73976073464399,-0.7203498920289287,-0.5241639391739799,1.0678355437512081,-0.4813435795776675,-2.407807905099403
2020-09-18,-0.36164942007152645,-1.0200498032064076,0.29488768497124523,-0.45806749543591924,0.053121131837219435,-0.33203789729200534,-3.3393855231863268,-0.6847009840879229,0.37032257355211756,-1.0035915899998804,0.0348134442701947,-0.6226780933653722,0.29683252851547887,-0.9310965964934086,1.044404326681132,0.2519823138811593,-0.34582164310315583,0.6740819129267213,0.863973546966931,0.23518466442496302,0.20412199022906835,0.3386750822037607,0.1359115558507697,-0.9955646394322223,0.8570345068605004,-1.165299912194836,-0.024689659636903723,0.4619738240405837,-0.3361711863740396,0.6708451002038825,-0.8534363210424751,-0.9698404399922301,-3.0855234764845765,0.4250550291533137,-0.3588703885774935,0.9779226593720921,0.0942744310232433,0.2121877064498129,0.011668089194118526,-1.628486329889124,-1.0412209820851304,-6.610484731279171,0.22036426584026278,0.3237400334020103,-0.76881081869601,0.8577206997313741,0.1652950419355836,-1.0864599810286608,0.09021855783438058,-0.2217744763910351,-0.22886005235270346,-1.1239047322260536,0.10197571579177947,-0.5611511424887073,0.4070901305245831,0.7618178868405665,-0.6722861127934974,-0.4565216454901553,0.6470637770801707,0.7710432894156164,1.0692539038746918,0.2029848281725714,0.7528049417762211,0.3821890402194581,0.36896283811405894,-0.3699661789399569,0.4710113542976918,0.3305373993489603,0.26044959580917226,-0.4596488584134563,1.0162140468718126,0.35828966017232744,1.0376697452672918,0.3578835377755101,0.33514449120791223,0.9294050420165094,1.0933529483981372,0.28591323595225965,0.433337599310734,0.3196021599269801,0.01870570279919586,-3.088342519544461,-2.083996728860946,0.43680612044887035,0.053019063627419614,0.3628988524867049,0.7982043937218296,0.8214852651687206,0.027308374186824778,-0.511833880851843,0.0660819214318486,0.9316282175635653,-0.18359204311261537,0.25834627900033286,0.8343434181492597,0.34946224674534293,0.8744673421180865,0.9922016407220726,-0.11749994269118,-0.4155900239345463,-0.25247613970262733,0.6941681788842251,1.1956680626048473,0.11787746722167206,0.7530462211889987,1.0365854489341533,0.32734438882241906,0.13490236725373406,0.885125290259596,-0.5409005149842543,0.45505212538574424,0.3263287471298792,0.3125664278808695,0.5125990435413446,0.8691275339315025,0.8348882520716041,0.25493926899662556,-0.25750770057792655,0.3793312248965448,-1.1166465891035087,-0.16540848533922692,1.3286985252320993,0.49003974527965033,0.7042305875686244,0.6538363315113703,0.530611440628604,-0.39226604768683004,0.6918567608094846,0.36603450372548907,-0.244759517974994,0.45794132115460123,0.29853685489377413,0.7891834594210553,0.0694783085696679,-0.38465773823338983,0.34738785439643,-0.48533331235014426,0.28395981383670166,0.38037299215995307,-0.8029008328619445,0.6172375462067773,-0.3956050612540736,-3.227156610970936
2020-09-21,1.046601034438816,-0.6375879290217391,0.48332025969712306,-0.8928643889392309,-0.8522176871334325,0.3341737880864839,-4.069333570788785,-0.10154828687712947,0.805095745616336,0.6800828789218538,-0.2722357030888388,-0.09969678063056177,0.6401865018355749,-0.986735725154635,0.14639199549375323,0.5064807126884453,0.30964268367365355,1.660208493520498,1.158150191677472,-0.7117912769112141,1.5640523643522088,-0.3962732778077682,0.6853634544359122,-0.07797456108567709,-0.47478572288677395,-0.15219721192866592,-0.7580821661913465,0.05170887221319194,0.08098864223239499,0.36652190483014746,-0.4324394327514837,-0.6216271587065209,-1.8204627655574666,-0.31002375615436595,-0.19894848028854434,-0.7281373429197732,-0.11590755876466861,0.1049060706980507,-0.07177403220648333,-0.5846776237565424,-0.0756588749150972,-5.182208891910428,-0.27362186246377895,-0.4140714668422449,-0.18504146318943218,0.5105731777481489,0.17973098068855672,0.4617838543565692,0.1993315082663637,0.03648137534281923,0.5200401487898386,-0.691534882676714,-0.7556102230018426,-1.3852408469110171,-0.6058005164233987,-0.5314681080412272,-0.901960802977217,0.8298835624387936,0.14144241639662186,0.11359964874937416,0.829045361696531,0.8341589837441099,-0.1834965301266402,1.7891255963115058,0.9584464792069336,-0.8911358132637516,-0.4201873545564273,2.1800805432829717,0.45760870402125253,-1.332629756871566,0.9046768102450691,-0.3313088104912032,3.576629361794482,1.0001187140665255,-0.14220954605768063,0.33736053009275074,-0.9196584466046813,0.4219738726813363,-0.16141201151626722,0.6402475178472627,-0.44171754489732945,-1.5300629425852497,-0.9690377158295436,1.1258307758644697,-0.05642103882074688,0.19489877162574618,0.7951297823458846,-0.2976168824553421,-0.017297432852743915,1.0483995788603293,-0.7137436026996723,1.0115163346917735,0.3661842462756165,-0.04487102591881321,0.4836454454645565,0.42105266399935454,0.5444618989058122,0.9022672172433558,-0.7241184325635907,-0.19374963622429284,0.006640640772202765,-0.21570882398392546,-0.3212687594150944,0.7682275442521961,-0.6285973443530507,1.1981443996068388,1.0299159627009973,-0.9572018082117879,1.69947760932871,-0.37170848440538223,1.3347601893275887,0.8708279428840444,-0.23751726008159138,1.4333277116374585,0.33055820728324553,0.2030278980754641,-0.39596904799996463,-0.8901691763208648,0.367608030948885,-0.6757589701053249,-0.8615806699432971,-0.44641579324074976,1.2389219088949477,1.0990343544436547,1.254600556287861,-0.9597114679701286,-0.8554685198794056,0.40885887480754485,1.5378856786388102,0.6923915868174486,-1.3039219942235478,-0.7132555189298861,0.3367520580132426,-0.12104999621442095,-0.41438982166267996,0.33281298519702174,-1.0603355113219044,-0.2461600886899707,-0.4256541291068982,-0.9896045266370543,0.22106093813439895,-0.06295197908165356,-1.9098219404895773
2020-09-22,-0.13401724863088418,-0.10557051382108891,-0.8205875015788625,1.2294784015066464,-0.3713153055776544,-0.027320965667125757,-1.6411171444894426,-0.3689127968850256,0.285130542360944,-0.6185781161531413,0.14901850970098748,-0.7822530172119083,0.5850218784080423,-0.6690756187498337,-0.4455947527885061,-0.2658348282394434,-0.5745066656674532,0.99560909584113,0.05727722526915743,-0.35334265055220326,1.3389007923861396,0.0748398257127904,-0.44049021387113474,-0.7621926852183162,1.648265927955527,0.11242634952379435,1.2861035001756553,0.4531503544467076,-0.1542927750657317,3.251463987236416,-0.5709340511299221,-0.6450030189049457,-2.5573612227541807,0.12273782259756832,-1.004659574600862,0.1998396233895218,0.29441043192716165,0.5395120753375042,-0.7176924141795968,-1.3244017094626732,0.2280754039478235,-4.9285277384376665,0.17704861400091051,-0.12541035785069973,0.2267575004965643,0.21157163882147653,1.7731402406179895,0.7352642250272382,2.0703660514837843,-0.40826501864613435,0.17270252894700083,-1.4276000576701864,-0.42158879430446056,-2.16371385418244,-0.07050577093754098,-0.6859004301779789,0.1925193112913265,0.3586054465105414,2.056174351558766,-0.4347203930468233,1.7265371944920922,-0.8052233037337214,0.4525356316474565,-0.010303678458290765,0.5197409350877373,-0.41559051317641704,1.6767392168077777,0.7217554875544183,1.4487791867920332,-0.9954656650634008,0.6729090911421106,-0.2718155971350811,0.5360486911361555,-0.7103368550834387,-0.6249607650891885,-0.04536901847931829,-0.4472602350765249,0.09416546791178163,0.6794603701943717,-0.1045376837660718,0.6945353944374228,-0.9254259142232034,-0.1870973735322632,2.505479893471721,2.2638487819539224,-0.1322381380747744,0.6492400115427163,-0.2742176588313503,1.2157559698974572,0.06842760250584194,-0.32568998872762384,0.6779268849522524,0.9067067771092374,0.03752259942611276,0.2879376777862735,0.01869238253792524,0.5655926092069548,0.8672092181234727,-0.36952744578118324,1.3551677966445452,0.42631679376805404,-0.7309980893611707,0.2468222577937543,-0.09137175825151456,-0.1100557067309945,0.24652262920530355,0.4557970412123661,-0.7164279457599626,-0.8009530793915013,0.1432181495477149,0.1471846893779407,-0.5043661511369544,0.24903643251166385,-0.7336007935500685,-0.7096630671675678,-0.7327159078402664,-0.7433600352682088,0.3346822590931344,-0.31625741251686007,-0.8026757188263157,-1.3344922940248118,0.5110475332433251,-0.3795610642464064,0.7038524943177891,-0.7023513496285052,-2.1514138633996507,-1.6769266125885982,-0.040049822570793134,0.8240243453835947,-0.7483060542850151,-0.6972731044348357,0.42369017244333773,0.19478696865167838,0.7489298379240938,-0.6975191101604071,-0.07223602053445938,-0.6996633915318727,0.07507874426301514,0.1979524607942637,-0.7489097467904104,0.5373847525726243,2.495736172010713,-0.822695122273049
2020-09-23,0.6289000199096003,-0.06552706457706758,-1.1317059293108789,0.8975673661228238,-0.2843660153572948,-0.4302109718794619,-1.3485486168303513,0.8246906908844103,-0.6435189599299601,0.36931998302520375,-0.34227871537296156,0.49156144311749694,-0.5143522247676989,-0.2865044445174736,0.03330234195459114,0.5601322801048414,-1.7148884004510858,-0.3076098105766782,0.8086957637783362,-1.2970095325736535,-0.5032475623840232,-0.5842192811511795,0.384955369605425,3.618116537639575,1.455568567991676,-0.33872847640334974,-0.6300812734489665,0.34561029930354287,-0.4111665642724832,0.5740758987664584,-0.2843660153572948,-0.046018812158802776,-0.5424530139802491,-0.4391032806748941,-2.302042482805636,-0.39798190955753165,-0.49699512297758125,-0.09222311318350834,0.22337608899620953,-0.10627964862348929,-0.4085569411605558,-0.968425755005413,-0.3590393376478101,-0.45421366944669683,-0.3397451509600001,0.12698919151384128,-0.5371470753662766,-0.5873404303862126,0.5305353772265048,0.031216865123992393,-0.860028201521627,-0.3113485354886634,-0.8806462679183168,-0.8153024360364638,-0.4247259545524612,-0.3766750276617977,0.4719051854553959,-0.43494141406465825,0.7410643687368302,-0.798689978462287,0.32924727814351734,-0.32507882575029845,-0.4504709987839152,5.402228485064364,0.1534670200756195,0.1068049320991591,-0.7514669962359117,1.2206337402428256,3.729719772986394,-1.0978917820130727,-0.15192992708487119,0.1998620622351072,-1.0992011880977093,0.2915427774839653,-0.44844231450263544,-0.3342809173724902,-0.331734132662944,1.2960723639633318,-0.34370953664252984,-0.10449092715416586,2.3895940350418368,0.7228760861950814,-0.024096217474091842,-0.4862985049507707,-0.08009379356461935,0.5721681799960853,-0.4007616983556964,0.27461347852840445,0.2121737345905538,1.091076343021343,0.14938489463877724,-0.6716717990331237,-0.06035972375429759,-0.4222591872178077,-0.20334910571133835,-0.41893285620325593,0.274778565702004,0.33845147754603083,1.2379141083077108,-0.24192530033833434,1.0687199117170225,-3.5390812886836445,0.7562751907016008,0.40213332417357345,-0.05291356867024204,0.9036168603068273,0.1546242880106938,1.1207495918696146,-0.2910605781617095,-0.8855943367761921,-0.2955980711355318,0.7785758391977207,-0.394495519369553,0.5031043779687523,0.25780372819293507,-0.3160132289889946,1.707024337155788,-0.42521332294224057,-0.169393633864335,-0.21005889749250858,1.1594566076527995,-2.045355690403316,0.809237623463723,-1.169943741468667,1.5482563466593997,-0.5042181040799806,-0.7618621898712229,-0.42652360637980535,0.37666747628139713,0.6649923788761917,0.3977489737589913,-0.23368466421688322,-0.2429913843153466,-0.3229903560024681,-0.15880933121100915,0.3272587444417053,-0.5307124683952265,-1.1093726291379202,-0.4432480288530463,-0.8775255324080784,-0.09491582740191189,1.0921581145983141,0.9096784617900049
2020-09-24,0.748186538653246,0.44602945937178123,-0.11989766367763753,0.2704011653420329,-0.527189906318603,0.59827205759199,-4.394879706385672,0.713879437915055,-1.0611102423880188,2.7556994478686985,-0.673389175295674,0.8239087497072572,-0.14595610625797076,-0.35197829770836386,0.5064299184826094,1.6660100183722493,-0.7757799327087037,0.8484012923984589,0.9616231753235752,-0.616289149015903,-0.2928686899075697,-1.6408565831918125,0.3136970195287157,0.2720710468122068,1.0643910802108032,0.24051893105401329,-1.040750151212803,0.06704190502302812,-1.12209748803544,1.7834073297895008,-0.1169770638403512,-1.0313436517767849,0.7195390292149783,0.20766999233419087,-1.1130758065698394,-1.8389701771216838,-1.0676944199322094,0.00802990644440918,-1.0672353707062594,0.5580812186357434,-0.3480769557620678,-0.4439682936004223,-0.49251615799491255,0.2988268806249723,-0.5605319043844614,1.2078833852126927,-0.47325650953692194,-0.6383929818445783,-0.6028788895620534,-1.6916728038659878,-1.1224201604210096,1.0404693156616527,-0.9957351244829639,-0.3604017766970239,-0.8702129194020591,-0.9434753345535254,-0.5323725487200155,-0.007389048472049257,0.3280902348398383,-1.6451350442270718,0.9315302609553201,0.6579473313186734,-1.8251126862334222,-0.634773983763275,1.00405243719136,0.34870439156851946,0.13887035634346437,1.90182864677029,-1.1783397107705642,-0.004191116855633834,2.0286273077491663,0.3152827294816455,0.2754690522260971,0.37559765074563756,-0.2844704920579507,0.8195218697729602,-0.30358374568047863,1.5100052111154658,-0.7948056364880046,1.2177447721325372,-0.5153046650511428,0.3907886906366689,1.445360793949651,0.6412591184805284,0.4559407602357358,-1.1207798892240135,-0.1861173925837799,-0.49392111785659304,0.10908573377547526,0.9301834985407759,0.042249209493752465,-1.0945168178141398,1.1866756232944415,-1.1274369049745079,0.10040092546241547,-1.094100374415511,1.143945865645603,1.7509401660316029,0.08092284248081102,0.4728477859595344,-0.46517123832102175,-2.3506572573061053,-0.17745651991396696,0.6281508724071848,-0.4752381226459748,0.7169868512948697,0.773414359654434,0.10286551388827819,0.8986323511433915,-0.38265561642185975,0.9859523375810716,0.8217082440503664,-0.5304606417319189,1.2210945026265172,0.5644390555253029,0.11865435111485448,2.2953915456713054,-0.8921778201793017,0.009157870560627923,0.29411175071259266,0.503591386391283,-0.9669381020457626,-0.6708511169204489,-0.295895522693812,1.1232553295273242,0.8790205990867507,0.8163490502395339,-0.7658754619237602,1.6208944445309508,-0.9014839143367789,0.743228497058796,-0.4261226345337517,0.7317018978528729,0.1752919744027422,-0.12864944316662377,-0.003438837347534176,0.7687183595448063,-2.4394870111521625,-0.5930699091887428,-0.1575664532982277,-0.463849682490688,-0.7641706351242856,-0.2815062025468539
2020-09-25,0.5467350084099044,0.6249984521747826,0.08936503059350592,0.3058505849341363,0.766649766295904,0.5055729311061553,-4.052134888877762,0.5048572848061184,-0.14856388082031188,-1.768441102667376,0.7949724396384208,0.4923656247534567,0.2808465706861589,0.7499578658330813,-0.7622658214980008,0.5078499283172049,-0.611612193056049,0.4760885560639778,0.3706773670690476,0.8010042704483155,0.1356556066616201,-0.2908835137856692,0.5478032261021852,-0.08545354587688951,0.7381739311896883,-0.10484348704208861,-1.0718851709143222,0.9713270316556882,-0.1494336540396174,0.3465848545884593,0.7940198234486958,-0.8593225551004205,0.26373372924268174,0.7242374515523089,-3.0049977062534876,-1.2516577780275153,0.31411276878402977,0.7226604611072349,0.232074858837435,0.7086372308865954,-0.062358677997645946,0.644980074788583,-0.4526019315216655,0.3419344281541995,-0.5242454349805767,0.4541417936291011,0.07157427708576317,-1.47690436545929,-3.3711813564144073,-0.46268943470117296,0.5141151641241446,0.4604568520464987,1.116580612130996,-0.721475947089312,0.40734062146761113,0.839087706712783,-0.007511258598406933,0.662377468479922,0.12796862226879827,-0.13002787550860637,0.8295469405414976,0.4884607872469361,0.02823527289577845,-4.163145259769153,-1.0320808368741674,0.6017942758625032,0.2911548284197283,0.3907754711417001,-2.7195671876089618,0.35879910450749597,0.45570631320725224,0.6026146172139574,-1.021672307356905,0.473656985726832,0.5051614060450816,-0.9040961538177306,0.778613807221192,0.501833457477896,-0.921339222436031,0.4994672076802768,0.2344736145079883,0.6521201134424448,0.5628790628350343,-0.3804167304521591,-1.5134498547960997,-0.6459656099079534,0.2238205424740725,0.23846697491332938,0.7932085633595468,0.13819616989779404,0.37529937980208944,-2.107185192769423,0.32232990789685356,-0.2351472553839623,-3.680681403813085,-0.5943529929391383,0.43003297791529965,0.33173793284451686,0.5967235561583327,0.5381485397913162,-0.1355670335297529,-2.2883095001393063,-0.15621030627967078,0.5270327130205802,0.7424612847070413,0.5140138970890938,0.4894362946208643,0.744959836892844,0.5021639921656548,0.5162625308078759,0.4314968635789107,0.4834855027003126,0.7442194578972517,0.4285431222071312,0.5347034909083273,0.30514159102773786,0.41726542058179655,0.9433299488718815,0.6530483143484949,0.7573433223582036,0.5227790195157055,-0.9678799095715688,-0.7223788486191411,-0.7701260127292768,0.5975932422549554,0.48816560092247996,0.5770461915112286,0.5580348045814219,0.5098196381263808,-0.19101013665943975,0.7041567505996688,0.21522470214407707,0.5242992878906755,0.6136459819241694,0.6374860136537257,0.369993664301947,0.8636914920633838,-2.5529759883177814,-0.1072548378379596,0.322364398379153,0.004109867295917868,-0.7205818309215202,0.4579396667107033
2020-09-28,0.8106927832299418,0.3842470781468255,-0.5464286782577132,-0.2165244158348242,0.9032734622186015,0.3449125233360919,-2.9206139735157493,-0.9787506883392042,-0.13942225323628393,-0.5569229464932887,1.3076424289617428,0.07827535485767403,-0.8342499293374387,1.553647610981582,-0.7457932673775192,-0.7832409040525825,-1.854010708238227,-0.6786472526407438,-0.5809137880774129,0.5055256518116682,-0.49194711870885,0.5135797573230255,0.7136002921802297,0.6235702298874997,-0.3462857457542959,-0.9381720278191358,-1.4095724073954279,0.8545259229099327,0.39307097766351545,-0.7113319594831585,2.056327762172668,-1.2089209227528848,1.025613925744068,0.7123979304831076,-2.029321612904614,-0.6654803253224056,0.7906354654642272,1.6509772683669213,0.4226277134297704,1.1787963199731908,-0.5449850700399483,1.4472096000006647,-0.4403508665086096,-1.400750409542777,-0.10424121201270409,-0.7097636719529834,-0.3343750595421141,-1.1768940679148652,-2.2485576103406433,0.05750725231129966,-0.04565975156090791,0.0613285888795924,0.528568227523809,0.515486543652348,1.0075222646644428,1.4958750856529535,-0.07585592463045797,0.29457885033909426,-0.20321700041355564,1.436044322713696,-0.08087527031880519,-0.07132229565118003,0.5526611053376995,-2.6394110943441262,-1.1166188395457355,1.48507445528685,0.2702119035840216,-1.4140840093094948,-1.8517213355891726,1.377314835568082,0.27945374149842767,0.9779499305837154,-1.441362274520481,0.2354937300908526,-0.24821009702156535,-0.2557931805453921,0.9160422964465067,-0.1840313413095679,-0.30174118737263494,-0.9653916294405418,0.29388701619270713,1.200792221512626,0.07467401894618511,-0.8382533948984933,-1.095307296287616,-0.2515123500605244,0.05442979636325423,-0.3234657802789032,0.4114508885404572,0.2408788172691899,0.1596535824647035,-0.815173635564827,0.2552390726090023,-0.48437154299340185,-3.6387528637844495,0.5725190275585805,0.2709059713866069,-0.12943534132627793,0.3502095351111942,0.8722455693044301,-0.6180414079499347,-1.7277306239256578,0.3863325441772125,0.3592948417652399,1.0317230575123308,0.06512548245127557,0.8318098021538973,-0.09824908688465689,-2.673718232147703,-0.15863384036060138,-0.5227931828154907,0.28964545732505353,1.4063744765371262,-0.053982442472965526,0.44901509756000685,0.34119468031868333,-0.17120347857385793,0.6449062047849693,0.7997203060316329,0.12471688004623288,0.6826681641440632,-0.6178847877814448,-0.09326897582610803,-0.3378264725976371,0.4721505238845593,1.383220564694352,1.1616328523610975,0.5124326171723728,-0.15269232973918972,1.2366010243974321,0.9167191892958201,-0.7671514873736951,0.7853064210017612,1.252826962827189,0.948561269093874,0.13256129316659224,1.374986347586237,-1.4433682822891056,-0.10568306043304682,1.5644878100779127,0.47785036983575513,-1.4607348529466757,0.9199859235452428
2020-09-29,0.44340290737783594,-0.0471055801700573,-1.0856150311179467,-0.6693829481293495,0.5420309434554402,-0.805317443866928,-1.5495186684925983,-1.730013198279984,-0.25266836490597033,-0.054393849896630944,0.659963582659857,-0.05802222352521139,0.09863360712698156,1.6792088247406898,-0.38299184620573284,-0.6422123772490086,-2.170364995621345,-0.09108522227902294,1.0044330542690287,0.09184910548732912,0.07973877930916085,1.1278153292321644,0.7439716889460354,0.9356934403078613,1.1366000367473914,-1.4696862416821366,-1.274808325052092,0.3509695950440399,0.2066004408914659,-0.2866204229349183,1.6399225684600494,-1.8608122067138768,1.0523925967521028,1.0626484615764182,-0.7027097682699429,0.08398740909610969,1.2573922093877896,1.270650315560889,0.517513337562153,1.2203945052191063,0.08794077208482906,1.2488810668277837,-0.8438931741763837,-2.0062425309835517,-0.3105423315190714,-0.08011813491815024,0.054104115280589324,-0.04775188054142329,-1.3041500617207324,0.47587664893841053,0.2596444799244574,0.3637966047931067,1.1418797674141095,1.1098838156621085,0.5939136418887845,1.675791424456163,-1.3673837526458479,-1.779986933692558,-0.7011111849890242,1.6105314337178354,-1.3997011881339787,0.2003071845079009,0.47045688622588894,-0.9929006009446363,-0.9793054166851421,1.4811058893112397,1.0847812496916378,-0.47192266193522076,-0.7404249024400015,1.0862494793375865,0.5151330170196827,1.2080245748602896,-2.2380112381774024,-0.9743253582147307,0.27324466210626597,0.14025587440304585,0.9938832323537923,-0.06418197480388041,-0.1798612155618099,-0.9043464446882786,0.45192569345299344,1.194354646949695,-0.12708852062896764,-0.51628193750048,-1.4636455589530826,-0.13876196664145798,-0.22191338552887988,0.16087904689507684,0.6564568321530774,-1.008636294224962,-0.25626258195533447,-1.606342737451148,-0.28157777128687317,-1.1717639257987635,-3.7254207527171004,0.6837406175469695,-0.5067614151278454,-0.9733207275616744,0.9944137092215201,0.6647451429394952,0.4183498787100928,-2.4624443180567535,0.49790431869126756,-0.09985012951028852,0.8710371518628981,1.0139654469105193,0.8974775585333876,0.6611564671954272,-1.8853572639531073,-0.31169675364335075,-0.06920959263071225,0.6657150342430244,0.5533544941373235,-0.2683516252930511,0.532945666539438,-0.5298186270591007,-0.14859454612772785,-0.10674273038368004,0.7362413974890977,0.07761500817151906,0.08598130102607532,-0.09328589490335774,0.5534775988942274,0.39133481809436754,-0.8252497422535781,0.08934988448751652,1.169180165226083,-0.5756693574050173,-0.1715571899246456,0.6204333946845735,0.5945247678650436,-0.9561495811699408,1.006393145985422,1.1807211643349775,-0.6560752129859864,0.9348366086494452,2.020452252802588,-1.3260205605766522,0.23099901811683418,1.172120669095079,0.6705509851197349,-1.548311785150001,0.8175197415286749
2020-09-30,0.5003347177390695,-0.7362826211073787,-1.37815360750647,-0.9601477692030203,0.5850637950987363,-1.2352869630751018,-1.3905434957323104,-2.3811965866370994,-0.9922174591684668,0.3694432998444714,-0.08410279723064808,-0.3446718587257123,0.02951325585438244,1.3739332904439723,0.32406360702153264,-0.8174070218985101,-2.4164291168298915,-0.3050208126252952,0.8974868396783946,0.6909687157586142,-0.07176946351108206,0.7178743990491235,0.7005855662661143,1.1564539956641222,1.8555044422143498,-0.9569542374929875,-1.4971983243539466,3.4268786473537713,-0.16381521515628675,-0.21244244820672925,1.3748517384414611,-0.8050845689238006,0.23824834606294235,1.1738441506630761,0.21817909251641973,0.4478770475217324,1.7398840278513654,1.1222886069575846,-0.3395300606564398,1.1155950434993536,0.5715246316847892,0.28959041507312927,-0.6904082191958448,-2.636165533375109,-0.060047083102521194,0.11067253492229044,0.15000503607474747,0.7057984103078251,0.44872224745366623,-0.2102590209546205,0.8612619139930631,-1.089192948240601,0.3091692776785336,0.9556581273057775,-0.21662250022147034,1.8511549240658294,-0.9712405339024642,-2.0075075474331996,0.2792104683862175,0.9357301676630998,-1.2819947711387716,0.1938281218639183,0.5934237274272983,0.8060761900511035,-0.2623542220989207,1.5585638591880278,0.5840134685315267,-0.15667966878943407,0.901556721343436,0.9241969673507465,0.8941033182476373,0.507768824317258,-1.7090641574555436,-0.4725246947731793,0.48624082279475117,-0.4376716638500949,0.6591068582278966,0.09927482282713869,0.2850959605955951,-1.5473363611130997,-0.11604319637701002,0.6663093024624899,-0.08340580920263226,-0.29091130813294097,-0.5042026644246337,-0.11815207772248824,-0.5324154206412386,-0.19390516305267388,0.7288737010427044,-0.9849338504491298,-0.5016832683352774,-0.9029953383684528,0.18043461745223252,-1.046121557388855,-1.675144047698118,0.24468608620523086,-0.6088156268575597,-1.023561924924276,0.8404395126111222,0.08382905681407021,0.7009317723140702,-2.2406692762319538,0.6237107897962993,0.5408382238830103,0.5125328804217798,1.0454401820459744,1.1639749666649783,0.6525173028541656,-2.8323993620073815,-1.348663899347291,-0.3365001627210236,0.8556199457496073,0.5194375812627149,0.972248387618752,0.23142188869147534,-1.5820399971025632,-1.0611088982345003,-0.5387698811676017,0.584492261110782,0.24976106236591436,0.25459848145955616,-0.327457040247212,1.0054497152171893,0.6325423371685568,0.05031333817115066,-0.24555940554491412,-0.23556260401929435,-2.0111818470612013,-0.9395260665977364,-0.4815754469120712,0.8064698491601184,-0.8660303444799363,0.7437295686344638,1.0353662248287436,-0.889447760686746,0.5982964203343091,1.0305869815748976,0.8248359707105595,0.3327021778946347,0.7371063592784123,1.065332765565582,-1.1970505159572415,0.017706961338314037
2020-10-01,0.5272076278263345,-0.5246721421016455,-1.2851579803734818,-1.111061128627663,0.9426093707378319,-1.2156062851175709,0.2549001968215913,-1.094082826627309,0.2421158849395746,0.13555982043075887,-1.2020572085789443,-0.4787324474199761,-1.1465665107220844,-0.35906257483816306,-0.5633637016949177,-1.4930280066630663,-0.011922008817588474,-1.2852101649418368,0.1686033048731515,0.12382537147613931,0.6158311890584656,0.3347441922597299,0.9511062471879892,0.8218630240699932,0.9584491177475511,0.1484979229506404,0.47129872997884065,1.0604080726591714,0.061838587162576585,0.2186594145807122,0.9032034366565601,-0.8752891746164165,0.7994164184689001,0.9146884607546092,0.7480552190296417,0.340646185211943,1.9840088218579939,0.7866944865752277,-0.5294204307753996,0.9666803700110443,0.013723526853153284,1.018424497857105,0.4423079000146548,0.4841242837823699,0.9600233748123232,-0.8618044232718873,-0.07959870657730066,0.26538236631960144,-0.23634901428909005,-0.8027773261223747,0.6689883189487078,-1.1515883353024279,0.9707763197030888,1.0445277527520014,-1.2533547751337408,0.907879918404513,-0.15859080672678297,-0.9585241933920564,1.8712198303859764,0.22516182828041192,-0.7071553585810271,-0.920645983360594,0.6186315504635415,2.285819917161706,0.26601470769351077,-0.1907756683517579,0.02479747877800423,-4.25973914900155,0.8361436110100595,0.6638895930602751,1.0262734890113723,0.9773013648653702,-0.9140120738229133,-0.05772358312090231,0.5145261921762727,-1.7155114812440633,-0.5056827649514515,0.06802011221058661,0.6232177507058744,-1.448967844160253,0.48846287457593207,-0.2580768935199449,0.6566813635838444,-1.633304124184565,-1.882680006978262,0.2816380431834893,0.14241769180516697,-0.047647651439660904,-0.8705627389064365,-0.5990711486077662,-0.20057573457410455,-1.547735217847504,0.9680495743214196,0.29006444683620763,0.6593258840196496,0.1902213877763486,0.2860092734834798,0.2046962389131133,1.058282434884172,0.8394568678106609,1.0326979318555947,-1.0932553656763975,0.8158291100810645,-0.30616143159651715,-0.14335415658087922,1.8137081368289125,1.2427103402778297,0.3322143585139189,-3.3257743306508516,0.2818243858317335,-1.2874773834059472,-0.46200621705408507,0.8195475825512767,0.9594927321186171,-0.3645900976708834,-1.6212689038389014,-2.709994210678237,0.21291271561166714,1.0026490778912314,0.2729464898599376,0.8551365973316885,0.20809887412285655,0.4679304095390617,0.044645531075945294,0.06890567689183025,-0.7505817181632685,-1.9365945584149835,-1.503682399620263,0.140797585218829,-0.7540405148406607,1.2814110676823156,-0.4811525109272698,0.6638930407742326,-0.025391389683850327,-1.0868805621548268,0.08910514510186052,0.6314508398495241,0.8801126120059369,0.956633088358764,0.8523914568473825,0.9635702389612221,-0.7090167687981059,-0.21509814981456282
2020-10-05,0.6448164256346047,-0.44347920228494947,-3.1402663292397723,-0.37350649640049655,0.8227146826660447,-0.2968054411544828,-0.1300798067589062,-0.8112120747721014,0.7689172383552533,0.5629796439816521,-0.6976135186205302,-1.5854716798583297,-0.9137282871272833,-0.03334205796053209,0.753965372562693,-0.30917094942548223,0.804434151979873,-1.9893480567199473,0.494203861851273,0.6301769424776565,0.7277621438230303,0.20026012966245613,-0.8178575818305657,0.7507177026641948,0.734441183901181,0.01743446618734585,1.0579945197750285,0.6907649190997133,-0.23508319142346992,0.2823168985024891,0.49058526555064114,0.25258294396153574,0.3883306185263102,0.3138003396280308,0.516815953737257,0.1765824609733313,1.1864809922367123,-0.4705829737231227,-0.6788345069971888,-0.11027664812739517,-0.49858854499998295,0.3757076594240497,0.5111343742867529,2.17246938358103,0.26504466133623716,-0.6492632859110956,0.7969340749520486,-0.23617227327915385,0.2455345360310881,-1.5383389523763646,0.7729805121549718,-0.2501887350707021,0.6207936682982463,0.2066209259382768,-1.2636338964958158,0.2546503363517424,0.7070783559055019,-0.6899765735348747,0.8180699499585985,-0.2846179333681819,-1.9298547768196963,-1.101078580050173,0.8516909156574147,1.7888190858148683,0.5779895606763635,0.760225383489069,-0.864803275107869,-4.024509994191455,0.6644477894030739,-0.8292989732380582,-0.38167820597793284,0.8464713483172387,-1.486947724963521,-1.0505487670796134,0.5456252098655806,0.39358992402274,-0.7445042013557306,0.9402138668328025,0.8081738393163533,-0.08516101706719016,-0.17105045249343453,-0.5445063675424084,0.8742826936413758,-0.7802630141786528,-1.7281830986178353,-1.1497377933833655,0.286840102816121,0.7261515772067865,-0.1716033388576481,-0.0023388943167744823,0.03661517447025983,-0.6449704644655143,0.7951816249448965,1.6953251113166026,1.5233141347336898,-0.07758470499884593,0.11463070498752148,-0.07967905173459167,1.0080419926839352,1.6371582905243782,0.7887765888786152,0.8290416341590847,-0.2722345389406179,0.7106825328377686,0.4080403431889766,0.731022592039918,0.517861616428536,0.8029646778316526,-1.3574183295964508,0.3695506501854389,-0.49665436533070484,0.8930241675313177,0.8886916503476426,-0.513065516282261,0.03498770176748254,0.050800057508358684,-1.89196494175444,0.10088916777617621,0.7932224586086865,-0.680740276965583,1.2154929306179625,-0.4432098176781361,0.7396726333353681,0.7339084283376037,-1.912108325066236,-2.8698550294061196,-2.6064902540147243,-0.3697591408546975,0.3983412734737705,-0.9464629359540943,0.8199062396336398,0.48395080104243,0.70433287551964,-0.7078057981949244,0.5538411063254867,0.06144099846809005,0.2927425170164106,0.6761707563457158,1.3036726229389675,-2.100377998494784,0.5621921469854674,0.8060854827099225,-1.6983033160832615
2020-10-06,0.2911181263421519,-0.3462588409539004,-2.5488101321576244,-1.343354321836867,1.1232489075704324,-0.5148186093729268,0.2452864088310854,-0.4153556610412429,1.351996346181727,0.20094594835193053,-1.0897801062992074,-0.9363818992099163,-1.073787542199871,-0.09694154771386719,0.11981706000432292,-1.1113706438510154,1.23973097909334,-3.1782827531052313,0.07316476469541607,0.5451643322649442,0.9139486025621186,-0.5385546417132988,-0.5849762732265527,0.6440291533543996,0.8877414945244505,0.3981385618937023,1.1648680450919904,1.002078552761354,0.8547158131354006,-0.0614398622664004,0.71845068758012,-0.5197885586276967,0.4467343188314558,0.8573653476909072,-0.2706344972715859,0.8576823424489801,0.38844768937193375,0.36891503593286396,-0.46730229982329186,-0.3445459189947272,-1.0904487244753263,0.6889528120606957,0.9146486195087001,0.8198651161340531,0.8437253565877805,-1.070309289049256,0.5298864362591796,0.4820107508306122,0.32227274032709463,-0.10431864620298412,-0.7255289208986208,-0.0022983567516168283,-0.2857441952162636,0.14258995420783946,-1.3922425422857736,-0.06462156972642169,0.8957711567177226,0.5052273455518311,1.2968730242250375,-0.07956015065629317,-2.70571549581686,-1.5122178041564671,0.020219293767643216,1.6132018942944266,-0.4688444237849068,0.8389645399802577,-1.4998692408793581,-4.539957611180391,0.08892202898357635,-0.7945277090869226,-0.0397685401800272,0.7909428346731786,0.05335689987328287,-0.42719689055616494,1.12538393698907,0.7993291167433064,-1.1276149778275355,-0.9596916278487991,1.0121856211406874,-0.4868946669233139,-1.3681698254937944,0.1345402469896992,-0.29241378661710454,-1.237418728024548,-1.6355118694621642,0.07969847142812739,0.08204069972126338,0.2665710378154329,-0.121156558686791,0.42597506886935604,0.45468719863020024,-1.1627404479037753,1.2498776084810423,1.1584851583413291,1.4545133727446349,0.7899187921868268,0.6961697156180049,0.5871733714584616,1.0236353934220819,0.9942107195261762,0.7941388485269887,0.909026396356273,0.308516169056921,0.8202807189274911,-0.07445743055690436,0.7631840089907982,0.8903179229644101,0.8093577419290667,-0.996011189571775,0.46983830246402203,-1.3876312310103054,0.43864221223510663,0.9387737704493305,0.6560607267483123,-0.3445978361324773,0.4884114290385934,-1.2719524438615564,0.45390502523471604,0.8915752091531565,-0.26997089454226136,0.7130283761399432,0.35902762544210465,0.6829177793025533,0.3081852197976893,-0.6165716380170626,-2.2426223948466983,-1.9211250765801904,0.561073207080221,-2.200588010938966,0.46393361601406813,0.8556493037674756,0.7720517831838705,0.1446911238935222,-0.38360195853991913,0.10471266318191952,0.007703080490485352,0.26247571169695444,0.7484564764552183,0.8767570453510362,-1.1064525957373428,0.8271991340389409,-0.6425844850263264,-1.09997158579654
2020-10-07,0.40276440861914964,-1.2001355941158867,-2.1672431637525746,-0.644068746144882,0.8366350534380661,-1.71889598489613,-0.32949565912793827,-0.42293810669168075,0.6688176685302443,-0.16109758752044606,-0.9189087074328827,0.2113562153750907,-0.48481210784362655,-1.0999627773516019,0.4356666791971491,0.512991724145202,0.5606504975000919,-3.1751381132942336,0.5274389589322018,-0.4156670943768066,1.1136134562025695,-0.5503527088178578,-1.000516235960013,0.6008849799562577,1.5411266575307623,0.5524674408456436,0.7874301666860616,1.558593040333311,0.5870564501938507,0.552176234009141,0.8783750394396609,0.23754978536748408,0.6216511486070785,1.0286299124582776,-0.3681099370090072,0.45153134706042164,-0.24928784349927327,0.7930089341054093,-0.16602527044360688,-0.8160373799474189,-0.2018747406646826,0.6694236633015727,-0.06050599239789765,0.5644816539373232,0.5903003293911759,-0.3587356478047279,0.6578569360332286,0.5000382213862011,0.04678321064650254,0.5799746400242215,-1.0070171481667798,0.09104249821260349,-0.04266186841088026,-0.08064093653787044,-1.3710901204999824,-0.1441524615912012,-0.5743710839538886,0.8483069156882529,1.21682739731293,-0.2588097466309411,-4.578550334417142,-1.0017092533412042,-0.5083091502843126,1.5200711634757709,-1.1231879436635732,0.834131927531133,-1.4376615906071466,-1.8289576087487722,-0.8961371315223576,-1.1890189120054686,-0.22944836286454287,0.6171591358077845,0.22143834751557787,-0.7155923675061308,0.526788909581367,-0.09673148193609812,-0.1506692147514171,-0.30329839787182616,0.7891426589890705,0.68051594296331,-1.1865223245508854,0.4899622251312847,-0.8150016962926548,0.34273612544325943,0.2294563399041885,-0.015575691941358846,-0.7864983064691885,0.7577553804192976,0.6736053879349315,0.23758650615311216,0.3309358785880807,-0.24113971451979618,1.0247531330219808,0.6275696244283221,0.6052896590010022,0.14359496274590014,0.6833370576512446,0.661260079875807,1.1252362434841334,-1.6629416663211807,-0.05125171485639086,-0.46811456970681237,0.8011275256927767,0.6110047441992588,-0.6323239347400025,0.8991918948214038,-1.0220488452066565,1.211837163273419,0.32378357425781035,-0.2014515824432439,0.007102151319787477,0.6121744230318399,-0.1444558204006094,0.8553573306628225,0.1033712244230341,-0.2577055068650647,0.4529773115235357,0.28005066077951174,0.32325209965711404,0.16979089169384118,0.5781734339513184,0.5908034246265567,0.4585382238963901,-1.0100475138479195,-0.18586347497321418,-2.4227495827693684,-0.7747971555430387,-1.0826864497713515,-1.4235753904649096,0.5955446999077476,0.8360909664399901,0.005144177737323586,0.6144259682227633,0.4514722053778077,-0.8600854561332425,0.00563892267836591,0.19701344119730405,4.708258479431363,0.30363011233219817,-1.8580390185566062,0.6275696244283221,0.9604657963395317,-0.7808684952393641
2020-10-08,0.9020605521502486,-1.7581109021032184,0.4662035718102742,-0.06714307636648122,0.8609838983117618,-1.9577240783045846,-1.4830274107734704,0.032127180353469835,0.8419983237470445,0.5633288759895736,-0.2410345119033792,-0.025892916640716367,0.014997234281421735,-0.6189481021466003,0.7022256737813305,0.6568612150530134,0.624273574069121,-2.565890520140854,-0.4586333479816072,0.03723908902436386,0.8465906321845428,-0.8227396767217734,0.24595674981020343,0.6213424474152869,0.4418345423039443,-0.6522171676705588,1.534536139620248,0.862129897524236,0.5323573786311423,0.6308434679780135,1.0713666815889131,0.7686842399839904,-1.0743422649573602,0.9514363669595973,-1.2098686428641967,0.2867741552436969,-0.4032713426588695,0.5881562007052394,0.4237017330862812,-0.688524058551584,0.27253447959946253,0.05929299309124422,0.4699320419446984,0.6116246794476667,0.09795021165230818,-0.37792738757815475,1.646286895697101,-0.032096221353500445,0.019513866327556587,0.7688583529263199,-1.705685157429235,-0.14451252140153723,-0.3210440494054277,-0.5450971429034255,-1.7918231300974652,0.0535109319362053,-1.0216049861591079,0.5719321215881097,0.6731955357332148,-0.249920364269803,-3.616697105111673,-0.7924756821109679,-0.27393516100249865,-0.16989266965421168,-0.7290670034220664,0.4410124462283528,-0.42871723413533136,-0.4224494517083391,-1.6927538467902568,-1.0754497230512245,0.2997833308001092,1.0356637732277583,0.06338369637525884,0.09359897207881572,0.6528907024601113,-4.163539712466342,0.44918791660273927,-0.31776499295040883,0.886978524112382,0.6504492156872157,-3.106606172125476,0.054337327751200315,-0.7800889246145237,0.2846810029305449,0.9179916936362361,0.23577064672006323,-0.7306167994254807,0.822866630504293,0.5764996323582037,-0.45375291332232615,0.7033910789634085,0.7792193509054627,1.13629647606241,0.6568612150530134,0.646043309690252,-0.08925576904936701,0.6209856280840237,0.6162495395967594,0.7285265638968867,-0.30012562520382513,0.9841669393936604,0.3085081034921013,0.6313395935319986,0.6142744681860797,-0.01110987561226262,0.6431686775472184,-1.9048930608946006,0.899182295178902,0.8561371942273741,-0.37753217376527426,0.9037222685770466,0.6469023358226915,0.2037560061209675,0.6020504945483516,0.36513365957322913,-0.18464077430053275,0.5960676342115753,0.044368927490243154,-0.5572868881739903,-0.2834234406566545,0.3595195170730883,0.6164069804857074,1.5836141751256634,0.2061676087214829,0.2552538587779356,-1.3905103553851734,-0.35700970986810426,-1.0057503068215208,-1.2149206544223448,-0.014055734774958582,0.9632968291152392,0.49803469540881795,0.5659806761366124,0.4758349821935691,-1.5426270392804702,0.7790839107332517,0.4690925746666289,2.3290526880766693,-0.45471254760116186,-2.717404324074223,0.7698298756351509,0.6641993885722572,-1.5633123117407666
2020-10-09,0.6996245417229625,-1.3472891981820083,0.9362407961559375,0.44396632104300826,0.5428586105432481,-1.889070120691897,-2.0538883830235526,-0.1155873753888775,0.5019750441771954,0.5299166315078736,0.5093919836965957,0.48870338096827065,-1.073270084970955,-0.597164053934637,0.35504140294828734,0.6944546467716326,1.2512655931472956,-2.135768508679804,-2.420625112167971,0.48366536254872367,0.856996534745664,0.44204442888456535,0.5943594968583487,0.49208671546776905,0.4048345359610237,0.6155556405027155,0.8595404798027401,0.2038774517787879,0.7755900734894035,-0.7391981150563283,0.4172036267567371,0.35437732522899185,-0.6761893044682399,0.36903216569988057,-0.7432619509646612,-0.11015779238136061,-0.5964158790396638,1.3923933853696624,0.6534371939073592,0.16174844574288408,0.9452541036536303,0.4203326436956583,0.3918237873609784,0.9629034541524999,0.5611959945405921,-0.6369345049326309,0.4350104046327826,0.4625556755672786,0.41005467981852445,0.9053784399957412,-0.1646278165862513,0.8161487671755426,-1.1868735288708192,-0.7366201970629539,-2.50799455359894,0.6509298066179142,-1.7940979697694739,1.1357505914104433,-0.7947285501359319,0.13440068168537775,-0.5003966858464894,-1.6399678404451243,0.42132150049501094,-0.07820835540531591,-0.6450430436591836,0.8249014885520402,-0.6719177328502446,0.045449644129027925,-0.5528064133950537,-1.3033288888755215,-0.2656358340502731,0.5646436697110797,0.506762234699236,0.47417700024327264,0.9637080120407937,-3.0083863038284195,0.5658945428443353,-2.803227270012484,-0.3700121882891481,0.07627017909902196,-3.2025292658429785,0.48322599592600846,-0.028044801314767897,-0.8921883952469325,0.4433023118694791,0.5554513238220141,-0.45123456679350926,0.827042323485416,0.7866831201084533,-0.8144166215438846,1.3567883795501758,0.7817740651586347,0.4802174024520619,0.6210056690884667,0.9781066938309225,0.5147520086881635,0.8142177563326487,0.9197575609786998,0.5300667641858013,-0.7347115311172746,-0.08098173901224187,-0.04410862841352055,0.7893266941007047,0.4940709839163683,0.4343118046995861,-0.944341535478139,-1.381502420688983,0.6730396510274259,0.38941120078883384,-0.3683337520501872,-0.5249659123389112,0.8813828439347913,0.20893093764392004,0.3024426291574053,-1.0183301542543073,-1.1705316090510642,0.4069525972757109,0.34890994384539564,-0.7149915396607519,0.579817324606012,0.6257035169396424,0.5818423426571376,1.755993203714178,0.5094070714219371,0.7454935965378211,-0.8330941131487207,0.1726263817480944,-1.2035059367840826,0.33685702095094844,0.7353388418077603,0.6983104794477251,0.604609423349966,-0.7044418666525483,0.9976549683427243,-1.082239670760955,0.5870329992759357,1.2300807132098153,0.2842399085667842,-0.44647137056568253,-3.7752536834343005,0.5673019516994378,1.453790119118528,-1.6174069720920423
2020-10-12,0.8692227694675988,-0.6601343022367205,0.16274137439553418,0.20022747753064232,0.2077552876671023,-0.48239045823999427,-1.2396592498807337,0.7685142372227196,0.6030615989859348,1.08245356424473,0.1292919665557126,0.12921647388168128,-0.8501249933707264,0.10831028278997769,0.1364154140212256,0.18978851225632096,0.29739688330609804,-1.161832519851315,0.15527339107244437,0.08900864340760234,0.15981509366236699,0.01314030985625526,0.49370922349026514,0.6336393086340585,0.16591657289933393,-0.4744016023620246,0.6063916741276724,0.17826332474338544,0.2949780479301138,0.08197526919918079,0.49107280514025275,0.44808210878744786,-1.0661876837490945,0.2304609279395531,-2.7809091930119925,0.08502413837640342,-0.38761195216367167,0.22438225259102434,0.37488289474719666,-0.06469239609065695,0.3843449994042772,-0.30968474674025886,0.38603518487131966,-0.15836682543683228,0.6390918946079048,-0.25378550581391746,0.3063209583720592,-0.08864484148125643,-0.6822682810290771,0.599718916649946,0.19649671830686077,0.2206608460612547,-0.6085817998788782,-1.066158191939815,-1.1489553628642744,0.6495198357865581,-0.4545225793112286,0.13303374915214097,0.1386074283123382,0.14480351776189565,0.06713071858654544,-1.406993366944473,0.8191189497529452,0.10460121505001944,0.2077552876671023,0.8123196562866714,-0.8652548255176093,0.3343370612097541,-0.48867114968422465,-1.5814179783887572,0.015846433828840312,-0.5795260131123726,0.16590573385405427,0.7281018352821055,0.4492779429917019,-2.1391423423724536,0.3344409656987804,-1.4083720928712515,-0.42703374899104307,0.022237885751107724,-5.254615991727996,-0.37081436797861866,0.036113675033756475,-0.25091968728907615,0.19504109413870643,0.3218556921965541,-0.2979730680408149,0.7755720078268737,0.6169080665008523,0.9124092758612136,0.2885529228251699,0.2072316400182643,0.47979785697621996,0.03153374694624579,0.7146303676372966,0.19797310042609004,0.4448449142934921,0.5048762733542401,0.19691008607473148,0.11051338174406877,0.14231692285063813,0.0405952204829525,0.1988410544238093,0.31210882624485087,0.04924548805760991,-0.48466409308266806,0.18943082760035973,-0.10057205619473887,0.28139436827898073,0.17890948200956666,0.17013751211425895,0.7739900300495476,0.09692899786887046,0.19883884025758056,-0.9003073826595601,-0.2586208724376465,-0.8681335059908138,0.5095364482639297,-1.3170520318026127,0.1361556424004843,0.7639980226601281,0.23960588802932598,0.16436831289886147,0.9322735801072628,0.180344156580703,-0.8321762750820106,-0.1413718254288082,-0.1150162063925191,0.6554362441880772,-0.12395143345268528,0.6456535902255834,0.3353232239526276,-0.1222336237979348,0.17992767737969978,-0.5452696819798579,-0.34101388742324634,0.09214299371944921,6.9044908305828185,0.14727253523090256,-3.214529489517853,0.39184563264528716,1.556530151868655,-1.5979666833887254
2020-10-13,0.741636077502687,-0.4700843181664916,0.13185710475525445,0.9205292407411907,0.1380340111218677,-0.6900495938724098,-0.29680271669862096,0.3375349444093988,0.035481067084527654,0.05649884708261442,0.0742263723954892,0.7468929794243531,-0.7247259044489729,0.10159871649712943,0.16679886660738663,0.711522932498856,0.5055296784342164,-0.24948690654752637,0.35676247450524595,0.09384899419966099,0.6914038129620158,0.05105136794963317,0.3263838005400513,0.132283646921869,0.2705646664506759,0.17126207354317782,1.2788658052836472,0.24984440500146946,0.09710480198999702,0.1380340111218677,0.4637616069218686,1.111818908652237,-0.02337381377067312,-0.09195668744167172,-5.635369673105065,-0.2043569938426483,0.16382031257120724,-1.1299796338821801,0.22920118530284528,0.6488057171033679,0.3193984959287028,-0.09190106695835572,-0.20499739695568336,-0.010026621099259761,0.19640029723772895,-0.21950817627617378,0.4731193102484755,0.13421347781657106,-0.21654117703201575,0.05341290026960459,0.8921398771033153,-0.14018493944609023,-0.946469032533872,-2.733558581769796,-0.3517620886099146,0.08343264399129652,-0.12622774763203418,-0.27599519848003723,0.28348732314756614,0.14154221198784056,2.167680484612998,-1.0119976149106027,0.4358811510847599,0.1380340111218677,0.06337999946172417,0.8257498720112182,-0.8570670296135031,0.5234559062432743,0.8495891682859554,-2.6774397101583065,-0.43643465568781253,-0.5374084962776955,0.13070094761990106,-0.017190719175303237,0.14626446437139357,-0.4956847677758618,-0.785363315808383,-0.26250110659372683,-0.38076411000020377,0.7328456042892547,-6.025137470313471,-1.0464744205874597,0.35904507848100453,0.31795896970826126,0.3099755245298202,0.13037656411123755,0.21269545325992456,0.3014107576508093,1.1923671368226243,0.7027337315015735,0.13757790644838766,0.27477355970390166,0.441420668012096,-1.4400016532271587,0.7727539034889472,0.6884692048018496,0.8479435288987589,0.959968652071161,0.13236157079245794,0.4616420823734189,0.04272903048177362,0.35171886359413174,0.5720677396930683,0.8038241080104243,-0.01750407321194279,0.03411959814239646,-0.07251712356032397,-0.5324916170209875,0.3991328946373623,-0.17811841495494454,1.043926908783283,1.4341437461734245,-0.7741734531580919,0.6487081096430322,-0.9064660207963632,-0.6557797104883524,-0.8546495740740562,0.9690629853189854,-1.3868506955892586,0.7791015037965621,0.7312179880906525,-0.8653431010671038,0.3202207442406579,-0.07014087578685721,0.2534731476501978,-0.3429760047471265,-0.7324583655861071,0.9056462605990913,0.6253909201599376,0.0630563165623457,0.4171261335900709,0.9259617202112918,-0.37196497527660843,0.8524373531800562,-0.9466520283073567,-0.3242025262719932,-0.03179944778050956,-0.1891308131807713,0.7401134911326513,-2.5348023332241825,0.2828454993769115,1.6596891430239256,-0.23803058237466745
2020-10-14,0.4089232397478554,-0.8803963436951048,0.2419258925517024,0.3970347896391723,0.5735518141566898,-1.4651854898298882,0.6763965585617375,1.2419091375110785,0.19581739900685574,0.40581877662705723,0.043269873267953715,0.27869771659111,-1.0296938093887298,-0.09052096034853434,-1.6778677382758604,-0.6472543515515249,0.537774931187625,0.20011537687571762,-0.24410819902895825,-0.01854166109760283,0.2832118862500785,0.22628248862132733,1.65013357614637,0.4635783643283822,0.8067586614376738,0.7324685644883878,0.5733534526541954,1.1165659495928386,-0.37070797459737825,0.8514308009514295,0.7111594604849392,-0.10631248907804917,0.5854774848998803,1.2989783978767098,-2.5227578868071157,0.2550377660039686,0.24740428979705523,-0.4043724839042733,0.11134996935400275,0.3994053605689152,-0.8336205202794467,0.52804274484008,-0.8898186171010919,0.1924593076566426,0.2734616647905291,-0.21075018391239295,0.580659947984919,0.6657156399559976,0.19500735118984525,0.7880498746421397,0.8431531757842573,-0.9899932091216275,0.12735373296563285,-1.8261340193184052,-0.3430941847112219,-0.29295320524346297,-0.1594448060828555,-0.46080501281715125,0.8466115442204698,-0.19601749594714082,0.04147511808113686,-1.2969567479319297,-0.5723399464710845,1.0298002722956618,0.24976472655523813,-0.044558624696761,0.19173729254793678,-0.5099595862772521,-0.8141213997024317,-1.2253300294061205,1.0053664705705319,0.2400059445154409,0.646003192432619,-0.015269347049400847,-0.5317465809365998,0.758662157040663,-1.0641061137049213,0.32833757391176865,-0.9633590411059566,-0.5132342858499006,-6.251809824743012,0.21260229173891101,0.5546332951707081,0.07327378453298804,-0.43871442097717595,0.9133523050031502,0.4656168518468832,-0.45874086121792734,0.22058021263833238,0.7871632917045376,0.004469821857081554,-0.36912056368255747,0.9852812938268627,-3.6363771404891905,1.3383273340368935,0.2832118862500785,0.19169516560038632,0.16403015985740313,2.1331654091948673,1.546771252499659,1.1598511524455306,0.3344687868118211,1.3621525215675587,-0.012391637158830359,-0.023297093331721294,-0.2898274451445499,-1.6832003606427477,0.529726919378337,0.25761833769184045,0.04075257803332449,0.09278650843278965,-0.030647197827733303,-0.8840600858785923,0.4100979245461349,-1.0726269572908298,-0.2704339195288435,-1.6532605077696756,0.26209962231682726,-0.9809547581605961,0.3623008988697994,0.5829005682353795,-2.460890686575818,-1.7476072870363533,0.2634720611232826,-0.6775875135132141,0.3330623920950941,0.5529135833304295,0.467746054332285,1.3748900151789325,0.9091942018120663,0.21472444357856332,0.2333908001484573,0.15674315027592922,0.6176834831984938,-1.3417271450887027,-8.743739152484847e-06,-0.3576567813878982,0.07579682790148423,0.19381672772461508,1.3539882443503657,0.44526207857004374,0.07287185622857159,0.27228747135730047
2020-10-15,-0.5043222192770586,-0.6123785605217421,0.5342761091459876,0.4794362050012669,-0.3361595279329399,-1.3145975653183397,0.6032242008762302,1.047520563688458,-0.1119795500821363,0.2034389710173364,-1.1138893079330543,0.7146007824163605,-0.3668698969994664,-0.35348173630843305,-0.3968489230169236,0.44155883738925056,0.08958163483263196,2.185719563724835,0.9848853126746323,-0.26043017244521766,1.284697253506406,0.0518902562212679,-0.3731966678520399,1.264871975970425,1.003396230050439,1.0535291313343995,0.503356682232783,0.5884213885293345,-0.33006717018212467,0.1569117685590455,0.3727208465001653,0.6887763271896951,0.4448992911255055,-0.3416793401641936,-0.5174603197038707,0.34983566894305457,0.39426798959474885,-1.7358135613562289,-0.5941622274376712,-0.05781686679279422,-0.36174880219764444,0.2639953958871656,-1.2957347965351922,0.6310590529945574,0.8842746609680218,0.2787742203876891,-0.10670250061907181,0.8186989966070762,-0.04411772791221778,0.8401062683293122,0.9728267441849621,-0.7225323472559151,0.5476139253101577,-0.3923252219824707,0.7992033417793207,-0.18232830848599108,-0.8118881784841606,-0.9677465199107843,1.2214532703580427,-0.7107699042794791,-0.4125220814657974,0.27425264870886146,-0.4243572440228491,1.936899148895097,1.327976608180759,-0.9186839085402374,0.9575572723146537,0.439265171185659,-0.09741925784044676,-0.3510295260443808,-0.28098820082547343,0.4281614281983894,1.4658826160805416,-0.8351331356057058,-0.7900786346887784,-6.272259045878317,-0.21986390627092778,1.1676666920090388,0.05512982575146472,-0.09455895997957235,-2.2531014265153333,0.8257946359978893,0.14621644268826772,0.3276540679548954,0.8909782385906648,-0.375312392009486,0.38771300139381143,0.10688597526942235,-1.9301747122418251,1.8302056632303099,-0.2331509146760389,-0.8530776542491749,-0.17982811962288822,-2.415464762453388,0.6155236539918404,-0.13804623643806246,-0.9976780042790425,-1.0416799976030369,-0.27861373864615896,-0.41640873099835946,0.3334813261244161,0.7949984998263491,-1.2688993480687958,-0.3613225391155415,-0.3700306271541707,-0.0828468967856858,-0.3881349549945598,0.06950234181625929,1.1018999280369726,-0.37431315896184403,0.412452611142156,-0.44154384604550573,0.21935214945848266,-0.1282578196864605,0.3356804750704143,0.3550436749373658,0.2929986665232122,-0.5126878867938999,-0.5581506665902394,0.7672220039558438,0.49605752904500383,-3.387604289572074,-0.7366022800967534,-0.3469017712071733,-1.1275665755721318,0.8084150083082804,1.7766666600572936,0.032819179495477885,1.0162323621706946,0.28531469504224877,-0.22826727000585645,-0.2618117735665656,-0.19523106437346657,0.030462839297382933,-1.3550247745046726,0.9967100219543815,-0.5478407486089352,0.913516119060193,-0.44180063984679363,0.8448264671942014,0.5622826368212189,0.2957830261923004,1.216013264130444
2020-10-16,-0.24893743236172972,-0.750048152005853,0.48284921348953447,0.16878068235765278,0.4701365136069831,-0.8494417342019591,0.3505472478053923,0.2229825885892484,0.4334918527583082,-0.854018306159677,0.5334607093347876,0.3000346762947642,-0.5359536595706296,0.18506722255481936,-0.004960733780351987,0.42621275797562275,0.30381807977193626,0.190619578809133,0.5299799094476585,-0.0822177683824708,0.18966126347989654,0.3770305553143213,-0.34923000470167276,0.4125593495986478,0.4527500270028988,0.06363665266053445,0.3889919192884546,-0.7761782936370745,0.27073385340819717,0.4701365136069831,0.4142841499229428,0.4781097475059301,0.2591741054326317,0.14619263584723283,0.21326845933605176,0.353165189293349,-0.6009695084489698,-2.1298582623727036,0.6586730327954077,-0.9394879803486822,-1.615856819812845,0.4249908524946848,-0.7380309009151864,1.3968439928152963,0.2718565812710953,0.3885998867740576,-0.42204107765732485,-0.19554385514629977,0.23119128297239463,0.7101333829099967,0.29414367422742044,-1.0106910961774558,0.2863956246378299,1.9726619090469113,0.2004415778294543,0.49373367692813813,-0.3907224037951135,-1.3105182078733002,-0.0793930205340134,0.2020747345113437,0.14362681417358625,0.34835648726425056,0.5431115488821665,0.4113896271931991,0.2698804333723802,-0.31261510398907505,0.2979937551025839,0.30376587210604844,0.23957389092193512,0.30865421851349256,0.7476401433170803,0.43383479140223236,-0.7505977033030559,-2.8838092603903784,-0.34261003345040947,-6.699151834099413,-0.39037977344136787,0.2003399263901929,0.4140703932883546,0.29559941082578595,2.618207632379445,-0.017594208646005634,1.1343109060203482,0.45342582683556704,0.26963907545930094,0.4466539650790989,0.46698143201928416,0.48645790914213605,-1.2063880495727342,0.40300912742799483,0.7580914561325119,-1.2598119345261514,-0.7926470261285343,-0.05532174820518337,-1.0941680207924842,0.8967691191794274,-1.3748159170847276,-1.745030668542355,-0.24836058660442697,-0.41580525652558725,0.14346607614303447,0.259249896999346,-1.246821403279265,0.24080351763605928,0.3986185649293317,0.810463303866137,0.21179284619097405,-0.19089426421147285,1.2099191191396388,-0.8182748891628051,-0.2997209397457342,0.11461368965747452,1.0027900573070259,-0.8291502371663828,0.2722349074741034,-0.16433024802611038,0.25451183275515676,-0.6939933720281289,-0.4143829262105093,0.7343225528175445,0.3994389323834085,-1.538983109689845,0.07173601080488848,-0.6302691537891346,-2.625831118167959,0.3924387443541174,0.3465309570807675,0.3962892543129361,0.4109888525275029,0.3908639677319608,-0.645539941177419,0.05668905234301484,0.2952985399719189,0.6540894869480318,-0.7394456380793357,0.40430613829123896,3.6756782742132974,0.4982651343136493,-1.5113024565241298,0.6860004481892735,0.4701365136069831,1.38468854206872,0.1251214002516883
2020-10-19,0.3418831106753559,-0.11770664778640196,-0.3148087550757391,0.7134016964938329,1.0130975024995421,0.14754595465784948,0.6956138110229967,-0.2481293944782562,0.32217389406466745,0.05577819415077647,0.7050303117737999,0.7322078512005787,-1.4221499633400354,1.267414985657562,0.2804747568239437,0.3385427716358836,0.7631279778771239,-0.5834737153045688,-2.4456995609090946,0.009343880734372468,0.6798166718279861,0.3139306370093034,0.27050599839065576,0.9224008619946181,-1.0221368863424407,0.7386284998043783,0.7832611342087404,-0.8507935435389447,0.5281607365183393,-0.051721579785634644,1.0379950610090747,0.4202452030399938,0.9738070259294496,-0.47264727885519825,0.7126900111992917,-0.1864280479275536,-1.1112324919986252,-1.3993632353517858,0.42646425734876814,0.9792934415716039,-1.2246688141960538,0.8089242149949267,1.092052230709632,0.717775110951733,0.6985668878787946,-1.807233310316188,-1.4077286756509106,0.7762885603680658,0.7658288310885947,0.5074677359476089,-0.7428390512577876,-0.2667736485548274,0.24035723178262014,0.6618141549720867,0.48167731601970304,0.23963216629017506,1.1712152442628543,-0.9866092451713716,-1.2369729473252502,0.3206588038594395,-2.6593438017820525,-1.0881100262509658,0.14346514981839342,0.9928381355813574,-0.5257100896905026,0.3113099475777657,-0.2810444055682451,-0.3899102485252371,0.8038214444675605,0.6989402099480266,-0.7248597355740255,0.24042554676790784,-1.5076879744410328,-1.8272973946912665,1.202379345945749,-5.809206839241116,-0.37891837936651734,-0.17085694153388878,0.41877567797364146,-0.5385168150912774,1.3836996062773887,0.736190361906592,1.2550981962830374,-0.4879410379044966,0.2134377858068772,0.5965374580485107,0.9825690792564209,0.38846241600514814,-0.7033923265254839,0.34057811901718266,-0.17382581920623916,-1.3238750097051781,-1.0379341702163303,1.6816784734259307,-0.9034609528510499,-0.35739175614243196,-1.2057268064242355,-1.6767123087453883,-0.3209588963146728,-0.9316004484995846,-0.4953284749706234,0.32306355798417996,-0.5369867390990013,-0.2606303740588728,-0.49464331178517384,0.4301670401998271,-2.2213723276536133,0.12371654010080464,1.2685352864981165,-0.027895016886413458,-1.1299536541907387,-0.20287141459007615,0.8103821809173661,-1.0833876066152612,-0.7529711446840717,0.6354341038288406,0.0622059532214671,-0.3862644308118994,0.14065966687599657,1.0052300591616652,1.1185468845822715,0.5550411531754355,0.6035032130181267,-0.6616223502413963,-1.4501121486567572,1.120207823899487,0.6534425665981584,0.5903639065583746,0.6242938229609545,1.329816753381812,-0.21626904716150638,1.049127083992805,0.8728854466002256,-1.092144330104613,-0.23574001075666143,0.46816759209282366,1.0287218357058312,-0.054638806104114396,-0.10274016738879882,0.6000172329390053,0.11434207376027146,1.0598127415799106,0.6959841312305234
2020-10-20,0.6164461039913358,0.08670234729990663,-0.6670236407669503,0.5856851308910064,0.9782465067807562,0.105194538417111,0.6948431054795534,-0.20552512969161774,0.29935603306173125,-0.2645557595813371,0.047637319562624764,0.7316159467933551,-0.76777468275256,0.7485204179311054,0.7429083188295134,0.4781455886578475,0.6257834832479634,0.003836641490445971,-0.6001266239638223,0.6345988409513666,0.6830557805863656,0.13139972507665965,-0.33551548008846266,0.32040928317190986,-0.8179987868330701,0.5980855799404212,0.7786215414849433,-0.36019337565519877,2.0703824280160905,0.34698379461857604,0.6677982549211602,0.41491432916304505,0.7969417064165917,-0.05854870548976702,0.31255809428395104,0.24960781305045154,-0.8529780522714685,-0.7239453846675937,0.0691370998693213,0.8623823005913314,-0.9216366519958853,0.7155670206086276,0.8422451825586129,0.36198786050252835,0.7212872535340042,-1.8469070724626695,-0.4938632879374028,0.386986430139275,0.7589150447195976,0.3579584303219278,-1.6588026863219876,0.13561749490905844,0.15672465898973534,-0.5868285653477875,0.004912712033243203,0.2674798507195369,0.8894416565303234,-0.3785032954162734,-0.2550757418022806,0.49344692577543386,-4.700101376559406,-0.6949029765504049,0.531393881503919,-1.7907883301381586,-0.23510830310745398,0.613971090338744,-0.3223690866957323,-0.16556429965416988,-0.7019432965713966,0.3772652984201311,0.4390407650788584,0.4356963918559696,-1.0610665211421526,-1.9223616139715067,0.6823293663534153,-7.093439824854864,-0.07358389651484407,-0.018052471451022564,-0.039982648878972925,-0.27473806048832417,1.2315028287177585,0.7670237930352036,0.7488401329349729,-0.5539190532972215,0.24334555499432672,0.36483729257035186,0.8266997013928336,0.7939591590705171,0.06171857967529352,-0.07083877096956574,-0.027324735862475233,-1.1134209319239317,-0.49519746579477636,0.7994333460370526,-0.6676719146568894,-0.5340406044092799,-0.36161870739065766,-0.6332926217144166,0.181569024025274,-0.5077969346032,0.529636263487522,0.6657875519951819,0.07529476141453675,-0.13394327389061012,-0.1281012903652244,0.8949618216789128,-2.852296713559357,0.7246205327618458,0.025341677755831443,0.23564785317264825,-0.6951188382507826,-0.3641975782553731,1.0341963181472689,-0.7416673630314539,-0.4073023061032512,0.5379203223414475,0.09117036361505487,-0.4400508164360903,-0.03376402722539749,0.7641927961094604,0.7735236839701085,0.5049191894890925,0.6387363581830234,-0.24984881319456534,-0.7401613122319056,0.7358156188316117,-0.3268392149301845,0.4839698196873192,0.29800518015326033,0.7093046812463614,0.24516281767921191,0.9482334176599024,0.8152191519590987,-0.27009810215535135,0.007338085022867503,0.5055620379017688,1.2174476950580977,-0.9646055407944515,-0.37650166742230834,0.2878699299917756,0.1843299345640639,-0.5187301075573136,0.2909516898493774
2020-10-21,0.7018903161527192,-0.4543831656418545,0.2915396713190996,0.034994746940063014,1.0993555853590964,-0.0071433368676148915,1.1256477680669037,-1.9919683835982187,0.24737733850099053,0.12633427426733845,0.11991586377493015,0.4832765603721568,-1.0637562869890747,0.5794095327732446,0.7569518494801867,0.7345317773908363,0.4440277080967754,0.30423471501079624,-1.1077949765919057,0.7144695610603975,-0.11031179886415829,0.584195798736789,0.2908268760683294,-0.6556869096966405,-0.5455594489269152,0.588012342411221,0.9788638557317664,-0.33982781479622676,1.8457941994958316,0.34110006747717353,0.7476262215256138,0.12171380435326894,0.6518817088192053,-0.24096825363395633,0.7502019588667985,0.7400192173286639,-1.0071539763111061,0.367170885875129,0.7144503109207028,0.8141142445802998,-1.1198893875455496,0.806411264300032,0.9037905376055854,0.2713411495553074,0.7263149053817362,-1.7707919174864077,-0.7321251470149897,-0.03838958878346791,0.47544427533677586,0.5378973861119943,-4.333586679108023,-0.11594435946372814,0.06620033337752598,-0.2487467967267977,-0.5034452266300061,0.6953201234668601,1.2165422668166257,-0.4097505975964833,-1.144047423425669,0.6118237395249057,-5.200389611476186,-1.0095552993774923,0.9427040699016114,-1.3321057274617447,0.11953650652226258,0.40677932924808924,-0.11568783376774157,-0.265540264812248,-1.0285605903903092,0.0940357714387254,-0.06461592306127747,0.39342651477363816,-1.7173404344740006,-0.6824199114515499,0.7208714710893575,-3.644153151720026,-0.5549508046477944,-0.7563914234132996,-0.24114216284741918,-0.18861096310348138,-0.1398695633040213,0.785510476485455,0.7285404976940911,-0.7340009090463822,-0.1370663968110647,0.9028686283354567,0.713033433193185,0.9758035978398676,0.6829183369551564,0.5122881724135404,-0.5323309485686067,-0.0834330825387247,0.6173590070265966,0.6140213984348792,-0.48019154713983353,-0.09028976816185867,-0.1592281139662468,-0.4015378595712282,-0.048758437734937245,0.20729708361973564,0.44176900053598117,0.7474573269303432,0.26444135189549667,-0.36968486386252697,0.4353239610441346,0.8959944806859219,-3.8724823973049833,-0.5249810772015607,0.05266167802664407,0.11283418507169361,-0.7841287203850262,-0.8548660044780839,1.10948501378838,-0.7848753188759797,-0.45808132188294814,0.5703456385046376,-0.2110584054893561,0.05905030144068304,0.646222336608613,0.49756017766581895,0.7674848180137114,0.4818325636467439,1.2090336698910922,0.6470350835369719,-0.4547542489833452,1.0810817822034482,-0.14740240464789536,0.20550936291020513,0.14977415824069926,0.6968534266989981,0.2385807057643872,1.0849094917845852,0.8516153656235285,-0.2328872560474644,-0.3015848085047845,0.11786005227839533,0.8513947748180427,-1.5659223547796277,-0.1157069336782913,0.570803902467369,0.07802678603546778,-0.0801248704803929,0.4150327578318332
2020-10-22,0.6561136597038795,-0.6930175604976035,0.5600297089090687,-0.23461017046318766,0.6561136597038795,-0.08242665895914682,1.2560736401930979,-1.7819268919149542,-0.13414039393266533,-1.2966018948071196,0.1602199092643191,1.2665296098614802,-0.7305759845007767,0.5807631907259019,0.7930970706747259,-0.18938031290781998,1.0146008621450027,0.8856476985463141,-0.5726808374632933,0.6452342556278194,-0.45895810127676806,0.4573130475642286,-0.18298582067798363,-1.624079772891712,-0.030850193043127017,1.162642575217093,0.6208828950010804,-0.014585216356330168,0.5395998547196289,0.6087708529101173,0.20908733828471934,0.1501736835795539,0.882471649995175,-0.08718377799936966,1.2464972434278603,0.6323953085884003,-0.6274623043364898,0.6789727688420841,0.8927819518303838,0.5590082601469984,-0.9170932990739614,0.7861197221592305,0.9236397064315743,0.4233084400478268,0.17346325428586543,0.01413682032261142,-0.6858399683069949,0.2628457150172638,0.3090161341053915,0.8956587477090259,-4.146933781479043,-0.11711926177997992,-0.23446709517322378,-0.2962858884577856,-0.15781483893843715,0.6584643469205491,1.5132064665968916,-0.0321537297655986,-1.0432367974818424,0.3728740517820961,-2.6719012054036884,0.387783482491387,0.6178826278988258,-2.567213361724762,0.0225923492020744,-0.5627203661515419,0.5267694462937602,0.6512386143751422,-1.6397973850665073,0.6014997139773222,-1.0176015331176669,0.3711508763421553,-0.7851246250218246,-0.6091661221667346,1.3887913488972612,-2.795167241184138,-0.07057234109148787,-1.3865107491038813,-0.5821381345971621,-0.17581850482582748,0.15004728702755352,0.9004289462579225,0.42804643472637066,-0.2891486016759982,0.35598623325962064,0.9260459658463546,0.7841079583287562,0.644078210610821,0.37991862183401043,0.7437737041465052,-0.7771861493070461,0.6129901711733055,0.8253266330206275,1.2578515333683642,0.4674055170215665,0.4571488933017334,-0.5128322724487119,-0.7965271739021986,-0.9292999052418418,-0.8172045606556555,-0.053065978547974624,0.5528421472571462,-1.1873474329635656,-0.48962174446068674,0.7562252799903469,0.6561136597038795,-4.859016635141335,-0.7093567403841798,0.5696448867251962,0.3379922650139364,-0.011926927102153952,-1.2095355403879877,0.8767739468399806,-0.8073766007945907,0.3852478336527225,0.7950373290862187,-1.4353968588310015,0.6109317997550102,1.0359120834176556,0.6303074179695485,0.4055015822438676,0.18890613991001684,0.6432246962126015,0.06365409014783881,-0.742356535214299,0.6980852827008327,0.10522897195063813,0.6083734575169631,-0.6607041019926669,0.43556463714025045,-1.350793029662046,0.8767371321231752,0.7926302191708444,0.43904169620263067,-0.10454783534896167,0.5338682287647318,0.6515759168233497,-2.569771035799218,0.03947260045115527,0.4705907003597084,0.6301496715685589,-0.7995020859665549,0.6104075248282905
2020-10-23,0.25892706992516934,0.0975890056065622,0.3388351143594849,-0.8333521444693696,0.48670026109849096,0.770919389321823,1.1252235255702472,-3.7050533041944194,-0.5857756176826763,-2.399401980232784,0.2914389909611235,0.7415378517803678,-0.22673527787496392,-0.2387875712481146,0.9587755916365487,0.017074180213014777,0.3320466142347257,0.9906149909355898,-0.017911040631094714,0.9623475810861477,-0.26472954394114456,0.6835355523221954,-2.1346783427867515,-1.861716213668164,0.1287588103382084,1.6239419196234197,-0.496666528203012,0.12453585914271131,0.4971594987620889,0.3324784888917278,-0.4573522074230905,-0.9117048151341965,0.7466829847714986,-0.271507387782544,1.7038934472821674,-0.09860786495491111,0.5352302287012811,0.8429537098897382,0.3906260516274545,0.8438637570832513,-0.19617168442883204,0.7691231985292951,0.6641856170464564,0.7147161999031771,-0.12537028808475753,0.8520989852515288,0.6010741250693277,0.4362324989224584,-0.4619160238528827,0.6447395276618584,-3.4558396871845427,0.333936608773994,-0.17161195697487186,0.6808202934733278,0.275240594662298,0.6092422709740275,0.6750250145424908,0.6887287327229402,-1.0526455462410287,1.0116677319888776,-3.1330729463984124,0.510226359887662,0.9556437704333933,-1.6065376281291877,0.7004575504716899,-0.71849969189585,0.5095444271229742,0.7761547798880574,0.0036661892823315967,0.8361606601606926,-0.8497018954543336,0.06834744920080633,-0.10754455161593585,0.336752047633065,0.6388097742953769,-1.426015706892135,0.5365922071669786,-1.0004496418922053,-0.2996916598007039,-0.2674275429456029,0.07543190083268123,0.8034725888751235,-0.720341610698544,-0.41576949052000484,0.6738270644176217,0.7082501876311019,-0.62430551549568,-0.2444507134674098,0.7704247751086573,-0.46337474094336034,-1.3458987136119476,0.9542839927040011,0.3349007233544606,-1.1218742686489938,-1.694330039788231,0.8286471989323461,0.53940481431617,0.5600293342580056,-1.2967095394741677,-0.3064695112871724,0.045435235442579804,0.6692668197351914,-0.9332928497105113,-0.2729966789684972,0.5552648122921946,0.4713441210299753,-3.121058725261827,-1.6998984430010604,0.5562949606853833,0.7214083542736689,0.9123673140027305,-0.40951569738873744,0.7260169205589876,-1.0916402817449198,0.7833866400595597,1.420868115396412,-1.9141682971734082,0.668013030643174,0.66952225304298,0.7342814954613758,0.625433872770753,0.5942857279085652,0.22183769794228614,0.3084509032977479,-1.96630266724443,0.5797222988502038,0.14532774303359006,0.38100293071200375,-1.2935938728234317,0.25331518695201904,-1.3090729810245387,0.7099999788631828,0.7200073192039316,0.7356729725635016,0.8127184825868901,-0.1196378628927676,0.9611299150144305,-1.9273065949702164,0.26467163206929534,0.8171844328356325,-0.46782508005377826,-0.5509400748211505,0.7194697051451722
2020-10-26,0.6684445314860394,0.15526460216735435,0.5561651299942261,-0.8842332535437529,-0.13393785747543138,0.437486252477031,0.4830289952964363,-2.2496537960440284,-1.1626303976576917,-1.5084176415336314,0.4300260323364625,0.04092376808713163,0.1782121540145732,1.3084495628534618,0.8493187508240078,-0.3410369081982954,0.34949309037833703,1.0306807491598184,-0.17427459948117666,0.8361406371721098,0.14055585617373811,0.6834360472796361,-1.7001476548482097,-1.4491947327931056,-0.9633842268350086,1.26738817931254,0.002395785919161255,0.07533913846551724,-0.2955177385457802,-0.4310164969311789,-0.02097723116041559,-0.6150189420046658,0.5694736381601286,0.07886233234654183,2.484639122021154,-0.5861155701718033,0.11414988196596898,0.7478059048423127,0.04483318956583761,0.41230747493678366,0.37342958435985674,0.39090868034206444,0.8947631744678416,0.031430957475716184,-0.1869269291168844,1.1983831537602332,0.2341558891230362,0.44513012831322124,0.14055585617373811,0.14055585617373811,-0.5201636246522753,0.11265776938041211,-0.4009298086509106,0.31038062933162874,0.47810967172962604,-0.9476801995959825,2.17169971870212,1.6491885914223487,0.028008999107247613,0.007301462432412526,-4.849845771941269,0.7874502265578224,0.44658887717325685,-0.8161626828596594,0.7982643229958625,-1.1535038970739997,0.23903614824695846,-0.36281393425641306,0.420019166656168,0.4202781390100361,-1.4476231172228284,-0.0797733571895172,0.8920823343200065,1.1850387149350508,0.4696058691996769,-4.474535362076456,-0.8619302896519079,-0.07005791867304552,-1.0277707205878361,-1.1453207806939618,0.051771893204684886,1.0586060536857653,0.3324049666629228,0.13074505424102806,1.6567037730393763,0.7468036842784642,-1.0488939467880687,0.12777239404655458,0.1858701668994506,-0.029968619134728834,-1.3646541605414975,0.1382692773209582,-0.29391180922287835,-0.4162910065154105,-2.1322520928413833,-0.7134943632901262,0.25199932443946915,0.24119363807934618,-1.6516533611112059,-0.4354678248602774,-0.11726361602774428,0.20629512949441606,-0.8046386758944457,0.11302839271390062,0.16155334084729475,-0.9689192863156278,-0.21670826959118175,-2.1173278769893558,1.2398139890837077,1.2083830990879658,0.5551586687898196,0.036092661505632284,1.3283577922466745,0.008611718817380128,1.1007675210833496,0.2867695497540113,-1.2869904724412806,0.1159127337632527,0.4046012524943735,0.7930930721827224,0.7960314798113189,0.23726955568842287,-0.7450840395436564,0.16927838947581067,-0.5654661066474054,-0.055971309206389055,0.8497817704876552,0.4959094785923216,-0.8853737173608652,0.6801861537920086,-1.1324119993466646,1.05567969705168,0.5771615060518446,0.3359053255720151,0.27274905203762395,0.041604142084293465,1.3917322052145555,-1.2999362535605312,0.5312122999802045,0.372870463763968,-0.7129839119718544,0.8150234050937823,0.5434393595829888
2020-10-27,1.0175891957310115,-1.2758602160729977,0.1180113991932078,-0.14476067802053783,0.0028914461363317716,-0.7338206633326164,-0.30417520680451987,-1.514536855176436,-1.3561713560189224,-1.2150424509163826,-1.1397745359686742,-0.007622406019786597,-0.07481612462360435,0.37643180407904536,0.6724033404038862,-1.2241948494742962,0.6035511067538841,0.7847154890142531,0.2757165126887259,0.48244729684177484,0.5970954093056159,0.23718323905763547,0.06488462553375114,0.09131432751614758,-0.5978383871641314,0.3127968923891924,0.07558807763702946,0.4497804116517274,-0.7494663472120104,0.5022365416608258,0.06546702601050203,-0.3187169066434826,-0.17990678376960068,0.6492633162525855,0.4544877177116793,-2.0634335526319694,-0.5499318983282058,0.4038406778858179,-0.24112147544766965,-0.5460330487074878,0.6912073567327249,-0.11860819000972152,0.4682600947740323,-0.4248859675555245,-0.2031210854203694,0.5547116599324081,0.9788245984056753,0.394093131442949,-0.0726851088619728,-0.20129832992077734,0.5467272105640298,0.5351315433144528,0.2492244577155218,0.5206485107185777,0.37344016801143104,-1.00210751489187,0.466952352289124,0.418912175190674,0.6712456509152681,0.21866716323073593,-1.5133940165172366,0.4071057892264723,0.13239166620321266,0.42073423871315213,0.3882381436471924,-1.2392477834198374,1.042042628945991,0.19216275571518454,0.4834631756125139,1.0638504306438208,0.04080704986584066,0.580695190141576,0.8915731061692199,0.4873184150005547,0.4688129138596829,-5.598084448335421,-3.887999625245114,0.4888094967441638,-1.231535193746399,-0.8036436532261707,1.4850889446692672,0.6696429956234472,0.5022365416608258,1.7533526169052556,0.3956428626412535,0.36996962056579913,-1.0163148359448293,0.2853243461732174,-0.3960451182180514,-0.541037625474751,-2.7174788789226465,-1.3502734466727946,0.49028726569781883,-0.5284173186754052,-0.7777466172394969,-2.231983607395437,0.7597701650123617,0.8758409512211918,-1.5865276214738866,0.4780979872558981,0.8920244351438088,0.4239842904459757,-0.4105252097931696,0.41210052018056026,-0.6733513942378011,0.3021603465014658,1.210374816417773,-1.329810440387893,1.6632641338709973,0.26979921644786153,0.5589135642073685,-0.5292221533736615,0.48358931234205904,1.4171656199121603,0.8009457269825405,-1.5082255338828083,-2.00078789749217,0.6727337674156956,0.3978484850580527,0.7464056261000935,0.32631746903742687,0.28720060326321417,-1.8243882682849584,0.5813885456397762,0.1752710954835601,0.9443690658352858,0.41927273232682855,0.3542977535777727,-0.23416381655698665,1.1163294233560337,0.31077862225229186,0.45063504894323175,1.2538654416096984,0.8647004576453775,-0.01191084839986845,0.3435711787464798,0.4188066230384886,0.38763936418288436,0.3814469917541229,0.9958791924303235,0.419465720379334,-0.9838822772649577,0.4243811540398517
2020-10-28,0.49350196252523604,-0.8645161453645371,-0.9256365718226844,0.5929973021359687,0.08732860486875654,-0.6647405528022098,-0.03155147046709359,0.029635860306126402,0.2526291972684041,-0.5321225376896558,-1.0878110165155015,0.40198889239606794,-0.041886501646747044,0.006560366327106053,0.29261358656048514,-0.5878090717015267,0.19313151345202573,0.989154808346725,0.833398561679169,0.12942909938673627,0.7177718987125277,-0.005922720139872454,0.44238177073017115,-1.6205996907791298,0.3226104059133619,0.0663214045737451,0.16135126710458225,0.2231709017547965,-0.732641094049478,0.7353707990674753,0.5610646263647653,0.14167496485483638,-0.39163279997091854,0.5308753282751396,-0.18997446643439575,-2.246080023880277,-0.3347997249658385,0.7527420586956314,-0.25236991367596445,-0.7635742595104351,2.1051115632577475,0.3299233925927619,-0.22226467436710495,-0.45047923793776273,0.2947830938371399,1.3699253798227986,0.6495652829114594,0.12844743600610725,0.09362053099892588,-0.1877858396205748,1.0249438409001321,0.2270735155404046,-0.15724431514614837,0.8610666319329662,0.18015399029822624,-1.451764548057437,-0.3999477929084531,0.5309034908669771,0.5517538860070362,0.06735881013678563,-0.1894495837880326,0.8588553581304914,0.04422674124738617,0.1468502260601723,0.06536917180784695,-1.3434154110594825,1.003166538663271,1.0132143545664818,0.5435970838324443,0.592768928612775,0.08961204302187777,0.4868906159333104,0.5783663654216503,0.4157630139048622,0.011113893081679144,-5.9309183727555475,-4.189133074467547,0.5920316552608086,-1.6715281855106547,-0.28000622386218427,0.25781359171890506,0.6957497249402078,-0.33935220806982425,1.4066927600924817,0.1468502260601723,-0.7582965431403601,-0.9036709162776417,-0.5503173004354994,0.13560632684966323,0.11905375569541088,-2.2199033299553452,-0.41297917258903544,0.1468502260601723,-0.7365759410966272,-0.09854593148338595,-2.840544113613238,0.7677547423473191,0.9003899421535124,-1.00105227661037,0.31915233565106316,0.42044594205005503,0.14063801730790987,0.29017648278104835,0.9537085025456961,-1.0468745829782586,0.261554762570279,1.2400451574672289,-0.7980952126088833,0.4348867676905956,-0.02083741358308726,0.13727788663845927,-0.1750861615743472,0.4427539889288387,0.07365939535095672,0.8871748061506195,-1.541269519928584,-0.6926992114888029,-0.2841080649672108,0.08207069150450383,0.6575750214449553,0.05747271181108205,0.023239045306830936,-1.6719950410575477,0.5577848085229393,0.6999475359639805,0.24862852104075125,0.7941244351023893,0.1365060823609263,-0.2058538633057715,0.8655145328327944,0.9438011814074825,0.3393533885231252,0.5704547282972532,0.36273572028498713,0.26778194446495485,0.32700055188296484,-1.0846650558730861,3.3947789262865733,-0.08534759760469024,0.10604780205293313,0.6839733356915043,-0.07043870006551847,0.17492565741784816
2020-10-29,0.11995952788752552,-1.348700227348314,-2.187773991707668,1.4085976298456218,-0.49301719462322213,-1.1589154259269288,-0.17529095321065577,0.23328726378212153,0.3218527223172831,-0.03733767330569382,-2.265497474405134,0.6129417534707139,0.16975036470068436,0.08004919554831226,0.30602389448499995,-0.7452062426806295,0.17125244457750546,0.038473194944588965,-0.34962049934305583,0.7284075611140732,0.8450100499720321,-1.784173882267389,0.6107055383541832,-1.6232572681724418,1.3556434339184757,0.16398364515888492,0.2771518447781565,0.6090061546898451,-0.5062515900456943,0.8658911470083583,0.17948693352987308,-0.5760920248482828,-0.2513329909918673,0.8131526449795483,0.39805077517963183,-1.761910922585134,0.26716868309434916,0.318845198691369,-0.12858400517645358,-0.5027197697891835,0.908128244947473,0.24954058087371173,-0.28473556768058994,0.20216044758447352,0.620372161384969,1.046885395292822,0.13172132575211026,0.8345271400919301,0.5096778016016078,-0.4335003828727549,0.2745348166617119,0.5304882408524301,0.08996964611351466,0.05985637059843254,0.9052838416498022,-0.6638913027354229,0.23382317476185055,0.763712378034993,-1.9037387114517883,0.5737484602417485,2.1983859244389437,0.08690200035791112,0.0981982132985074,1.7918860527663865,0.2424447668037804,-1.5114843993124327,-0.21070593427372794,0.4506590584508484,0.597268482597012,0.240327331186858,-0.07873716429262503,0.5731177901919631,0.38237320004020203,0.1497086787027542,-0.8874843398056672,-3.469071274328515,-4.741559562648642,1.3127053142337546,0.4573401640059636,1.091495918838932,-0.4165637558621579,0.8908032220717519,0.5174033586972971,0.32084563313614783,0.21621567585675813,-0.7602923342511003,0.016407729540733027,-0.8361093455723164,0.49878580696802904,0.08933639186041822,-2.497695427473865,-1.8950161294684957,0.44099091810062335,-0.49455728041288416,0.808223333877467,-1.7837786449074269,0.3223150407233708,0.3529581223928162,0.007162609824513454,1.123468188262561,1.308977927290346,0.6959954983502997,-0.03100100246231155,0.46171170337842465,-2.7089411251645705,0.9086531116294785,0.28415968490498783,0.09671719468026209,0.8860538206896267,-1.1055991799850593,0.2675378316823335,0.03251908784910642,0.10631556045582145,0.7519160426125618,0.5362313067578782,-2.42721532382974,0.055665358002969866,-0.3092128686252303,-0.6086429043893179,0.7737545235792048,0.1302814613260035,-0.4841481016894501,-1.371036757597531,0.9178216001394081,0.2764088610699668,0.10478511417809488,0.1845331405520905,1.3973004691454725,0.7090469022847841,0.5810302199868564,0.6479819094427114,0.6257742711378889,0.16890039782688943,0.6173253935501914,-0.8145945979589377,0.7585717995112804,-1.177643213578975,0.1723896574910609,-0.055954124559274065,-0.11413389848086078,0.48970657974242354,0.05065612047215617,0.8671536866810938
2020-10-30,0.420427716100235,-0.2874060183539685,-3.87562898855996,-0.8269665971977375,-0.31856761489913593,-1.4974065204778335,-0.7275759046116916,1.409634189080075,-1.0360646301666057,0.39941672332036793,-1.2263662032672031,0.3730718040597327,0.5188439588564697,0.5674765100588762,0.8386146144260826,0.39421060788453816,0.2523200484324319,0.42477483056722637,0.8271841469367347,0.372575539479291,0.4060191149267258,-1.1979692042919068,0.7961961622775274,0.4333621239524602,0.36575178150332427,0.3720399772447282,1.0689970144044696,-1.1542329725372191,0.596108289487569,0.37115644673779785,0.946507042442619,-4.957049360787808,0.3374285557275768,-0.4484160720163205,0.41888761724828427,0.02393883890745068,-0.4347332750005931,1.2018386615530874,0.618344366902286,-0.3809228641101722,-0.5478444003113628,0.9184661489772966,0.9139281208447934,-0.01334121418480736,0.25172978242191757,0.9188815394193292,-0.5189899844515807,0.32882705514534544,0.39702492991135774,0.8993674416887444,-1.7131290567812651,0.267867923446406,0.13665044039770446,0.1853496320964956,0.5762024653280454,-0.03135342888045603,1.9648388346183527,0.21687158475790433,-4.589609644158173,1.5128250861756252,1.7481184548656272,0.8267057388823615,0.5895167593353536,-0.3037597488831079,0.42579309521787045,0.19429557158338337,0.3120978787911429,0.6669045016427206,0.3613673333244135,1.0293500454973363,-0.9742064294835217,0.35207760748937605,0.13057513427001183,0.022102452291657297,0.3859683066203944,0.2556301209234904,-0.47556745451749033,1.0631129401328507,0.6781156746411969,0.28894133881621437,0.03915981516643779,1.1867854014377284,0.4059874795357131,-0.016711081840798832,0.920521968529995,0.2174620902328131,1.0047370870400998,-0.7209539156225234,0.4208650072493754,0.7238626000821113,0.10599935017380897,-1.0259245146727591,0.18689545073090605,0.32079604493954494,0.363225669534386,-0.8709873407698909,-0.4883473103914996,-0.8006335959561988,-0.3091275008788719,0.3960494947376642,0.3619273347929546,0.35826964088449686,0.10308743902662741,-0.4555285032605082,-1.6593046558784625,0.38072296957099927,0.4436019594552355,0.5847658007495798,0.40127069750853,-1.5585528147493686,0.5436216890865992,-1.0609296714754024,-0.37282316042647295,-0.1116613185132695,0.4119271182277695,-0.8642328011396331,0.3885960658771092,0.4334449597949301,-0.18565062511106628,0.0036627895799218263,0.15563009267103656,0.3692174246043338,0.015969716555874702,0.4331522711395439,-0.7594598069272883,-0.2985141335752806,-0.1796436301130962,0.9092004502815085,0.377981119802286,-0.11391789838800356,-0.5059607491958708,-3.0534177794559363,-0.6154697768804108,0.4436019594552355,-0.6509350687603412,0.4911487665327512,-1.447684677403158,0.19535084093113916,-0.05380942486509533,-0.4241444119692275,0.4436019594552355,-2.2479905329812198,0.2726931416867346
2020-11-02,0.46577508691163194,0.06034039340856087,-1.9483257890712227,-0.07817460485525309,-0.07942759594278295,-0.4814867872869254,0.597924101193059,0.38854294743368606,-0.9124464109722517,-0.3128522625262986,0.4178198690727611,0.7122377368042183,-1.5068408168548677,0.8897787820483132,-0.08249170073405512,-0.18029808898164318,0.5733754038220731,-0.897007993965396,-2.3077411745154257,0.43490166494000637,-0.2213657581506612,-0.6882060521678173,0.4862452907836321,-1.3735887540682155,0.44843020625667424,0.4059799534870221,0.5597293465159631,0.26870291666373264,0.8993398466998903,-0.10024321778475599,0.22275064650740772,-5.02036953494501,0.5835892186501479,-0.5863772858016905,1.5639586417949367,0.5773188584444553,0.14983401810012828,0.41578329397169994,0.7518809102094514,1.008468078077227,-1.5527344337760367,0.6359069773291106,1.2414221263727472,-0.4008073826965551,0.28122496652167894,-0.05949486342155857,0.21511122153731052,0.4088052194188779,0.44598178543962336,0.8386606746765997,-4.1327491608971645,-0.07991291072047266,-2.100638995391636,0.708948320767325,-0.375088595618025,0.37922860984532214,0.368327109403205,0.2932891977186078,-2.7274646082441434,0.4587440962315772,0.40690909595900465,-1.4111714489649014,0.46025768855912347,-0.024107705035169895,0.7418535885116783,0.42612017800321045,0.32998941984964425,-1.80533481522307,1.0015611987478616,0.38392272167114444,0.370873909088372,0.0832659376391963,0.3869581331198265,0.14774411006065072,0.5591013756640688,3.0830969584804278,-0.21351661439115646,-1.1253446190304681,0.4672266465390351,-0.332215511205771,0.8192855102515926,0.43593098444563144,0.31510614707082024,-0.6471118502277247,0.07271118392443848,-0.5255370747286182,0.8600665013764595,-0.5823920356813772,0.3965314257914442,0.42259384259952565,0.36253082847839124,0.0838763881273827,0.4491285919162697,0.45615487916800224,0.46113478982958667,0.3594283484690272,-0.8465135789948436,-1.1619744842580408,-0.2607903531750151,1.0176386936810304,0.00101973554253301,0.8247071709070897,0.7185835365066767,-1.7411813098971516,-0.2636060327017023,-1.089119100014319,0.17463871492630878,0.11787400754808262,-0.7480940139751664,-0.5768096602895003,-0.5292536031047008,-0.7687663153654241,2.4809449250534934,0.3057222045416449,-0.7859524475146384,0.35985997707025574,-2.1714183674066665,0.023945852861650095,0.2742884626305866,-0.0974135389020086,0.3223808084548579,1.2601983878325582,0.383507101049407,0.11840059651937011,0.3940407006762759,0.6524049636481434,-0.0023843355239614684,0.4444807497030978,0.3798851922066563,0.3644672466916615,0.40108655898660933,-2.0188656082950436,-0.22649290884239878,0.46113478982958667,0.33440302319865395,0.48079355413191177,0.35346403883304595,0.7142419033954029,-0.4282715863069304,0.44389092007603886,0.8077365718758436,-0.023284024264164913,0.4955994339309396
2020-11-03,0.7606997199378233,0.4906185647200531,-1.047559914681804,0.5768223346840996,0.45146353928870264,-0.3473415775325087,0.2239881404833011,0.32718709223806647,-0.9068967789039419,-0.9475657592650246,0.8613711181366887,0.6421691839903468,-1.900758419963882,0.3482799459284668,-0.004645628494082153,-0.5465360298631623,0.5427149461137659,-1.3862637963854076,-2.1543938829930505,0.9171537170119276,-0.1805250386275274,0.10161015434371244,0.24427920835019365,0.2356029848123311,0.6569803018015277,0.5017366680815943,0.1396376922865257,0.12977101337457544,0.9357457171674286,-0.36678105811930334,0.7341792991746424,-4.930329650049444,0.5418356696255631,-0.4771634591025893,0.7550711524027146,1.194436518930991,-0.11145179498583083,-0.05022084571614479,0.45289914908796897,0.701929500199738,-0.9893440885554882,0.7698132331809111,0.44770098896798693,-0.248063966162449,0.42862471298269467,-0.9358854056048131,0.5498040686534851,0.0716429171356346,0.9808557841696633,0.5045761543706934,-0.679586884375379,0.10942578806061246,-1.740089159361313,1.0881952602182419,-0.9539922700261032,0.03136208739580798,-0.5665477633845353,-1.141548850484498,-0.9444594112100745,1.0123703876628645,1.4418614607308564,-3.0832998765730446,0.24975875763654437,0.6306004412091556,0.7385337230505161,0.5002096277159662,-0.8597421892209722,-2.416476687738863,0.7635000465949765,0.7837206199635889,0.8371842260177027,-0.275237612730966,-1.18466276804875,-0.12174691468391796,0.9483433760124772,0.7635972397354476,-0.16245648410796426,-1.2165118226800073,0.11135975715876882,0.40278933165488073,0.13913858025058598,-0.16758593226467308,0.6650175665485825,-0.5431094922658809,0.27439901792772925,-0.13877806666977785,0.7505208579299419,0.01177182106721584,0.784548656397294,0.14710668455107997,-0.06114974410631156,1.051005821558804,0.4387338482686434,0.7967564082078402,0.2767587808876602,0.787505301946752,-1.036186299941591,-1.5087885340829497,0.9785710527247234,0.7840834954706537,0.020390619503154933,0.7893582902881213,1.02296102142221,-1.4593726416384933,0.41655364634375214,-0.583392734770198,-2.048066656300249,-0.9344815705203582,-0.29871690310155835,-1.0025466689169606,-1.0954966379106836,-0.590439806730099,1.2123629935376876,0.12123902940844186,-1.910946792459138,0.3636392050854676,-2.222846464025573,0.08551178374728366,0.76240253935541,-0.9300329943957623,1.0044961770875325,1.1036480596513198,0.9407296085679141,-0.17065261046965133,0.3480321660215398,0.5955503396500301,0.6242999179859333,-0.15037206737112757,0.36987411129365794,0.295628747951172,0.022154506092383952,-2.21030713100093,-0.1361673933105741,0.6243494278876065,0.6714628738950417,0.41560743123227556,2.7250253750530526,0.7861862183429728,0.4420982518178183,0.7794895164686856,0.7967564082078402,0.5796498894421783,-1.3618664396449043
2020-11-04,0.5926589324410387,0.3662706378220957,-0.6156633594071972,-0.08218155296056116,0.4096540587106245,0.09348199962156314,0.5538032649083545,-0.8274290700078135,-0.43049730069189274,-0.936691696977847,0.8834066598420025,0.1820823905762512,-1.3560706856349063,0.3090245632300523,-0.36381157430091593,-1.141781970377728,0.04236419484408832,-1.5167462536254244,-1.456940349403455,0.5988989675230889,0.07407179093074422,0.30155472831785546,-0.09448065743324577,0.4596940990856577,1.6080783396566019,0.2872754971921217,0.28673707153462663,0.5580364339858596,0.34531442807873775,-0.8077204238322215,0.47299691423717044,-2.313637633746574,-0.3967383768266753,0.5180290822179684,-0.06768097746922062,1.2403760550122713,0.12480872223840767,0.6054629012573604,0.34429529074936704,-0.43069969022792803,-0.36170868545472934,0.4569650315462789,0.5175998687513133,-0.11839941967176565,-0.08183508385901093,-0.37374878550401863,0.9923181603641611,-0.986933130131927,1.067709829296258,0.20243737377609572,1.3468439467768756,0.6241204598695894,-2.871394904354893,0.9251268618763002,-1.2144996303894522,0.48448145439396895,-0.9188313093769448,-0.44675441035614216,0.3760283360869306,0.9193165593360031,0.6565944253094688,-2.4319839845835074,0.34834529680758686,0.8900362647211503,0.7485632908491053,0.6636142671458676,0.0661921921266844,-4.121263246171645,1.3892720838706534,-0.17227724639058664,0.9788656553337507,-0.15217733208957956,-2.1848864071648113,-0.1786731562270704,0.8598469459145093,0.38313042066488456,-0.5722735626385438,-0.2913138843545043,0.514025749421665,0.4502809932787577,-0.74065480499744,-0.38810020856629374,0.7303916459047781,-0.548605089897112,0.44574214179492355,-0.11861899201040131,0.662990993701976,-0.5132850750879083,0.6575363060756624,-0.32789260596082337,-0.4057274943575301,1.7996356276533851,0.6019493071593767,0.301880473120056,0.26766039302377664,0.6923012776161075,-0.5071097220835682,-0.8220086926148761,1.2399970471054167,0.7526122844375941,0.01116280800230627,-0.2730344589982007,0.8969856749269312,-0.8998786143517399,0.9061381795805967,-0.07896016074379224,-2.0298210971869053,-0.3378173777721165,-0.7136907525559328,-0.9133485152790061,-1.1637871876674746,0.11912875223865096,0.11687624843656588,0.15660825973733156,-2.353381567714253,0.5274875203867055,-3.465745988797359,-0.5060304855248487,0.572532378372893,-2.1448129033512213,0.9208221648854307,1.3489781510305785,0.8382994230563717,0.10583758300847973,0.7997343033307089,0.5602938109423998,0.004460055728028434,-0.560255138342138,-0.005811813801048773,0.07360168970644111,0.15780265337619218,-0.851690688115095,0.7848038912905011,0.7503773791750008,1.056203751832013,0.470938689168978,2.12745644503878,2.1400612166641158,-0.07266805565895874,0.10120174514873197,0.9354143884159557,0.8202760937657005,-1.5158100032929924
2020-11-05,0.7244167076517231,0.5421020253492823,0.17787706677465526,0.18602035976223097,0.8628182953247642,1.862439616387129,0.9679888182523534,-0.25013988563483047,0.15361142148230278,-0.47391229139635027,0.24265872210680686,0.3364128199180952,-0.1208273656133035,0.5326506580834822,-0.8700573500596946,-1.9210780765680262,-0.31436403480079766,-1.1303614738832237,-0.05068395649223827,0.6305533700954592,-0.3662776033133155,0.2876124647901136,-0.2773598999490932,0.7672765784109177,0.5393166946268654,0.5954000271266865,0.19313400282092377,-0.4938391350301734,0.5549921690759817,-0.7408968395110028,0.8434178187952439,-0.6078480890431252,-0.4092934099417267,-0.17527928511952887,0.25096951059084316,1.3771424677208366,0.03057362404523953,-0.03278301044092237,0.7708306280932211,-0.03446757120675147,0.5546748342897198,0.7875958867412781,0.6315817724613634,0.4980520337180534,0.5734897331481695,-0.43231865523434304,-0.26859554613371406,-1.0918708011769969,-0.1274434300737794,1.077087662438683,3.5283886723541267,0.40436463725156324,-0.6821970711326572,0.2025389247753014,-0.32026405904217087,1.2427610620634268,-0.07300085515464702,-1.8214640235722614,-2.523519768215144,0.6635935422318542,0.7663786504359635,-0.7508375516295299,0.5122697530753635,1.3263025963348798,0.5929623313424959,-0.1185808473834963,-1.3313070155367444,-3.4136028612181857,1.4079756734386921,0.03065833104306051,0.2566730468026859,-0.3266413364440784,-2.082259580627651,-0.6367956057612963,0.20642323610625823,1.5002536986774706,-0.7941537956464634,-0.2599930332936051,0.3224805726128986,0.38406074738655094,-1.7247813562795669,0.4716060875047541,1.0088817804491184,0.2878588305336289,1.0644875096008608,0.4452501383098794,0.44361544325329044,0.2440603324202788,0.2363109900351435,-0.6933643343163477,0.06873958060815022,0.34308933066002534,-1.0507830063828314,0.6579258647178202,0.2648514331602065,0.8897180137638281,-1.2637733759301693,-1.8541552655818319,0.9837360119430644,0.7290256398621338,0.28155822411492815,-0.8855016102292358,1.3962732542784504,0.12730800799819517,0.7653486175285213,0.9029566117030994,-2.6272443044243605,0.0688697635799471,-2.2964899098027827,-0.22570378617029518,0.005459188686457897,-0.1184375148055872,-0.13435141519207366,-2.3425401807076174,-2.582199715416524,0.5114582223621119,-1.8776122898584384,0.0008376389339164223,-2.0782983092912524,-1.7052237238494594,-0.37663401827745124,0.9547676675010573,0.3781282948835179,-0.43184436046853436,-0.6182634459489738,0.6262517369657673,0.13692762054576307,-0.7639097693276418,0.13486843953017463,0.8331867057668677,0.7945803154556771,-0.01319631027696615,0.37402013921967475,0.7715691842847305,0.8442280941286272,-0.616773306458674,1.0206380170527185,1.1823741240281074,-0.18248986820953708,0.3617168033273015,1.2638962431111882,-0.2113703928263206,-0.7779064825099382
2020-11-06,0.3257370643460384,1.4443452422674563,0.46612681086964186,-0.16933997174015591,-0.40485516836990165,2.245297227948393,1.2577096354872632,-1.301909412115625,0.05895345414898653,0.6483190832342676,0.6012936327635513,0.7336605342679533,0.1445514097200608,0.3589313785559472,-1.9407079498652804,-1.6700207901922457,-1.3741603527146133,-1.3858310850291649,0.5444746237457437,0.38761822422353664,-0.09397912416985352,0.2726616193568733,-0.2549988913787235,1.5253921829348618,1.0112052431722245,0.5602526739173171,0.9836496408106907,-0.2232849410996379,0.2959488863254608,-0.5033710050959622,-0.5788846779253614,0.084970448859359,-0.19986303635744093,-0.5925305116742479,-0.19051209977621675,0.6608761745069507,2.421967006593909,-0.030949275389965676,0.3566452861503068,-0.4682838641852391,0.3391294977000519,1.0937450105107307,0.3250816776052992,-0.2413158258008108,0.36233500735169577,-0.21622318943777186,0.3581545966413577,-0.9457709542904763,-0.10388132704495275,1.1226813291641342,1.0107617855622777,0.9694646400239562,-0.30229754845185464,-0.21967951542059103,-0.5622836695060438,1.277833759326542,0.9462073116031491,-1.209777112853404,-2.707806023631837,0.6966406962204217,0.5016603347790806,0.5057682936103042,0.4934857077057544,0.7986025863063402,-0.09129319099572741,-0.03977476103512955,-0.9731335273595969,-3.4949361681110176,1.033364924694785,-0.09831636500736167,-0.13582636067935452,0.297318870852959,-0.9258648308215933,-0.137112455716592,-0.3003444923826085,1.798734832557896,-1.4291814943616896,0.8661912462217022,0.42734042522706056,-0.11205672730399996,-1.5967443072947078,1.2811771699785937,0.251556131298681,0.004544333994413679,0.4798213319131887,0.3007446448681628,1.274615679190206,0.1969407468068826,0.34844006598868876,-1.6721643035156089,0.7039669279867073,-0.834040519775759,-1.3550508563786703,0.8725995471974164,0.5164115059242794,1.2495581248105085,-0.8564671733707475,-1.355731921897189,0.6701855891716438,0.3359124318467593,0.3359021639874954,-1.9576712811859525,0.4707265337189158,-0.37638814245822844,0.4888222214119089,1.1818707055803197,-0.9132970217782779,0.8528233981244873,-2.067536978510815,0.6548368814669495,-0.5492583780354564,0.08495989026913056,-1.5587552273668202,-1.9713768419949171,-1.4262479676842579,0.9498612598387182,-2.4343736840303567,0.5337510243091496,-2.9156217673522584,-0.6373265730706948,-0.18937940240436485,0.3485874930717637,0.4263798398108438,0.27801515052430775,-0.8437821875619633,0.22423500666030396,-0.39127963720999237,-0.45613364541404366,-0.05309237669533626,1.2906724335617432,0.0294889716971074,0.1086519144897608,0.36666258132181084,-0.2723832976555457,1.2349787557274086,-1.1161190826545146,0.5689082918604825,0.8079920093036248,-0.4081330290450054,0.20407455424237728,1.1658499094849772,-0.815731861719223,0.9448299240406846
2020-11-09,0.6543612468232861,1.1732459630042003,0.6668185002487926,0.6887872626732752,0.6432686184686738,1.3361542573430827,1.390653434953794,-0.8997740421323367,0.3107046167440821,1.2016470656667,0.4829142718887759,1.0052907553233157,-0.5772487829399067,0.5006214933508355,-1.228667232934192,-1.4077064678881737,-1.3550566858619164,-1.4363820049978315,-0.09651290761111858,0.23689609785613638,0.03532924089782161,0.5075705259435097,-0.7481528595397577,-0.01159411781864632,0.8936802410932428,0.8678376151843199,1.6104899938363917,-1.0194432498096972,0.5076699293514629,-0.14843225130853302,0.058871763506298976,0.3316215832256669,1.33685821693701,-0.1793048480841378,-0.8830334875395682,0.755758414829945,1.3303298399315853,0.5084448123187937,0.751544161552605,-1.075592035876384,-0.4447302620121828,1.3678194426512706,-0.10168433985965696,-1.6509258848647612,0.5976180420003181,-0.055324608623778304,0.2214627819306608,1.4132084305002925,-0.05081910059065622,0.4282051149626977,0.746446554675138,1.260316191172086,0.5172599848876265,-0.20669360186523728,-0.7655698679914887,1.309364483930207,1.2381322586367067,-1.326483930745884,-2.7354770289675954,0.21285783870187072,0.8202469289802459,-0.4108339011612053,0.38601895781366335,0.5198431955149051,-1.0505207992640773,0.0903440979720991,-1.4866360051095315,-3.1309501130373945,1.263871986341035,-0.07678953919239895,-0.4852011527575951,0.8305662481248977,0.7892587788561631,-0.23288395021301464,-1.0680242057125575,0.4333853795305303,-0.67194255939805,0.9478328475918867,0.6852143082844796,0.15324576936354564,-1.3087404782179035,1.3635667026823328,0.2923642011584771,-0.9804193919138424,1.2111365765066116,0.5614893197927756,1.5102189826725103,0.9585504570911888,0.32427045619520206,-2.366634545205036,0.6259887619106694,-1.1172652197589343,-1.4851428247342613,0.9402558683506896,0.16673570057460685,0.6781313385142519,-1.4688542558041804,-2.071968326804955,-0.010161948479919164,0.38353753070742475,0.37127463876638817,-1.3112734069666763,-0.4525881663254448,-1.0471621726799791,0.7329908835387112,0.25903142051995015,1.0621400463905015,0.26015819757648206,-1.959755612588641,1.1045522652969373,-0.7172983585088477,-0.01743985602508071,-1.0929631963903508,-1.3544002428739086,-0.6151860670541686,0.3268215849479,-0.7047639909095313,0.7679013071970983,-2.770839479299591,0.7568069182505015,-0.4080290679051676,0.48315198049044183,0.19856797105608998,0.5073066856588894,-1.3151423812853107,0.41597195564113043,-0.6085092755618914,-0.5293760689099755,0.057063031095024454,1.4177090288616079,1.0681376856497922,0.7350572149769283,-0.15018135625421591,-1.0553999143866268,0.7940687841405227,-1.3850938114391012,0.3587418615193062,-0.8242926268487456,-1.580927601952713,0.3721932699503461,-0.3252828331967453,-0.3220082397754768,1.2897103707090576
2020-11-10,0.8111950389664202,0.8283347644629806,0.32255420599799933,0.7657443088339423,0.8439345887005747,0.7566019380426667,1.3531268451664336,-1.7338753208628814,-0.18121459867594206,-1.1544128078908893,0.7740238736032276,1.3534468158760196,-1.205464803990896,0.39689233126396084,-1.7406546508455005,-2.2061569088695405,-0.36746318348120277,-1.0416104195308953,-0.7763296706662128,0.1613684872144689,-0.13763803676660788,0.8173416688781484,-1.5209295677526404,0.0833933465619074,0.48397368816599395,1.061373484027806,0.3830665398283253,-0.7813910495210797,0.736808168573546,-0.7921435121206597,0.45657338573732026,-0.04041159235838011,2.1430456731393157,-0.36814545739812904,0.5017695079677011,0.9463082046781662,0.30696682794659463,0.6742132814679878,0.9799369033142058,0.400995387542668,-1.3071558565161985,1.6293435293369851,-0.5133564662173639,-0.7848605232492765,0.9314962421393009,-1.2286484685206707,-0.6779289687266737,1.1433080109273592,0.02033236597641998,0.5620485162819437,0.478372917651564,0.802948896287065,0.06722480168358874,0.9805836952910605,-1.4643456814625555,0.09924684000092718,0.7904694367698029,-0.10202244694654389,-0.680211213282223,0.25873530636490427,1.041230942346353,-1.5498184190044706,0.32428667958028007,0.636167682953421,-1.568013334619052,0.5644970777066561,-2.6677626115679987,-3.047425053861944,0.9643689645743468,0.8978965564302328,-1.1288408902041425,-0.031312966271881654,0.3289136079357079,0.08064653039406557,0.6801738793572224,0.7873788544379612,-0.40759152414385136,-0.8824305394344288,-1.101645895385024,-0.3916908261082808,0.9463230967202143,2.2199267358844073,0.06986623745904814,-2.535887479404431,1.0897816894098529,0.94832812077442,1.0791245510885876,0.8870205951118019,0.2959373420776931,-2.225174313856217,0.5280132051350078,0.7248800607576608,-0.4521530962251741,1.1739284262789955,-0.14725414586009936,1.3232349716046317,-0.40063007848895116,-0.6739566105630141,-0.5538939050474943,-0.10422615699326601,-0.3657980267552988,-0.5553487542878738,-0.568534350260334,-0.4030646126727374,0.807810398682514,-0.8302401815334195,-0.15053803542866007,-0.24850488850321895,-1.3209119350569134,0.8387784617818405,-2.0499190958859095,-0.1778055302796043,-0.8352802949235976,0.3357210168786222,-0.8405798905425963,0.020847574162588083,-0.5628715061284215,0.3345494547345077,-0.18698808671080086,1.4125833529388514,0.3796463839826443,0.614075558222552,0.7862004576702859,-0.17652599598953003,-0.45467403948210544,0.8711354384533808,0.9846478371498274,-0.48946906598039014,-0.6685996251427251,1.8491309915192298,0.8732348056844342,0.6584477928210504,-1.761569958766317,-0.7411905300499133,-0.06172148457575702,-0.7175342454563152,-0.19951849171574382,-1.0920977945303023,-0.040137291137287215,0.8862804062008913,-1.4306183461218402,0.27447960344309313,1.9795259435966357
2020-11-11,1.178879355582913,0.8294421275907681,0.4176007494406023,0.6686853434103446,1.0035061396116736,-0.20027353422885513,-0.6291913699309643,-0.6439919114234641,0.3541724887575401,-0.5456668759745759,1.2458717152208736,-0.24475686136409783,-2.314092308498293,0.5305828936109602,-2.0443232938409746,-2.493311077002605,-0.33967660555193857,0.12992868741520108,-0.03281165683224399,1.1822079304925466,0.11301892442152632,0.8992594109593601,-0.380370365929411,-0.40149766740940096,1.0450665524347378,0.607294881686106,0.03182547060619825,-1.2637904833307483,1.0902353526856432,0.12423763107861302,0.9620972688590648,1.0301138164264403,0.8403128677606646,-0.04217086834615444,0.03155508776044473,0.6353111233774981,-0.4965236385110383,0.9095025029853651,1.2830202885981743,-0.05471060349622029,-1.5127734857507487,0.8036462876247491,-1.4520056573905578,-0.9004448308754055,0.9263079905329886,-0.44416348825392826,-1.3122241692218597,0.9680829757703799,0.5868842053526887,0.1898112927054929,-0.4204766835654066,0.6115424512291112,1.1359200223911015,0.9249662419814474,-0.9210818292805961,-0.4970717459451902,-0.13279702534812113,-1.342808810736361,-0.5120263439509962,0.6117219988256936,1.0686767480462918,-1.736615313163854,0.2188915136271695,1.188683600296696,-0.5061055472171446,-0.763233220845649,-2.654261848753735,-1.0399164270555759,1.058786892224828,0.4750428128355615,-1.2986213585541801,-0.8481691019077411,-0.038917767233817936,-0.3092390662985257,-0.10971569676309964,1.5182403525968118,-0.604926779864743,-0.872961330583521,-1.7965484629373711,0.4325870413943432,1.40139230120719,0.6960886331486147,-0.004248545168480439,-1.9105114144322801,0.9838141080469264,0.8996327776024893,0.9885237603369874,1.041601489463193,-0.04106875506681351,-2.472342176218024,1.0313631407412167,1.4299452222503706,-0.3936203298716406,1.0322291329590678,-0.5439284442116076,1.0109082636825701,0.9414316763023799,0.8970709360404014,-0.8164283642151874,-0.4077918225913207,-0.818815459419452,0.6770325830431653,-0.402904966812831,-0.1332995533834448,1.1909238866845138,-0.5236453364302723,-0.5605078838432979,-0.7373372696368062,-0.41102065645972463,0.7286904895326431,-1.0040952170865054,-1.0446518708175114,0.9166217804164837,-0.24204683863112553,-0.912336613928479,0.1622328064703062,-0.7393844135381398,0.19040303496370184,0.6934845586428051,0.86340964674688,0.7722168780112006,0.6940277440464807,0.984662911716325,-0.20029394010621776,-2.2582094368527903,0.9398651145736544,0.9237101469913881,0.4862196865427782,-1.4182524998545811,0.712950724548878,1.1349167801893523,1.0323577446597512,-1.4800294426701457,0.6804363665879923,-0.32779696699886124,-0.3891164307944065,0.06364616626765536,-1.7111636728888697,0.6578013043556777,0.8737398623970619,-2.921529738558247,0.4414248577337605,0.9423456185440349
2020-11-12,0.7568808280171114,0.7054751570475705,0.21209303537441918,0.9516109383959996,1.2464173177048337,-0.7838812338825266,0.4519823527613012,-0.5648088981431316,0.13100596882577337,-1.1299297579450447,1.179708405370254,-1.5582074784883482,-1.238552229822468,0.7743892539348959,-2.62905454771863,-2.62132968513509,-1.178075261958428,0.9105048414345979,1.1662848549353837,0.9878290826983134,0.5625467348455517,0.8417833335065718,0.6062238943498957,-0.1675747698924696,0.865707810124644,0.25607555068075377,0.8607353009297313,-0.9681316615639083,0.9521499431340201,1.0522623782673877,1.3666902890377624,-0.3059020322049827,0.8406001595809494,0.9723112021506014,-0.6165554523576903,0.39943011312593457,-0.6716294299501145,-0.6127922063137048,0.789090400115066,-0.07784444077921399,-1.0199283632566072,0.8658205397026053,-1.4551548185393992,-0.850382623705625,-0.3629063310498141,0.5618745916243207,-1.72227548631604,0.7796782427501585,0.6655439333223104,0.4602614627331707,-0.24944179831342767,-0.4424737306905158,1.1659560655387067,0.9251329162857937,0.09422750650256212,-1.0543679925323213,-0.5360926047007356,-1.8109179894098577,-0.114636708292412,-0.03741793736552243,-0.5736727772069082,-0.26588959571069687,0.34020269817895116,1.0111472146218132,0.7764975477462218,-0.17725267968966807,-2.238437972907957,0.7746601910686055,0.6193141985843306,0.7602352843893004,-1.3080832266903235,-1.602143712565598,0.04917303503898647,0.4081045407373536,-0.15487214740461183,-0.591101814713803,0.48226175937241866,-0.4570697509605685,-2.4767189314889446,0.09004671553330985,1.0446479486377214,0.7650301462554049,0.11877205778578087,-1.736695488538291,0.5578297933241633,0.9626284655375188,1.0078928693009652,1.2475982699913986,-0.33642707021692325,-1.9004479948587618,0.6431790353757509,1.0367200200622606,0.06902542641919865,-0.2211617248546263,-1.4184293871888964,0.971153507766666,0.9102407103211367,0.9501750683392282,0.3671605875652093,-0.8762905222018761,-0.5261996822346333,0.2726613748013706,0.046858844186499146,-0.2048248563102985,1.0193514111853466,0.24406154833187368,-3.200655342743351,-0.19575539837855538,-0.37086489128010375,0.4281050535984946,-0.0263761741628725,-1.7647850060830186,1.2951977947002935,-0.38806781720534633,-0.08184901400214278,-0.3599146485140552,0.362434668916349,-0.43855594336484677,0.3405550345091739,0.6247211920422474,0.818248688114074,0.16688003799491555,0.6182826211009398,0.6122709687508746,-1.8974376758745453,0.996132225618206,0.6689967446339395,0.8433570713943959,-1.3917398564956287,-0.15919682914962116,1.3019712318472165,0.8179708012874548,-0.7567646509961852,1.0414425983606577,-0.6402882441866278,0.7629607340527653,0.7486626622433901,-1.2915481481152058,1.0356017941774083,0.9842021634395097,-2.7713045823613505,0.05904254299732446,0.14913772393776897
2020-11-13,0.429893303473901,0.7280477289236806,-0.0388333912114934,1.0247250394941634,0.8710297256239934,-0.22526953794985752,-2.235617697239733,0.1323271007871569,0.8891995258576375,-0.07222375256613121,0.894617847903944,-2.4117814370043,-0.9413080654847525,0.43389760991204424,-2.4428886830302226,-1.0750088551498298,-1.4822130720034377,0.3388716312424592,0.7499418589904532,0.45452880363721165,-0.1544513415189265,0.8334648106841773,1.7081506581692762,0.5258772282234077,0.9225433773613104,-0.7507441059368558,0.8975672674944621,-0.33080996278991204,0.8245641757684284,1.1072283101008753,0.8705770241806752,0.3727318111189291,0.4495883535043062,-0.22783294524533737,0.46886566357927445,0.4820280056242853,-0.31964577394122806,-0.8107318911913308,0.8210952661595682,-0.1408883960578027,-0.22831875006558727,0.4919371882455708,-3.3571243997717293,-0.25891804605788166,-0.2924919549496007,0.6126885348283603,-0.5369626542276227,0.38752876295043576,0.6182875931693985,0.868869158913788,-0.19980192192618382,-1.2848749981140324,0.2796487751325849,0.6339027010406229,0.8224958891843962,-0.33982841734418234,-1.2381010528895082,-1.972301207563718,0.2885791507285023,0.015411860758814922,-2.452261242865638,0.026451973826482983,-0.002833026897203287,0.021054471958222423,0.8095406617499512,-0.2071212585831132,0.34329365231517195,0.9478125813232856,0.15368715857021933,0.530864123992098,0.24970267115006295,-1.0417727710090707,0.5718146792241415,-0.0285529345079276,-1.6648397820940721,-1.2610818472498966,0.59827146908064,0.6806465927066738,-0.19166286122622245,0.018192602417259212,0.4356263965447986,0.37518760978906396,0.2928230287838851,0.27625610039655224,-0.32579309912677307,0.9387242157082603,0.905211398636751,0.9988693318925834,0.5394931464940604,-0.09398737256050546,-0.4370559692011341,0.29047908170393183,-0.2788874318689191,-2.139749708590671,-1.8809116542043731,0.5967025385164965,0.2533943199853916,0.05548676534115782,0.5468232493264057,-0.5042796458609349,-0.018140697841918147,0.8561921435281159,-1.3378941174589407,-0.7499310984914136,0.9196793131351185,0.2868429942199206,-3.451190103566571,0.24614455196914442,0.030703760961203943,0.27543608620420956,0.1596101597536394,-0.37199379801327,0.8613117009399708,-0.25082313443318727,0.2535618835095888,-0.19987854723730877,-0.04738047348618853,0.5354013568081375,-0.06657739958538589,0.5236912415035216,1.9916214228326083,0.06971066381488233,0.13500283218494336,0.8819851176224232,-2.8257710750971423,0.902160696220543,0.7124261591736795,0.6028244945715889,0.5777981695807867,-1.8317467962083078,1.3957007724015493,0.9170718038458885,0.572936119063914,0.2106262690097075,-0.594753004750493,0.9763968705257715,1.021404135474844,-2.5660538298051305,0.889063408596567,0.8804929742394416,-2.08064941206695,0.8837491121015014,-0.004121372875811696
2020-11-14,0.6000836108913806,0.9383724249210057,-0.4601936545079024,0.9728130148601669,0.59604104980348,0.46124395421902004,-2.9740087723637165,0.6433906427392946,0.9120017900727181,0.22587477704416017,0.8512127336548142,-1.8857963239565325,-0.30959336488458133,0.547470628135761,-1.8883867466801536,-0.2883652700668003,-1.2989458510156442,0.3380627823448022,0.641918867801577,0.34841546876808116,0.2767414314977189,0.664159528074329,0.9283073361986383,0.23186200730182163,0.3979813503142983,-1.0780715575355986,0.8987722978140154,-1.5791434292358986,0.6890562642006997,0.9298003663229992,0.5152630189718204,0.4335058503333121,0.3143078131859528,-0.08463176929864834,0.10354057960295936,0.3800718160105546,-0.7888554107688474,-1.2558793209020218,0.6976465054455496,-0.532596755908811,0.3729034850734454,0.2926767620287563,-3.3756550689328404,-0.23425951803931083,-0.7420689639629557,0.9378500294353209,0.2842336903867679,0.41114061461476903,1.0668933321641298,0.6556358819345026,0.07675131028319555,-1.1898541617787484,0.2460249636366782,0.4825592870060701,0.9131645183153204,-0.16818693687818853,-0.23602921213665629,-0.7429361810424144,-0.5750128876200611,-0.15053831906244086,-2.0612856612833594,0.5491610736836408,0.2814610686767981,-2.212001913650577,0.03923701105416847,0.7251650913946556,1.0227571409143614,0.902944387117811,-0.1620421656780288,0.10218882162979834,-0.4885634692139687,-0.19710305169811387,0.6464840384350066,0.347585745850187,-2.207048232731416,-1.597241659762275,0.5526922949204026,0.9557769035143309,0.4809055005349821,0.5121156175450098,0.12090707042478065,0.0343602479568785,0.7252943735111969,0.9408645377327559,-0.5650630627408184,0.8287558148816895,0.6668322446002356,0.5828046046425827,0.7268406956918997,0.7982229680098502,-0.8134747924968617,0.2258831518856517,-0.6325826818513766,-3.208395274119689,-1.7117480757655492,0.5381807222607353,-0.5403747692723181,-0.9480954275455011,0.9779578476277255,-0.27957296688518063,0.1714042098256808,0.9359529816337038,-1.5744881023658146,-0.6942445859851514,0.495614859421474,0.37443715555119395,-3.2432197842994337,0.8810139279733102,0.4340966889880643,0.530710352145306,0.4655178475448126,0.7880187639161516,0.770327315912232,0.09739006061927881,0.836694442439392,-0.06735213425881673,0.34803595418861905,0.9074465103871832,-0.2601823637142188,-0.031451886335258146,0.9481718857739995,-0.03900008887153134,-0.279607850030119,0.6300579415148674,-1.6537786001170358,0.7211635577565295,0.6424697418360655,0.6404329632182403,0.15002032437045487,-2.456921850790191,0.9367622095476407,0.8767910199366087,0.8619129122536104,-0.6882834380138371,-0.03535924750622535,0.9712822084556455,0.9014961674476071,-2.6555233780831964,0.8734532611503429,0.7657389939534416,-0.7506889825277107,0.9662476914267744,-0.5920877349239123
2020-11-17,0.45581208016322067,0.30465041734560355,-2.3826320754800694,-0.6305485551872494,-0.5714694310416342,-0.574363888734578,-1.5074802305737327,-1.486227162029881,0.42905600298661456,0.05273387568777095,0.768731390050526,-0.1891289335975607,-0.5813965007178598,0.6212926623531728,-1.1721454697923392,-0.9675938991829485,-0.5088662742801331,-0.7658267920559622,-0.349083924088095,-0.3055640182912159,0.6128779205644717,1.0613766249147092,-0.06384793285718966,0.3672359907570428,0.48860124863223775,0.29675593105588827,1.312249840548101,0.8821480592442861,0.9139090113349667,0.6040750910697238,0.8229829249441585,-0.9337011733201347,0.9134005831919292,-0.2612453904193376,0.8993637150621193,0.2397747290917325,-0.03874749787398784,-0.7430917778549522,0.9283061923310475,0.14981649112253126,-0.33052493262852695,1.270020417853518,-2.4384979440108703,-0.04034200147220555,0.27097538997013215,-0.1899490383357249,0.6284100214836391,0.562236129630052,0.9567384477031322,1.1047526685123816,-0.8442881292591442,-0.12544721429056976,-0.6381165568424101,1.3764727494631381,-0.32530954005819973,-1.8959373122447327,1.3039075298744638,-0.25293567420729796,0.1770901179557199,0.768673457397041,0.6744749325069006,0.7192852213514901,-0.9756635064525302,-2.882741644676716,0.20890320484210842,0.6715550955280505,0.2167933535926124,0.10897918320785428,-0.6497334463951459,0.8723936251568706,0.9233085289120446,0.8044000647081386,-1.4915635311097435,0.8804547622603617,-2.2575591298640725,-1.4388850652789065,0.0965001372665316,0.9423416744898113,0.008929167455142153,0.2506047244669055,0.7317618238230199,1.2706231387130316,0.527842250934379,0.3296034586085373,0.06887309468514266,-0.046916996086049954,0.008836810188589258,0.5786281224092626,0.5842709699390887,0.7818668622359569,-1.939526583461223,0.9548495574992081,-2.0344710689690353,-2.1206424350215096,-1.1947298286138919,0.2559383837383648,-1.3655880177468043,-1.8722839209149116,1.7916798782895555,0.2605053906911674,1.0636061315314382,-0.6304842012027104,-1.8161896596611808,-0.43144964481419157,1.00640934300361,0.029796670960717603,0.41636717544226703,1.1999545557261708,0.3243695590798381,0.26473171661466927,-0.5632190243626688,0.8244642516201994,0.8982705754191752,0.048827200787100046,-1.1134336291207863,-0.37667810575962685,0.9669783825647312,-0.22560303051854091,0.857460438378239,0.06980779336129905,1.681128045112299,0.845881059130846,0.05260590432712233,-0.6643507024764534,-3.4571171937961864,0.9263141975856578,0.5964295111975276,0.12617351258488974,-1.7376679420167214,0.1275905438647119,0.5862696121517518,1.116264266504268,0.30870361547784664,-1.8803441110721169,0.35140144587340166,0.5908561165238861,0.8337362457959331,-1.2152200026740463,-0.000942637255603243,0.5132016142653845,-0.06634637529480686,1.5342211324139103,0.33320895825009045
2020-11-18,-1.552164635681115,0.6306598279135346,-1.3397284765348663,-1.241883049934719,-1.880268348734019,0.469703325995392,0.10157149039500019,-1.096619513512022,0.42075745011518734,-0.8338894072969515,0.6185873303563556,1.0076097707051932,-0.5775936401994453,0.8363293893306255,-1.5628686894263288,-1.213578907920993,-0.40727015954975676,-0.861895128763763,-1.6621821652807016,-0.9532894288143549,0.5935482852462479,0.7184918442512775,-0.20069478897934492,0.8443494504175013,0.4394941867355699,0.8762594972144646,1.1554295990917804,1.6812491896640447,0.9523304148780349,-0.12218830494722441,0.8108065815046518,-1.3813665235311885,0.8377960930571583,0.07543525186025701,0.7026794054913884,0.6586105594251693,0.19888025245351731,-0.358254095276635,1.2079253884633667,0.5286840366498345,-0.2522267546990175,1.3334544232413053,-0.7919852933077304,0.2202771796471768,0.6617718832226063,-1.9809735849386456,0.5100474941314387,0.9110685396831212,-0.7328667761667041,0.7832482160107515,-1.3518407243792911,0.38768529189495027,0.3209630424601819,0.9036769259156138,-0.08937182255208091,-0.8581034303164708,1.3237496057494686,-0.6544472440946517,0.8753646453565936,1.4452050673865602,1.675964798611185,-0.040214350779137945,-0.7924798475187688,-1.0589976059089468,-0.34280361403929965,-0.10705139628945454,-0.786939228293385,-1.482454412508759,-0.7972495195377941,1.0523700970353351,0.7062950104518706,1.312768607549331,-0.8451494750410822,0.664852836502981,-0.937426931721977,0.8141510512160794,-0.36500667328410696,-0.8531897365684341,-1.7239190006133218,-0.9885024584885421,0.6341787752661181,0.9796181836386486,-2.61732173345996,-1.9202132879497418,0.41451123797022577,0.2825704501031172,-0.16371499642467485,0.27735338274382526,-0.6728216850785469,-0.7852507098980346,-0.7498450811777043,0.6584921706824088,-0.2263994196479983,-0.2985492444600957,-0.48526611162712996,0.7485245002021336,-0.9036655939994168,-1.241642679513332,1.0007243962975483,0.4023341186807411,0.6872607494622879,0.1318685275062244,0.10867144922534627,0.14209262351326846,0.8758732229946777,-0.649228344561215,1.5813643722137731,1.0777768579485405,0.7928796648748394,0.1783261294038919,-1.5495086236039417,0.5551734809468464,0.8572176328335825,0.40230756224007164,-2.1460968077372073,-0.009134377586271019,-1.4069868109294161,-0.42222897746410387,1.059743307495978,0.6290390157165225,0.861945965017059,0.5276237698677794,0.5902833437999196,-1.8842034749317804,-1.4002689701471434,1.1849508351292464,0.9709047058685619,0.8706199656889669,-3.905832490781248,0.5379046051775921,0.8343282671909222,0.7258760137841729,0.6860866399800384,-1.057661343136982,0.6228452230576422,0.4031382930445029,0.8655919663452225,0.0067373924364662035,0.32231031650052555,0.8594732590252013,0.45375883689653895,0.8479993944661509,0.6543919670275165
2020-11-19,-1.5239883201767428,0.5303060736071344,-0.7837161229842212,-0.880413934229173,-1.0765391983749986,0.6131340846864923,0.35284532354116316,-1.1881230492744805,-0.030095325353291458,-0.8058463301666828,0.8879107594259943,0.8119765154070724,0.6276256561578852,0.6758940298779407,-1.7052283013773462,-0.6853774484733975,0.45356900809667067,-0.23762793918446154,-0.5564585937571628,-2.871496121703731,-1.6754270331092043,1.1146555344854252,-1.252623474376651,1.0922149983816647,-0.5608759209572758,0.658626562458247,-0.36949372897976485,0.6286291778091546,0.6055926811715379,-0.015248800211489102,0.6681146721983338,-1.6221027681388542,0.6590652456022346,1.5668420662324494,0.2109617034539429,0.5248704577208784,0.4915794754108764,-1.694039093442167,0.6140114006725774,0.6063923891114285,0.5900237167298911,0.6351527421947311,0.41398965210742245,0.38099357636739273,0.420566775994217,-0.5796394267562455,0.5109801889221366,0.6474063577741291,-0.44943894422470915,0.4510746209165038,-0.7591971458696262,0.7061804733255593,0.6343003131809144,0.9952697419889263,0.45649243594189826,-0.01806117351611189,0.6274940698964661,0.03535322004361053,0.7031509749352741,0.6598593798183457,0.9273916462581342,1.056162872650062,-0.01463032736084305,-0.2663425955460338,0.5648481122435999,0.1427314113947552,-0.9123267401521572,-1.4976388273544403,-0.2776577824370837,1.0088221039632974,0.6784550357184198,0.36728579193949834,-2.094391289379527,1.5010818973897515,0.2123528255546496,0.9756645169066213,-0.5029628705273942,-0.982493341811746,-1.8236551914136125,-0.1631829051496117,0.7877199418218991,0.640530639559076,-3.1367506702130195,-2.2285717182680784,0.7040646280789501,0.7963806272359132,0.014088019769550139,0.5698648152297379,-1.686533769572012,-1.1352294808878722,-1.6988318389838117,0.6241904420287084,-0.8437078148062852,0.8317357169226028,-1.5215925045755383,0.4292315031966919,-0.2959423597528416,-0.44815526661739713,0.16166545850012207,0.6294555165395425,0.49905674771066355,0.619999537940106,0.6850377049644578,0.018042198423054583,0.7088197276797241,0.12807896668365656,1.3005936803127418,-0.0130504308333421,0.8864075259921793,0.3585240297276316,-0.23339290670578516,0.6371014829930726,0.8494253853365883,0.32113445153115183,-0.9026000524174621,0.2701576521382565,-1.0302591817434514,-0.8318787046117189,0.6041556479073232,0.7046746822754367,0.2526706365183652,-2.372746121968088,0.6083813568350975,-1.419973058337398,-1.8015242220307106,0.6129759514931029,1.1277190750389021,0.44392348402714366,-3.6199601727938697,0.8807895568644222,0.6030178492093546,0.6536501033235625,-0.27843176759219096,0.14673387101397964,1.38551983436719,-0.40839786914754783,1.2627225897113188,-1.2376887345130854,-0.04625694173791866,0.7804652996594209,1.2561818906327906,1.1421736927946797,0.432851462226879
2020-11-20,-1.0293101538504092,0.48133201406287907,0.19156068716676874,0.49330471962609856,0.04676432813423594,0.836384320410151,-0.21789693113588815,-0.0598848132423056,-0.38874081122044274,0.857164385025497,0.6532733755558936,0.6420625933866979,0.8304860158779841,0.4342145444642898,-4.004753625638095,-1.1065375884155038,0.26427941012542566,0.5459006379939533,0.5163458414037477,-1.7192856181480893,-3.0052359506497477,0.60226438616312,0.3650639098624435,0.16092822992773645,-0.3832585352036303,0.8483759466680406,-0.2266491477098844,0.6624940807219859,0.24857673346079656,0.283372220493377,1.115967101516787,-1.1724322495744166,0.7486506055041412,0.7997196261713151,0.09521917270689802,0.2678240427289443,0.5243482809212058,-0.6717630865563409,0.5701468737164446,0.3215064529308039,1.0615624128071335,0.85765948027151,0.02777942413239634,0.4217321042861067,0.33839614999793916,0.2700238876425287,-0.804424598676694,0.7160033176492869,-0.40501597185679783,-0.12865546367939193,-0.44681484779349856,-0.030976880997808768,0.7338262573376022,0.3841703119023212,-0.05671622249492866,-0.3400527064753817,0.5374688060919246,0.22220634569238903,0.5972497191338485,0.8020721140619145,0.6224254004948339,0.6480024634098857,-0.3619697382790214,-2.2528217199587046,0.6282089958453956,0.29073064870376875,-0.17037002719929098,-0.5628300566720741,-4.6279016716691,0.6280105634833221,0.651278174045307,-0.21085920903213887,-0.8765672567883864,0.568998865608814,-0.8124903955300892,0.6006403703095375,-1.0813756353862163,-0.8462252268637505,-0.9927883218351204,0.22082250006025755,-0.3864478198487197,0.8404280883391418,-3.0819463205431794,-1.5110286901928942,0.8854176004475425,0.27451037647652965,0.5484357194241978,0.3959543863750197,-1.6100219311161212,-1.5302073275785388,-1.639555602247155,0.26202220756908345,-0.1028773668243068,-0.22187426443605288,-0.9701945938324706,-0.48118815672627946,0.8272627340093327,0.8973763772605734,-0.5005606275251379,0.8902052615504688,0.6378431345600831,0.3082174848146067,0.04352770732330121,0.6031739342633139,0.6605952422657728,0.6241029626821529,1.3237744776231826,-0.30176510946707086,1.9572515037528664,0.6683815365236211,0.5296381871491044,0.8586054754720697,1.7150597111457835,-0.3579242472266708,-0.02945397133196031,0.17982136312534075,-1.6439051731781082,0.06732514783124666,0.4120069322365747,0.8883187130296281,-0.2475355294328234,-2.4045049902255715,0.4702690889893379,0.20954336106629773,-0.7614532281719172,0.3461857549577434,0.49859570422319555,-1.3014633918609217,-1.9135623316782913,0.9238702139417027,0.387265260980319,0.4433917988261125,-1.3475255657600615,0.6483548693605873,0.5510301803813134,-0.04265977849790886,0.6056197246766721,-0.514642327247085,0.5755095899576274,0.5153568056009065,0.529227168813479,0.7917049791384476,0.8649231916219736
2020-11-23,0.3540957881786103,0.08284981932036303,-0.8331238059495762,0.8877391936530296,0.337765258319055,0.8134669070484876,-0.22288359642101807,0.686042508732941,-0.6402145814624934,0.802347464414549,0.5351792552960137,0.24186598164969014,1.3695702962461502,0.4190602928895941,-3.085378207410846,-1.0350686083923517,-0.46052879290692145,0.6722234334743477,1.2669209956042622,-0.965430206035447,-2.0574406455967336,0.7166986619035962,0.6874128691507309,0.7221052620397301,-2.1805399662755285,0.8350672376163216,0.23414280062246112,-0.11994940735809773,0.39163078779723465,0.5818513786640379,0.8062424564824595,-1.1089492205222853,0.6394343009995513,0.6254333939576961,-0.6211914280271746,-0.10526319830049746,0.5175151343176493,-0.17099129126730242,0.7017602340847447,-0.18525775625871027,0.5298995514542427,-0.03770478770452853,0.24437619493308144,0.9085510290516003,0.17130681016384355,0.8120449680374481,-1.6718029462021418,0.947049639944466,-0.9867194094895781,-0.314145765109135,-0.6213714304164157,0.35272732634651266,0.866237561092194,-0.19073387860700386,0.746370249910853,0.6911305296355623,0.0525200084703297,0.2104776198187962,0.5430911655976316,0.8119881553964369,1.0431337568956935,1.4173995717383447,0.4254201218416451,-2.752458732821264,-2.035647391903564,0.26375287066238473,0.739937096370033,-0.8324684454437697,-3.9583048270278605,-0.2288986273755732,-0.010979453694286023,0.14307185021288554,-0.9379101817620543,0.592702715555041,-0.409090917630886,0.6067937307272702,-0.47443993249979916,0.6936982723387348,0.5825038232083548,-0.13239063191725148,-1.8162577660003092,0.7988760620687838,0.16036251810560845,-0.3848689511474211,0.8277373804456438,0.3918143255680613,0.7363816984959539,-0.18256217153383275,-0.6869882635118891,-1.6008629195415132,-1.2758527655455159,1.0825975825534282,0.7243246816105599,-0.3548855936743681,-1.6881152026490807,-0.7255105996819299,0.8327811148984136,0.8275466242902422,-0.8900988179131186,0.271489236880063,-1.2132771560920677,0.8342761231704976,0.9669095261166666,0.7893747709229892,0.32444627038271573,0.6190813499016155,-0.020563268202620354,-0.5731122041475901,0.5981826542372121,0.722018798184643,0.7291087863023459,0.4754281529219015,0.6706197331617549,-1.5654897992412242,0.9529975069623933,0.08405893191182151,-1.5771739403642757,0.9992258374740113,0.15048914178387016,0.4427905760049233,-0.06730299194206825,-2.0452854026361558,0.5296447992914897,0.37998114552305856,-0.5307155721443358,-0.21719418073711264,-0.4012566034649233,-0.5373505378675332,-0.05621876372094874,0.9188818219250084,0.21493417607581392,0.7390132909790689,-0.6245870490467976,-4.341872417545459,0.5507763574193815,0.6265924107416357,0.3239718530786197,-0.7437595167860025,1.17681759636151,-0.16092203699657992,0.706860098027857,0.6647188175337885,0.49964448074486406
2020-11-24,-1.0843160667898655,0.7955556094759496,-0.6774070864242259,-0.4804889580833438,0.5298584237470725,1.263330304937974,0.7869192635171548,0.2778399491165982,-1.1320807226957343,0.9588957059373607,0.35020748850583766,-0.86763876035196,0.21189978875268503,0.36416646337971015,-3.2083404563100792,-0.2940925357598962,0.07483878812531307,0.36896907643568394,1.0805815951745892,0.16277951092253976,-0.9495264731896461,0.9817600286579183,1.2296352553480134,0.9556017272082148,-1.6533940109193253,-0.0704898794697678,-2.363534547033737,0.3966889262511704,0.5041148571910952,1.0425024179558384,-0.027711658162991995,-1.5605677247644105,0.7148360458140052,0.645911520475259,-0.7689252068407793,0.23626685615392726,0.8062927932478271,-0.3328386861434797,0.9728120505604072,0.13777570392874286,0.053304861848275154,-0.5615218198489653,-0.4397437291134447,0.9119226795947228,0.11915151617627827,0.9931101450095384,-1.4492859450301128,1.0327306116146167,0.393505315912425,-0.16653350090040045,-0.9121051531685508,0.7586065477735314,1.16043188543453,-0.16716385630267155,-0.1539002135015325,0.7216460036026202,-0.010908438188180903,-0.6818971156613232,0.8905541655705628,0.5439291656559363,0.49811367048249494,0.8921991595115835,0.9130929590861598,-2.516451785741831,-2.2267239407763406,0.1518755676031531,1.2736512772657471,-0.5271139518022819,-3.854643291911707,-0.1620150562664567,0.2629750886324975,-0.5183802779790334,-0.21964490955809537,0.43956274748972296,0.9494731012718144,0.7669071313074274,-0.7428563935029528,0.990995066295591,0.8996840408814255,0.3148289408820934,-2.4796064200865233,0.5515689594933189,-0.15639960593100558,-1.4319261226991487,0.7746329695568328,0.5590806908418985,0.06840760525636723,-0.051314616677948476,0.1807372347085647,-1.0508476449012119,-0.48060276124602913,1.505982316037947,0.9330536313134741,0.07429641283416351,-0.5832310671588644,-0.5029060293444557,1.0889546617114254,1.0697613610441212,-0.7413442427208817,0.1230281244447797,-0.9583582128499492,-0.05495260128431169,0.3856717953885192,0.7666601299025195,0.43780201127213925,0.5289749356053959,-1.5150700715922651,-0.028927272349508225,0.6025564471781691,0.5982147067019408,-1.267524446407634,0.20647343082103578,0.6072795107904201,-1.77038183598188,0.40412222832516703,0.5177046155600984,-2.7017785890535397,1.1718664581552154,-0.8804096259566759,0.09675885082561834,0.5849358776703224,-0.8725236573076184,0.34082296585182364,0.28941443647165627,-0.8095598774157245,-0.1145293354729287,-0.8361235675331227,0.030928924504497066,0.38386928060945286,0.845564713324813,0.14359386125201437,1.2631177452621065,0.22142211286574398,-3.06504616309301,0.8382393413829526,1.060452485200696,0.3774819279681307,-0.9408614324708789,0.5743220159991431,-0.04953650831921474,0.5265295666418215,0.635946137779332,0.9734815797702737
2020-11-25,-0.2445617084451803,0.8544483560885647,-0.5686382256724184,-1.7408937959361812,0.5160065218803699,0.5353280462444725,1.3818575890514773,0.5586712453630948,-0.34298079565816836,1.0175439628208987,0.6767234411854594,-0.3662460673848379,0.5116536318626245,0.5238663789534178,-0.8815507906904071,0.314301016801064,0.5332001659039725,-1.1643243375776708,-1.4993658628691724,0.5277646959768099,0.06684131852959435,0.6037038676109412,0.5398387577594418,0.8705708644882743,-1.3200630423537192,0.5640405117064198,-2.59430991777457,0.6788355168937306,0.4357351396424491,-1.0154426279257203,-0.151201809567485,-1.1405894043296518,0.9253266666223818,-0.07125362192246752,-0.6497614921679324,0.8951584938603429,1.2521155100265464,-0.6154812183068942,0.9472988388103033,0.48602303878833536,0.5287989389705551,-0.3050285662154139,0.3795093871490315,0.7577039247000833,0.5192416351412397,0.04562897503747908,-1.8067242135832506,1.4891434954286804,-0.06816741214628749,0.43915898022666516,-0.36781351581802635,0.508347266817514,0.7758301397468459,0.16461675082462898,0.22200418869360156,0.15963071760671185,0.40258232598729776,-0.893683921561498,0.7975671970381004,0.41417137056314285,-0.4400486321471667,0.4931936146786119,0.45275735554716945,0.20008963897865675,-1.9119839849199713,-0.057359858680502786,1.876396896093221,-1.2143848758735314,-0.5113979148305755,0.08397521862276766,-0.016327297522109076,-0.16739069668497722,0.515576998197348,0.2057608696636427,1.6655170137489734,0.564574415113466,0.414173851383004,0.5413373987437445,0.8476559328884107,-0.8764936342190012,0.07667896919137458,0.06407291720632158,-0.24746103881225345,-0.9301917002381317,-0.7019418201947368,0.5259597260559697,0.060253706207073564,-0.2511925798541415,0.4894431709360743,-0.4493710804136704,0.7836969485223382,1.1134911128256206,1.1475802599729112,-0.329248027711494,-0.31808882220687335,0.1941101586587472,0.635929752846764,0.687912112276665,-0.5078949420945954,-1.6322931803011764,-3.7190731081667563,-0.10977150784918119,0.04417643668693391,0.00868325391152937,0.8635171685689275,-1.1881380322208335,-1.3646438378508192,-0.24496907762287345,-0.6635867524892086,0.5492537232760735,-1.9997274247677428,-0.327477947178677,0.3714230678589051,-1.4483334124060867,0.0034993527851217288,0.5553881906784157,-4.472768005945114,1.2282914736603354,0.3722031466182147,0.5216201586997354,0.9945224418068215,-0.7631398817512004,0.6145776750594806,-1.2365919363062883,-0.2079710412179598,-0.10297334777852392,-0.7469804352927537,0.4798729126734621,-0.023064466520461433,0.7775677618945791,0.33407708612213804,0.5035876309918412,0.7496575010966898,-4.16749568848611,0.498989166069012,1.328480708115436,0.5273472010877668,-0.3424729715895859,0.8624202986495533,0.06663371537287344,0.79188424800452,0.10046269785708618,0.8912673833456729
2020-11-26,-1.0174917068304075,0.5823906524859485,0.32602703506267233,-2.674985624277977,0.7772681915626742,0.06946780595598373,0.604045484138945,0.5883005213275592,-0.20298968032858977,1.110615763888632,0.8279855143067003,-0.3778256801279885,-0.09197337810229077,-0.1314898766098422,0.24381035302438472,-0.12124677931098593,0.813144586534554,-0.7005858341695286,-3.2552032411705607,-0.3317332053971506,-0.031020204012988776,0.7918696485366239,-0.6085385455185284,0.755555776709136,-0.615584448852432,0.27861174616945616,-2.0511946984094256,1.216459382300888,0.8634004996590252,-2.5195267910676815,-0.788632303962149,-0.44933309713970965,0.7521445928461977,-0.02565314264678183,0.12516040215047877,0.7315440089239356,0.6729573601821005,-0.8624679869096712,0.785466308025766,-0.05094172241164154,0.42883064978500635,-0.2081245217207096,1.3751199564534637,0.9944056110661554,0.6044781340461897,-0.16599586320295925,-0.51392658570684,0.7855461695953307,0.21793018353412555,0.6734088302502022,-0.2087352085424453,-0.4163354585205278,1.3414249028808223,-0.08271416734761901,0.08710971154663033,0.8571414697024778,0.577586909477672,-1.411630022858403,0.7823110803686857,0.31558547359513583,0.548581737861784,0.5252031795567647,0.3392287231976165,0.6219943648253152,0.3185671705074993,0.738680551194495,1.833523818525436,0.4120414371194748,0.6067313417024012,0.7579532875717584,0.7314780856465313,0.1254762205564242,-1.3968614803250803,-1.6992923011627936,0.5984474367998268,1.123850404881987,0.7140274815891703,0.4681275349256849,0.8105844749726144,-2.1377293975569356,0.8610651949827971,0.07185022994885792,-0.024046087151839073,-1.6135617092343468,-1.7588515930671589,0.7279967644844134,0.7668952390057403,0.20981728178759618,0.8840062409224116,0.5046784741152324,1.048532769829805,0.7322484707917083,-0.749967811045583,-0.6668273574286463,0.6646103793281021,0.28104103632207256,-0.5075141563087429,-0.7901676810813919,0.46792866330247074,-0.8477208499444608,-1.7685046364090158,-0.5249754062719544,0.7221201522930556,-1.1486736681865635,1.058433623954104,-1.8468988472059504,-0.39621015798704956,0.017153652299478357,-0.6045584212352378,0.48259928163055354,-1.0384804895364748,-1.497210470213021,0.5222028794250518,-2.6581457032837337,0.2346325805940357,0.005487289770935873,-2.549320444709556,-2.738671607171322,0.9059095976945922,0.33481306809419337,0.7474100466774483,-1.921497549356356,0.7025321164017317,-1.6129920202942585,-1.4521277340126595,0.4095598125999022,0.6348925754120528,0.6968864053312182,0.022072407177659,0.5569186390445217,0.891766121645032,0.7764285686599477,0.844640567521713,-0.07411860576531164,0.807152667925156,0.7298891411185259,0.7811319068857777,-1.8198607313311155,0.2806985517307395,0.1812202807136523,0.9503387966521186,0.195465549602361,0.8160376992271096
2020-11-27,-0.35879179988183585,0.5118106033091935,0.8985452289362744,-0.8699898462241724,0.6395467469908301,0.2401095287416686,0.10007294401245599,-0.935053000425025,-1.5301870372482145,-0.1329564272199832,-0.0013358034774666404,0.24957617394236872,0.7068449312925307,-0.1464618429061158,0.8114075022480206,0.05816463966494004,-0.15869577019252154,0.06225412083757039,-2.317455847420372,-0.5907502401320897,-0.41383252927354597,0.3981580563148128,0.05744330678029505,0.8871157302504404,-0.7063063200367004,0.18252775415380032,0.2822249612744359,1.189523192870709,0.12899258770538047,-2.72696204499537,0.7658819311060323,-2.0356715624701303,0.4953908538810904,0.24432523898208808,1.099011832444686,0.7900013234884894,0.7425165144927207,-2.440015098078209,0.9151750691241024,0.13961243962178477,0.33257023776400796,0.8102905519206429,0.9830834732081075,0.5979571160116558,-1.2480548321774487,-1.3008062016407091,0.2083282137158461,0.6422445528804775,-0.5583461563751465,0.8093296659808614,-1.2369316872489877,-0.028532344871126866,0.8964546199829673,0.9191771236694982,-0.011805164235384276,1.3773738915152753,-0.060109785260487596,0.29588527430113176,1.2271254548121149,0.7880181396177056,-0.5358650058222049,0.7399533613153582,1.1831428356911775,0.7775300051876104,0.03970286066316168,-2.0982886723629925,1.335233224171566,0.5784529091264563,0.7160235154767628,1.138264236533389,1.2316781069052076,0.7501187041935898,0.3073595929508327,-0.22551641126800068,0.6090460740146859,0.8366871391354124,0.46167983234158755,0.225831967289001,0.7270217891949565,-3.991630203811341,-0.08827502389167084,0.7886495351521842,0.6283149034031956,-1.0897062628434406,-2.076321743121082,0.9486471953086025,0.6520421928576574,0.07447403428427862,-3.05328224090122,-0.20148527538623798,0.2327701874399551,0.23014351277293157,-1.4749052742054807,-1.0368971186964933,0.0518388117297184,0.4222303148151512,-0.16860929190837723,-0.36278309009634435,0.5757155266159178,0.18812336002750074,0.021235404389355998,0.13131860247563792,0.9745751819044273,-0.18323456126742024,0.8046127751866542,-2.0550687119020496,0.35077943331797656,1.1250455326946311,0.24856733059946334,-0.2901959769210987,0.376910494351796,-0.4008182417458631,1.0712295018301248,-2.5107446540406184,0.5730702170289633,0.6218041977304603,-0.6619752594814394,-1.7483645179117702,0.6358407077311304,0.7747550804659824,-0.5996634777355165,-1.252805134231722,-0.2637190812482079,-1.6278222160901443,-1.1607301919361295,1.0410690041925446,0.2712575791346322,-0.026375118379326858,-0.7067926172662572,0.6438265707185968,0.07880236241775643,-0.7488232010014373,1.0030310988671955,0.8407723318611315,0.9329254364425569,0.9221432029421645,0.8933611595317557,-1.3294599584436988,-0.9898915217673961,0.831756114209098,-0.3397510993779754,0.08964952577795922,-1.0842336053926949
2020-12-01,0.3708533364308028,0.03730188510379892,-0.5454190613810077,-0.7835899906075398,-0.9444037932904671,0.4010349347824246,-1.0188996931181704,-0.9211433128573429,-0.03391483901625904,-0.025915521064459324,0.07575292230342394,0.021806794959483424,0.9791283383267672,-0.37502032979693867,1.080116219188943,0.6361544834961212,0.20000884643809003,0.11352451995042388,-2.2932849527674426,0.2340654436269462,-0.05360277944773883,0.3100896508157383,0.2917864751903895,0.114390419496983,-1.4423354857452007,0.49034726117136557,0.07058014877525906,0.8995473421169794,0.4706963956827209,-3.496821672888312,0.6858213449271305,-0.2067556298587241,0.3616034107812768,0.473267827600694,0.6657164874684738,1.0893861374328193,0.7393844977789604,-1.5769013678238384,0.7990949825416249,0.28178133378156633,-0.613774243460208,1.0621502268995757,1.119108728275975,1.3444435659681782,-0.7999119222750781,-1.9347042675777049,-1.517842605423256,0.5431518238117677,0.39056293810122983,0.816909610742881,-1.0791598746898536,-0.8001856220754757,0.3391285420736176,0.7377699820155036,0.8586966192430528,1.286500431937022,0.20048230743286932,0.5937969057702911,1.0221645612948302,1.1323452570514807,-1.4540482044937924,0.35375660055960495,0.38244590995323113,0.42965839237770215,0.032118942685206514,-0.9648727259379194,0.681289109360723,-0.34409580195865513,1.0777500124978452,0.36918107126606864,0.8617984395580581,1.0042440176071932,-0.5073187937121202,-0.4164778348734694,0.7368641977776162,1.3830628967471428,1.056777911190882,-0.3271620796330125,1.1014243085643827,-3.6368209707188446,-1.162793558710572,0.5709127131420358,0.562468296912287,0.6487734866837969,-0.14331479916444181,0.7072379605032738,0.7817736966454188,0.8598223273021917,-2.6159583311844576,-1.636015093410117,-0.1835654538573961,0.4568840204405793,-1.5690768565139823,-0.06618259615857716,-0.43925341964447373,1.243148682366149,-0.7395248770696061,-1.0851941947447337,1.1523595843750858,-0.18036469958077478,-0.2289742957874327,0.6031939889583815,1.0287854947660109,0.0993268114947859,0.8998490178321984,-1.8097796965684172,0.7619692570125755,1.1003316020490688,0.6207407578949324,0.07359339622721914,0.8058804808738216,0.12117294253487744,0.9331328304282402,-2.939941987926787,0.5632621097795703,0.1532853890086573,1.2373434937081897,-1.5216467347492046,1.0740203737371286,-0.5269370552099827,-0.6497986700453319,-1.6873334243998506,0.4973927945786398,-2.2913345932917166,-1.0639719650595554,0.7668374323180345,-0.49612270870206937,0.6913928393648474,-0.22500241743007351,0.5884164298138158,0.23825165668162696,-0.503893223359254,-0.13235056517040875,0.9000349798798628,0.5153992232389483,0.1803195264710449,0.07143958125940493,-0.7659703579197801,0.004861601699073274,0.8976260930679979,-1.393907607472552,-0.03234198124358329,-1.0171310831151903
2020-12-02,-1.032191100518601,0.4527790706703423,-2.557634364251524,-0.9481247874849978,-3.632245249402531,0.9022046955448406,-0.3377758454827296,-1.0852160875742534,0.3147621606617545,-0.1779622464536039,-0.957198239071402,0.35513122106748274,0.866720824234105,-0.8871145616276467,1.0016058131820467,1.0185267322572646,-0.043760168284826935,0.7659405099722075,-1.0520221626515394,0.698580480210097,-0.18046524833189123,-0.039478538830823445,0.6239259158156174,-0.135576178437807,-1.1092448024030472,0.8067396846348834,0.05810393465519039,0.570900194461315,0.8484846295699485,-1.037765192458042,0.22544718700232275,-0.1328371246834704,0.3489759755836267,0.02303157638064681,0.9311078117849224,0.8807760154664938,0.8344880787490008,-1.1501493242111256,1.1264215858041686,0.27014703536311163,-1.3911007219046663,1.0532043466521135,1.2220350638028175,0.48560622035729784,-0.7111211100517518,-1.3500345047512996,-2.858015631215497,0.4798607054446316,0.5534377641609399,0.3960180954653991,-1.196826383806952,-0.3643603583012371,-0.03671265844009546,0.5143364090096331,1.2013270057126308,1.4329424488506322,0.13332659940579858,0.39749912697423384,0.6008881798525404,1.161258313341293,-2.5333560928035155,0.7480357930727023,-0.1899698839889557,0.8398516081240748,0.36769888822594304,-0.7157391426977706,0.1412896566513715,-0.2883281325842092,-0.030147419988834346,0.3859189082754171,-0.22578813870530123,0.872151934005761,-0.8210181473427584,-0.5330389629787977,0.5739691750631993,1.1717690282133741,1.8874287774273582,-0.49588109518682794,1.2696204039871934,-2.0665323663304562,-1.4533321116325213,0.523626711767775,-0.11227983094937215,1.0539824429575506,0.8729412131024126,0.4190089842125819,0.4409035587804379,1.1207031104897165,-2.0979813139720536,-0.859730721538029,-0.18267183128326966,0.5048618365615894,-1.9467193711466295,0.8284365138883035,-1.173357997988608,1.4409605761269553,-1.0594977943757578,-1.486499918026086,0.9255774779668078,-0.375955319749531,-0.6447745224386979,0.6413598970398,1.1930829010279502,0.6338277524602819,0.06326374285413504,-0.6587126200091284,1.2200533606897455,0.9231613153829024,0.6649228004251875,0.4508373035881853,0.9102078792799153,0.8107736780347558,0.9962099607998873,-2.329170446505758,0.8453556424039795,0.6460097825350704,1.177439772702034,0.626301727893635,0.5030928882900586,-0.7432054549891466,0.32303342171707133,-2.2369934628320993,0.031106483369132753,-1.4434571509375405,-1.0656744032496182,0.6202249624547636,-0.4706773256675877,-0.26336988113761794,-0.5343942439601143,0.2760223027950836,0.5459194437000902,0.36579642815634694,0.5036800500979045,1.096074528331368,0.47726456244634213,0.14254797235953237,-0.44982555975156613,-0.7201857686500324,-0.19548305274586575,0.4802319623682204,-1.4395132676943914,-0.09077698464529485,-0.7741082050908737
2020-12-03,-2.059060243981243,0.7792671251027316,-1.6318470124465443,-0.42677504716636167,-6.426422769907202,0.9997683103869331,0.46871072033847083,0.3483032977238526,0.8772752902486123,-0.025598528977859143,-1.1931120079830868,0.2178763193528417,1.0012051819631576,0.004381433579924068,0.008902679047590846,0.7693322042495263,0.8872206157372136,0.35350259102518317,-2.5105137135031694,0.9624374171785772,0.045053211004630486,0.13828322908909482,-0.43475829018515466,0.3432147788995986,-0.20649735427275812,0.7003856525974228,0.6207864518892635,-0.14681466575404503,0.6692107568458371,-0.8965073490467677,-0.5580025892265404,0.8658708687133082,0.40979891845938465,-0.5205519323494662,0.4864658374490616,0.5642656414733133,0.3677540733743947,0.664378275621055,0.9932141776437685,0.3230388304418854,-1.0461181206160675,0.5291820729014064,0.8418612794897231,0.6111715480256272,0.6896008286592481,-0.3053546059195197,-2.597913529049083,0.12838089862615132,0.46539489695511027,0.6028681265946803,0.38210612799093246,0.08569062864110355,0.1066887234617775,0.10723179993325824,1.452550958594045,0.7295395843968084,0.6083986495241361,-0.391793695958484,-0.2282330141897768,1.0614102770522447,-2.618577207848749,0.6427486880923081,-0.358084306881002,0.8308822318986688,0.7410082043255874,0.42924800211673597,-0.6318088486655749,-0.12968526397528976,-1.2780919548679703,0.6503213605023567,-0.7085617037039991,0.7577331944247848,-0.41299591963331417,0.026579805341981122,0.5693399208118505,0.9353980618711198,0.9914554150759999,-1.036541503996706,0.7917478973059097,-0.5206680763941129,0.06274179068828498,0.5237847424957488,0.37202038332482035,0.8607113459294498,0.7740765404639761,-0.10812921389459466,-1.3374249288053301,1.0813061108693205,0.44299783148003813,-0.5274062462712146,0.5121793343066755,0.3370112158734319,-0.90228002029432,1.1210809297162838,-1.4043793919126402,0.8581213628934595,-1.2496028969436905,-1.6467844323207634,-0.16064205681730434,-0.828881776360169,-1.5320907559466683,0.5599963596693934,0.6210077307678716,-0.26134747324000207,-0.16266518492021725,-0.862585664657131,1.188742679091546,0.8649578767206166,0.3436178060307191,0.7683096467446239,0.09840111078390484,-0.025953702465739265,0.8013025537018709,-1.8983564293687467,-0.09436732550931982,0.4579338116435669,0.8956645000508052,0.6423995443114989,0.1710327877804702,-0.6922792142038591,0.22128576644562087,-2.6375045923481473,-0.05662614907644105,-0.781539658631077,-0.9663555388642121,0.9543563451393919,-0.2052632383069499,-0.43211216668465857,0.14363727477786367,0.48913241422900877,0.13692605215243966,0.36772760727491355,0.39935438277447743,0.9095968822889794,0.6672751710966827,0.29014510017404255,-0.941193325066244,-0.4637742016916822,0.423345367444499,0.44388265044945724,-0.4273723606245007,-0.531778240772804,-0.004920639137595154
2020-12-04,-1.4170905820606663,1.327725089764998,-0.6735708074533991,-0.8384568729698312,-6.802880605277926,1.5236963957756684,0.3512282831118574,0.6513763673879519,0.9637847698388587,0.28706351703695987,-1.2108022132443657,0.4762333432129885,0.4058173126458936,0.2827383906875895,0.08989041316777222,0.767681655403766,0.8670198160072702,-0.4783867427092568,-1.8283113661298496,0.5442103151409087,0.010239437357878448,0.2575473450368826,-1.0007286903972616,0.021275722497080252,0.42684667965763823,0.19494910875883573,0.5993006933516672,-0.051591850744494766,0.7093038310640084,-0.6135200230720388,-0.6200582949191492,0.9256330267934989,0.45761616182631537,-0.40272032787426276,0.7435615635445683,0.42296970040053117,0.6598410487221322,1.0474285268685846,0.8216268232711567,0.26509278966316824,-1.147304384979219,0.49259806497543696,0.6799431230348728,0.2956626023581312,0.48109434834652015,0.36610253254347896,-1.4265168779801891,-0.4278406134433461,1.0241900398550041,0.6875488390667033,0.45687797704208466,0.09915239846749963,0.5718036607534438,0.1255028423706696,0.8470473386435763,0.7853597908713772,0.32587826586318164,-1.4067531779753155,0.15657367905768452,0.3013814396588236,-2.5781150240906623,-0.22642908352725494,-0.23376530555503192,0.9748615043836157,0.6752671039768361,0.9123965654442943,-1.7999385884436632,0.19924296897626748,-1.0761799284095532,0.5902986938200872,-0.8038299730984988,0.4019856800978559,-0.5614372555079556,-0.022336681098802783,0.38577106518932347,0.9067385949848084,0.5296055111195312,0.059304751839217545,0.16513005429520555,0.4663842817764943,0.7809020020403092,0.1779384801070403,0.2831430705828763,0.7930922042108258,0.8333239334516801,-0.4915994992779643,-1.3261343670001897,0.8565906247324951,0.9262675126672549,-0.13336335323304918,0.8175658739064822,0.4929191874764716,-0.6107164499580612,0.6519110187605485,-2.4434436446157752,0.28216192036979293,-0.9625325010751044,-1.283256212767623,-0.10961546113964775,-0.8953739570706047,-1.5025172725487548,-0.2453157440644541,-0.03951775856741399,-0.5317809154646047,0.01594829906716509,-0.34248799917922523,1.1312956444973115,0.6260632783908656,0.5239018425480202,0.7485847346330106,-0.3282062460809456,-0.2449280090762009,0.8344748211557356,-1.4234352837193358,-0.6834711916558165,0.5450970454570819,1.2694064684296371,0.6149963687103337,-0.05449821781201858,-0.6130136934913774,0.5798080704363214,-3.460114481744957,-0.28686246425735756,-0.570347124023622,-0.6872502000196966,0.664077533960405,0.2885551055811256,-0.46192412207043193,0.3584590498013317,0.7020637092488531,0.3401574999901013,0.7820608096052692,0.24133648928364582,0.794044224886311,-0.14494973188619403,0.19742642334406307,-0.4819946998874853,-0.82773019084403,0.29212072791026156,0.30933757902361103,0.6725434604441209,-0.49330155424968347,-0.16472924377510897
2020-12-07,-1.4527945802597395,1.0407574091795668,0.012380343350634074,-1.1825332502316297,-4.829447759646516,0.9598262703100557,0.6922197281159491,0.8397252866754936,0.8559579407743171,0.39810526592963547,-0.9029177540350709,0.5528277111863614,0.2917267186650476,0.6881807487525368,0.2025400547748383,0.9658923632648163,0.690209551487185,-1.3154073462482434,-2.1338809537681342,0.5950082214402189,0.5747065042669238,0.6183167995104607,-0.7260561463733533,-0.5541386932453466,0.24686236436315326,-0.08748422742653038,0.29821234146139186,0.14695949302768668,0.9244746145324829,-1.2258519024613193,-0.18447045682194424,1.278555815888722,0.442191664830372,-0.53144254859777,0.879120307092778,0.5055352477102895,0.9324383598048914,0.9662484927694435,0.9655708321698356,0.3851713880948322,-0.11069907957350908,0.0030260015085953767,0.6748948057628436,0.879119918733564,0.24892552466798845,0.6266621426060391,-0.6396398038682334,-1.6796380447017798,0.7792063721524821,0.7725515476177536,0.49580938785590445,0.17230888225734936,0.9559173693537739,0.5363421379868792,1.0491134404668736,0.6131556548220457,0.5290149947383118,-1.1408927439118703,0.603592568724001,-0.49550382839622026,-2.86266440048916,-0.5367063875681264,0.048339435249635486,1.3046082647222563,1.000424237536181,0.8782711987641869,-1.3853797019770029,-0.14168061304724647,-1.3880655504967934,0.7268820666027218,-0.49547714218218997,-0.010164390412836283,0.1267530450552297,0.8713607364477739,0.7836097436565232,-0.34319520337393633,0.9528163212909141,0.49089399042598336,-0.26350045037059994,-0.11555360192597869,0.9619580332572343,-0.5178071998269007,0.6627952508815994,-0.4846385664811826,0.7490258856489938,-0.5411239711474847,-0.9489580781887577,0.4918785203104861,0.9371008634061074,0.4113452416964507,0.7460722543562931,0.4999686246134765,-0.23630992832767736,0.23320388833207967,-4.289595824553901,0.7067051964133363,-0.7203223619124559,-1.0262108544417743,-0.4074737212210177,-0.7479595599944097,-1.159162092065656,-0.18592519068707944,-0.3546118555778324,-0.9561579306454138,0.5561937584061095,-0.0705731243054136,1.1376386667884573,0.928377151405657,0.6230085499322641,0.8508348195336781,-0.9168200823581517,-0.8601508652338112,0.9034365181027585,-0.7975625851265741,-1.1810223923604781,0.861505106595182,-0.13391973236053784,0.6020808109906904,0.09012816074723859,-0.800604654494224,-0.3406871610973345,-3.5412971176393184,-0.4647402616791238,-0.13723072443049456,0.33955674131517016,0.8314968497006036,-0.07361109071549993,0.11336957312245363,0.8617079527539646,0.6938480213142267,0.359693330116602,0.20437621437212874,0.3629364723810531,-0.8601508652338112,0.18383638210763917,0.06877716104618638,-1.0317854799868935,-1.061255344020744,0.6936679631359169,0.8879696489236353,0.36213644278508833,-1.3100179498613034,-0.09707855554279897
2020-12-08,0.35285062907728937,0.38572979581075006,0.42313463472574747,-0.8366539867213935,-0.06126291257543183,0.26442754375535493,0.21807403720699017,0.7779156299959205,0.60134667229174,0.6493543597449103,0.17693477463182614,0.6732481033656434,0.09714969518646464,0.5583664580046175,0.6074220587937064,0.8756442243200506,0.42245607277345143,-1.2399694971839403,-3.050108914968949,0.32282205231510697,0.8011025686013514,0.6873492998137662,0.22826029426202188,-0.3828576496487311,-0.8601813484036025,-0.059194814030448815,0.3964536290476825,0.6225503936270155,0.5365742292616562,-5.734278950457949,0.5497555950381301,0.38552469776250853,0.5434937888881046,0.3736484102937153,0.36167186675354307,0.1796571382826736,1.0026406590285364,1.0099820996301476,0.6752226032197558,0.6354319888263228,0.17916327022567588,0.05103449553306029,0.6774883760797229,0.7416680273010248,-0.46568134287131147,0.6735183058543452,-0.21445999460915996,-1.6387684359384265,0.4795595673564849,0.8229451250387473,-0.717395049782912,0.3664842156605723,0.8731605583537903,0.3577304925303462,0.6949012383890234,0.29944538223566425,0.4307873647016598,0.0590660580341076,0.6792561084049381,-0.8118667483354469,-3.311486362494485,-0.765509412216301,0.20105531280840663,0.8292523669703675,0.515517311677052,0.2420194133963204,-1.110905113236322,0.11307713359770914,0.08724183201184747,0.21824410087048834,0.13140458875245095,-0.15782213231599823,0.6861738647884993,0.8571256191134661,0.5134931319153668,-0.18544434607827562,0.49030767804785863,0.07673775433583926,-0.44790175679634664,-0.3796159173555919,0.7373967449675776,-0.263220329451343,0.5489810768417445,-0.5970990236701659,0.39816622245253674,0.2430617524106514,0.24269595722161888,0.6930913562022017,0.710099235081865,0.3287721688949722,0.603605899343826,0.09194019557120699,0.4098276360407145,0.2235152776008417,-4.773718410348303,0.5950137094486079,0.04712304425078327,-0.062492245442891496,0.5181182403348318,-0.07782253945178545,-0.1551023584236803,-0.552664315573934,0.04647081006041085,0.12035282254588815,0.6112038349012298,-2.9362779952591485,1.1701201275672268,0.9376830165357176,-0.30177344110614535,0.62931854381281,-0.07966801759324507,0.17801660952357146,0.18045113921761616,-0.2974109700866364,-1.0868633117589848,0.6803357102127546,-0.3837468674825599,0.4592177202942446,0.2416829637378251,-0.330207740964019,-0.34374215342004594,-2.6150725737191456,-0.013310274893968055,-0.45844252259520485,0.6246673946661644,-0.02234193427224418,0.13950074495947312,0.41296852113218574,0.9267466814748766,0.6870453494488603,0.38909422385876336,0.06698429761454068,-0.3672298765931191,-0.822094527255314,-0.8578618424933425,-0.018618104671064912,-0.5102383717654304,-1.8141172323637442,0.6265400610473656,0.33513501524646144,-2.3142774554826713,-0.5514915344325296,0.43927185374902133
2020-12-09,0.7332740322948077,0.7227777042049921,0.5382571721280646,-0.23541821456742226,2.2651311074353986,0.6577662766778725,0.43465174599330997,1.1009214207185423,0.23460409391775772,0.43695615734010235,-0.40481119570567087,0.8820019948521868,-0.38937670707829286,0.6424019205326168,0.6373744444323112,0.5210678993305075,0.31553162835112664,-0.08608885991486934,-2.835910342223922,0.4825327655684643,0.02765166894901045,0.2534445841639783,0.3676518299357812,-0.063657990985948,-1.2895179140981738,-0.010559637895500431,-0.2600969426781897,0.40212743802144646,0.6773269756328323,-3.99438775769886,0.4796741174304326,0.562543197627923,0.6629710454003227,0.37973621527817336,0.012200575425136563,0.1327434831414095,0.7325774595352458,-0.609563478185101,0.6522828161205523,0.3922302946125457,-0.24922632332868885,-0.15560063563875723,0.6740025155576563,0.7836499951117333,-0.35877292636847485,0.2015777517404787,-0.13308910589868905,-1.335960284619358,-0.6797452372519164,0.7182755748389053,-0.9961349990138209,0.5978290417873187,0.6358933591726911,0.22311638719842486,-0.01656368038839194,0.40532324677776943,0.3866858427564002,0.7655761847772662,0.3752126649724635,-0.9124748737400435,-3.6789420664803485,-0.1344443576545802,0.06415638862073532,-0.13512718923758862,-0.6996222077605376,0.48429759364045044,0.35828728641763863,0.0665746455474497,-0.231822160214478,-0.4232125971450414,-0.8998231643833301,-0.4594384318816516,0.871651196637792,0.7185695512006798,0.9129357385254834,-0.19319284177970217,-0.3430728212641502,-0.06956234760922217,-0.2684952831888852,0.01619813702364643,0.6515940049735433,-0.0005046004615504959,0.44856680002899946,-0.794631559208188,0.6998793637214507,0.2670515549710358,0.7588494417609143,0.6582830132035549,0.6497793496320803,0.6166391995767867,0.7660891484805018,0.277685515278621,0.6576054515915307,-0.46240800953957106,-2.8142114775642217,0.5724801333883277,0.546034602043552,0.4950816647235123,0.6587918793113811,0.6302930578952217,0.12266577294837555,0.1389849138104111,0.6241360758068588,-0.12562247053375986,0.47268653616993056,-2.159524880882804,0.3762831560242397,0.6273773737732175,-2.2622551338752683,1.07286381540155,0.5369565695729043,-1.2893391143022552,-0.39712462363831896,0.6150871386882183,-0.26449479756505295,1.0175091400475835,-0.32376743597268615,0.04867176979687234,0.0810081871210636,0.4020564192531809,-1.32704967832399,-0.9287924237824755,0.386025413576669,-0.15548796908212478,0.8337136864002241,-0.27182513238637207,0.39584776148877476,0.6179882483417303,0.6336359840807679,0.7544512198091334,0.12822157755696517,0.6698281392326948,-0.7344581840066895,-0.35182532041019493,-0.04733201602795862,0.3617455281436362,-1.614938042342294,-3.098899087709592,0.6642087313553987,0.6460414347347258,-5.030309840235738,-0.6243190748906587,0.4499095075482079
2020-12-10,0.6928202512300776,0.7896189556710225,0.3963933241488583,-0.23288968396160853,1.7792928460819184,0.8520239394008691,0.8380591965502917,0.7035563906636949,-0.40862478854390877,0.3163312159476124,-0.6846927825664393,0.2580666495722583,-0.029330675869851146,0.538672009972349,0.321239637463569,0.4088603641786588,0.382057595160966,-0.8338133556614014,-3.0659173874345735,0.5392289158340676,0.3403038890959916,-0.004433589396873785,0.6449010845122465,0.16606140429074653,-0.33562468940527707,-0.22072621714038773,0.3727649256303739,-0.20412829818655973,-0.5321290278594966,-1.4500173659497775,0.47686603376267084,0.38331256866406366,0.41258304688271485,0.21999759439237734,0.04311176739552511,-0.4336585492253083,0.4907964732299143,-0.49241168170424904,-0.3448892163841952,0.2046226870100909,-1.0591808375330514,0.04265750710641178,0.9741313675890886,0.7389755636185584,-0.05275305510045063,0.41550863444913216,0.3986440747111036,-0.0031881093857897115,-0.14459881583313722,-0.5628762052640639,-1.4129501187771463,0.7167334748350545,0.24829507533671488,0.08854068132760025,0.17995127487602056,-0.12397664626599479,0.1943644203302911,0.37084989929481843,0.4581732346290299,-1.058621586091756,-4.15004940968338,0.3538834508452684,-0.5802316771744184,-0.42595314689079466,-0.10166844341308105,0.3241815237853499,0.3982507379477909,0.40019333105158333,-0.37837193684335474,-0.2948124306236711,-0.29402088166056456,-1.2464342442185954,0.3835564426750455,0.40758961420286605,-0.03517292058435765,0.2953210290431709,-0.792934909169858,0.5777783717344124,-0.24570787945800585,0.28624596275024566,0.49433707321803605,0.3492571514081419,0.9143741000586886,0.3273559909946358,0.7202633284330592,-0.31805474624200125,0.3934623910008373,0.3286422757495284,0.4142798816301729,0.9255639295997953,0.6639476055935869,0.1609545758200882,0.5962025455091006,-1.8555709068671344,-0.016058909958580114,-0.9713570601900386,0.18188686672299806,0.16717090131735068,0.6911432509741943,0.4337509554487948,0.05064607080890896,0.06915294178368331,0.697666882830348,0.6242055637251767,-0.37749546528402356,-1.8036829129808993,0.34387165479314075,0.37598360561652505,-2.3665954236238522,1.5902501255924815,0.6436969854965087,-0.583210046050523,-0.39436745494979364,-0.09340303896352614,0.2724074224447967,1.126766349853204,0.1315709701446115,0.37575925731829507,0.5054887519076183,0.5734344600884869,-0.8639302382938849,0.061234265874517184,-0.49442983400771395,-0.023286354496724487,0.409825187141786,-0.14127379298273404,0.38518945080396527,0.4352060373653551,1.0098085490768496,0.4510934402728971,0.3958305752226426,0.4142286322027219,-0.8080211345804299,0.2602033362462087,0.8891614980239719,-0.12422104127943868,1.4190054407667085,-2.9010959256739053,0.20448637156441893,0.5908858132974903,-7.035788159011035,0.24610695147555983,0.2675051545976186
2020-12-11,1.697555889202392,0.9958870807220364,0.43371640962761676,0.3177857894417506,2.1176034876375733,0.8486922214135624,0.9704701850073377,-1.4770463531446187,-0.09623788205342015,0.5996055943925069,-0.32961188923122203,0.4070711586792797,0.8365364438785213,0.24361296554975814,0.5069015007723091,0.11580156247617869,0.4938034638445699,-1.3350299519653592,-0.32476642376809656,0.5143075522116128,0.38524637281316176,0.18684411683413035,-0.11940184946067407,0.4577816827387571,0.0485363047654912,0.01792795249173867,0.6368047360598729,0.17966317796910164,-0.5667340069206406,-0.8164770806993807,0.41633434350599086,0.17613294765270085,0.8014074315300207,-0.505209688683748,0.1439385283308473,0.18393867193515634,0.6369226175095439,-0.5694274969999507,-0.362770348787876,0.9423388800820294,-1.4414967796201137,0.5264271295909375,0.8069852685824768,0.7784522442708134,-0.05470888638468546,0.08460419412012102,-0.9586522820623027,0.728735788255588,0.33724716821784734,-0.5739083414953342,-1.1869614296693767,0.780856244244117,0.3208230739228894,0.46586154328235513,0.3235602881406788,-0.26213671467594646,0.3701204144951342,0.32125412693307737,0.19094329845344918,-1.3811119847928688,-5.101691130111315,-0.03003304615905413,-0.6962145085046727,-1.4537581170314373,0.04681539246318877,0.4737884529526325,0.5609474680280392,0.222236091668309,0.3527818170812269,0.13012293005520464,-0.702141486260334,-1.8887210623247013,0.30916000236296604,0.7213386655448981,-1.0493316455830586,0.6221356202505809,-1.2958799648321804,-0.06078974771734987,-0.2349859783280281,0.5244861583407793,0.41851739727010234,0.6529034131831483,0.9005163591098997,0.3902467629716895,0.7783515487265404,-1.1194125448464265,0.5044884172595723,0.6059596476152799,-0.2616399841379614,0.616247689262341,0.5026283337035582,0.6108529995028978,-0.07946180350507691,-1.3507420577265428,0.3087052901444787,-1.2772389280427445,-0.6044656730156697,-0.8522094079988741,-1.16203761846829,-1.1684011897263942,-1.7686910630462622,1.2597546743656256,-0.13360597026045035,-0.04377762802988917,-0.05079573541593295,-2.020968495853085,2.4216817494922416,0.38718304696264333,-1.7262032977502315,0.4116178181726456,0.5008251654457426,-1.2670080398417323,0.15207910899001398,-1.381618097197591,0.116939473461829,0.5136930671497425,0.7249034529107907,0.5479632442894669,0.8049788485609026,0.48907442299056175,-0.06926038335011708,0.5848080883353526,-0.24960508082914828,0.05987235179527724,-0.2532073658192443,0.399659676920444,0.8090877001502093,0.05762552147804195,0.4749576240823742,0.5885155992553807,0.5679995114072521,1.4245350308577627,-1.1106328514069417,0.6504630249875938,0.44976596928161006,0.02621821935129282,0.781396201356327,-2.9686905317784085,0.6540646926852837,0.7467021803345357,-4.437590687204271,0.5216267925712607,0.5022379457947962
2020-12-14,0.7179456457314543,0.7732984792157274,0.18735006023092324,0.5069483482678401,0.3866566672820012,0.784342873669581,0.8533952265782988,-0.41296860426473575,0.375246676686814,0.4003393694251828,0.05932122662941881,0.7956046966454787,0.7697855641965522,0.8292039207896007,0.9483146658897998,-0.1381750204860159,0.9025548141186966,0.041426746551554,-0.3710033048420297,-1.0530399221697224,-0.7860981253360044,0.4439154169483731,0.7758981272759002,0.8073997581849198,-0.33132781122397403,0.40784313104931996,0.7899347005208215,-0.46474563012198267,-0.7573816293579219,-0.3021283958356899,0.33425215795810337,0.44995519072397777,-0.754837811776811,-1.8587953132550805,0.44059808919263416,-0.75767635938007,0.5883061251435808,-1.3261547315576787,-0.13642773857780036,1.2183015889472641,0.3078508185097082,0.7543144470402978,1.8322195850634586,1.5485897553395769,0.3762759960200911,-1.0458245611511172,-0.7146323199689314,0.8804929047027193,-0.11027992381511818,-0.2236430066960615,-0.08574404459922734,0.6441803890918322,0.6017839768898617,0.33124035219725406,0.9144303574157268,0.5827646173740494,1.4372096649525534,0.09944350259690264,-2.055452430254298,-0.7595972400275327,-1.5481583349704773,-0.6631961242794513,0.4409534809168008,-0.32341998088086354,0.36739969873589967,-0.3660965650831997,1.1091505024584414,0.5834500028678428,0.38333573541415783,0.6827859872213344,-1.589750252253109,-1.4419079507810364,0.11679659053669296,1.0176993817404976,-0.5559871319917753,0.261549088556818,-0.6745233055059802,-0.6303333208014658,-1.6610132045462211,0.5948099810692843,0.9852172218353654,0.7883638898851176,1.586168268188636,0.682710442814327,0.4982586027627223,-0.9416548636735647,0.8639631223007764,0.70033674944624,-0.7513553885414628,0.2707639455979406,0.837859961185968,0.4793781363760319,-0.2677550391136849,-2.115990572311397,0.03470057506511826,-1.6226349935484123,-2.565036766557503,-3.1138784222728524,-1.954805002662587,-3.6590423019406835,-3.656753639099013,0.6460947223478956,-0.751849245611153,-1.2498312639842315,0.5796064240901525,-1.3666785967622628,0.8073997581849198,0.38166124103855287,0.06024667873382497,0.756248857740533,0.8018161262213346,-1.8240035193684445,0.8497723303822317,-1.4397172697733784,0.16816112139228923,0.8603192380562475,-0.07293853095065686,0.5904353213364848,0.7353957751400041,0.14519941754387342,-1.4802377039843684,0.7842361787936991,-0.10454659751712918,0.2539512222275356,-0.4198283561818198,0.5958543436371914,1.2032992182325086,-0.3183305089450699,0.8073997581849198,-0.051032544857453205,-0.7264401869155344,0.7455515735588741,-0.14863839151945712,0.7178519328910299,0.2139100188905662,0.08457806359485147,0.37251010599802864,-0.8041885602455449,0.7733206352351064,1.2156709289644214,0.2403442050400921,0.2521349036850553,0.4799312609624739
2020-12-15,0.4722356173120914,0.2106213950821583,-0.5652979918917526,-0.1664785115813334,-0.8327439716330451,0.5528485979222048,0.8145614348246796,-0.7594615395713196,0.2494199648097861,0.7082265568662588,0.6914294178796149,1.3659144084294186,1.160907521779411,0.9791610312654082,-0.7589883046837516,-1.7602609404926213,1.329357470859494,0.3539692514023104,-0.42777577966953273,-0.5786374993923211,-0.6171655748360616,0.3590490276686459,-0.2849380011523532,0.6878463437676378,0.2099613852573668,0.5934693561410699,0.6070436522397286,0.5953850497805081,0.13358831420584652,0.9509493500707644,1.2100937191827053,-0.24734097237445232,-0.4152694493573678,-1.8515859362098266,-0.03093271040456662,-0.12169515932182033,-0.4197087963270346,-0.544687117538254,0.5632267477994769,0.7174491095885309,0.5099631988109528,0.7018025202374005,0.44783582842969727,0.7735393604483269,0.5316851467291984,-0.09389507131009563,-0.48416701660451983,1.546636366333487,-2.592435117287781,0.5634077468495493,0.26834035510343845,0.5909770635014071,-1.248123784987645,-0.25215805571011357,0.4432643514682069,0.8543584499702616,0.8058774659427376,0.3794335057381627,-1.431167691107931,0.6796859353142534,0.984857454029432,0.13000560320703008,1.3010413729969534,0.5583055445597409,0.5712371665026239,0.685380946797616,2.0106549667211997,0.4644161169530502,0.5447556878304235,1.06263177240939,-0.4120826656076551,0.2911459739452858,-1.5041532244021127,-0.04664381636889912,0.5181637824178656,0.7176487058788119,-0.4264978836960047,-1.9776867053772904,-1.3338232378870964,-1.125373879734846,0.5785285483963518,0.6266845025156056,0.7099081877155414,-0.6625809181292504,0.22959880968717503,0.17289502098439122,0.4446176438639714,0.4596699697617828,0.03800456311696064,0.010183492401274946,0.9135674090568363,0.03742024952744446,-0.12433744225215732,-0.6468086484599553,0.2544922840733479,0.4763795758355127,-2.1194857537620253,-2.6443380918504773,-2.5773217559645962,-3.1385484662374585,-3.263635290971587,-0.5472098575268947,-0.8624088188475415,-0.7499408061431284,0.7941883798558401,-0.793805379224241,-0.023515901768232116,0.7678304325941832,1.2988502180430637,0.12954200897776297,0.3491549167461743,-1.360738434321671,1.1031733529601766,-1.379003600025387,0.7118072664083863,-0.17096345975602165,-1.0573785124102464,0.785751320678475,1.1532406513523301,0.45870739754943546,-1.885005365300018,1.1171010761306952,0.6963095086712225,-0.6611118709074355,-1.1653194283276431,1.0822813275496734,0.2988337632147593,-0.5511603533631539,0.4734830894382746,-0.8516145219629234,-0.7782823801477919,0.8048086680491271,0.03721677632174867,0.8368911089832133,-0.5604885544493143,0.5476310032967452,-0.3350810358515635,0.14356080285262207,-0.4270165690129246,0.7048823470365192,1.1901827113849166,-3.0286080454973527,0.7857401706981118
2020-12-16,-1.412419996153879,0.47420448172149854,-0.35386359686144314,0.18134527561776195,0.3348241366454369,0.8403222286335681,0.37988253158723045,-1.2235210962113752,-0.07326089082883419,-1.500431121641813,0.0014767951817234912,0.9981570466343926,1.0710558118957878,0.7602605628681337,-0.3367863664011384,-1.7662908560932113,0.9869441714232162,1.0244059488371389,0.8321708824305917,-0.44915750527386294,-0.32747737266884824,0.30961177501825066,-0.28906097363597655,-0.06606485271851162,0.436487869606756,0.41784896965480633,0.5341051959440032,0.8695744954335041,0.8386878854467738,1.7173739245807949,0.9749572683176911,-0.046205215438869796,-0.4565172959786468,-1.4629623231550843,0.28565973310127407,0.21199904815776993,0.3542771696608491,0.058847414737871695,1.010236489660439,-0.15184638740199616,-3.0513366364637258,0.8543220710614687,0.7550418188218911,0.8224055927618529,0.9334589769204402,-0.09476845580935817,0.6703896633544759,0.8527641583460265,-1.0646953280969718,1.1194984774347718,-1.0020563163615743,0.6752413547936684,-2.7096380131647644,0.02604323181679633,0.04166832039304491,1.165118733545927,0.9492626369852402,-0.4317654944043602,-2.0921720191696886,0.9185193623092262,0.5792073500596874,0.913648929726753,0.8971907859558278,0.5116273352978149,0.7946033084747502,0.49892488338747365,1.097777390495119,0.9308256572725229,0.9963114024594764,0.8467353907367015,-0.728340386541421,0.8761952981273048,-3.0018690683941194,-0.3832356782877965,-0.6075504543446552,0.7732983770624766,0.18390516993911588,-2.4380417473432328,-1.6648733100469042,-0.3844489140984969,0.4472682353876498,0.09808091419854514,0.06504607350648374,-1.5622531384465932,0.35272381090391736,0.4044286109712127,0.6025441660318867,0.6528934166820665,0.5577195408947837,0.38168173747498585,0.36223540753939426,-0.30128892200152596,-0.8566715203932095,0.7791424625531216,-0.5141086211285076,0.9447077851471753,-0.7164555949539401,-0.9958466685221488,-0.5255818090694167,-1.7216331596655334,-2.1195108456377865,-2.45704905907172,0.3527023470684482,-0.2869386996909848,0.9798428567909829,1.4445202556363452,-1.1263620734438773,0.19904017746674696,1.4390187621222335,-0.014523036184733145,-0.2996782056687266,-0.9294490711631079,1.0014796604353098,-1.1026570477700053,1.0313470157060396,0.05990315942008712,-0.02781515290707151,0.8448953270651932,0.2857577948465908,0.2960512848913668,-1.9189213371615164,1.4085130118516027,0.369123742821932,-1.0043835411655377,-0.8061361528711306,0.4462173207564951,0.8010254873864775,-0.9715857873795759,-0.21711180656337434,-1.2390321519974374,0.07343386645462323,0.07961758360150283,0.8592553511803597,0.5367899916372924,0.05073090263049501,0.8943264393131093,-1.1485883735294486,0.09279084597594818,-0.6693909897541875,0.2047777134971782,0.07163490179453935,-2.755425543089774,0.79908523024401
2020-12-17,-1.8209679059424029,-0.08296921677719242,0.11394400805709202,0.5508752789545227,-0.2938501652702319,0.5583034833739157,-0.2875885566631816,-1.316601016761593,0.48930940821563035,-1.6958237702237882,-0.24206627271022577,0.7434785616273448,0.6820979647088989,0.6566317921196998,-0.9151704091398037,-2.8785296929611244,0.4870879083233943,0.986343593814656,1.725642466289364,0.4720029552952321,-0.49492944867178007,-1.2785698548813864,0.014049484972344877,-0.3631003622783461,0.7427274314178711,0.049159833752181734,0.05092927089874332,0.8376431598502078,0.6690332349951136,-0.3811714781526756,0.6022150394727674,0.24383563885513213,0.2415963695905275,0.20482575334049374,0.48202197934989277,0.4749944928530205,0.028945909830844958,0.5352175690088701,0.791589612547121,-1.8119632541415363,-3.3141169729136704,0.17125140577223102,0.39026863517191424,0.7159306559220314,0.8909951030780986,0.5229681990580731,0.809078478150424,0.6059903184983094,-0.13706665969732054,0.7140201408033626,-1.6066512416608474,0.4819518170085692,-3.6242032675950115,0.19060520395892214,-1.3280283462528881,0.3803985506194651,0.6382249974533309,0.35981392431032955,0.2278208591709778,0.7153358678585435,-0.3494179914721238,0.7882812956941664,0.6006735176314565,0.5925336147055401,0.6888040586575752,0.8248721648251012,0.9397754575659185,-0.06053155228134191,1.138467046994533,0.6023425666136758,0.4381082963586518,0.7298427693680074,-1.920560951910968,-0.24534715230144058,-2.366851423717179,-2.0598518550881506,-0.06655059594120273,-1.3499084593197197,-0.919051166511775,-0.0822705292503368,-0.04147108037182255,-0.7694920625131509,-0.24683056195391348,-0.48017294581165687,0.0900883826090011,0.5179092934802897,0.6526827422651449,-0.9224798547439683,1.1056989997003708,-0.038819473022353806,0.6385960210370538,-0.5361059704607899,0.11650805502160148,0.5628474110719308,0.18193489644670693,0.580360549065959,-0.06333785334415591,-0.14897534991123568,0.45701544498665414,0.27329385363263425,-0.186145441135557,-5.036025572995047,0.9574709321210467,0.5559117045078376,0.5047624795804287,1.5889643638294797,-0.0764536345894747,0.5774159079946894,1.1899375575443802,0.6082445454612152,0.36677469041423016,0.5313568860245953,0.4184969498307961,0.768188832375002,0.8749273952167901,-0.7277161106313754,0.5227740801849197,0.8690552124109453,-1.6422927079520873,0.5863787800482634,-0.291452206615135,0.9699696888573812,0.4845413405783584,-0.5209675014325912,-0.1339901410717223,-0.3256624322864338,-0.01351269422200559,-0.680434117274994,-0.14723737972501416,-0.5059640619627745,0.5609647200947627,0.0814151108905218,1.0593454316438018,-0.3660873628024377,-0.34604250453283597,1.2658129643812348,-0.8565144332545563,0.5826048517929948,-0.25314534631512176,0.010528431653327548,0.7408833008088352,-1.6297227423042557,-0.16575784060200693
2020-12-18,-1.6442523233786603,-0.05790950194701955,0.4821757099785244,0.784546030271433,0.1816862861439004,-0.33975652402761713,-0.13762030075172127,-0.056586920170926196,-0.408209321816075,-1.1106114771320466,-0.5636955465118942,-0.16095983676821346,0.2072981410548233,-0.5948234814667448,0.19252809976496701,-1.0863790824382458,0.8635027392024935,0.4392775689350102,0.9620626407175938,0.5777950360590646,-0.7010013963703282,-1.2790924922727407,0.10570542760206929,-0.13815135944487475,0.4821757099785244,-1.2135568776565309,0.47235409840433246,0.6533986264427942,0.5763083328730986,0.347287705716639,0.7672985993543661,0.33203113449942906,-0.14769890054735768,0.8408500885609763,-0.42457976546380605,0.5401441421356002,0.45297948280150385,-0.9189627046634918,0.6419923094028843,-2.1135350186776503,-3.007020735019144,-1.3208470360674138,-0.04394572887516401,0.3228550597875449,0.7407528973917799,0.9102168699479621,0.19951294840311112,0.4702579938467794,0.9052110999580035,0.4690329484528447,-2.3993664399513706,0.5573934146589482,-2.71569068895076,-0.18576506257208497,-0.32259262082415496,0.25064128158431737,0.12798179337344945,-0.3340697207319316,0.799452252463139,0.19112869416750683,-0.5550490545101396,0.014533052069402407,0.403714063717695,0.6743669150707272,0.9432785606259766,0.6247510265594726,0.4334454818014729,1.1534967018264795,2.202043794483027,-0.7716061825115065,1.2435926676995994,0.25510775857140733,0.17773756462134638,0.308045306627899,-1.833346820637313,-2.432937730623583,0.43361892514875594,0.2979117618960358,-0.7209895235229571,0.4152823046725804,-0.9122276274882676,-0.8951344572309905,-0.6081019943451215,0.2595289502570449,0.2159269007427326,0.4636750173798564,1.1545430301775654,-0.16832073537856093,0.4799062612274952,0.3156642988819289,0.31051550174892834,0.05574924162105017,-0.21462408156134227,-0.05783192521191069,1.0517760160438139,0.27290979615685373,0.14674949909107576,0.1016216699247982,0.7376279237830025,2.2256339340417175,1.0404853876876616,-5.744604360793793,0.7212013880287947,0.7842634818122729,-2.43976207061553,0.9511828512339223,0.4707853166562764,0.2983376754534544,0.10023146639169479,0.3271246653575831,1.6796455334038585,0.4821757099785244,0.11321192628776774,0.44123532567579776,0.06548117556353285,-0.33185075546769627,1.541307734148749,0.3412924584890127,-1.7874471100249294,0.20150552335942218,1.2215697107222716,0.7874805711451964,0.4454168095870967,-0.2894953547802252,0.41054200832135324,-0.6845419595186469,-0.2829321838628023,-1.1270105687322864,-0.020412795373201096,-0.18163982174726295,0.3803199057338857,0.2712310285767164,0.7035111134606069,0.12090025765826741,0.04725335395237348,0.40335755623755093,-0.8383308646080813,0.07721621636214368,-0.008340281504903607,-1.0232636601192049,-1.0453121945141777,0.06815489314355193,-0.3152151556514694
2020-12-21,-0.2690984281314891,-0.0320663175103488,0.5763357520747455,0.05421966504988833,0.1003798734436768,0.21174661186729107,-0.9623266602959607,0.890654536627179,-0.2467405039995739,-0.4030168013708986,-1.2906494607257004,-0.2955207471521964,-0.051140673817731255,-0.9174991449522371,0.01967447441485502,-0.7433232269470744,0.24767525646346392,1.3164699346252289,1.2701345098804484,0.3650387674344683,0.41089377887494516,-1.5479295787291054,0.45258451778310294,-0.41229332476109326,1.7817380233263185,-0.8642540046697468,0.5777123303107835,1.0332089501733526,-0.4261499734065733,2.185745470042857,0.18535543230344148,0.41900912504647114,-1.0925632065243651,0.744662241014792,0.2706109964420879,-0.08856007139964568,0.8019986149913908,-0.5380073313814857,-0.8748842467602278,-1.223727705499169,-1.220639352856763,-1.4381728360925825,-0.3470085646731656,0.7457823261915549,0.21929711327352594,1.692023599438367,1.3448532584186579,0.4229459924379445,1.6203846654174878,-0.5530352971740279,-1.2816817929119415,-0.12567926485188546,-1.3568329746033296,-0.9101188405479742,-0.8118936539382043,-0.2968733540359847,-0.00555099094710903,0.34515344953877103,1.293495368945746,-1.092312641543817,-1.2898590517500377,-0.26256127602224577,-0.5228971007970993,0.874283864683738,1.1158343754549311,-0.3472696613028369,1.4440499976208696,0.9780566994069003,-1.2690908454920693,-1.8083832307376688,1.9366222614955415,0.2513968276450738,1.036548413392457,-0.3182230949570099,-1.5110358356375093,-0.7104200472194018,-0.7739110117628145,0.5140734488021076,-0.9394330589180608,0.9933286540963318,-2.425905454986756,-0.8095291635333737,0.16552768433956133,0.7468476505857651,0.846463477401534,-0.3451706712071189,-0.47681953050603004,-1.3291279485811143,-0.4194133733445407,0.7051322637573575,-0.4241026921545787,-0.39798564699770256,1.5731842723598164,-0.6847327338643836,2.10131441358736,-1.2128587813412752,0.29083073869851434,0.5699119628373743,0.6808764510629542,0.9205258824372892,1.7906627193729217,-3.7198601771201427,0.4832441048774806,0.7476602566954881,-2.469802759532094,0.9086670185709291,1.0447493339702805,-0.010942063413432276,0.32306365684666233,0.6722248662331154,1.804533509284976,0.560638408740358,-0.6833922731269706,-0.03833192806591657,0.2951570320733401,-0.5377250056548938,0.651212326021863,-0.21709481114423865,-1.2997997257965719,-0.20732969797342157,0.5775280073572069,0.6495741984484602,-0.7631397470506012,1.396651046109363,0.6335533604961655,-1.427748441179983,-0.7193738283147292,-1.2265947652432347,1.3551782816986466,-0.31331995597497614,0.5828615857642194,0.001150338847882616,0.07897571643311481,0.05804351715165994,-0.5920129582809137,0.24558230816196475,-0.43773085778157217,1.9846046238039206,0.2722503029577594,-1.2396966177824527,-0.8019137200297651,0.5374984835611941,-0.29576846220676173
2020-12-22,1.392181821426529,0.5045996072971449,-1.0859997387849207,-1.111051025948735,0.6283703612205095,0.17052304705450036,-0.6294766040742252,0.9670733226061934,0.06628848526846809,1.041528367806066,-0.5260991299028223,0.11365720206325716,0.12657050029502834,0.18410683700501293,0.15475251772821286,0.6516313398521423,0.2110413297688444,-0.5133237567084371,0.30465507526352925,0.13469337946929097,0.2659217623047679,-1.6181486042624813,1.0378531570181213,0.03180250719018116,0.2602867474026533,-0.34576118615900964,0.10587121498419552,0.09194105270369118,0.2793168907808946,-0.5657314400740397,0.8085249551444014,0.06576028222827292,-0.8560678194117134,0.02905442752845284,-1.8576840799813086,0.2554872061178618,0.04450708073677853,0.2908383016996386,0.28598166251137797,-0.0807679069348041,0.00416508820214435,-1.086648827935867,0.006842172152106619,1.1865760264569376,0.08850091151918961,-0.02351260540321977,-0.19649339500063537,0.8433445966731928,0.043379861998652985,0.11966355502239362,1.5645765280900328,0.1765017118028392,0.4066536058282433,-2.56707377819131,0.29832551261573137,0.03243765380352665,0.03450741707285392,0.40460339123817185,0.18030950404829332,0.2729996844434468,3.147846208108907,0.1367152342278767,-0.1366879464663203,-0.1528057367335769,0.15811777276927574,-2.2704185701909427,-0.28504941312149845,0.4425045725545895,0.2050717692505578,-3.0246326449857506,0.10549521861742372,0.27583079631923724,-0.10191813134929094,-0.03353773850510283,-0.4989485510048495,-0.6369693303833578,0.8497120382603325,0.9381212708295096,-0.014852578531600257,0.222605779216216,-5.177054005039171,-0.04211672214282168,0.11499252246325725,0.6509401520740774,0.22466959586525867,0.23020826893242965,0.2668498450394865,0.2944987824054464,-0.3631536468472513,0.14070585970263177,0.14881085975938835,0.14483963815319445,0.08533526932359511,-0.9638713925987099,0.17745865436676603,-0.7524967383110331,0.02457320557109707,-0.03893637878682862,0.09959175205619812,0.21975392334221477,0.19222440803638394,-2.297369734252798,0.06374573444522105,0.18244254112481664,-3.484629348369276,1.5185375338797709,0.1560780594012249,-0.07324733464712085,3.9857551729164276,0.5588646058366851,0.1726143355729916,0.17209144392731246,0.39568465540452913,-0.15160505218764408,0.14991740822883845,0.1840003527442095,2.080688966901167,0.0020305227825291724,-0.4922974819884402,-0.0968205185840053,-0.31679237072442124,-0.15203657185421285,-0.2784108042804873,-0.22101517625209477,0.1630955406064521,-1.045378535447734,-1.7535459156906257,0.04224385754635035,0.2727610659139631,-0.0945143313267348,-0.04681933547640399,0.30465507526352925,0.23323555654582556,0.05588180233687616,0.2658523380886143,0.33593163311867985,0.06522681063252858,-0.3660050657816071,0.04778719868579193,-1.2693209846835702,2.649251915171601,0.1764336903457205,-0.20339089279138428
2020-12-23,-1.9945876319321343,0.8312894630508723,-0.2434591970252555,0.010929762756225517,-0.8942698785329657,1.0403824084179667,0.04311825964070287,0.6974016199570673,-0.11367326185513277,-0.3265866377401608,-0.13466298459866008,-0.6731727934457743,0.7882253770620327,0.41540081041382637,0.6384990974161782,0.6045382224433811,0.6785957551714937,0.32358698102637284,-0.416002720302919,-0.7970608862595325,-0.22672988742159245,-0.5917509528846644,-0.22199751040026014,0.3162972334660197,-0.6766149959470995,-1.254114443044703,0.8946815526474527,0.7429304032176475,1.1068321035828463,-1.8458755977542336,-0.045524965602999595,-0.9222512120894469,-1.2520992712135053,0.9639505458004304,-1.4472632104715415,0.4768188343996265,0.2951136956968547,0.49981327281416044,0.5669433971913248,0.9744545861095926,-0.9802640378794814,-0.22786547435230492,0.921178589376345,0.27601004422840253,0.6765949624952773,-0.8424907140108124,0.8097462289398336,0.4094889887065964,-0.9891365085815769,0.979897671432256,-1.4530172283671083,0.17359646776267046,0.5154741837242538,-1.1328056372269641,1.0259425302643508,0.4186141638861477,0.9664049057936714,0.33578893773695956,1.0586936259652466,-0.06008444080453452,0.650280459211516,0.7031441159278904,0.6181138603189777,-3.7248937161171307,-0.6435669650546187,-0.14266326154670994,-1.4279918926289905,0.40900429435336294,0.27159194430847433,-1.8006956803404508,0.8845029273664274,0.12045697208097246,0.4689024719405115,0.28461317921292956,0.22380620231811207,0.6220763468645271,1.0249538296672909,0.16875638859060166,0.831450654613683,-1.0371747881195035,-2.999321848900777,0.47234151038877603,-0.06989806353505051,-1.1507808104584032,0.5029716172872877,0.33241039988265425,0.7498299210986111,-1.6518441576583194,0.2683431320665197,0.2444735962245221,1.040197878109569,0.6815947456201912,-0.4197825867009656,-0.08183199161405409,-3.379957561754271,0.009104317732716005,0.7479172874376031,0.7178334548775167,1.0122035119429573,-0.05926432975468962,0.9022384984079874,0.87874868048913,0.7676472568490001,0.047888793618047015,-0.5056791467422651,2.9661535957187177,-1.1145635739773576,0.8876956720042593,0.7205613261425828,1.0717208924312709,-1.6176405952140096,0.7478792451902878,0.9965374932455406,-0.648672067429835,0.04426337159068871,1.042083869088554,0.8831626121458266,-0.27859587598302,-0.25922400578958643,0.35435011704892183,-0.34825151393243536,0.8532364002689478,-1.4633540235785774,-0.7615180475902669,-0.5507227992006948,-0.0615041547807884,-0.02195142464061819,0.9917623222926729,-0.07324944119313688,-0.05728283733311463,-0.5595329385557116,-0.6577178851032379,-0.39806149464224866,0.5921611692069761,0.9700903286283674,0.6794836368738457,0.21870305642658497,-3.3495900327067565,-0.35193313183747255,-2.385378548141286,0.9534648172363808,0.489448381054211,0.2200620343045372
2020-12-24,-1.8303262380896952,-0.017816427987255697,-0.9646149845662425,-0.5257856881385456,-1.5532516703154464,-0.5318051059146328,0.5578441181288972,1.177724873753846,0.5514335721810149,-0.20116363738933674,0.2725909607634425,-1.3840640310059706,-0.35512165411893354,-0.27835579577671404,0.853034974228498,-0.06189550262745856,0.9117090397833049,0.5546176179081793,-0.4749665908017214,-0.18239804914370975,0.1591518961249792,-0.2232485407677792,0.8946949834372367,-0.3787525914060967,-0.29989913326335194,-0.7986065682597557,0.8615224795684036,0.4600972247072612,1.2555224784829966,-1.587175186071986,-0.6621234968938868,-0.7273194579279663,-1.0226657685193095,0.7044739371406801,-0.8991193237619907,0.5619715878722363,0.39759070292376697,1.2934711794391722,0.3216688238452403,0.36921946182471327,-0.2679841505195897,0.7114187217848968,1.0564605213651879,0.644821131756247,1.112543234394977,-1.2456165957501957,0.1981056206594778,0.453354209118378,-0.37870297763382144,0.5857768095479166,-0.8853452682445407,0.5473043582793825,0.5175433641080947,-0.3430867569825868,0.4519615063438364,-0.013721313251082699,0.5841597392167284,0.3350194872661537,0.34691982171091645,-0.4641287762052437,0.31925998302201514,-0.01584161889006054,-0.22440834075539592,-1.6314551486016624,-0.4535520558066016,-0.0329581481192316,-1.057441264567969,0.6664720006356234,-0.008765634873379514,-0.5089524278954954,-0.3501120000266272,0.10231670814723648,0.9843562440922534,0.4913108642562185,1.1087382829237415,0.9668275396969934,0.2405980651536878,-0.311511687490144,1.0121817742889778,-1.2421397156618599,-1.6438793552137672,0.0361679350204098,0.12297510089669023,-0.32768311277882173,0.8750877200303641,0.8965560973206252,0.8827593345733767,-1.3027590572305823,0.6310300484461444,-0.358677046908974,1.112645365124275,0.920567399207664,-0.09613165843146002,0.9328117086599744,-3.5440047807605843,0.6482490420810109,0.21372150822444486,0.05835008992709185,0.5020086164389257,-1.4439588470368707,-0.0969022765446888,1.2354680773755569,1.1178260392546426,-0.010222523437042887,0.6915564081407335,1.585610169913402,-1.3463530142125955,0.9902325903898164,1.0398177018765113,1.6125370009078777,-1.214757690939011,0.2164776395018213,0.0036633491990356658,-1.2883248018210545,-0.4156522419032939,1.1602231873248947,-0.5175568902458034,-0.16812040488147645,0.2883671579138879,-0.6566409726460871,0.14098834199511953,0.7632080843023681,-0.9336548769988736,-0.7600341649552357,-0.431597137041621,0.3582004996254055,0.308224748200826,0.942456104751598,-1.536058432048192,0.316043916032728,0.5230026783342486,-0.14123789019134297,-0.03790947315587052,0.6555070152690635,0.9754420218490532,0.18702781835166302,0.600927239652682,-6.452255072129005,0.35682957185693653,-1.132975041849121,1.076512640267551,0.5765774922197363,-0.8979012729555331
2020-12-28,-2.1177376470255678,0.24513608752456895,-1.2528452506804886,-0.02766064912760223,-2.194634572613682,-0.06134266096043583,1.195298911936565,0.8938154653579495,1.0564625999122237,0.22400931518672582,0.1906371839842559,-0.6337267013538018,-0.24960497619175617,-0.1794540382973259,1.067237422982865,0.24260430938955488,1.096243719696976,0.19411946325156904,-0.8597148281958803,-0.5702511148059025,0.624773513954102,-0.08608426963553098,1.0329914791633095,-0.14605943871835758,-1.1493080324515415,0.907133488248153,0.682661871510658,0.2919468160910107,1.4547352313078592,-2.0953854568134513,-0.04053534607695858,-0.9776604330629245,-0.20926746099193738,0.6119050568369268,-0.6759806563488672,0.5471795741649184,0.6974885171530337,1.6070958613851776,0.007341894793934722,0.5583883088129815,-0.7790239275142561,0.9667981910706255,1.0348306878926217,1.269852431785363,0.7472748185394142,-1.5827279130819154,-0.14033282716424558,0.5884046755692167,-0.06451318445664968,0.5851374900957543,-1.6181297250736708,0.49376158053660496,0.5351362874807049,0.7382720432014233,0.4016413132352031,-0.6258688678858368,0.7630458323773885,0.2707856489887346,0.4224720463954211,0.23659966669162436,-0.29360550183148176,-0.007326996189190809,-0.0690802818205705,-1.7527964210957827,-0.8528798511696803,0.9178100911562498,-1.2345045212826329,0.39094755994644514,0.7729806510542772,0.5756402425914355,-0.5568520963578121,0.3505812272733264,0.190680177388308,-0.9414333138869582,1.053367268713945,0.9736823485193289,0.13513700760966363,-0.25470734494563585,0.4948427594596146,-1.689771110304361,0.3933211887495254,0.19310744595220236,0.5087027179724037,-0.6530593014214883,0.4269725266000973,0.6596186308579606,0.9350045367950403,-1.1935148848022632,0.9596686778813033,-1.179145738789258,1.337281733700807,0.3034477248685748,-0.9169449333305054,1.0842532517879637,-3.286139107878079,1.1351543111773321,-0.1541456139400176,-0.3732691580598651,0.6402284576053554,-1.3406349752872295,0.1529350443713124,1.2452161971547886,0.608735177685121,-0.35979875800670197,0.4682570700987975,0.6439186682426059,-1.55401990582888,0.8942831022221607,0.44034299376269204,1.3223976866616933,-1.7355552337986344,0.19621884138841597,0.26819632005050703,-2.412444544882673,-0.8865483734661753,1.3474159696810828,-0.6037497253384904,-0.17287649867685884,0.5048317811063294,0.09868738519338331,0.11122604879484814,0.8645020374591774,-0.27464303635714715,-1.2936469746683075,-0.46156251278052934,0.5733598171764672,0.9800675123635095,0.11584771426671522,-2.5262914924705524,0.5441071880774105,0.6712487515275517,0.080825633194661,-0.6613429359889123,-0.488489568489976,0.5388890274814286,-0.03291449646411716,0.5920182141694653,-4.698472678104626,0.48847964010306516,-0.4696634974273587,0.7795613644183541,0.4343318795208143,-0.161869046667681
2020-12-29,-0.15978932898504433,-0.023903091628956565,-1.387113511376267,-0.11176475634140028,-2.508689271941039,-0.16388634902518956,1.3484056969502813,-0.2550350211834483,0.729782167120274,0.7902341666984043,0.0673695523684286,0.005721543785284592,-1.6910151529550739,-0.6256270740417655,1.1158812193089762,0.01969008332705653,0.9917295257651716,-0.5841806483989668,-0.6859164036099533,0.39069024502252175,0.8973686381831899,0.10611946875275098,1.050706175368068,-0.1432427452663309,-1.2665401614095118,1.2887359973940586,0.45210754592913954,0.17731979640268455,1.2613655983108012,-1.6506487270707588,0.045070200709922466,-0.06660313356496743,0.6323955589710095,1.1507685502742317,0.07977728719221033,0.8166127571316334,0.36792559442261996,1.1544913697466763,-0.614531634105717,0.2916401546616651,-0.20122935634725217,1.1476914855684666,0.852999503139839,0.08082600908481494,-0.6150570420903486,-1.374772295336288,-0.9905250521088417,0.6907696786655105,-0.2114731416843452,-0.6394650869348135,-0.7960948697004588,0.3955671481085672,0.22891016635547368,0.27077302602111925,-0.554495619891244,-0.6591421832457759,0.7338137959203699,1.0073925962624712,-0.029567803709286487,0.6473279085070324,-3.2297609898343347,-1.1357944914337528,-0.3115302909722249,-0.30051659804670344,-0.1981803768786756,-0.863243278214493,-0.5882567407734204,-2.052873589820195,1.0648110249232432,0.5042297707674379,-0.9643012674917498,0.1279780789949404,1.149075054908975,-0.8584228829735003,1.2168661563793328,1.513095366390121,-0.7689134682369223,0.049975204000746024,0.34347390900456015,-1.476519712748123,1.058618468559914,0.4040121065427382,0.9955218972736716,-0.10493449981181095,0.4478427187216893,0.4037366371317936,1.051239734615766,0.6250980133919036,-0.2501546206837154,-0.9549720261832699,1.1160174511611618,0.2714475151866476,-0.42024501024367544,0.37767491485220295,-2.126956104441172,1.7535607438480088,0.23265343833357827,0.07265445628629501,1.1497415655921783,-1.2939631546816603,-0.06794952546835895,1.137410867856211,1.1195259691152795,-0.1246053524781338,0.492313427733529,-0.9324610061224464,-1.0798477605846801,1.20897482370306,0.327155259323253,1.1298487128229446,-1.8289038739237276,-0.009981583264077054,0.03409247177799418,-3.078637189266142,-1.543592236238287,1.0854587269280032,-2.3749573057521083,0.10426335817320888,0.9696605001196351,-0.21418247093637258,0.8892984537594214,0.44151900669651295,0.8012135894903741,-0.619720256559172,0.019046771940193177,0.6910349630116052,0.2044026118889855,-0.2203044537927107,-2.6982052773570397,1.1028846821837586,1.10132232267381,0.1952192638101696,0.051432161771000885,-0.80130471777936,0.10504116456028531,0.3331467720029052,0.5145163817343863,-2.889180204796827,0.8100079374504137,0.3803500443657496,0.4948706801220392,0.8191396801602843,0.6132267362701846
2020-12-30,0.519340228687946,-0.24515420787530232,-0.2992766716408287,0.10832711560257297,-1.165258629261973,-0.8501792007778156,0.7361288567878447,0.22959882620798316,0.8105902248462233,1.0206447197544954,-0.5886235521388725,0.6801900479482059,-0.47366837424822605,-0.2598557785606565,0.9973774762198291,-0.5769110601209277,-0.7876704186825998,0.08552449648009343,-0.204606812890548,0.8555486487064946,0.9856350959927882,-0.34039554673491557,1.367281739075138,0.7697129348377223,-1.0605946730528164,1.085463487929998,0.4133231714604324,0.15439869786025787,1.035758089244747,-2.6481218769188097,0.37846522527979376,-0.127520267743491,0.9749853223890891,0.7616072616996936,0.11175254028584582,0.6195839211886274,0.12758420157049855,0.7142363935360272,-1.35461511012496,0.15272560203173915,-0.6124591739314419,0.92541676546722,-0.4421780265197513,0.6023333756289592,-0.6289343405908089,-0.6547826755944954,-0.43674089869190597,0.6247571289160624,-1.643417515966313,-0.9630567332917608,0.22267804105202071,-0.7686579885151167,0.4468434646680128,-0.04858562666509117,-0.38174651354714734,-0.49038179746806326,0.38031898635107625,0.6700935058145159,0.045424108181011696,0.4377958642752691,-4.849850720240329,-0.6166854260117705,0.46840285976744594,0.8419535909674157,-0.04149709519038908,-0.6244877417893611,-0.23823041021992877,-1.412303519986807,1.5214416513444775,0.6541054305967238,0.17913283091786963,0.32371115577348136,-0.24573835656294069,-1.4597738250011991,1.2310667845676178,-0.35943001747424697,-0.6099458409948592,0.8473557667805421,-0.09063408362552608,-0.5365086205722274,0.4311357554348336,0.7416779427628272,0.2353138327934008,0.7079968845988228,0.7077988833403468,0.8846853248137428,-0.09129964706720409,0.7994251935124916,0.12196142225100627,-1.1680395250298894,0.12265118876602453,0.07945406359214464,0.3275960699198251,-0.5535277955955052,-0.3614365877566964,0.8742672530157585,-0.25499129925901387,-0.45049369436065534,0.689856561236717,-0.12041400080097125,0.6368141137200884,1.1345502113960055,0.9208630312030925,0.7063501931470526,0.4672810654443565,-0.5614636285465477,0.8316519978123712,0.8524965845388577,0.8600679671305428,-1.1241003490750887,-1.4199049557089891,0.8875633213830758,0.5841479780348111,-5.731779176917946,-0.9301315093112991,-0.6083005641898214,-1.336850794135624,0.23527492088318938,0.6599317240217992,0.7818700877742135,1.249575537744508,0.5444071853545955,1.2088504324406828,0.07261478943938922,-0.5015809828706832,0.9337682910138422,-0.863115510394044,-0.8391478106140556,-1.54210707687855,0.7133392564734629,0.7592891467594101,0.5361347604934495,-0.2804125905774414,-0.9382390269106227,-1.8478335955014786,0.10833111658665386,-0.6618270192013053,-0.38742447498709653,0.5785546306982241,0.730349839706505,0.5051854065506453,0.5222848894512521,0.8489162529804944
2020-12-31,-1.1899648496908086,0.6362250059909019,0.5568358262941592,0.5434174064736066,0.33445690086022273,0.16690638000908106,0.14369986608137286,0.46864564582600393,0.8753799714143657,0.3862943718608124,-0.8640079517330596,-0.10839392749547243,0.3403202985444905,0.15145003413989963,0.9155289557890705,-0.2222309329218468,-1.963236346917586,0.5769049434439311,0.567701983150296,0.6033268001592084,-1.5198100527287979,-0.638243741711836,0.3968603249128845,1.1685088766191247,-0.594678410868063,0.12741612099364524,0.600599665424872,0.5821249352254434,0.757766844486083,-1.3318422115172461,-0.08917043968545818,-0.0576777548687494,0.8580842339014744,0.6527315596492056,0.1287111694612225,0.7650980104402947,-0.15959196086856345,0.20710760761816285,-0.32824500129743306,-0.3242036034355595,0.1611108206911666,0.3486088841905608,-0.9052884711284075,0.5187494322319404,-0.7170532342644488,0.4575783067180911,0.21069975501908436,0.8881957992685106,-0.3861760590765208,-0.25181588074849287,-0.8261107003103239,-0.5338230880747832,-0.07043174319678143,-0.598071142945908,-0.22679368149772408,0.21032160925814192,0.09298430394376091,-0.10481232454402375,-0.12153156128086164,0.5255165239918768,-6.170317263031491,-0.798754939094505,0.6155128211717998,-1.4655358191724506,-0.04448337343529387,-0.5372357069284304,-0.5692637873726479,-0.9957146928804407,0.9375307221212628,0.044080065716295455,0.5258311874841494,0.6570275981288727,-0.6134926670611115,-0.3906164863659297,-0.930432763144842,-0.6365030622859444,0.37529074504091864,0.6496837721311631,0.40147798584048006,0.09121434318930939,0.18482937227754442,0.6693616681022139,-0.02918696571731558,0.3362698206921174,0.590795264081064,0.6432821198821528,-0.5833500554812695,0.9777125268594804,0.2624750937048401,-1.6742206593757147,0.5892995260137806,0.4689919789213857,-1.216776328738766,-0.6398640907498503,0.6421523003550084,0.5871651213876323,0.36208380600132417,0.3451493022859886,0.5048802742835489,1.2179664143371467,0.7209035379916884,0.3942312070981078,0.43772549133034777,0.6599014280975749,0.13827144539199812,-0.556874202224469,1.8858487146906684,0.6664200695609569,-0.509119152401999,-0.3971038174169255,-0.10120802108885114,0.5792094045052368,0.7681250458865233,-6.455174861671515,0.38992725096042935,0.2541303108754764,-0.9191769772902191,0.4583232011495226,-0.09762849652989361,0.18514981231242886,0.6707725313616099,0.6514258160468788,0.9689591911570141,0.5282961899396117,-0.3997275638700044,1.3070185353316228,-0.6540716199454646,-0.4354092371671044,0.16606775670494256,0.28282167732580926,0.6666466043161656,0.41870145729430736,-1.0955772967558135,0.40419355034896837,-0.8425667815376093,-0.013938678196771229,-0.7570145988864827,0.5852644097146628,-0.02822726823097975,0.2376202305350484,0.29525284555312253,-0.5228836362278478,0.8875152235121682
2021-01-01,-0.49572704319444094,0.6154986806908782,0.13352065140257585,-0.9393495240593605,0.586082043955239,0.10630974000163033,0.3271353994752457,0.3675649675577378,0.8404299725468559,-1.146175467093171,-0.44918463744812276,-0.16963009460287362,0.5728646256915102,0.17529132934068462,0.9950419419851038,0.21231156767908824,-1.3933633826929843,1.0328119094375068,-1.1206954316267908,0.9806639997084615,-3.3176639748798937,-0.5151278918038175,-0.45350810265759606,0.7570898932059258,-2.9669718195540273,0.3165320050046413,0.2560139464637892,0.77588740625735,0.9360478830288181,-1.8756063903371543,-0.2681854419251197,-2.0398355196936016,0.6593494744958067,0.8368964874283974,0.28870760767452175,0.6901911220758215,0.08923984362570968,-0.09161601970406005,0.3501287653412329,0.061448040869452,-0.2250122506489394,0.24695517673798564,-0.6146663263591496,-0.21573642917556268,0.6005487770046051,0.25763277465360485,0.5829025244394402,0.35836571758455693,0.3672404391645545,0.7104753656626881,0.09056189247156904,-0.3120990525500223,0.5847282831638374,0.03778973725265968,0.7750071631836221,0.6416861411477508,0.5293900173989244,0.6071151482651684,-0.527843020412626,0.8389027011901942,-5.542480830058563,0.7264918200628194,0.8545413808320986,-2.793763468941117,0.008648712820688501,0.21411422502661098,0.22536296282349863,0.31862134854099,0.03875806481650043,0.32470711637963795,0.49552842197975755,-0.07026084108259967,-0.05400816672718949,0.3431716913688791,-0.6408875588186964,-1.189849488426144,0.8280633052342773,-1.1373495977948953,0.5105895096183809,-0.7034719868807746,0.07482595564806062,-0.20099032175008266,-0.49870948997472164,-0.2034004940626894,0.421073799077126,0.543959550732184,-0.3860561320709955,0.0996421416944772,0.7881906038928458,-0.24214268898084615,0.613858786702061,0.7427386516919678,-1.5075585934112328,0.22577847845178572,-0.753221384541885,0.6258817165261635,0.07682524923574396,-0.07059012535148675,0.8106657149168015,0.7468687366442207,0.8149713617272234,-0.19758567187679518,0.3307861351662255,0.6388894602710699,0.40797585592001695,-1.8490514711464157,0.6667812555698522,0.8854285134950255,-0.6039341942725807,-0.0040627742478995576,0.7760868991261702,0.4997043222736797,0.8411457006725482,-5.170346269458314,0.1760505181442511,0.6000079444200105,-0.787930386112875,0.06834236775661665,-0.5540446927717628,0.11500357719353804,1.0067997230135084,0.6781031340799011,0.258724251583527,-0.05536395872661852,0.0730719288224131,0.4227678717465798,0.10235269758391628,0.4028901309348299,0.2082275924569002,0.7106468452038879,0.36557938177594823,0.2967427742571055,-0.11620128351701921,0.7837539468449091,-0.36479545049678447,0.44962302377027735,-0.5536253029667388,0.8301347783935873,0.008873447592530073,0.3961961332249845,0.23472107274441725,-0.33234680992587945,0.8203755000641259
2021-01-04,-0.5377718211404544,0.6262068757845705,0.3598459902511769,0.10613341054591266,0.9072978275679335,0.46443934022121636,0.8736006875980613,-0.46974140009647214,-0.2812451001158508,-1.9092027331685562,0.7842195207696173,-0.9040122457388455,1.0201715874979678,0.3514074866668443,1.0816829837252802,1.0834479799137866,-0.27810248636715074,1.3127786740409189,-1.047440081310489,0.7674979697591403,-3.0174329764439225,-0.026158361898327775,-0.6892783382813862,0.9111673039068001,-3.114729444040368,0.6225992447110327,-0.17690602371354697,-0.11782959348107122,1.2117764768910875,-0.4270444007848765,0.24784554202284254,-3.2218132636307226,0.7405066193745491,0.6321338035004185,-0.572048197725098,1.0324163932213934,-0.09907720714521563,-0.9412567108594729,0.4796715947404027,0.5472283526802513,-0.46551355684152806,0.4683721369516872,-0.7384246884300072,-0.09334601858443028,0.26744810091089194,-0.4759547495334766,-0.21332779701684065,-0.01321829703035167,0.41419952297400203,0.3187888537552814,0.9999056769779994,-0.26105893130795627,0.7159447677249454,-0.25191291904359664,1.2682547762163514,0.13327252904749273,1.3696449579969938,-1.1138988104530265,-0.011987087934912401,0.5693679661082667,-3.6020200075484987,0.9057213500998715,0.767877404383096,-3.3427389312983165,-0.5134172697471051,0.9901069588219064,0.10582263329410568,1.081138748569879,-0.2855177598071741,0.12262804389470301,-0.21365481671456088,0.6917674338559313,-1.5148683439596273,-0.3444387837177225,0.5269925751115413,-0.9544761783650618,1.4809801346946783,-0.7035655458729942,0.4179591153662242,-0.12873641456505927,-0.5599902855734163,-0.48049723405264305,-0.25813172632592296,-0.8639526592947546,-0.1256332435516252,0.01737592112901102,0.5871301212220534,0.6261745250840703,0.4271125906391774,0.026914854608744963,-0.008186748769428874,0.21623771719647675,-2.411666442477664,0.5076493241585185,-1.556921287956691,1.0610127572876369,-1.0531895327154719,-1.3935823621905665,1.0725630624944555,-0.03991130939574993,-0.17906942652656294,-0.07257166137517636,0.38662410502467665,-0.013111933978173037,0.5190802988445165,-1.249042179395032,0.6521403100562351,1.255209480006431,-1.2923548522341046,0.8359818190118136,-0.0629141934598658,0.21505298620298843,1.0399463393703847,-3.2622584906222944,0.5747911183863718,0.9581855401647765,-0.06675752747884668,0.6254794168255622,0.0903099301897713,0.2854077958910267,0.07973607540898653,0.4341887002284117,0.5314076004720196,-0.3315430867844017,-1.5912487595881428,-0.3959193930341064,0.08565357642745018,1.0567563057299871,-0.1770462506077888,1.0036205053603215,0.8308169766163976,0.4926342919262741,0.35006412498528555,0.6864464613065678,0.6895539742747931,0.6490742072144497,0.4734494237196268,-1.072931994623828,0.04897506357203132,0.1513358664886201,0.6487405014607043,1.0754465139172695,0.5430503406756466
2021-01-05,-0.3751666454793052,0.7357415653164582,0.42504278178214416,0.22734174219981898,1.1368026264897553,0.6708166170478816,-0.15693801938571436,-0.12670290524489997,-0.7957798117816868,-1.8510461259088342,0.6392197350349289,-0.8293815062142019,-0.8275306029208893,0.7260196009808344,1.2786085981956017,1.605681632406915,0.29594343352470215,0.9567959282396368,-0.8428471142430749,0.5534467893345609,-1.9031023586415177,-0.18513644386189695,-0.7242317094000745,1.0835878954435527,-2.2855193305748527,0.8943143949636481,-0.32478550842599485,0.2686358499997272,1.1496116713328877,-0.5213770843550781,0.3125451729667202,-2.486113463647072,0.9756665326873878,1.1769776831426815,-0.8302333053955088,0.6425265640112305,-0.07763103603106107,-1.018438343429391,0.8589673963718222,1.0657692866873862,0.2979499363412023,0.6062593542274249,-0.5956817333067945,-0.04184059341197749,0.36845466800246085,-1.117584836771251,-0.4555783162828317,-0.05909791542637948,0.4167902830380228,0.2896739341291842,1.079088826963274,0.18340028008945397,0.23039235805233976,-0.3381474684312472,1.0571029503921123,-0.5188100509951313,1.0871493974093038,-0.39525462033992376,0.22596229337179946,0.40568069712706006,-3.405132704875737,0.62234597676066,0.5915657566377546,-2.420124710746464,-1.0353447926762522,0.2822931050275902,1.0260916154717445,0.3012287952172844,-1.7287006742381363,0.1651006601302085,0.22378328079308005,1.0210906655463097,-0.8939501603312764,0.4758797455634051,0.6645385576165862,-3.18385735470284,1.2115910646483028,-1.6034382916422019,0.770702309746611,-1.4946688732525122,-2.4472375177438366,-0.7615842126230895,0.30795255804336147,-0.6378466302399454,-0.3484981208875368,-0.09825370992707577,1.0823785300500304,0.2627954144095837,0.11408279483805299,0.23497319240409995,-0.0961233958196938,-0.831132165220594,-1.2238989632795034,-3.105540787614782,-1.0908517380978937,0.8331473472820515,-0.2578052275884982,-0.468902320089704,1.5122294750584573,0.13395329286244592,0.5507144031751616,-0.014130232753465161,0.02619008484442018,0.04172011874290682,0.4666661259862562,-1.1802328067057397,0.07390105358500554,1.1986179656157154,-1.1494939998967737,1.171816005628389,-1.3564612292353992,-0.10430247176422022,1.3835573485509498,-0.7949029460661213,0.5493342159937827,1.194755046936335,-0.8263510210898952,0.3994320695519841,0.4010842261359428,0.468355959812668,0.3746412959840948,0.6622252224726795,0.30362980679262086,-0.9573624261080481,-0.7239490100359564,-0.834335448842496,0.26857932204723106,0.7609962929317035,-0.34520386186067326,0.9668001024648006,0.999829245651262,0.7834733390919221,1.0131808308781733,0.8910769584610547,0.8356046900183378,0.9143735719551002,0.8475142235818103,-0.5357581622002995,0.6513032476928045,-0.4536793618760351,0.8384749314968525,0.6584875419758763,0.6309843164714526
2021-01-06,0.46515351327076454,0.07171772600299761,0.907485041528171,0.8866152493524534,0.40851784069958325,-0.28905287859923634,-0.13038227991953125,-0.16071495840706085,-0.7590229053129973,-1.1650138415888032,0.5531966664927004,-0.38711303881049774,-0.5132645302472628,1.025159389519055,1.164352951110438,1.5340035181258234,0.3937350375199707,1.1272659055327447,0.13947798951641574,-0.5316480854833214,-0.9365619758429033,0.32217588352054916,0.2904890604635578,0.2968420900419965,0.002397298279814215,1.3856962520284757,0.17261508357931762,0.5675394406557298,1.1456703833890443,0.8889451869109009,0.8895459143228662,-1.0881409141803495,1.021519841854002,1.0604285912124827,0.07468254513140307,0.5702499364612955,-1.3316791771069438,-0.5852575348918103,1.0591897044651124,0.7381836220666315,0.5388729461744717,0.7210285005534277,-0.25289488450963077,0.7516674627286734,0.6387637699861205,-1.1785754706247282,-1.6862376056669208,-0.1777350654115806,0.8501721426124833,0.8476252957659162,-0.15186831820700025,-0.6971944511678463,-0.023849438435910954,0.09414017911445685,1.0390026353195871,-0.8274176340115824,0.8273993360793934,-1.3584861856520167,0.9555692370513567,0.7392055222045822,-3.6923000369867145,0.10184433271182726,0.3098052185338555,-1.0614446279674676,-2.1920785415245976,-1.1696013584863338,0.7166938318511371,0.16081507968180278,-2.3587853004890005,0.4777538030610174,-0.20021011169775074,1.5222889180323667,-0.6613142659456875,0.030914320969467522,0.841526499636947,-2.4723665244959867,0.9595162545107627,-1.7506756256268041,0.5850596378552236,-1.0032390666382294,-1.159974251793379,0.903371590117623,0.7898559612125534,-0.8667107530948162,-0.2880560105275248,0.014116897453664276,1.1332885007486078,-0.009896472230925336,-0.9474868216637431,0.7824330396449707,-0.10950569096689605,-0.6987901548135511,-1.05146823039703,-2.103352531606973,0.28765263585996825,0.8310029040464024,-0.8937706204779915,-1.175190971329894,1.0435228831958598,-0.28753855818082014,-0.22311608713849598,0.25225779020371625,0.19705075251160706,-0.008722195174736722,0.5879512458354642,0.3544460267685588,-0.014914818189305313,-0.2877442149711551,-1.2810896735121764,0.7441996804840603,-3.0907833694603104,-0.4624577203767307,1.7784736615324233,0.28758925200536106,0.3013602254907356,-0.11906200231985452,-2.5692604560235575,0.5562459453418663,0.8184532472605988,0.523140724228769,0.6039036582455027,0.2782053888240761,0.7453647625116782,-1.1224643135977146,-1.0086570615129886,-0.41788291615962664,0.3707922217268523,0.7334969665490279,-0.5403139099493715,1.0974169985067856,-0.0039672817053714535,1.017730206554542,0.03298243854303171,0.9270906744828894,0.10050620909041824,0.7612770188859358,0.8005130769342836,-2.923304237187169,-0.4242432109945009,-0.4638647086756011,1.0052878068982656,0.9962906837710711,0.8179282150133329
2021-01-07,0.7680322394189508,-0.24782607125029485,-0.6386451844853516,0.01034213216201404,0.39807757359752255,-0.28388266683411373,-0.22055448342437003,0.018876588933160007,0.0027690623437103554,-1.3158138668982025,0.6650845240279767,0.7043682655558676,-1.1459150786046663,1.0536196054250269,0.3195821151638607,0.8283599937682384,0.7961113420123527,0.23672355948215398,0.45979899117538503,-0.00945779304908629,0.5725691367236159,0.3022698840672971,-1.684856565101464,-0.7423836036236762,0.7965990981136,1.140884430638844,-0.43190867075989225,0.41247671977276346,0.8531924639571626,0.836698945507338,0.866961385664282,0.6145177928356591,0.8735908781811395,0.5979649489401495,0.8485925775894805,0.6263570842489748,-0.44347975661096195,-0.9174502980192097,0.8301947582520718,1.126461886499989,0.30264294669971664,0.8529414382330278,0.6100120097992195,0.3521056863643108,0.33035706790905833,-1.2810664599703476,-0.5804719837401409,0.7522352931097273,0.42233826846014305,1.0648240595926728,-0.035291408734098945,-0.2366139122094645,-0.7485663365551408,0.8126904249567005,0.8851602550939349,0.3896952005843403,0.8634439875148548,-1.7947441140661462,0.6292752511347998,1.0708648266179892,-3.15789464386307,0.33198300965351446,0.4931323437181567,0.32254346225627867,-3.8695328570578216,-0.8975932894423527,0.11216959852639996,-0.7240297857264406,-1.9672249667063362,0.8781010723069778,0.1550862104702529,1.1864103033937268,-0.7457264454242584,0.07288478866891221,-0.054542902359804996,-1.736326657296032,0.9741526855574707,-2.828760436515846,0.1314664173665287,-1.077735463011362,0.3826595872128949,0.27286058636402644,0.5308697159686119,-0.9558985386490494,-0.053117971980720505,0.6855915187619405,1.0796019452957157,-0.4579294826193331,-0.12110428866087519,0.46796711929488477,0.7867340074994015,-0.018294553801495625,-0.47643033561410625,-1.831972199182969,0.3439519353915434,1.2089634032694259,-0.926086400082502,-1.201516519926003,1.0308509640705954,0.5005904801698225,-0.09037078527449707,0.6586362777401932,0.0020649732282653904,0.5302144133134713,0.9098171677127548,0.6157602869888271,-0.09440253749491874,-0.4508759143223596,-0.06798830800259949,-0.43034848493554584,-2.5284737217357622,-0.38266861748894965,0.92326931614922,0.08281295420319991,0.17574549370538425,-0.3584381820415186,-4.293489460663938,0.31478168687589597,0.7647254129055843,0.8310273658902896,-0.9658181621253713,0.10956050273399207,0.9116384261105832,-0.17984336635306725,-1.2429933750407944,0.6841500895143924,0.7842322195352484,1.015813713083898,-0.0671384899051704,1.0108514467526497,-0.13758699248281264,0.35420187181968205,-0.6245573347233269,-1.3742821610151614,0.46280889010105325,-0.6304347619496845,0.17886878723774036,-2.3801119577673924,-0.6194199749295367,0.017070256977623287,0.8859871036125313,0.8969079044708755,0.8107061640996412
2021-01-08,1.3089141822952661,-1.327012312755552,-0.5748530348354874,-0.1415671041677767,-1.1845486699811467,-1.0557253069954156,0.18680689995527872,0.09677703715666458,0.24549374145127195,-1.6864211738262873,0.42961370663007264,1.6480380892523474,-0.1567566799389371,0.46344685914162476,-0.2640437862547466,1.176175946586246,0.15616353532660904,-0.8447226552085008,1.2458512210593686,0.22323863865120128,1.058396433891249,-0.11576349692455665,-2.0738430239729597,-0.46112543419155677,1.2429076513648638,0.6768477476124631,-0.23190855759841295,0.3226706342910428,0.9650482876304384,1.5194319553661995,1.2261888897104232,1.2446865067781236,0.6726634416009764,-0.01925319945184806,1.0446455050695431,0.629665068114605,-1.1791081031135218,-0.27170459759514065,0.883803013417248,1.0020524356901377,0.2040399672504104,0.7697257387967964,-0.32542589756936896,0.08938331563626699,0.7209808426878944,-0.6998644197657635,0.09255003079367817,1.0196943574694024,0.32367199269584096,0.8419452782287224,-0.23885499050250897,-0.3146217483784142,-1.651783666330007,0.4865522859594364,0.8329901878844729,0.47158886422474555,-0.12201422645331594,-0.8806634505083695,0.6228382831487973,1.1800353279632947,-0.620114816573486,0.8284002627162104,-0.16237909451854862,1.5178196208510328,-3.060490782946497,-1.1617122989923672,1.1739298292327116,0.3039088498616418,-1.454450473773716,0.244450781657304,-0.06278070204459786,1.4493219044717531,0.028615472244765825,1.0170380252090219,-0.6510081220276817,-0.018085322646131503,1.0074826002333734,-3.2505049110085413,-0.4743580133960483,0.48201117080156003,-0.8094870141687189,0.47040630843750064,-0.32339020997807116,0.2660047318976128,1.0651562987579817,0.608482542709124,-0.6840437458026825,-0.23543129662372514,0.46074209061158256,0.846070238342467,0.08710418327965916,0.8733486185786151,0.47347244733390903,-0.4588135412076367,1.0975969852144827,1.1771018261890844,0.20136941936397576,0.03558979547011494,0.2150636256486697,0.815730995747094,-0.3033563834003971,-0.3934180380025776,-0.6383737395458315,0.5044775622097146,0.4567560908969992,1.2098012565678178,0.16254434638870036,-1.7468144048225644,0.13347706567110615,-1.2325214347616793,-1.163020877362046,-0.34650650633017266,0.8477551310689428,1.1669174623812093,0.6553172893438971,-1.4719405116388735,-4.424831237586503,0.19438548002254064,-0.21683092537488075,0.14549894816653847,-1.4709789380898657,0.37387726214893513,0.8597045423328191,0.18418334810723452,-0.4581037243002955,0.22034221881651822,-0.815287052479527,1.2213802402968665,0.194455399753901,0.37709702506505544,-0.5442651145644983,-0.44264966099691,-0.7906792618670188,-1.2873644262832307,-0.5107989240849531,-1.6451217682739883,-1.1780877697158965,-1.6813907028933894,-1.2465515093733721,-1.0856423836544853,1.14497462534417,-0.78800235161149,1.006485708815529
2021-01-11,-0.004213561152230231,-1.4398740676888473,-0.7897497938522583,0.3602319716222697,-2.6111326514988575,-0.42321198965249857,0.41988174759075153,-0.155083716414052,0.6582530693183354,-2.941195349632987,0.32164228411250156,0.6632957759042828,0.8031989147184403,-0.6058440530195428,0.3383706580241477,1.332384552366227,0.04607069233624896,0.3469229092541089,1.7267801142992705,0.9976310522983607,0.25255719037679475,0.08015866175762547,-2.400682407021467,-0.6018640847074849,1.2921048760433909,0.06020432600855463,-0.3282493794142577,-0.004366833776796175,0.39144123251048973,1.5998395098113698,0.9377929208843846,1.3816834646839355,-0.2893443745351009,-0.6981697989177433,0.6917954387786251,0.06055395011811736,0.075235424638038,0.5050767510150168,0.26481986215897213,1.0217816755434885,0.24429135615360426,0.13412860049262856,-0.6818843965648486,-0.20701354776799172,0.46971519168558223,-0.039395629422421016,-0.010936643094790527,0.6051241065374553,1.017904335610548,-0.27174728413890176,0.309820914124421,0.1458791192296678,-1.5423533279241437,-1.8012229808932385,0.23661915869698324,0.37119612867896795,-0.5587828128293445,0.0054253090879204675,0.6985697431481177,0.4020098830992537,-5.19054723754832e-05,0.7573425366184428,-0.15092765605193986,1.7159981070919121,-1.8168712173740584,-0.4082881025075702,1.2744289504159085,0.7802389337096236,0.7248308997113794,-1.6286604330716972,-0.013381986563342914,1.0233605550811156,-0.032861531087987735,0.9881314879764264,-0.7516621795525965,0.6193148327088913,1.2818465851781027,-1.1912540600946406,0.011037106621141388,1.3974171605865668,-1.6328614931908632,-0.9595540128662061,-1.3206230895186883,1.0444222114085426,1.2083279109382155,0.019532236692805047,-1.7654876527006236,0.6681233298997864,0.603758185304854,0.6508100247726196,-0.7868662813887058,1.2250506086331054,0.9792059422130758,-0.17905290128213794,1.3565543031812894,0.8105748440002862,-0.7001652556447542,-0.9674332949467923,0.4808152337432257,0.34053042866398064,-1.135308214288666,-0.29266073347226135,-0.8295116827642139,0.7370961462620491,0.17352288037091235,1.3179733603674113,0.7408254552267662,-0.6773557993970928,0.4819996416555626,-1.653278478704141,0.9096471008768687,0.691786014843728,1.2819128381127243,1.604250320970008,1.0399437794235684,-0.3130842380098991,-1.0826236414494683,0.10858057050693012,-0.34637915909709177,-0.02489849811153061,-1.1626788668375612,0.2946865806660028,-0.4341924531951709,0.3399595740581589,0.358804543413717,-0.4682657490434878,-1.8485457020548586,0.6607849296849111,-3.325549372796424,0.21780846358167585,0.342865023012226,-1.1571069632423152,0.2582627221505713,-0.7268327153195724,-0.530395764747182,-2.2620299935676127,-0.8585091536401702,0.5733284134235989,-1.0602342603382915,-2.3514032947575103,1.1440318127768836,0.5709113691280827,0.17213964368673546
2021-01-12,-0.09031198286455337,-0.8761059743525136,0.13085268346768852,0.6191628687060807,-1.9784599266595946,0.2684203951836509,0.8322231545762938,0.44087778309959563,0.6480282204916438,-2.460043408704521,1.6894042468912367,0.8536187260146672,0.39611615008216067,-0.6034773136261706,0.8361163660127208,0.8388894382645977,0.7344210986195226,1.286106115083939,-2.0152742944863173,0.9567296678550675,0.37208925831415973,0.4157019116126247,-0.8307006167171946,-0.7539232883293293,0.8722346191911668,0.025602759893965755,-1.091695724028853,-0.055985704389276164,0.20021187594479972,-1.4324455270922245,-1.0480020897073496,-0.006086557691641375,0.27995105184523517,-1.4639044005062885,0.887667168028222,0.6052448709787455,0.030066557958210668,0.8267740969154315,0.5871038062664878,1.2262202850232269,-1.976452465853905,0.5271737273447351,-1.7959805580276091,-0.6441995178886855,-0.3553712447874576,0.15055130605421402,-1.1112753968600566,0.9295238649434989,0.6774620751289655,0.08027706691087355,0.6205814984764306,0.3476182731911276,-0.7995686967303446,-1.8361970321481413,-0.44806905881264264,0.7802157084178244,-0.8842022430570103,0.830676670341126,0.5321370607060765,0.9475874419579945,-0.7994661627298137,0.5844743573082523,0.2207020588029655,-0.16336667161907142,-1.4634790328275373,-0.5573141495905511,1.3369906920997154,0.928792989589457,0.9678960334509,-1.3681171256584548,-0.6338933345254031,0.2836737557848742,0.6052310398894113,0.9593312238329866,0.6028594133567877,1.1644104538744455,1.466972207742557,-0.02937921225609122,0.5663136969852562,0.5490119851368663,-1.7716603524331804,-0.3998990543414007,-0.6605325865410034,0.6337479311635762,0.9520988277597892,0.5982267638476909,-1.4225229012102911,0.6912403096821925,0.6744846533754318,0.6118013734262805,-1.9369096157447259,0.9349257932919764,0.4915908313430097,0.5218161865261939,0.9344283592911267,1.1625737754078291,0.3234882434215289,0.24274850092043762,0.12391079964095485,0.3302986853783977,-0.934445733810446,-0.5322634073071671,-0.49723542426389583,0.33737573162098433,0.7800624308596437,-0.30368215712669094,-2.6558956517424512,-0.22158518903892496,0.6104806519325507,-0.34062438420926233,0.9266983013468459,0.36753293119885194,0.11742347798661101,0.8732142635700405,0.036625104378087935,0.42494525157902296,0.38106190566148357,0.7048071630849659,-0.3110155808784776,0.6855535335793603,-0.05746020052328055,-0.735287022844291,-0.13977462039519692,-0.5114879549456586,0.8531185409830835,-0.40196659310377353,-1.2610227811954666,1.241285137835731,-4.983892947751436,0.4152441587849161,0.3807339808912861,-0.46228171544353497,0.42836519999016825,0.10532487664636236,-0.2502491118511084,-0.9264639695479644,-0.46481331926358727,0.7324539094955107,0.0532728919132851,-2.843045204253569,0.8541430246031382,0.150616185947248,0.3907467262813411
2021-01-13,0.03795038111155441,-0.12795222010322468,-0.4311429670134498,-0.89227816507146,0.1747151724867273,0.5623665622366264,0.9000500894840578,0.5696731659442235,0.6331567112381011,-1.8449479112090106,0.7611705581672229,0.59534417172057,-0.18242282402189508,-0.1673409652675149,1.073014189252731,1.0365055878641218,0.4957778032933402,1.6865602017783803,-3.9536981565016864,0.40162145854189274,0.13572890834612739,0.5708696668290616,-0.6668115568325041,-1.2142400535456526,-0.5406316770472371,0.4997330774774319,-1.3169854938641192,-0.45291895759727774,0.17589245032766232,-2.7938879723589785,-2.1590551401257105,0.5908657327202808,0.40702322844968536,-0.8193875507883298,0.6975262502032596,0.5631406516305704,0.4914156130647715,1.0993490429878188,0.596389301483924,0.9271432251333461,-3.1262480422816066,0.5845427352458288,-0.7965814601264348,0.11248860111357524,0.1660787712663436,0.6067860833341951,-1.240533719838041,0.6019736373788241,0.5724440331189603,-0.3415961551707813,1.0255348203652368,-0.3267543516664808,0.23365753405508444,-1.3790611151622414,-0.2792540691249327,0.5290749067763523,-0.5399943215045003,0.7671230772193438,0.1097855548849483,0.5976493381824072,-0.005739826456563114,-0.20782092414318207,0.6067860833341951,-0.7834829019096939,-0.47581504435201366,-0.32610818174169676,1.3072815103465416,0.14892000823442264,0.9187163935030372,-1.291545437066323,-1.469189815070227,-0.7016454033007625,-0.023362373242340424,0.33782520281740647,0.8383007146917184,0.5643505474473911,0.8877932559630088,0.3292178284222877,0.4952888936354033,0.2828634239503663,-1.8698155824032752,-0.318917275139875,-1.7508739857337028,0.40964676037511544,0.8308695476507668,0.5993834818653743,-0.21003761673771862,0.5899478485904899,0.6657195367154854,0.6328227888727531,-1.4519894644700975,1.2694298281854408,0.6067860833341951,0.8422619916541088,0.3761150275565191,0.5999125912267409,0.5773185699366105,0.5739971150281019,-0.5859206322101275,-0.32673466802642714,-0.9199976180682498,0.5393161170350046,0.47267786326999744,0.23290428896308935,0.5232086817006413,-0.49531663640689216,-1.0291050382392246,0.1828346258449369,0.4729278891634173,0.4949829556069402,0.7577165141936453,0.5059695374697822,0.12153241823667177,0.6565291868588022,-1.5631919538153167,0.883045347798953,1.3193583409334644,0.6706805014027984,-0.08115507817905127,0.6026731719021401,-0.20243318122898926,-1.8077989576406737,-0.0233290795942226,-0.48970604374754817,-0.019389361178665455,0.06109016797425774,-0.28190874157083623,0.9571945016679223,-5.102429863252492,0.6900580451876893,0.6778626833870224,0.46084720099293175,-0.4839271286644673,0.6364532277117451,0.07107906907022504,-0.035903663632266686,0.4912373836171161,0.5538362168087705,0.5011291355767842,-1.655226567901014,0.8155394447548758,-0.0992987974798363,0.4484798436447765
2021-01-14,0.5015299005823074,0.45719565008376606,-0.2792679087407474,-1.0809439600107906,0.3627237522905381,0.49400112784182,0.4606847715106121,0.8137683104975751,-0.14038089015497943,-0.33816874901449523,0.9452796146438158,0.11745573575696183,0.3285421089595469,0.4607561760996873,0.6875580809033789,0.6566724364217026,0.1386200887561759,0.6866832517660892,-4.7423054524175425,0.3777483694862951,-0.7647282860484786,0.6320509899275268,-0.14895551983665986,-1.4464546465434682,-0.21391138757531608,0.4498503978482985,-1.4402572420515614,-1.5191806609241214,0.0018280114892248141,-2.695596776709775,-2.8648560017577425,0.5881796634202207,0.5301676112250087,-0.6541781835698517,0.5354121639276292,0.7079135178924383,-0.1027751618349261,0.4844717067638061,-0.037342161456765194,0.5381088052233821,-3.419043927464958,0.5237618504248226,-0.751627774531563,0.5831438763315943,-0.15413058588243442,0.4367393756133617,-1.6335333896311766,0.31420126749709887,0.5106755520114913,-0.4535234884830535,0.5606270770611206,0.026959023867008183,0.6656725441346947,0.33356652116430957,0.0636946936913763,0.7866936498466405,-0.2532718315639777,0.6748687408022488,-0.9045068635003246,0.22351751169274356,0.9399358589886508,-0.0014723474904143577,0.5868044618402839,-1.0755330856547236,-0.7545957536622794,-0.14718779657142966,0.4480737123286692,-0.8555000051086759,0.797424209489186,0.2640043929111903,-2.3701461210233075,-1.2885883363192792,0.5339807578986199,0.7255306809239277,1.044861787554479,0.8762311797334177,0.5104831736334793,0.5068522585001388,-0.09633697903329437,-0.8087627064142738,-0.787253134880636,-0.9509154894210115,-1.5340879040237851,-0.057742579221176434,0.5709008216330727,0.5372532405298666,0.40634891529670203,0.39325686652034914,0.6290771146022572,0.5876066856009626,-1.9354654357832453,0.47523221326564047,0.9790142887569279,0.9586826833983242,0.21967815827244552,0.3347081064178103,0.5581892967512173,0.5830464646441593,-0.19473323031912693,-0.18521192929112273,-0.3634692888901379,0.5211288437153738,0.5911533167600352,0.4856413658863839,0.5951651598398536,-0.9847183007787582,-0.22956460199604542,0.2798409225563325,0.8403289687123869,0.929897980427091,0.5685214492965653,0.44248672019927837,-0.032149146852782993,3.5184511940786254,-1.8295071817847144,0.5129865006107106,0.5380205721537947,0.3179669169535272,0.21759478854261605,0.4955064379783649,0.1825229062453672,-1.6694321714423375,0.49929557399455965,-0.4976715190296321,-0.0008908032807911131,-0.46945907255091496,0.5376574536392036,0.8307496732704722,-3.3841502224981608,0.50242464765936,0.5096080014186616,0.5261738941774713,-0.3066082492060038,0.6435601338980098,0.5924012842054628,0.4632220202817197,-0.3076734559987714,1.014742402122017,0.1434194847785392,-0.24860257804967417,0.5289373069404638,0.009900829827993106,-0.5614377308358808
2021-01-15,0.5868719689283092,0.9147824227220824,-0.14714427871372113,-1.2107630847301647,0.05040011540921234,0.18321020577935374,-1.2422954264645583,1.2466565914470036,-0.46273731863764406,-0.20353873315831555,0.980927383296165,0.4667072241998198,-0.005723123545126575,0.07689646232967784,0.4966935867694974,0.08711648185614367,0.7693818490425888,0.48306147386994586,-3.2576376697653404,0.3753273921910448,0.22969149583434506,0.7652500324821339,0.05350893333263758,-2.5875207642451703,-0.03365613467996005,0.48621266062950513,-0.6660354682217821,-1.129240917074264,0.12051784075074876,-0.4519971946096395,-2.0582725347733293,0.24045774158452698,0.749535540366013,0.003854170543411688,1.199674588562825,0.7288044368431746,0.5772759974209175,0.5827462362572202,0.018918759323924162,0.7364062561968997,-2.186105510336569,0.5572324786206387,-0.1353482304512426,0.6942655834801646,0.02574534113506102,0.714223010618477,-0.08630023853032669,0.25127542076826553,0.38470504292696917,-0.5218452354070238,1.134756096160816,-0.8320148335042757,0.7885867129054657,1.3018057616345704,0.004921490502968965,0.17938012412160081,0.0736237129770136,1.0950883465165238,-0.6808734899631856,0.3731579258028023,1.683239279851114,0.1864332388308354,0.674343219186318,-4.764285607791345,-2.1390547890315856,0.6429482574674636,0.1406023263599358,-1.435561677413011,-0.6055373510695191,0.6897568272885685,-1.8101581669376363,-2.1291956507399266,-0.6383203289194505,0.26415978307970533,0.6732886372943396,1.0700938385570464,0.39687425808058263,0.09463109528979648,-0.03557960162475952,-0.722968824838188,-0.011836217203009024,-0.8984668054074757,-1.4803563354574356,-0.05732882447801793,0.47158014281273114,0.18982896494452942,0.5421226146613144,0.4323452892876415,0.6600372097805576,1.0049858759607557,-1.0616304871899038,0.9942396381231143,0.544384094254707,1.1471848214471867,-0.43010537591804326,0.38239561953052625,1.0511802623063853,1.1576564886725047,-0.12210649628446692,-0.7429030235785429,0.4422240259996136,0.7007680432088442,0.7430419455998472,-0.14974378531541727,0.8679329937258952,-0.14440469317500415,-0.01408779503238424,0.1731253583409549,-0.5934982838793906,0.5904715489878337,0.12459927895359664,-0.545596914082197,-0.07778509376517175,-0.24639269419497362,-1.6551134718443006,0.4933044261635878,0.4097449770610725,0.1910125755575166,0.5864225334032996,0.06086880635544093,0.301377948732879,-1.0596390037701804,0.697583154101891,-0.12146509725793425,-0.5367308686183969,-0.6693245842340008,1.5550075675914843,0.35984035780734464,-3.8561229271343263,0.7293665240795625,0.06442653035814647,0.340374730370054,-1.214414427051595,1.3560341062621466,0.8440800424743335,0.35243380114570766,-1.9032804900924265,0.24377297869639572,0.41773132118225453,0.6771735032028062,0.44760444333511934,0.04283282361380722,0.07492285462284727
2021-01-18,0.01910392958069166,0.2748220445288382,0.7197021737491949,-0.6551144621703648,-0.4020655085757058,0.6037519705097266,-2.446470975601068,0.2820970624907323,0.05573618428075078,1.0710886751031903,-0.5384616595150259,0.18839499582176514,0.4432864511447324,-0.4479162975301131,0.6884990634600194,0.6961607579802753,0.20559477520757005,0.7470600224566382,-0.9072924070303129,-0.04646077152955601,-0.5776626623068812,-0.49628770908513065,1.0019065033472558,-1.4752836763487234,0.7062040438169713,0.10458058969253847,-0.287688597044221,-0.743237256151828,-0.5651639860653103,0.7875915927549816,-1.1247142875904883,0.7858808803743557,0.45112749699645116,0.6594063641726087,1.3311693454839753,-0.10267275985003055,0.10185340363135431,-0.10331539017268129,-0.6021319214965796,0.2602568329469437,-0.903070196697397,0.6180281308303287,-0.6858966406169555,0.902638740439944,0.5130874973456349,0.3407889308820154,-0.4017282271279647,0.6225549412009611,0.287852675085924,-1.1372368472789725,0.2148366397439765,-0.16044629513471,-0.6186469114986396,-0.25988816973703394,-1.047638404733153,0.012578595411016122,-0.08847166923406566,0.9987036431194146,-1.64200471665664,-0.27882530435153563,1.09330530083888,0.1165908129813833,-0.7111012569355029,-3.3959969796922107,-1.0207019976586285,0.31403753278015584,0.2945673576068099,-0.6295295209923245,-0.7556703724794586,0.364610361251451,-0.6246251170852283,-2.5994091076468826,0.9124108305692932,0.5111221953622119,-1.065402945601037,0.5716430863120214,-0.23280029151769274,1.2421980666641543,-0.19092966215420584,0.964406510632536,2.012292967174778,-0.601524382773924,-0.916164703311341,1.7651787235621645,1.0324831252663234,-0.03829040515817166,0.35378609525389376,0.2140766365136347,1.0449044099122737,0.746558705250963,-0.5798066908682097,0.3292716346936321,1.0653719185853665,0.3047152760951954,1.0186750988856086,-0.14284307391843865,1.1663827501265953,1.4690579748647432,0.4238981407277162,-0.4794842406257,1.2718035564098116,-0.3470820539072746,1.961037592372434,0.542867843717811,-0.1380799798021814,-0.04317448987579805,-0.6960348558587657,0.8683152136549402,-2.1474765061130645,1.0129820573039579,0.8830125158251761,0.06226187522620856,-1.6541667191651477,0.13457749877104425,-0.6398775479003735,0.3156546938418494,0.40680342512910467,-0.8548561166573676,0.031574130642832536,0.7698254110151975,0.63114387690298,0.34623052169902696,0.5577064852618554,1.0014284290417819,1.1240422006493702,-1.3078154396000572,-0.22665265076574603,-1.0818906104141264,-1.3986713798996897,0.3684947131564914,-0.16459381578933227,-0.0061373254479982955,-0.751667907176906,0.7852623961868896,-0.11544048499092865,-0.20335205091881436,-5.7451323756158565,1.1991963088805286,-0.6129880634489472,0.03501871103776307,-0.6307386381521768,0.612042594688546,0.5467309541307716
2021-01-19,0.2510203410713167,0.7583551356196567,0.050392797378417516,-0.025165395855047575,-0.9199055750986539,0.5558445412524715,-2.4795530945953708,-1.4355001295874996,0.22773127166087698,0.36414510834359987,-0.4575628213307052,0.743888475517733,0.6179246592821649,-0.3248243261213123,-1.5795893075806673,-0.5768960481981228,0.6992032433734513,0.6201955240332466,-0.09975806411796136,0.3769911227304152,-0.8073524154445384,-0.14104645778921834,0.6206019593124807,-0.45527409711605726,-0.13929240385138142,0.7632003479122544,-1.0913844958244534,0.5252253917896125,0.9300101637964008,-0.23325479152142767,-0.48004099972748465,-1.5686138808511139,0.5226904409003744,0.7131859303569601,0.8007946202405469,0.7302065638486059,0.017170811711942017,-0.9077935911692682,0.35430913825612986,0.7192239388737822,-1.332394035659836,0.7470095570298749,0.46607283936875565,0.8106002549480212,0.5457142974321798,-1.1565269517246572,0.2457014534978515,0.6368473737053081,-0.3665287069015431,0.035994380198822486,-0.5010253759490308,-0.12459274407434569,-1.2775676756330083,0.8081963055311958,-0.6387042451810875,0.7556011866928192,0.08090501557278679,0.4196148748214845,-0.28811469412185403,0.42153785062220434,0.0351924461209236,0.21658019994553257,-0.38831574644255157,-3.920680148028453,-4.085143227942663,-0.5374527412999036,-0.7089791492808813,0.7434575293810678,0.685260180518944,0.7943454683098895,0.8016915585851401,-0.6846436817871765,-0.11275736495518143,0.2961088282673108,0.20404016196624514,1.25113510316678,-0.04157622142646514,0.36490245147341505,-0.10607081589268468,-1.5778887658817289,0.5854087576555538,-0.4667285599078558,0.8970717872139374,0.5265877548936903,0.5181222487799504,0.630824749566674,0.6926728216709781,0.14595306582410683,0.46315084242741494,0.6405429483251183,-0.26832640592791074,0.29233499076655667,0.4195078917662887,0.7618274983925188,0.6493493283618351,0.7505970604098259,0.3814396218642111,0.3148294232302541,0.5740128415621841,0.6765192951325997,0.6516896166892752,0.8168140076357111,0.5327794421390583,-0.25699359674082706,0.7688410275942718,-0.27136749239266167,0.182992705777987,0.5845891965483989,-1.9637308187275442,0.6196361659589806,0.28357016346095115,-1.149721854790324,-1.5824140920365464,0.7908021080485383,0.6639450124866092,0.5668462325684085,-0.6873712273119654,-1.106652019351519,0.6402951243201294,0.5208918314652786,0.47100840247801024,0.40207465331399633,1.0123396689322148,0.35383205362798,0.5557747049888989,-0.15180904478135387,1.1345237197767715,-0.5014317556709807,-2.5713520659856473,-0.3582740028462169,-0.7733201688636765,-0.019730494188817328,0.7452911096921022,0.757481938339826,0.25486273723810804,0.8122191967206877,-5.619546944233763,0.4002556330653264,-0.45922808993772035,1.0045276088113153,0.06794142232858316,0.413955986098892,0.520413579287925
2021-01-20,0.6134360286319834,0.93273836451641,-0.989261025414693,-1.7526080729326299,-0.34849039872045295,0.7451534212620884,-0.7335555624041444,-3.449596474352295,0.8978568426344563,-0.5821541615546447,-0.845737278516124,0.625311477558896,0.34175104344697677,0.08622548603607691,-0.8668241320613719,-0.24154945894690022,-0.8188276106767538,0.8815279093850368,-2.047665874308487,0.16237102134539422,0.31596988261297787,-0.007686320696530456,-0.830807168773856,0.17152028754372523,-0.5786114580109748,0.9603525741637285,-2.404394759647583,0.850340012998221,1.0705404615043737,-1.0741603860478233,-0.8973887966193329,-2.6766115779653026,0.1777278126245312,0.416167759258142,-0.8487484725559616,0.9740041063354625,0.40163482622612723,-0.376313958789508,0.97620765839811,0.8117639109206003,-0.8377615904054443,0.9266725623877988,0.7920012048834839,-0.13928956407235585,0.5465448885444854,-1.582286371684847,0.9732529479934515,0.41164864048637567,0.17734697507887098,-0.24771926171426142,-0.3987931208590886,0.14831309908899726,-0.617027287323344,0.2475801594631688,0.24930238077240324,0.6303442252015197,-0.18906229771227995,0.5715245117871645,0.8651424725747399,0.8124756211399405,-1.7197303485415456,0.14571933216232522,0.10400235250342701,-0.7110654404582409,-3.3880478952232376,-0.3286718409671514,-0.20232745108115063,0.5308659981233356,1.1888293179495721,0.16347278142959776,0.9787765921139773,0.8295912535525531,-1.0798360480300357,-0.04560105268911503,0.3669903858132923,-1.1095211833547094,0.4144031806879276,0.15030377065222522,-0.09075735261215112,0.5974964782873167,0.7939858220273641,0.7630652222496694,0.10265662601052344,0.10066721393293566,0.19983456081671935,0.8506587906417411,-0.38201346593029095,0.29835392086103785,0.39962242972031203,0.9056166147668112,-2.0834338859538124,0.4684721695229162,0.06624333672833889,-1.2341506952217178,0.4969670994382491,0.9516975531509927,0.45477963669868565,0.404478374925999,0.9085229190551214,0.8717769371879242,0.49043994331974505,0.8635825147152535,0.7245580762200462,0.500135629869863,0.34732286828876513,-0.39048725526002115,0.8731812394888158,0.9615252295867337,-1.9025396496465576,0.17051938930586838,0.639489881168772,0.03696248080954351,-1.235523339846838,0.5649377269942537,0.251395456767619,0.9276875340741118,-0.8439883391476841,-0.3314050273815218,0.5380807063728297,0.77362295091151,0.0032950467550294823,0.048536697237699225,0.029547301436018834,0.6856000611933671,0.14025267036967115,-0.10333705939569408,-0.06239770577595286,-0.34080604463202313,-3.891565634392144,0.5775941633930638,0.6461266963729686,0.6560883065183885,1.562129717680298,0.9431330511504372,0.08157302235897132,1.4273635019658917,-3.5281633211646803,0.6761227311278883,-0.1522235101741397,-0.43311773908552254,0.952691847782783,-0.04359393337954793,0.6511399710604826
2021-01-21,0.37208235650869886,1.0913034645950175,-0.5105314643805567,-1.095283270905412,0.40525965260321317,0.8607533748100478,0.526148669040946,-5.633135827962683,0.4155924999500889,-0.14159656040013596,-1.317531874231196,0.946320992640156,-0.08946487800685726,-0.8533682619505331,-1.5411224172179196,-1.5731126515574576,-0.7946183516014913,1.8022467802886482,-0.42474143604826275,0.36145922610903997,0.31318296665811357,-0.8829034856769156,-0.8904116672258962,0.7327751838689232,0.30357663704024024,0.9173698773263712,-2.1761573169473682,0.5312319826838853,0.11334566359176397,0.2505912768498037,-0.5140494433611776,-0.487536735469711,0.33791900590305335,0.7250185195780887,-0.1380496019800354,0.529228490259401,0.38520121633515647,0.3516230730706952,0.46592676762318513,0.3145448995462082,-0.05690791057593138,0.4401437472637568,-0.2943452165326584,0.09823177141322544,0.32734500393820404,-1.1750466335713212,1.4562991173751856,0.42679532490505373,0.3684586888085362,-0.4026823242702531,0.3214627858189498,0.30732010628947465,-4.487173557474884,0.06197841442880744,0.398369427032542,0.28522481471532074,-0.18885274491838963,0.2653915039842271,0.4316490544432898,0.11697745861992295,0.08145091782296426,-0.3597988844581241,0.34465505304919614,0.6755802719037348,-0.7873459210346305,0.571392798474865,-0.7773326730771876,0.6681413787169707,1.4383480952221088,-0.23765575717095208,1.1185228613767897,0.9982572115963515,-0.5527053630412303,0.24391715979813397,0.3527852749750194,0.38873636363733316,0.39624557015856193,0.2657840854521877,-0.13357787151770079,0.19112668842123554,0.6653108998213573,0.40361585114429865,0.43864302579323183,0.29214563987677655,0.35503059036301515,0.34042519616656963,-0.36919991235150335,0.3141195700358182,0.5554997033007689,0.9642649440162935,-1.5525484472636994,0.3876479314558038,-2.0572346176970937,-1.6411795495242605,0.4405188638163236,0.34552438700430455,0.38554072070903284,0.37502659244855696,0.8980447366857274,0.7203612520865041,1.063592596212407,-0.1730803708289242,0.3619014036864712,0.3566877218325443,-0.43726789697685536,0.3967628441290579,0.43173470343298953,0.5404531630173259,-0.8200347164799563,0.33162073162668493,0.25444226422926913,0.35542179652930456,-1.8126384659633625,0.9548629472026572,0.430234678080093,0.6040292006001224,0.18447678819189536,-0.3514443611884375,0.3929135840602057,0.4216613254809536,0.41568621506140674,0.18022704210545784,-0.25572986853205065,0.3583181726146707,0.4405188638163236,-0.05523823591529072,0.14335928974752063,-0.03436970505492287,-4.058290412969034,-0.12023763741845375,0.4868841874298937,0.15639023185666698,0.7383148233546467,0.42093041314237056,-0.27366390270095037,0.31017037084252386,-1.5724472675629708,0.42375351827083446,-2.1394292718102004,-0.7891168857308377,1.0557665493320694,0.1839529947268155,0.6601097766749741
2021-01-22,0.03238245176338818,-0.044497657131196175,-0.16144230901010362,-0.3146480792209006,0.419444072640863,-0.22261356304980828,0.032093318633960734,-5.959684818629317,-0.14777292464717687,-1.1281386972666285,0.04269599788294061,-0.2594355944049163,0.549196154695366,-3.492096868231804,-0.838019586954058,-0.30253231381059,-0.7727469556918934,2.1856504162250676,0.03449746906590107,0.3308538001859236,0.2904227404171737,0.14086414078663426,-1.543720898890312,0.26007344788665226,0.32936876998626646,3.1312149720296576,-1.1801154598759263,0.8868128852429974,-0.011069746355909186,0.04923614577048946,1.0055470110683051,-0.12838746001033693,0.012310930252037508,0.8513837983219151,0.26440234044308747,0.366530531543806,-0.01000702201323447,-0.753923929830024,0.25590322450802044,0.20874476389417237,0.7841130108960009,0.13772570873327716,-0.9145587217959688,-0.41302305497394015,-0.5052678633753687,-0.08223560065272048,0.047576832210649,0.11876709234758827,0.05108287491146844,-0.13756978080671117,0.12619391751928696,0.033323342444970865,-3.0111452014793954,-0.013823528603383985,0.6047815481890987,0.30191108589292015,-1.429091572646708,0.47697474647805604,0.510832289421423,-0.6920212595963833,0.22881881306513785,0.05545666156654794,0.27282559258180794,0.4577922505695697,-0.29768031758555347,0.047838135166576805,-0.12100410162543744,0.976359811673579,0.5509718789223478,-0.5238571661863284,0.39294471184290053,0.42064985462144117,0.13427797353634835,0.5771817684045424,0.23420956313085492,0.020752279234334366,0.32291109995725426,0.025959630644797203,-0.056748969665674824,0.15817965243593168,0.3813713651905149,-0.28787636636169045,0.3660246732557234,0.6540283284432864,0.07854855627806652,-0.18381059783473336,-0.4999175997604227,-0.018573349458446867,0.07873569471385561,-0.013561116257346243,-1.775013397671399,0.26202279339723633,-1.2510742536095252,-2.4057629707139623,0.831241847731737,0.12008219795795617,1.0598170945069383,1.2248588650743153,0.6094003431717239,0.5687451462985859,0.5889007661044079,-1.059921783847015,0.2602176877092324,0.4424307339158381,0.03275351347902588,0.7124467356552556,-0.4259978724349568,0.1816476734638293,-0.02618253334832832,-0.3646828736709443,1.311970513192375,0.20617210187121657,-0.5443614606729197,2.9269065893103186,1.0128079218340633,0.08921425072828838,0.5640360661905798,-0.0372674883146613,1.5979130174261205,0.335424582657865,-0.21328893799582282,-0.04369881794973638,0.04138822639487591,0.9153823490085122,0.8606286510480738,-0.4129633533422393,0.3684161826922186,0.27066308132197536,-3.530713652651722,-0.04218827296550924,0.6755480856014281,-0.8090685940413322,0.08520913283653896,0.5260065491812665,-0.3077896354229503,0.011459300236171909,-0.13105017115427414,0.6215324852416007,-0.8972163943650536,-0.8837747366805468,0.4316720246418026,0.026037594314424553,0.5529330228232747
2021-01-25,1.1074830864740801,-0.03778823875921241,0.7176737876281477,0.47309465807535883,0.8518299585402502,-0.22698562813528847,-1.45589572112622,-2.350378453173349,-0.03014171776211848,0.28339716024388645,0.9683311197552219,-3.2677543441262835,-0.25746329458066924,-5.148176507372084,-1.2390246833216325,0.23900335932649955,-0.315700996219144,0.38399644551588474,-0.14815574445016522,0.09325954681349902,0.31754096063406967,0.9828748408676008,-0.21067602900783758,-0.14220310488385662,1.1521390832399507,0.8391623706671618,-0.8549778179769149,0.6785257017961774,-0.24449292245754733,-0.12331910366789921,1.7043988856507384,0.03034721896102833,-1.284259602145194,0.25222152593102404,1.1508921225980806,-0.1108975307841118,0.44559876739971027,-0.21027409727303406,-0.06688490827982818,-0.14275500453755308,-0.10434190975995401,-0.3509662057036572,0.04629416255090213,1.1876283223333859,-0.2667344786543532,0.8358915530200913,0.10438741908941247,0.15705630032764908,0.09762283027366186,0.21900421867234152,0.4721067271160786,-2.16212777373293,-3.751328832275951,1.1439004058710276,-0.19335270369783414,0.24236745116071282,-2.829929077740288,-0.1247335894237914,0.7894182843958444,-0.7217704974300079,0.22536619149169976,-0.15139551214289326,-0.08798636695881153,2.508172915182208,0.8810056647949078,-0.2720643921223859,1.0194079915726897,1.5815346458207562,0.48045891316390155,-0.13917737234978012,0.9342277760363247,0.3586115624044389,0.14166062836547286,-0.23596535597998614,0.22488259699459281,2.03631912139895,0.5132782015169538,-0.13135214993405805,-0.06911593950199453,0.8248508388283138,0.20558681226364742,-0.2682901159757297,0.06760485551515812,-0.28492222173475956,0.2725794722064529,0.4130656949107374,-0.14722654853619857,0.09831416171525566,-0.49726187861265103,0.28249778970596806,-0.3065731734112639,-0.1437359489190832,-0.7168355845352191,-0.18058152691216986,-1.0914360894968722,0.2328225475503695,0.4369760920407237,0.5591998106781391,0.20486591258018738,0.21720404424080858,0.3867385165600778,-1.352393473980738,-0.10598546512092656,0.2984625415022333,-0.7572559598795248,0.2893276594730937,-0.7592205316396392,0.6104030001048961,1.1522632217401292,0.4897883461200687,1.3607652863217308,0.4557309476239804,1.1581092348698812,-0.09487700883031712,0.2263171588762101,0.517682494815513,-0.42386212754190705,-0.16616292588111556,0.01930158889656713,-0.4329649891683477,0.7057095991133975,0.6845373397634507,0.42210721717491817,-0.027209601429692108,-0.153327279124081,-0.332865538454141,0.21334078518722802,-0.13428347720292771,-1.1697490230976535,0.583417151096411,0.407434014583758,-2.543225853887494,-0.1352415677318681,1.5598423036168696,0.6399464620875015,-0.7851315013321523,-1.5762648636263978,-0.02724026192435449,-1.3134826102498602,-0.21719192955293357,1.1885735247103992,-0.24590031690455302,-0.20649390800309875
2021-01-27,-0.5375960086757005,0.3329020355379721,-0.21672043747423358,0.079446726634707,1.1472206037063553,-0.2908952535899969,-0.3986918126647141,-0.2888626170818542,0.35124259432712,0.5176646855850983,0.9996075383414584,-2.4363318918763173,0.5034881443727789,-5.908065022700029,-0.8368952569110506,0.2498117244505141,0.045072581497254266,0.4889775552210725,-0.5346072618145333,0.941888076918554,-0.5994445124275833,0.6094585955633732,0.15643575434975598,0.13176075247835414,0.33122821069600084,0.2590029615563445,0.03815747877245962,0.4680903568998424,-0.3824076547102304,0.41867554777449456,0.5006099924075585,0.7074923330504199,-2.158637367784422,0.5344578532469467,-0.5079194051329822,-1.016219843079555,-1.017987913150962,-1.593622572150124,0.09650578134179255,0.4250629980617186,1.3847234552948857,0.765505519471514,0.8688824858939523,-0.472845821119272,-0.14313872446558004,0.5507969740106009,1.497192836038958,0.16404183024109403,0.42289714335759376,-0.018863284062873818,0.6486689473520739,-2.567591273895776,-1.1777659959410227,-0.3846205285637949,0.687700439969911,-0.3356885291845115,-1.6899493929908662,1.0799007435992884,0.483104886848226,-0.8547497465339583,-0.3668266191589279,0.5976983557791556,-0.06538044352120692,0.22997750382302654,-0.08504559047253697,-0.31241168844020023,-0.315717218052198,1.1474599162867816,-0.34619308683622096,0.4587790833713612,0.9008506399926636,-0.4365132506671501,0.8437912316443771,-0.32209947013660417,0.9646987126792691,-0.4516105034171108,0.38947579955251704,1.66434115573514,-0.2553765310466169,0.6816578205709993,-1.6132296164712212,-0.33809851094883375,1.0079964741469691,0.1824192682432122,1.2504214434929566,-0.35602485686249913,0.2758233268077529,0.6575661167735616,-0.39846118170465455,0.08897665944847355,0.19081399949196637,0.9117059950941216,-2.292025378165528,2.1124254315344513,-0.9036216059166894,-0.37013673605461633,0.9649975793431291,1.179580004680134,0.5523054627269329,-0.5322027571552296,0.49005333927898087,-0.6509125427776874,0.3168526652569447,0.6864453247596536,0.2553550345385969,0.6855048767463999,-1.3239805681375594,-0.4162644864462528,-0.4065662887748168,0.30541508739869955,0.4680739118237003,0.08051502267318411,0.6952072365262721,0.3435267258763893,0.4875397035495938,0.48158759281862196,-0.301216990514027,0.7503328146270467,-0.10444445211363912,0.08868280072070867,0.028161724426140584,0.8837748619088861,-0.2302865462247345,1.4784099860836906,1.155390102679485,-0.13842995002601263,-1.2467787311571528,1.1349021889868696,0.8339232892595393,-0.3488147857415113,0.9412277208113451,-2.4107416640644037,-2.4275847461697904,0.21809046550447528,-0.3679647601953366,-1.9545694605803718,-0.4289543236641352,0.36155984282668213,-0.3085116214455187,-0.6588151110414786,1.2593761538945925,-0.3821136645392261,-0.333302732442323
2021-01-28,-2.3890750921407746,0.07083934295116256,0.030555131841434394,-0.06576111427154235,0.3998508254190889,0.7579764326736275,-0.6422404113670589,-0.09374536612058439,-0.131214078554487,0.9437024305950881,-0.08388036900960869,-1.553048600546848,-2.470884259236526,-1.7416475204077935,0.43065638461848277,0.2678235206602247,-0.053556801738491436,-0.5621834646575562,4.971572744324473,-0.13949706291475955,-0.1118717003126782,-0.015940014867573175,1.421902969991703,-0.06234316180247166,-0.768835752370347,-0.13596897215816908,-0.5146795123436841,-0.1747762481785069,-0.007146187619038594,1.2335449619265832,-0.22370144871814643,0.5239097950048538,-2.0717628388324405,0.27974463966060625,-0.16515584656665433,-1.533295106513548,-1.3932805765854128,-2.5785481597653717,-0.06887417919055601,0.6405114196060053,-0.15752494102622075,0.2868066501158106,-0.09477774601508906,0.0022943656918165355,-0.24529849991100955,-0.5642178773531723,-0.14489341287626445,0.4227761752944599,1.3062701673791084,-0.11685942735537667,1.911883105326645,-2.855218657946152,-2.952050759948698,0.5939605198476253,1.1958578567393368,0.5169856033218531,-1.1049899384248087,0.40236218826265324,-0.6359318804243328,1.2580612866439433,-1.5355469927175154,-0.186255251917049,0.6883903626591509,-0.2042606057314156,-0.08386880124983707,-0.06244658573785536,-0.17252380872047643,0.9257978295506023,-0.8009041352103331,0.8160412434651863,-0.25331759062408354,0.2046532582046851,0.1227564755591514,-0.09328880492076258,-0.35376907948081654,0.20651987246392517,1.0351470967423035,-0.05449641414896406,0.4257271980671529,0.9126251960136006,-0.7491471754560586,0.7497839541216352,0.23147830584378004,2.1201248604028193,0.2779761067319373,-0.0959536152213825,1.6179493085953383,0.5053583287007242,-0.8148456043657198,0.7260371412580685,0.5015637957572587,0.5944909132086227,-0.6458585613426836,1.6292850601503095,-1.3778811327355538,0.012290032086052144,-0.06560581217186688,-0.06033130203754024,-0.09725639632582025,-0.06798019085890637,-0.18134520675332078,-0.195900077261306,-0.47902497370780817,0.5283466294535089,-0.08792292359405265,1.0517876300770481,-1.8711910049114069,0.6706259672133036,0.3660302494932471,-0.2089250661656549,0.6946198933435155,-0.32682847715171864,0.38086522557209535,0.21682843407768468,-0.5514801743911985,-0.1999306153547258,1.5532055814073633,-0.15621488555847268,-0.07870045641301626,0.37518437843481584,-0.30962968349061365,0.22512725910860643,0.5825950774145489,-0.22849772799202542,0.13605368529371345,0.8496532837356572,-0.2072063024612297,-0.13341587824142745,0.050142469442254346,-0.4471793529473782,-0.08981665574185077,-1.0852824041000204,-1.6683967467612364,-0.7417548369252305,-0.5381347099593462,2.2651213497818725,0.0602289492743878,0.009130151163470778,-0.30070177154844463,0.4934085141416669,2.037243046369389,-0.1037308176753754,-0.12861703412389847
2021-01-29,-2.1850345269464544,0.3545131782762086,0.06866571395798542,0.34438107888934383,-1.8930198316924889,0.3854069418766061,0.215177858265256,0.645587181938438,1.177567749444693,0.3781460631159612,0.1385874688572203,0.4344763608760331,-1.68906902438206,0.4475451813378411,0.6551508708986752,0.26945387869949006,1.402666289308668,-0.45720065436648694,-0.4836209886211175,-0.012424910076943596,-0.12875973139977684,0.9421001627573903,-0.30988649831645276,0.8108039061696803,-0.3785164984547034,0.2561803361097038,0.2052780497814162,-0.3645795114618786,0.7476225153441903,-0.8352877452502209,-0.0016567112840984192,0.36737592154762366,-0.481399601629311,0.35832095595784663,-0.21828409249662842,-2.5054579145051807,-0.9419340005963234,-3.7240464558817337,0.6003488249741964,0.338121390144012,0.16583376476534542,1.7807313869017143,0.2970079518226921,0.2518696720281491,0.32171129957477473,-1.1142287340603116,0.4339238228919007,0.39966154586910907,1.046179143850864,1.1033434110311908,-0.3939940564128064,-0.7263601097660101,2.128459631440297,0.48185230471851676,-0.41360260543564537,-0.37286503767406637,0.8597460472844181,0.1386485128699838,-0.38361656573563746,0.27949719315875843,-0.4414249202148895,-1.1123545959189176,0.4376881992332656,0.9744686122541242,0.1585081001871881,0.8904680244473036,0.6197568866363232,-1.8363084926628594,0.5886566593221637,0.7711513186219827,-0.8192021356347046,0.2927426673929838,0.9543823576540515,0.5343306045704305,0.3649302472147717,0.6491557169609348,-0.08740222931967624,-0.37372457030034256,-0.00936850420186823,-0.31819710411628327,-0.7574281350217377,1.1774017303515387,0.43634625241713737,1.9726076456995079,-0.8264411655589153,-0.762927222385723,1.5871371816681574,-0.46056271854167513,-0.08851133321459358,0.5939411496894694,1.1500328864218896,0.02354509404051473,-1.5763213765879234,1.109428982716269,-0.5707240524658029,0.3895920240679856,0.24709223745923675,0.3456870608780123,0.6447506555644874,-0.6268412404452882,0.2503121995445901,1.9355853711180908,-0.17877457757564302,-0.19147034968340648,0.595358534483225,-0.5058453348110239,-1.1861122622111295,0.2740146439428658,0.4715276629181795,-0.3611147885480855,-0.08502262819395912,0.7781904905597473,0.3742887379982883,-0.6154569091931246,-0.6397894296575736,-0.21944174711588246,-5.390131472627112,0.5074121534935435,-0.3060417792626077,-1.6153862288495395,0.44265490430257726,0.7860216433599758,0.009096624503986642,-0.033663529556892724,1.1210978807191856,0.6789561958608206,0.11002306909949584,0.21708429061404402,0.26659558940625244,0.07617008556947584,-0.7318070082419789,-2.9044802738357562,-2.051797295739349,-0.3172583490571975,-0.018410009422397143,0.6699518493425989,0.01099446237024026,0.09420718216328373,-0.08147903388454739,0.893471992622397,-0.6865597751756856,-0.32081478984381384,0.41468174932448587
2021-02-01,-1.1691087464708751,-0.01932314649131886,-0.4301684293646923,-0.3810494923455623,-0.581600059316901,-0.5282298143662395,0.20262706265775315,-0.7437756940394358,0.8563059119040067,-1.3763522873058072,0.7550802531358076,0.8519808635212124,-1.2753954695043648,0.8023502746601329,-1.398823311610284,-0.5205276386090998,0.7736429808446157,-0.34852609489170294,-1.6363296617159773,0.5743014546697585,0.29493654675650305,0.8417939257660014,-0.408894324312463,0.3785187488207973,-0.6818855669046882,0.7433224178489264,-0.24850464910415448,0.18241196248734579,0.9194036321336972,-1.6486762836170064,0.5458656964946291,-1.5341591061132278,1.4942343356610923,0.6747415977051735,0.6205936572514636,-0.0736394242543409,-0.500886491332476,-3.218593102502245,0.8368273141995747,0.5790346530864986,-1.3992409355180109,1.836400518003561,0.33738086532713335,-0.04606836895093378,0.9175672122119171,-1.3199923790191812,0.8516873313695558,0.8558783771383842,0.6342181188712459,0.8888262452763754,-0.48445440573451554,-0.6786597104476276,0.8584581620317293,0.8639118370472297,-0.7651210895133719,0.05336790249459164,0.8040465030433176,-0.5229278044277281,0.9113414211035307,1.1036852741540562,0.7569172079648013,-2.6192937253341024,0.8537603516488992,0.5185576731537609,1.2401356831540629,0.6963245522683568,-0.08406498513226988,-3.5054981157801763,0.47123466375626866,0.8533972970789486,-0.3521860099935101,-0.35464414899726404,0.10138267507590436,0.4727667722031486,0.9023767303378386,0.927947010376694,-0.3066140615595453,-1.5587038458711984,-1.0974113707242674,-0.7820674315370213,0.8882639438113598,1.3873400924894743,-0.22328115357415373,0.7085458762747505,-0.732610084640795,0.5626644371270791,0.8041038434859733,-0.025269916826754172,0.22833298292161208,-0.039627089014347874,0.526922620907935,-0.08468267348903855,-0.45535818864237065,0.6605678294369615,-2.3592625123564135,0.9415558863865905,0.3390844393422982,0.23574021993221406,0.5934888354837207,0.5523823984688494,0.4995314048986591,0.8216548376030416,0.5974591622254749,-0.5730960780719717,0.7419121816706782,-1.0595995478378337,-0.7056407186702277,0.6170347215394713,-0.5049911615075261,-0.952240844113192,-1.6646378125977555,0.5026816139059298,0.5713332649049053,-1.8629860435958954,-1.8350598069592472,-1.0326160981105756,-3.035450909033684,-0.2356474821731203,0.32325477418518084,-0.0698604670097058,-0.014447678785105458,0.5419153672872796,-0.03712889234307925,-0.47675756487619786,0.15535228935028877,0.9006493981347836,1.4341152499507817,-0.26404809723967193,-0.41668866043941266,1.6070602594257388,0.7945108585409222,-1.2968972722802579,0.7988357485003241,0.3196250420768731,-0.927195169445641,1.19217215961609,2.067147513470307,-0.7175010579260962,0.17589842964977218,0.9031812736195082,-0.4025129719863659,0.07487426024930752,0.8977562446893013
2021-02-02,-1.390094319226862,-0.44147927527767084,-0.8414539010396519,-0.09067706968753049,-0.03934887478131471,-1.087381306184924,0.35282408824349276,-1.3503880757354376,1.0455098341285949,-2.2428592096584126,0.9887069231275727,1.2064021547655612,-0.5209627400640824,0.7087735997800744,-0.05842602613916344,-0.342775234649413,0.70043774608569,-0.7694593903337802,-1.0128003818196183,0.8543858418231606,0.8695182458084765,1.0905211117406592,-0.9603884972636151,0.08906372315719281,-0.3997070521816535,0.4213854816031891,-0.11499177107284858,-0.17198534217339187,1.2889692785323157,-1.4575357422325756,0.7362888057024584,-0.5211062260396994,1.2059136580378682,0.6852615706553187,0.940554079222107,0.48762866925287635,0.1910639134485945,-2.4178754542871332,1.1468338127309747,0.45966846580209325,-1.4924600032612432,1.2347027420578527,0.32820094569167263,-0.6274204572383696,0.5094061056239862,-1.2368911386181636,0.795915288009109,0.867955743080361,0.9909828649980609,1.2699077365832985,-1.0448152620696245,-1.161941209585288,-0.13585931174664803,0.6016900896642946,-1.2193742310090074,1.1461174008116606,1.2359412375880467,-1.0766005873872593,0.7500579260426614,1.4356280733773,1.8282862207720139,-2.001042049685613,1.516520126004257,0.6626083106313336,0.9967225445287662,0.2617264146067779,0.6220605336759556,-2.3776878269780606,0.34154959057307144,1.028642947722478,-0.594061360283296,0.027693268810655373,0.7195574272139903,0.442992363434221,0.5366949331067256,0.5286790180993433,-0.40832417522933456,-1.1043127665038677,-1.3301437435692092,-0.5937479364212214,0.8440349355681954,0.6628951765337384,-0.22380693608761362,-0.329448697469296,-0.7692125465561541,0.6811533981622939,0.4264078976907478,0.7757214142092675,0.47637238941055626,0.06306379666057745,0.31181748933881454,0.26307227288284313,0.07039164565904325,-0.3742583395618159,-1.796036621277476,1.1483307746732447,0.41194475610886616,0.26113194786632665,0.49578342205994,0.9425642950781763,0.45101628946582645,-0.0017669081333037703,0.4830808064211885,-0.38968950132953195,0.5563163832787693,-0.5821285116157042,-2.196594705729354,0.39090589431988787,-0.3039268007475365,-1.2115504674240274,-1.2726024762683574,0.03689997222205099,0.6346374936620256,-0.10134839346022105,-2.2427245453831173,-1.793589680183123,-2.3941346403941797,-1.2317429235776123,0.9541236398736811,-0.21483049403143598,-0.2204215250352779,-0.12849855985485611,0.8303143970226097,-0.799259588942377,0.45262756344209315,0.7996340208882068,1.2146996953748932,0.5495713801635598,-2.625071068166819,1.223716856194606,0.6381674047813866,-1.9677358574283372,1.1950854296649303,0.6936912200899659,-1.4084884508028315,1.2440357304716432,0.8546733748045566,-0.31986535322909687,-0.42880901053861803,0.8874902749814171,0.011274629237255338,-0.8214349519891098,0.698756580032754
2021-02-03,-0.771481255834773,0.16515682534021933,-0.6983455311100265,-0.22930535840588806,0.7154979106232456,-0.3318693495827497,0.539171313145431,-1.0517699156550562,0.8455542081247537,-2.241779482635308,1.2439832603812546,1.339447454759879,-0.47651386998908857,0.6848626714517019,0.0015964518925448488,-0.4268823003875645,0.26650606455718445,-0.5906190678933951,-1.4545929957211778,0.7199015471366336,0.17141664943532137,1.0883397953932494,-0.30400299291724103,-0.04663246462694666,-0.321240330281782,0.15637101295850647,0.28663615507065926,-0.264486115847727,1.3150940653409418,-1.993805261083219,0.9472743619092903,-1.200163130075466,0.6351513973306939,-0.07801063913624391,0.4923534668923334,1.1822074827573827,0.11922969361660891,-1.4820160063777257,1.3248820651570397,-0.11731271410027401,-0.8092163342686306,0.5899469208760941,0.46013720025109384,-1.1205739490124393,0.3538460365099828,-1.0661415806352659,0.8112202386882015,0.405095950780647,0.0012084476375387942,1.3951395179074333,-0.6642941989641705,-0.8519164090179561,0.36938543130290025,0.6411368692012792,-1.1478600240943113,1.0207526269813099,0.7917785325498227,-0.9821492710615036,0.6636906966809785,1.4034273206649235,0.9134938343838548,-1.5851393148803279,1.3767379485592217,0.27321176926365237,1.1521904403204264,0.7716697262562758,0.9080705465355824,-2.898718770934451,0.5770319206224067,0.9398829259353481,-0.9486166697713396,0.34353073924719324,0.18024667943022538,0.401552275196112,1.1048944582424953,0.4866924265295455,-0.1084078258683047,-1.1721009991698457,-1.1850386452728388,-0.12785671752467723,-0.3148954038235083,0.6856251125467538,-0.421614539931907,-1.4714389379368455,-0.7337546496615889,1.3601784136108204,0.7654214172345335,0.8121902258740563,0.7578705775852194,-0.02387648753117545,0.6569202054642129,0.4047064095502377,0.0709168624287542,0.04300059860166532,-3.511918774467465,1.3038689049978092,0.6283795073215496,0.4780179101795143,0.11091552938132052,0.8846095697632493,0.6703761565271212,0.3583983389355829,0.7274274241640845,-1.138284927818385,1.0096493901695613,-1.470335812869012,-2.6594854881915535,-0.7040702545477534,0.5111724888511275,-0.48690034458346154,-2.072394204802509,-0.25603828072473417,0.7328215444958421,-0.6398680952456216,-2.007379739164331,-1.022942910179881,-1.6578754782012772,-0.6035867087737976,0.45817419333569387,-0.20210811310734766,0.3305979460173997,0.13787002430168188,0.7981979385866127,-0.481740650112337,0.23031077417690948,0.9649227558545104,0.7954053723925174,0.27203843352214463,-2.7933346731549618,0.5054146021682838,0.3799441842764755,-1.5924705279756168,1.2568213635651897,1.0086491088685994,-0.895497983864783,1.3522202247172461,1.2231114038735411,-0.2064810482552979,-0.21251781422264085,0.7791474910822495,0.5657115311708968,-0.7011536260815137,0.4232156979440249
2021-02-04,0.12024265832884458,0.3548327788806617,-1.0717159984011126,0.05977723764462223,0.9680242073186567,0.06368379484098494,0.7052848180490789,-2.0865833700188934,0.7403257538099912,-1.7079287051000889,1.615193998261418,1.2770036252456032,0.0020016718960678627,0.7465115936882134,0.5406626189304387,-0.8927042403464736,-1.3309737140106153,-0.45093598085729986,-1.7565589702013078,0.48292828984753305,0.024496341139793418,0.9962483963319615,0.6509831876087331,0.39248493170514165,-1.2200404104497447,-0.5175187961646086,1.0126690869487407,-0.26374655605398273,0.9820809475216694,-2.436643467453663,1.518424230356321,-0.3512876052230311,1.0607245196600377,-1.2487586766924612,0.22215277123661198,1.2560982653528507,-0.043503561010400295,-0.7083732521244183,1.3951096900198123,-0.12239330166842108,-0.9020255751660045,0.44973868789810845,0.3095000325587223,-1.2416152476820823,0.40059941954616735,-1.3283998359956593,0.7599167474595867,0.3215022654262719,-0.4716579860244755,0.7962268150502936,0.9437687587826743,-0.15013069027172976,-0.19710342185970844,0.674549352189393,-0.4452811018792288,1.5470161947080951,0.33907089508531263,-0.833045837578783,0.07513514557600734,1.4097634959069607,-0.2716121767924386,-0.03317002882540912,1.548309854386691,0.3646880201273207,0.5001633844117673,0.849806735163503,0.5275678168941912,-0.6568654782218101,-0.042950779917375406,1.092714325941957,-1.1551699675284042,-0.3420425828010045,0.17006153196173251,0.09089631845713425,-0.4724100493068634,0.6937084603678815,-0.19284673615612016,-0.03619549432541801,-0.23437945492379736,0.7501416508511886,-0.5617956020574728,0.3659430394247917,-0.8983645418039711,-1.6898995649128763,-1.211563947831941,1.6481890102897594,0.5974897143416484,0.6317794543469933,0.6331901667674081,0.484722705099387,0.16649758584894808,0.7047310454293271,0.21520268848479687,0.03129868918775802,-1.9280463290651733,1.561777541278313,-0.35356509594093694,-0.6664658939863671,-0.4864055489047455,0.1843156849487833,-0.4226049649179805,-0.13628564156169146,0.45987395399533076,-0.9049235993715401,0.7692984452210496,-1.8634241765003332,-3.637082176569636,-0.7453860681589622,1.2956954321505254,0.2797784275850034,-1.018852934248823,-1.1100530018599624,1.0197413515084834,-0.13051386169631793,-2.179947795434435,-1.2764091514059692,-0.24405311228918672,-1.0602706922490577,0.2780639702766626,-0.2049475284375754,-0.8840267927081288,-0.40803135595273177,0.8524008807102581,-1.573758721066126,0.4079477925401514,1.1108022913746936,1.1405790033468173,0.8440395462929001,-2.4974537556094916,0.4023903018329964,0.5231696045524935,-1.6470743731792483,1.5362821585734263,1.5587060041119698,-0.6747915969387488,0.9722853568447272,1.4313301073210392,0.3438863850160159,-0.3143661828974758,1.0057162270486983,1.4186803420399758,-0.9541301055229261,0.22246693294681816
2021-02-05,0.5177630699116968,0.776994249378076,-0.9441843601084398,-0.03671155378140905,0.9085143289580608,0.46585391916267693,0.44817589573489086,-1.202188917301728,0.8655273200516747,0.4512555869037162,1.162934545568287,0.214362695396582,0.6414070758845394,0.5728785586094887,0.2942891989823016,-1.226563475115331,-1.3024680040207768,0.793145991928022,-2.3114683908053526,0.7233599679549235,-0.5179077809618401,0.6431965885180206,0.8630990321572342,0.8884122264541987,-2.4103137630528746,-0.4371770751790067,0.9301524170639693,0.1468952838424564,0.6682546615837954,-2.239640006838336,1.1870464569305839,0.31185088479021134,-0.12873883370317724,-1.2366008900319672,0.298383057640198,1.0504887700339538,0.16122543139679082,-0.3644046294593702,1.0473132810861976,-1.3874474723092691,-0.7726683727169227,-1.161452401099505,0.499967610547163,-0.8121919463611068,0.36056359867264565,-0.3825981392479175,0.8709139378506561,-0.14386883540553957,-0.5453914250859022,0.8485000091864537,-0.39810699928390814,0.6009988905639266,0.6483745301422305,0.7949799450287308,-0.10686568688569736,0.8806222920801733,0.021318704102385316,-0.1899895987641519,0.3422210429277717,0.41419563606651294,-1.5235722182515428,0.806811439276648,1.0439426033118737,0.455899621002707,0.37124911316564624,0.8792952540807468,-0.034135652290934064,-0.5768001550550182,-0.052360298702849875,0.839251695138417,-0.677471952427914,-1.3809822039652517,-1.30816822025287,-0.20407909371355837,-0.31041713918337754,0.7951582303645935,-1.2318576394634848,0.9042514167098343,0.6393033387993223,1.2019220217762627,0.1310117342086934,-0.39367576412655586,-0.9388997572775792,-0.3319852409936483,-0.5055335055811816,1.2515050597947177,0.8325364925646302,0.2331964914387588,0.7870369435049803,0.7881471126448067,0.5440259329459071,0.8683372080159452,0.8004638866384358,0.4356216051991363,-4.468726431819968,0.8542160777894671,-0.6099467349785677,-0.8672209661520426,-0.8443252100583152,-0.19716840839176528,-0.7012277056073697,0.34945572741736486,0.8332968094224885,-0.9336439802622749,0.865228640398393,-2.1290229559362324,-2.497350253780716,-1.1885938058800798,0.8893969204612756,0.3649577600177421,-0.2703387933151405,-0.1191023220456666,0.8193259223805386,-0.005296559765530612,-4.040963559443738,-0.24165707284576804,0.3701932365542039,-0.18444747667069955,0.44625337842415796,-0.47767392195206965,-1.272347430320761,0.21249348916893912,0.23052675560047048,-0.6752489716061277,-1.1649587050684602,0.8729696092592307,0.7363158831633035,0.6862225205747178,0.2148519412870219,-1.1525930547979328,0.42250418729171596,0.13338552781217602,0.9963010161460486,0.7845102993812539,-0.7232576134414971,0.7261278270439018,0.8815441854094396,0.595293580710723,0.2075010044780018,0.8506675734082112,-0.2698908278487786,2.2432987919945395,0.2526476015263534
2021-02-08,0.06624996128117387,0.2979843596381509,-1.8582385932933023,-0.2511859593506119,0.594352350876798,0.5264161197971103,0.753336314152561,-1.495482278934317,-0.1544327448222338,0.11161578806993704,0.65188422484677,-0.15058296423774759,0.21848072393677803,0.7624652575489826,-0.49154798036566827,-0.47783978679824585,-1.0633807656158332,0.8633313627426236,-0.7594286594326191,0.08134118855294656,0.3384776480014222,0.0021849192138186893,0.18274874634472596,0.7315425266082777,0.6663104946585648,0.22221248898050508,0.28938681648953113,0.4356465054283709,1.0574818660842757,-0.4380353108148265,1.01032598775136,0.16622085079351995,0.3793329835090297,-0.1941220681499646,-0.35683194089411685,0.8887294661454368,-1.3100429023101647,-0.14391083088023057,1.0249377799552961,-0.06301689597052526,-0.8398669682703818,-0.5067930991507223,0.36046301734564185,-0.2519253546648907,-0.6143547127932963,0.3736453024619917,0.4259431196755676,0.6378883882740995,0.25469024257477507,1.2282352758218449,0.006477459533036698,0.3609175196143516,0.5377164794789787,0.7429558020301926,0.308248112246275,0.755032640115607,-0.19172615000589258,-1.3104520712467576,0.16946511970992786,0.8287612538524386,-1.225790595205605,0.3147394888255156,0.7464177791386231,1.1658154246078107,0.05906358030833979,0.8124944710161022,-0.22233895091296849,0.34957441319428695,1.569674288833932,0.20995289363533573,-0.09377554187548778,-0.9247698393900237,-1.2399268138091268,-0.8112061067186925,-0.32353003181961637,0.07130566990434242,-0.5003642349370903,0.8287962242807225,0.3045752839895754,0.8817587502092735,0.7962124640244885,-0.02249009549282287,-2.05574493460577,-0.3943513496723169,0.6631938292254957,0.8406784566898746,0.8229277876000841,-0.22651820464360772,0.18569200208667275,-0.21356870120234014,0.7831291131785924,0.6423609371824416,0.8034121427018994,-0.49548785920150173,-6.22921702345805,0.7041779601508585,-0.7646811533674751,-1.0162285344277984,-0.19789733850040003,-0.11767318296675854,-0.8905145897880722,0.8655597909010175,1.0306927896653684,-0.06664413170328687,0.8664220492842014,0.6192774609092466,-4.968355147478193,-0.38364027130315187,0.495402794440525,-1.062532869356677,0.76981240520581,0.4533880791840414,0.4946378053136912,-1.0082461092119817,-3.4199238420092244,-0.775968032000159,0.12961889969065332,-0.07837602428354118,0.43597628599013777,0.47155164064297156,-0.71483344076926,0.02620867792494141,0.05288883998362529,-0.9399913882666474,-1.2912225125281351,0.6081726941796045,0.19808639481749987,0.21618228969140643,-0.3683116729220118,-0.14255091543973605,0.4670985227104198,0.28388296596539475,1.0379373470412971,0.8129024707107315,-0.2245140112691116,0.8068156694895978,0.8635221301718727,0.13692424939324568,-0.2328237789275863,0.41064929150964774,-0.4339817694754256,0.769550886726659,0.8086371804715575
2021-02-09,0.4545085150360552,-0.034877931576849826,-1.6461444439751085,-0.296042442053935,0.4099870922352394,0.5516949648642587,-0.09864493098084806,-0.0222012267294616,0.07383239181794915,0.38046614368598003,-0.7922918576263035,-0.5170779645366108,0.0999555805032376,1.0050545118506036,-0.2778464756158934,0.40830283682074575,1.5772007933902497,0.6847307363421785,0.3199419156554685,0.4035187300642672,0.7803984348398537,-0.7411101933457457,-0.3120327211754375,0.33311753967062435,1.2059204207288663,0.5329487599643437,0.532032047987317,0.2461015137205125,0.6710429813356561,0.46521308743959827,0.5679536488279168,0.47993860216199613,0.5343384723017331,0.4991239032911934,0.27956664104711937,0.6500223029652115,-1.6574324777909497,0.5043728225898493,0.3450869371172144,0.2274701289237953,0.05501238859676492,-0.5781689634808935,0.39092425542957093,-0.0793669524604953,-0.5686092496530488,0.4561634411380825,0.3184639331788995,0.5989447069511373,0.37481236079221253,0.5195208019301593,-0.41389197895417285,-0.18465364181699018,-0.15374373972573377,0.5528695613941359,-0.06456976090919735,-0.4634705256201312,-0.15094922121605767,-1.3481201375246403,0.36055830475611184,0.7774143976866249,0.5513409168533885,-0.03894778843311783,0.5163333618466956,0.4572742467904371,-0.5625196549694371,-0.22244772159926823,0.43615381498192357,0.5846111354679038,-0.3076404269108318,-0.07737402809516665,1.9680316661484034,0.25214871336139105,-1.6384103196278155,-0.0016657737993267807,-0.22677905138270718,0.29611659781568567,-0.2244002574961693,0.4120170978090232,-0.22065817582753475,1.1431351441692006,0.7998836567303805,0.30679908977103426,-0.6751066520118755,0.03999393966563455,0.5798175755537089,0.4204999743253794,0.30619428153921985,-0.4886655945205683,-0.9511723574141638,-0.18057747648375763,-0.4365022671326605,0.08675876813402168,1.1276158180352536,-0.44920149959050826,-3.9317869962781837,0.20310584148220476,0.1038737350941716,0.038018818437726094,0.17342917268472113,-0.3200617133506854,-0.7045126278098227,-0.5711088404016046,0.5818636059670956,0.5389439308346198,0.06469570874329894,-0.031170180580982962,-7.390913853486201,-0.10320829363519363,0.5312766557926817,-1.5724578309312502,0.6961754010591091,0.7721094177885477,0.0743062452673408,-0.5752213544081062,-2.8797882159948474,-1.1855206383512555,0.4619972933715186,0.22462649776094712,0.7756023064059382,0.8149139799501496,0.44238669611627385,-2.0749512375514905,-0.05268447480654231,0.37592465294481675,-1.4795973134455278,0.5513737285705642,0.3277836035678744,-0.3616016145842266,0.4117858619171391,1.5128851613142607,0.06972345682933384,0.012071286637008878,0.553426650584805,0.5713539872872785,-0.6812620707462708,1.0494793366823834,0.5499340465834023,-0.862916386395243,-1.6455603051480643,-0.15158084132407412,-0.1857781504384622,0.5758033392771877,0.892875994747364
2021-02-10,0.5899536940937007,0.2926659663359402,-1.944220644617741,0.14823131627704814,0.7036941698459294,0.5105853866621958,0.32467680966395845,-0.11641080373065406,-0.4552505530617776,0.48697427817203304,-0.7342138430140851,-0.26180910628690834,0.4702704369922906,0.6085679672965687,-0.867562393817872,0.5111304291588178,0.7090262081286269,0.4235018337711632,0.7523234488742939,0.5135299742707734,0.5159436962221736,-0.5476832605450528,-0.7050987514113015,0.501395406311832,0.8970029937649807,0.48879520550300376,0.5525068623639748,0.5803123576838298,0.8476966170114092,0.019649849018334085,0.09820896146671414,-0.051987124391946506,-0.191378852142803,0.754747566161318,-0.2112888914117273,0.6326214313104926,-0.7925320617856468,0.12132639979647551,0.392279934252973,0.30768527493487324,0.00814948614325628,0.2906050282153834,0.8399583869021322,-0.23886016363373094,-0.8850197116833378,0.5912369452846562,-0.19248556815267387,0.23474953695510248,0.5578846125250383,0.2893709739533125,-0.9849377175268292,-0.43814321672472684,0.2418779478969992,0.3187938030987919,0.5816249736316764,-0.9429858229528567,-0.2637570840642948,-1.2286059148847865,0.6098530238431447,0.5408814624907249,-0.0872039153377047,0.28226643572518173,0.544567728497284,0.49295500113026286,-0.36314780915226585,-0.1474847620041022,1.1444462847456225,0.6438371958029497,0.41056051584008874,0.17176672702138943,0.8997347899862516,0.7398084817985351,-0.7615716517333836,-0.04443727014167303,0.5265770739889065,-0.3174651043030457,0.43171538855703123,0.403212120841177,0.10713895558681635,0.40103916967606223,0.9883108406129837,0.257578432228477,-0.9392343458238124,-0.97017599996747,0.5743942734033599,0.553518543083015,0.3488232153809632,-1.6134399704674933,-0.21062676128091054,-2.1675143708630005,-1.2596429405300502,-1.5727951926881971,0.5912369452846562,-1.1676643326190148,-2.4291488417768816,0.4714082668372515,0.42893463864695996,0.39729485361157096,0.46239261388946673,0.08655086432674856,-0.10379852147978187,-1.7642389741764413,0.7071127074085916,0.35261089749387015,0.1825715382971348,0.1382402378969912,-8.519054380137748,0.05661226430550668,0.5752402277263026,-1.216463563049288,0.9088285475840102,0.5806142828374544,-0.15142652612589141,-0.18466732372731293,0.037394073627630565,-0.7277794309197984,0.16739606111884908,0.39560256825206463,0.5827848756518682,0.5585990647709387,0.6890704547128694,-1.091542455983886,0.14872387895675204,0.35560012741847014,0.10811606317632834,0.2255348563634309,0.35478532095709225,-0.35112603528868275,0.08638371283161943,0.5824181350526333,-0.28283300464877653,-0.06359210190026178,0.8473201191731382,0.7891870387296006,0.2531589118367329,0.5447895693028164,0.6847831032107695,-1.197676261545354,-1.7705451473344798,-0.07044213343041922,0.5199226077579948,0.37714646438757576,0.5700628906494781
2021-02-11,0.5914987471531845,0.21896295724272025,-1.1054706307740017,-0.27535368390807297,-0.27983112287906214,-0.03482631612508707,0.37999216046785783,0.7573805357918793,-0.036245182762382915,0.23152501437845643,-0.5756581263809508,0.7941307384362706,0.2534414574034953,0.3938027034805888,-0.3519826029399084,-0.003957364061869011,0.5934676198574182,0.28980863028073633,1.4689363257831245,0.8610862202265764,1.0526510572387775,-0.35463238365743405,0.13261688728427282,0.10019198937719793,0.5171598624295312,0.5715919261685588,0.5781289604432978,0.10593823400907378,0.5265930555242447,0.5089256071725965,-0.15621844223125358,-0.31461152749396165,0.11359957191365665,0.7951585920467042,-0.6290140921339257,0.17599006482944007,0.1493669541471593,0.6064770032909157,-0.23842006117390036,0.5225561540742959,0.3023928258372415,0.5602632114570403,1.3119719937568937,0.49068057918118313,0.2608482052623021,0.39531662325244377,-0.8186174936872216,0.3856380766916924,0.7355879412602548,-0.07619518057566023,-0.6913140828341775,-0.13144365811698577,-0.2552119265285955,-0.02666361833768824,0.7406604988782777,-0.7071525203939243,0.0693782905637154,-1.5161325737557003,0.2329148058179399,0.17499026496786801,-2.461947015037323,0.39622932789532966,-0.3844848753915038,-1.8516491537143343,-1.4666134236382582,-0.8213815949912462,0.5705444764640427,0.6168791855500676,0.08848130771937081,0.49898178626011425,0.6732237302766882,0.7132819065569567,-0.3654839210509943,0.3542051632375918,0.39824078492514914,-1.0172847676490282,0.44797951211812004,0.5769667929340498,0.5399610875157325,-0.6451592354975997,0.5556122763417842,0.5848989358036091,-0.23789679843194705,-1.7187879677288227,0.11341033861075919,0.13792442954803902,0.16461028690776747,-2.7982872718719056,-0.9344006591014219,-2.5761354104629697,0.7594791454947292,-1.8349655203608326,-0.33396008631916685,-2.0827164678367205,0.09043493770895658,0.16594878745777603,1.1629537534042733,1.2680058196375028,1.1445470471270496,0.07155923331951285,0.4866143166230298,-0.7882087167413236,0.47749468028594083,0.25921830659328643,-0.0753852315194248,0.477816648230557,-7.691417177652797,0.028226023907218314,0.6068392121167642,-0.2058663258510454,0.5768171548376251,0.6730747250890057,-1.0260708099602793,0.3550202750642995,0.7261979866219073,-0.027635324182974284,-0.1195236589368149,0.5795095274262864,-0.17100957492110289,-0.21800221953005927,1.0277783451638363,-0.9947082383806104,-0.10941830435121505,0.4537486349885996,0.34171745567799455,0.2840946542987924,0.1584523177443601,0.5347728038945919,0.4259174339693959,0.32345073841629945,-0.5063046377565763,0.49523929989680915,0.5513466949232799,0.7332695801398774,0.3016889778418787,0.5593886146998002,0.17866409070747455,-1.2736676563337344,-1.348129959992441,0.3404768320368293,0.5586999986334935,0.6173922710355478,0.48654459488690144
2021-02-12,0.1612505055279092,0.298114219502906,-3.0187131403520957,-1.2113453658170796,-1.8462042904409317,-0.20981451698055878,0.3246668979775049,0.39622847784118337,0.03130977559665118,1.3644769826352554,0.20863444857462346,0.48262513623572295,-0.16562026961145207,0.44075092854877135,-0.3638168309147808,-0.22417290076283508,0.2539405026233834,-0.2291574354479789,0.2717825835726078,0.4168561324583073,0.3300383591212794,-0.0018104339231508253,0.4600958209777061,0.5053313612900243,0.2549452220868223,0.22881934468435605,1.2049677130251486,0.32681051457950727,0.3828170121179221,0.31004079152545994,-0.24912815354478152,-0.1188795257126672,0.28312900895863163,0.9005727493735805,0.15201488068548324,0.2539374238195897,-2.0472918324100604,0.9365215682474524,-0.17921495317694197,0.37952360712863975,0.1308084364867858,0.5050571384073784,0.6482459825795581,0.3744497526299099,0.3702335237480554,0.26195411020935794,0.018012524603357893,0.2872118156379347,0.3391386025824892,-0.08440258412173993,-0.8057942171257988,-0.19944248062236344,0.18227478105423078,0.25021895790101323,0.3242401303946034,-0.030502484641235176,0.22325261353138492,-0.7636952423190834,0.4816859041121151,0.23998972428203108,-4.595629479509862,-0.3597772496142206,-0.2298313322614917,-1.0307329195026733,-0.823489797943058,0.07659207898283395,0.12621332151781187,0.23358132231960818,0.233901068368537,0.06817732596899626,0.7806443556470989,1.26125380493127,0.3396888175964998,0.5025551752269486,0.3438844965054039,-1.120942694442008,0.35466203364528537,-0.0005364115409791186,0.490641790910026,-0.8331504929738346,0.23328360588352756,0.46932178873807695,0.27893466716464327,-2.5523465452574965,-0.03347370462583685,0.32828051336525205,0.3774655933131034,-2.0954843121745577,-0.011794713644824413,-4.427893956070181,0.19196971494113263,-2.3337153687852896,0.4688718360637257,-1.3329239572711202,1.842091894485564,0.22802252082060015,0.5532729929409494,0.5900675242959371,0.6656819653712279,0.8108877885069083,0.9047018482859974,-0.179971674051137,0.3149461074037551,0.33846984945369557,0.23160926509923796,0.2187770602566188,-5.794329738533115,0.10717530413573342,0.3715621986892837,-0.4127742648820172,0.5039453387412121,0.19526068018251566,-0.7887721899310007,1.0143528598369451,0.26875652517495374,0.4037361883956079,-0.018698525117950136,0.355896525163888,-0.039543169868429644,0.3274698134210409,0.5700935230047856,0.1159098793189033,-0.04834640944882759,0.3506182989355124,0.6808222795726793,0.3362873901495273,-0.09489838901459711,0.8034995771130374,0.328432181039019,0.18790721522151715,0.02759417639776141,0.4418922280245495,0.40589740894630544,0.3445848913914596,0.31791825606169677,0.3848340445466374,0.34568298756022264,0.12312395330949653,0.16464487981463788,0.031553697201443784,0.35995225765245775,0.6261806366813119,0.35705066381992645
2021-02-15,0.17168729234864968,0.13658150622750984,-3.3635397621311176,-1.3758842907966526,-1.441804705608604,-0.5408121077232505,-2.23682116187001,0.6443615349695994,1.3858476451201434,0.42386223413275015,0.7499491208059748,0.496285929757175,-1.2403450340614075,0.5763500080749691,-0.3930286601794042,-0.890276598197116,0.48536354358564876,-0.18492335385809375,0.006449915900887605,0.14407802424669286,0.48619759274624863,0.4624518169779902,0.8962782547753291,0.3255243569767079,0.3461101420447223,0.3926696441356391,0.4797655838517656,0.430887486326003,0.5336214993088566,-0.48353196209765,0.12627785097884453,-2.6565885389989963,0.49322072827677466,0.7547704609609202,0.4062534723948442,0.29179559658674065,-1.5112156902894633,0.45804155670842217,0.4006755013268357,0.5539600085417626,-0.13897287012762466,0.8614609836225842,0.5902045083859808,0.8947275318130673,0.4168039309966063,-0.16466025387816635,0.25160220348293216,0.9492628745751706,0.8644675785767875,0.5166398177630082,-0.3813760966923258,0.46737549621830204,-0.21907285973911922,0.492338296294953,-0.06477231114812723,0.7890235223713664,0.7128775742000819,-0.5553563282063133,0.6387249743339962,0.5180625911998541,-4.283908597112302,-1.0697652874655847,0.007700037408879717,0.17439842381194437,-1.2007635431188974,1.0568714348938602,0.3002149873965686,-0.3271575139645685,0.29164927279485536,0.23994479493886822,0.7848102167923688,0.4817536543083663,0.5035699174553109,0.5134888207766006,-0.2190359750425106,-1.261434341841335,0.05965309433486867,-1.5465514954619821,0.3609320164235983,-1.578968031888783,0.43868077192793986,0.4772155221789304,0.34196007213558116,-2.954792668718848,-0.12332233853189321,0.5257153013423153,0.4897577586374782,-1.0241467160362048,0.5071392416508425,-4.1759778515891774,0.47730907088804947,-0.8217017428569008,0.6359226177709774,-1.459630943858084,0.4639228941916483,0.20611057299982813,0.5625767632807808,0.5852173615513105,0.6677158099453612,0.4921504561065839,0.43633581691879875,0.654844350290209,0.5861505342820249,-0.4139702537882068,0.41523615463761987,0.022109622754715737,-4.292128002659292,0.29494371497862304,0.8607665779562502,-0.7091775178151152,-0.6125314406318698,-0.5325582519761345,-0.2603983801570245,1.1693231063836154,-0.4302277955775628,0.04341049602183322,-0.9649315605968135,0.11041608846791622,0.10921095412194794,0.4641927349030459,0.3556112257509111,0.16992605572287164,-0.41517420619922557,0.6133890205632408,0.778409914995774,0.7469829848727263,0.39921017565963424,0.6371259959974825,-0.12011745935486996,0.30510515973071073,0.15453605335158904,0.6927525541303553,0.10781378778178337,0.10733740393664448,0.4630599775751357,0.44726570147289807,0.4168407663789636,0.2262568164767777,0.9134875467885993,0.44518755502826285,0.6950550101617429,0.5845149574312524,0.5452746084558009
2021-02-16,0.5111637959012129,-0.2549929230283783,-3.916365503127483,-1.5436215350609808,-0.3582304848815142,-0.22119093982547777,-3.4002418120162816,0.7687948588010666,1.1159023674650455,0.5762292326248091,0.6600191847794652,0.4740425088988763,-0.7293488767170551,0.58513840629237,-0.04257781816892399,-0.4383191482562164,0.976030240877508,-0.8536124628539429,-0.02923908833492063,0.6413438714234755,0.9857799954567549,0.6969200849604131,0.5748459995990123,0.3800659526025681,-0.2965790461392263,-0.0693592777443679,0.651826077404321,0.5659437848541513,0.7852842228598579,-0.35964944399022103,0.5944025583828227,-2.6316526002197898,0.5720242691173565,0.532743261269821,0.3866886891746154,0.6217575040332006,-1.3346713507993615,0.35602632110189353,0.689071920970166,0.7516827727597295,-0.1133644680232846,0.663873181479059,0.9609188441222697,0.700474875514767,0.5979761328940362,-0.17420683364994505,0.5886342866744086,0.4566829734838804,0.8711455896836678,1.3036549170905782,-0.23767221654469262,0.2996889111493433,-1.1708564253727654,0.655784924330999,-0.22135582626018133,0.5985063625483157,0.6258398466483803,-0.7403171880388668,0.2910257729121558,0.7983034352450001,-3.40623026040556,-0.5517770656090859,0.22405199868573902,0.8913872584700097,-0.4946470724257109,0.5387500733300522,0.7868468853568634,-0.3635104172027158,0.5646163133670397,0.6392198482419205,0.3189139661301865,0.5781175917429517,-1.4733687370922248,0.3278414266836645,-0.33497958644230896,0.37926589407437444,-0.3606901500614239,-1.3534513270102506,0.2158033939674712,-0.9378528678662288,0.9179998255619645,-0.4269228692480495,0.5676654925778679,-2.74639618669142,0.5293609057575897,0.6692064302080285,0.2053883125201769,-1.07241483587753,0.18831566692129065,-4.112651574788466,0.7294189360667993,-0.28600933500071785,-0.14618329032740968,0.7115855440793847,0.9856867623805345,0.5867045858197671,-0.18307387006570705,-0.32249146042385884,-0.042653138377366,0.037173646947501124,-0.9526748288065379,1.177140599297882,0.3539894288851329,-0.8338825562422401,0.1338942040118859,0.08533584396271737,-3.7332074200615173,-1.1564065288401992,0.5666759828042666,-0.8742328293989711,-1.145277317179711,-0.717688413245856,0.06324635266420243,0.41824895012927543,-0.1483893930865102,0.2300991338396152,-0.20474567824317674,0.7641127740008301,-0.3281403929349154,0.41763595360023287,0.5500326142787,-0.5113489157168449,-0.41158957702306465,-0.3734573780605113,-0.2728493085429533,0.8278283012813232,0.3460343305831319,0.7998418386288672,0.26370553385603457,0.5933637423618052,-0.625621976569156,0.6666329011855665,0.12266853768322086,0.10613344227265471,0.3266755486894591,0.5912796711651923,0.4156861354230902,-0.5169360438649245,1.0480017324856317,0.5913314912062247,0.8844118250638864,1.2215408206530085,0.534071487494666
2021-02-17,-0.8355182412733712,-0.1768716086873663,-2.506524397720995,-1.4855452666963957,0.5495393302088217,-0.4036396679326638,-4.011405646112553,0.0918703881302027,0.7766501554056946,-0.2492250355657686,1.2541419053993643,0.8174320866427541,-0.5696493296115142,0.3464938213920674,0.6826486035058604,-0.08573640485610864,0.727201481514154,-0.440209247867592,-1.8645595902348304,0.8592071300918447,-0.29933340155392096,0.8471063304115924,0.23903993648188288,0.520954090822098,-0.3719671844438686,-0.21498036080040414,0.23892441742722376,1.0095500129917403,0.7952020610822061,-1.1833015698459748,1.0565185619402102,-2.7525663529183353,0.8630393548546728,0.21379818569130016,0.679039620403181,0.5054074917291138,-0.06385777265772309,-0.6210593029267112,0.7289416662151176,1.0974478905862992,0.25415754627415493,1.1262994414305785,0.8973097612644302,0.8389693085252306,0.8266929073026656,-0.5953112320946122,0.28055085242751304,0.5609419546629046,0.8056222643709099,0.6172515671107827,0.2294675554148624,0.493640922380562,-0.4826748926133012,0.847040239810921,0.4829389887508745,0.26305211521594,-0.4587949487229236,-0.6851624980385654,-1.0591146548053154,0.9772831473759719,-1.7981770221842093,-0.015051503425743074,0.5285181049604719,0.5284538510325318,-1.5666561860375212,0.568085269941538,0.6130757375360342,0.399105579018907,-0.5694995552585943,0.7836716484188895,0.5296495519858242,0.596980370948987,-0.9870650944401496,0.2323394315207354,-0.3594234644247253,0.4649547495427794,0.13082958785829044,-1.3833902582019388,0.21142681153364604,-0.5568921525886618,1.0503301614216127,0.43250980506326187,0.4790295062797105,-1.5425595050902197,0.4206136237017178,0.15472252035955625,0.8235169289554843,-1.2575666325450627,0.265163905483187,-3.9721623839255193,0.7159762827396393,0.22603688946390255,-0.4126115559441996,1.5053463523887174,-1.7954095777429173,1.3146642083604068,-0.5041151096130957,-0.7017350831878473,-0.5048721564415688,-0.3300336290925676,-0.6462088324606499,1.516179114841621,0.5984637343161688,-0.0423081738104381,0.5906775849976144,-1.5656190126014502,-3.877427988059903,-1.8208940923136627,0.18975810155154674,-0.19030122508117756,-0.600048157631552,-0.34729910160857436,-0.04364809853534321,0.4238698743181444,-0.8439489071544086,0.5402694707659007,0.19978630064465114,0.13933961382248827,0.2498602076316145,0.8432810812179719,0.024009142595071423,-0.3409685967277657,-0.4948452552107402,-0.7319208299258506,-0.24862744088304942,0.8960487814553041,0.5982435861887424,0.802045075792628,0.15380579542456688,1.103103288448176,-0.5549757496872593,1.0152375787581518,0.4361001662987519,0.28442457203229105,0.5412152565598481,0.7258504377574807,0.49737245596073343,-1.0627699602382563,0.7407402734889051,1.0022678631291648,0.8417124605308156,-0.025343715209925458,0.7813488229765134
2021-02-18,-0.9150817596284444,0.5399706651601859,-1.2833417764504336,-1.047063960022441,0.25201319200543953,0.5026605343051027,-0.16737314613389126,0.6301323836006105,0.8657932327458226,0.4271699873930384,0.23007453958372645,0.8727623854557537,0.35777226570538817,0.6506319382553601,0.6032016587194234,0.6929873679102861,1.1404683709909276,0.09908878088513474,-4.693461286434016,0.5877638978375308,-0.6241287977614529,0.5624111285612751,0.48258508982022047,0.5835870462645272,-2.1268370397496072,-0.21014571385294512,0.22717035217466344,-0.4580331972987127,0.6417237337154201,-0.7212383132592521,0.34843898329662676,-0.02976414728751252,0.8945997985324629,-0.7032204117927694,0.3758518558709178,0.8932389121122349,-0.18300995029307862,0.0768151878232083,0.6107655943092986,0.7866108480229128,1.0212703839775723,0.5903437145438823,1.0014725913912843,0.6076575701249883,0.5917356738255336,-0.034781956118736156,-1.5102040025319057,0.5771888574654565,-0.20400623927427466,0.6759595960834947,0.5466098883483376,0.6028340932062991,0.49337971412816606,0.5812321853863825,1.0166271643592526,-0.11489961254939217,0.12507341099870573,-1.1059555253954638,-2.3378141573707887,0.7922980649948727,-2.205723112729577,0.7153651080456963,0.6178175234725288,1.006569110518376,-1.6513945623374737,-0.5606991892012038,0.8641175011969866,0.2280930172507781,-0.7977552952620062,0.5252118810647302,-0.9428847505211518,0.45832086641914105,-1.0720973026304044,0.3395184541573403,0.13382619258274334,0.888834977378221,0.6765616091860721,-0.2706645798062227,0.5985841413956655,-0.7400667714873979,0.637925774114775,0.6935516042521906,0.9710908312271244,0.21666812773904737,0.5201376863922657,0.12133034219297921,0.6279906531345245,-1.1185746975145512,-0.039079032620230485,-1.0364333986415426,0.6887268035558296,0.9951877509521533,-1.1497581157518624,-0.7243022246135563,-0.9120048138439651,1.1359719956148442,-1.2130817647441177,-1.5301385351855799,-1.4893089132362185,-0.7615380839263844,-2.641067430240811,0.46406466418860204,-0.07063127069186939,0.23725671198974305,0.1751205155975646,-2.2860405664728507,-3.50380355478183,-2.361170571063978,0.4399825178343507,0.5437732991476018,0.4120232580796896,0.0027441136622104526,0.22342636942858768,-0.5338254035172973,-0.40012952691897175,0.8941760486321085,0.6087796991693283,0.3153487334660475,0.31148948368217355,0.8037041478643504,0.5714055495058348,-0.5488416991587556,0.42626519035238225,-1.2060618240789949,-0.1963599179416637,0.7285172536587087,-0.2733400020685259,1.047820509782741,0.7235416354269602,0.7648906546132287,-2.4740672105064263,0.8628926605111987,0.624452265337045,0.5148593576894073,0.868760397942124,0.798407611050523,0.4032189853491577,-1.2862908745423824,0.9444457594181219,0.5730822284526043,0.380773729143691,0.4526135589060127,0.52828448762575
2021-02-19,-1.3240388474202167,0.7299336089904237,-0.019013626940926346,-0.6867563406715812,-0.20424556164079544,0.8268641310360036,1.5765028997883228,-0.1217942264633403,0.5626006091232777,1.267881413700336,0.10234486747338989,0.7983038336964632,0.9863035743993069,0.858852587360318,0.013935734801580606,0.43462344743743486,0.5901181571137736,0.36490730316270026,-3.965364338569733,0.3384601649254256,0.0729284620506368,0.5303156429925352,1.1702453189735396,0.4903701207584206,-0.347448686930957,0.40744302295133783,0.17194107159187166,-0.793901628042016,0.37630181995728784,0.5962247916038094,0.12979434451163627,0.03624997068237423,0.7110216056039319,-1.0752713382147046,0.33617249370711144,0.27999658339781924,-1.3184858154164802,0.0030092520870683135,0.4813335748065635,0.6119404375725526,0.624012521071731,-0.2620734964515515,0.781676252737331,0.9321032093651888,0.7658066398241072,0.6762402864242595,-2.4012348945629114,0.5909360366948396,0.1369189315677609,0.47887564735878513,-0.18107098760753887,0.36861281431781545,0.7397946229161378,0.07692944349183393,0.40979715510273934,-0.4744519692129072,0.6968256735778731,-0.5641355700109806,-2.501836348098972,-0.11099086630255406,-3.4254520255642644,0.965356196006674,0.20975430891184665,1.6046741177003594,-3.844090550511631,0.1593865331703358,0.5806045366104766,-0.4587270591155915,-1.1903581908301797,0.10942519624007102,-0.9161302067071863,0.371912492877711,-0.06823184350337098,0.6612466102048918,-0.5576284017644121,0.8140300297464044,0.25564186790477106,1.2894517350400363,0.4241247549859976,-0.2963202133288033,0.49100360577582713,0.8190095952493714,0.5877928464350142,1.316767297044756,0.6677134913539251,-0.8588943803543092,0.7450452944002907,0.03020836637731831,-0.8696627160735595,0.08426356426421563,0.38010443529524546,0.1552961122366425,-0.9375199862579524,-0.468916131072752,-1.2403248767337345,0.16825464864298142,-0.6239081796439833,-0.7628403066250913,-1.7747287530598304,-1.17767057857028,-0.8495418128818756,0.17655657816980802,-1.2552681247139597,1.2713280266463411,-0.08077652648894494,-1.6194265798017173,-4.148406216869888,-1.0606444705308997,0.15192070879281758,0.3211495811981463,0.5529751858785209,1.1613313720014669,-0.20638515353918702,-0.32380455848176803,0.34094033747331215,0.24318945076244786,0.7582539559674907,0.149509201909289,0.6285584856897292,0.5186466776405976,0.7109534556232002,-1.7969616106928055,0.4110587952335311,-0.34136437601999,0.23075196106245544,0.14431579665678348,-0.25327223000831167,0.29815167078993277,1.0954041887224184,0.40538748862042245,-1.6913133317985256,0.39843383558330225,0.8660067623321647,0.5831475103749852,0.6265523284731307,0.3453068969695509,-0.5938428502052422,-0.1358095607767812,0.5515237803583941,0.1840456518299427,0.15383421547341952,0.10211471894299028,0.7724700087261002
2021-02-22,-0.40673115040441565,0.6393908153558574,-1.0944614129802996,-1.2576663873664504,-0.3616472964155332,0.7357913308416132,-0.11478570613982857,0.7944760541102143,-0.6769236276090055,0.1782436900762599,-0.08086549042936024,0.9017173087393413,1.01925719224219,0.1018943248116052,0.3971295449629152,0.49797817196225114,0.10843627961640034,0.7459084396192193,-2.618539518467704,0.5071180577724522,0.48630217355364486,0.320833385495516,0.5552159053206416,0.4205240757020563,0.07400372746522,0.3300803283513791,1.0624786473902441,-0.5709895454330579,-0.11290416637845009,0.9066973154312039,-0.02318322154107459,-0.13756331411632294,0.4051686160267979,-0.409162539835171,0.9797557232151555,0.058620155278781214,-0.606499776819273,-0.09307673777021004,0.6007104100284026,0.10812939822489133,0.4925854574395796,0.6851273757738786,0.9989706329641445,1.004849532064442,0.1753168969234302,1.066977874514774,-2.221608985851373,0.6410447395284581,-0.09307673777021004,0.2952488870921417,1.020371261974177,-0.17874730936762295,0.16059174945940408,0.5707292386196231,-0.13073676098077003,0.08918516272950607,-0.14194701804767032,-1.3966479360541852,-1.4748499467535856,-0.2017266376023166,-4.735200128596765,0.5239360643385135,1.0277596491130299,0.2766762173880058,-3.1146046975539234,0.8677634796733594,0.8452730084082791,0.17375218626859168,-1.5456197904472966,0.24412946264082655,-0.14744825763418629,1.0461862759361416,-0.09616615504671212,-0.2635483892521357,-2.5635262700747634,0.8088049118501152,-0.18635183279418555,1.2424482039218159,0.9397295128197622,0.4598489124402908,0.09516877983577897,0.6043344112022317,1.2412097743480193,0.09451423449805052,0.6748943686758072,-0.5660476344674483,0.7914746822720297,-0.010673555561762527,-0.12244708268921854,-0.4160840288786157,0.2723912820300343,-0.055115548901749,-1.4617609776082743,-0.19259712504989815,-0.4556623038318512,0.3481336100639587,-1.1143938893219378,-1.29462279916056,-1.0570884539072163,-1.420423646802248,-0.978845287567745,0.6696998519806395,-1.3569699409730431,0.4924604445589544,0.2597965910342064,-0.34218956479144025,-1.882870060103781,-0.017642523657002772,1.7175482645589972,0.4049449380278815,0.9993751751972337,1.0843735470503697,0.5852833936391114,-1.1244734540049384,0.5906577062675382,0.3486565833588985,0.7689552850531469,0.2581131628148638,0.7097721581419196,0.4410867788366505,0.3968020385607265,-2.9066289073469074,-0.1071788543258999,-0.048960819147001615,-0.23629741651126926,0.792774745495985,0.7638039380268489,0.2897227102017994,0.5452240350464288,0.39544315485663334,-3.1314849794121753,0.7479811882257265,0.1996200413663282,0.76424261414074,0.05025135791466385,0.36234010251058585,-0.13849987361835348,-2.563318938191597,0.1917576819154069,0.6234603531636674,0.4165186811978354,0.47135852213611434,1.001770457683297
2021-02-23,-0.19343993992560743,0.5042338758380969,-0.28361419148416656,0.04727334029985307,0.3016881734090626,0.7094783457554841,-0.4592969901157311,0.3956695122099882,0.3290970472918546,-0.44357919984704264,0.6393426922236939,0.5460512731068194,0.5964067143244022,0.9192727019624115,0.43709741491845855,0.4433537139564722,-0.6093848084591216,0.5973436774903202,0.18180595184937137,0.3734979474106801,0.21597656423988298,0.7973526736083612,-0.09876926691205158,0.7055938161694664,-0.25857815510105564,1.442677546498351,0.8383521341633312,-0.9464353316910563,0.43220895750106936,0.19698944585725303,0.5427619906009592,1.0419439730597435,0.5027280444343343,0.18542128018616313,0.5068589562708287,0.3975448628462565,-0.23428005311412595,-1.1420697146896743,0.46213668633582167,0.8827972832775138,-0.3383232474546133,0.3980831396844427,0.3426641155637669,0.3585562071752865,0.7242836841945471,0.31812137611256197,-1.316127702685079,0.6312894766121355,-0.09590955185758912,1.3341218867544429,0.17316782215873686,0.31190366098563677,0.5477650410307422,0.7942987785226173,0.6480887679780318,0.1605295132497598,0.40609432144619667,-2.596505710324667,-0.4347861009212076,0.10646047976585926,-5.192383628560879,0.3614385976278622,0.35775346179357814,-0.019152079217043212,-1.8767079195523835,1.3533294602692254,0.35027534857540943,-0.19726291457347303,-1.374739539759367,0.43624582570872705,-0.6719721196155215,0.3891048844912362,-1.3316074412962837,-0.371407693944008,-3.2872311453421146,0.4148480527241927,1.5432613236269181,0.41362496906771024,0.2637793211489489,-0.07184261261656692,0.7698140105691752,0.3271683436163822,0.4075203929579721,0.29697825413892015,0.33041966370707004,-0.012805299156550386,0.964144531437322,-0.10766341684086758,1.033993808743064,-0.33486556760502895,0.3863931920809992,0.5638209051273951,-2.2158079884129904,-0.27064969152684826,0.3551122132209093,0.40753432233444936,-1.2099744531887606,-1.452002695260229,-0.2719784866146894,-0.888408087741788,-2.2410581521580935,-0.7641545845410727,-0.564786869819313,0.4313059646769802,0.7408694082200163,0.47477964566134134,0.6095178066286222,0.3990438491714243,0.6233114171300097,0.31496839572579877,0.5030386875105409,0.43588161742640724,0.3837014895713141,-2.54655725777748,0.3226640557082676,0.3946866910079798,0.34533838601602673,-0.3202446937045736,0.3630691560123706,0.3299749625975001,0.3915139353708102,-3.4492129798251216,-0.1476507845808332,-0.045569386669863814,-2.255738560844417,0.3862307996364401,0.6100893240892685,0.34002307460631753,-1.198899539544659,0.7841360301805064,-0.46521535874552206,0.3194690317036339,1.0597850674033156,0.6752654507044549,0.02737016386935167,0.3942926259339612,-1.4071540391322657,-2.9312248261429907,-0.16121619287617703,0.6815841062712178,0.4433537139564722,0.4374181569934434,0.7306172066878462
2021-02-24,0.7689809188811392,0.046903843257917084,0.3323798041857229,0.5045199139798316,0.8248549447159625,0.5170102424388505,-1.0515586626879332,-0.8825922578027074,0.7394754471412321,-0.40537264459174055,0.9847076375960202,0.5140885559983823,-0.9537413565317806,0.7817590948835548,0.003675641067904898,-0.5830012893253168,-0.141800079779131,-0.2871384126046363,0.6632963578904275,0.7638731152239764,-0.09368477351148487,0.7881326522409862,0.6256111917177329,0.5519006147187184,-1.908910129068503,0.7321866384992536,0.6080876880710081,-0.23901646363928508,-0.07603212141720356,0.10240520392966149,1.0596282157972723,1.742006384380182,0.9086270941018675,-1.4659841376992224,0.3286055868109874,0.7767395174669764,-1.1676421872228502,-0.47899056289682546,0.5347393770061881,0.7453796354441066,-1.1051287574205153,1.0895719099262895,0.3520496151876913,0.24263953176870418,0.49165308290684817,-1.079952562388193,-0.2565680696427011,0.8846246289472327,0.011060983830242826,0.6641867186383694,0.5367066036612647,0.029671966478185353,0.11907392731022577,0.7674101751857791,-1.0484694720608543,-0.1503986589727741,0.3136498896344516,-2.217152363549838,0.5799455618122229,0.5174902488046331,-5.441271237155484,-0.9448827323020246,0.1210119855728687,-1.3779858042099489,-1.2608906860298261,0.8933116385921246,-1.7020120149282074,-0.33669808383586536,-1.8271615705456499,0.5457019988320119,0.38242794481167347,0.6924557577153688,-1.3009531504880838,0.38902475733552133,-1.0123296359374456,-0.7109037772735335,0.6507881656745453,-0.581728285220969,-0.5174173261219863,-1.2345057554293357,1.1597715073882502,0.7144443388951108,0.342688488415228,-0.133147787922832,0.19457021937121013,0.39449235730717597,0.9126679005949792,0.08434490991387714,0.7899455635813472,0.4190356264738242,0.5536945536504159,0.7209699932779066,-1.4793553419295713,1.2123856891276146,0.38706519855994803,0.3172480989466215,-0.6370122108887716,-0.8452384425581243,0.7279359873466655,0.29599298285348613,-2.0632522027447204,-0.34294775635378594,0.5570402412607224,-0.08422242968049512,0.8369543042665776,0.03476408525744674,2.6550389189006354,1.167751291273974,0.4337596292636563,0.5606534476848527,-0.9636639922874157,1.1435647541322735,-0.03266863604568888,-2.1595548934586906,-0.4457716460432719,0.30945853296455206,0.7002002978363663,-0.7897894123453054,0.18331982376832745,0.7359212824242617,0.7741920410799253,-3.0044432781934045,0.27550700056792676,-0.6316512920965484,-2.054549399628154,0.9469923587854906,0.34213989367927916,-0.12045851232798112,-0.6990105361162116,0.2758691708562861,0.7446726289521727,0.47765387826152317,0.9713036006798337,0.5069666787449792,-0.6173372477491396,0.8471315494355955,-0.20636298374713447,-1.607737818188455,0.2418210630119486,0.29869125173006694,-0.5256765703408909,0.047412360292316345,0.7656615020511821
2021-02-25,0.3187392779009488,-0.6507709996867443,-0.6481218450110564,-0.8390693681889018,0.4084437102943956,-0.36664832524179775,-0.5449586881076235,-0.422996766436526,0.8896676155616048,-0.8772533887796293,1.0440111555634997,0.827070972668034,-0.9897117999688593,0.9574622866870174,0.3165466851360614,0.25382801819282325,0.4578129442746547,-0.3188000876817435,0.3778728959975915,0.9147900062671342,-0.7135225168715204,1.082198692859611,0.036227193171198706,0.5687389728223241,-3.432077338280381,0.38286432650869895,0.6470856610697315,-1.2289512281679964,0.4568574480528754,0.012625521882428544,0.5526648142822624,0.4512467983961027,0.3825200226504781,-2.7334151543189518,0.49682966781185567,0.7368185096936081,0.044292160233768835,-0.2927076178204926,0.5604155673073126,1.1514220023538169,-0.42050919615607174,0.9699727999211618,0.5627816548248181,0.7379510107211276,0.21377354392188938,-0.7930678381233996,-0.19298887717026764,0.6699816372310272,-0.8420515215749085,0.8234209740750927,-0.2267260617832133,0.060407678791930416,-0.1789011549408744,0.6113552368518954,-0.2393993660045782,-0.20662765955363244,0.7947685502623485,-2.100690010006367,-0.16319768259268816,1.141627713754385,-1.6703181121390702,0.4529398532283424,0.5888737185328523,-0.9775624626468034,-0.4462533295547096,0.9353368521973476,-1.3916416735448094,-0.7610659217047908,0.1575847552246316,0.8879708274000905,-0.36307330247979813,0.9557351918623059,-0.9944137124650675,-0.20802236261216234,0.8800229219572364,-4.9690798002669405,1.0189004571186477,-0.4312499079031971,0.5389434951666036,-1.2587363102902123,1.5135496139808509,0.5233558359011391,0.41508164886832644,-0.47178821333377996,-0.6220240423121268,1.7624223901747529,1.1731220764877588,-0.676596917623127,-0.5857191626603179,0.6522069400818387,1.024808092916076,0.19132254654163833,-1.5089254792763565,1.0675173326980443,0.16069735289838633,1.085556264843046,-0.9389226851574186,-1.216808748150775,-0.34749952912789944,0.1961406566653269,-2.2842035786414705,0.4006701249259789,0.2704119812604986,-0.8078726927802202,1.1787856241423218,0.456190712790648,0.7990539120691967,0.6601871886448285,0.3754617117245289,0.2517963573116128,-0.4649090614908554,0.17627727972287452,-0.6945308902020358,-1.7374348674559565,0.11539601379656428,0.8396675635125489,0.9535831011593289,-0.1629005286056408,0.3078368365546032,0.6192257285353263,0.23232899971897883,-3.0923559193893504,0.5765045598244607,-0.5500390650832415,-1.5898446095768572,0.6907285719493312,0.8229367993232591,0.7872632291624524,-1.0185943206711854,0.8295848042943977,-0.8832814117059834,1.0042902674117509,0.6077986951584434,0.7769768388053111,0.21345996649849247,1.1924178761422042,-1.1413719314341864,0.004852096358894165,-0.36335398087380905,0.8514686617755591,0.1322866393581908,0.10278250087765887,0.726151828077169
2021-02-26,0.2352070885222364,-0.36517875055230226,-0.8886867194616664,-0.28231798968055194,0.261464577614056,-0.568071697092939,-0.5368802296474237,-0.09881466256658898,0.38197540769869426,-0.7168870423963623,1.2196236251053831,0.24933691912775796,-0.00907565719964281,1.0347836571629667,1.2074131409121758,0.8278135599550532,0.1805406746519337,-1.4912262075483425,0.7441199077719892,0.7590578011476982,-0.5966866792479636,1.8564223826672654,-0.2916052554178723,0.6935739045578487,-4.579783311795014,0.13437824758823988,0.21246022095990236,-1.0349821145708737,0.034068502284698425,0.14728211665097823,0.11556588181691074,0.026610098783098654,0.3273534889759724,-3.0276856400322556,-0.6754954211626645,-0.32005883272756086,0.13437620032727438,0.08536835918969943,0.08043619334454398,0.8547361006947303,0.08146206167432826,0.3141835213830181,0.21930645156746045,-0.15538818061002957,0.15593240977463188,-0.7316244505108477,0.4488079989296742,0.2538171550411073,-0.6343527144906996,0.20196855371571054,-0.9240660949480333,0.9031571839210514,0.70473430729241,0.2757198603913909,0.23949663314272762,0.16848456436594159,1.7674025574124692,-0.7663575978947895,0.23072067575633243,0.6415115664818526,0.04413885963121245,0.7863330000460989,0.4974119769067321,-0.7424211353610073,-0.7448395924428077,1.115222155394378,-1.6020349888865277,-0.3401369379042841,1.1214040049361083,0.5076580769677713,-0.06800263238483728,0.6732684049671797,-0.013533418272152984,0.9597656155085825,0.7917307538833529,-4.143496364759697,1.610086631663262,0.24067831829755218,0.4358220530274858,-1.8179172713860876,0.6695021631372136,-0.1398756489399762,1.2485904072290714,0.7180573293974324,-0.9882334689412632,1.0604318511275996,0.5039057641254865,-0.44057155982357415,-0.457882030985626,0.45341790689173567,1.0050275555414845,0.02979592772565764,-2.745188389368024,0.40668773050646057,0.06128330846703047,0.25904913849061956,-0.9431080478994305,-1.0929048314359076,-1.0464604403637527,-0.19660298880520996,-0.01007564529852201,0.12953044965656582,-0.16434540100535838,-0.3201067711987412,0.7720461930415704,0.35943284150711835,-1.4484375482108536,1.3141349687043817,0.4754546049343109,-0.11675217308790346,0.31098928147511185,0.7843796231583998,-0.7547873939030045,-2.596476366947764,0.25066500885947296,0.8378816140311528,1.822657203822722,0.11290237462127964,0.03289373058715794,0.29198972677414453,0.3534670801008181,-3.633573202456091,0.6514867687309399,-0.9273422946206856,-0.02967416712679756,0.7434383331995137,1.0438669704288255,0.2538622709749738,-0.21373400755829347,0.2539898005402632,-0.7606162352399636,0.18353608791988096,0.586315817486463,0.4160334827925887,0.5163016870181901,0.7121076064804306,-0.3414499241817764,-0.23148093272242073,-0.046364315806075675,0.5901684369301434,-0.04721320623950179,0.36419515311100786,0.08719497400004299
2021-03-01,0.32686028058986033,-0.2751916484812662,-1.2231403703401966,-0.7084418077586884,0.40212753370514465,-0.5674893066724993,0.32033235123494214,-1.1623400803793569,0.1510116522662601,-0.18959783587381665,0.45228083728190516,-0.03316837505209472,0.4505373418173386,0.6860012673087014,0.624734627996028,0.7074495707233516,0.5182950731918571,0.17756063448088846,1.4663408729742757,0.5686718355589326,-1.6736732822001748,0.33777468019891205,0.0853796825798432,1.9736650318454763,-3.775894971919616,0.10047857612592007,-0.18992708222139562,-0.6599042938015449,0.16755876946410336,0.8062473521711482,-0.08776417924528894,0.2372743554582022,0.6634082076489239,-1.87321727678607,0.5196740048238634,0.09210442298136776,0.4211304855573775,0.3291815717153908,0.4830353561467613,0.3434039640621987,0.43337043715926443,0.5594225462500884,0.10626427498350415,0.8900098642234715,-0.004940991947996273,0.5632901129743128,0.5765848023311483,0.5758090593944301,-0.08242230065258382,0.6517124713949833,-0.2826120473841572,-0.4019098801803717,0.6727698969850803,-0.05230189760575207,0.1464431386601649,0.668679450671042,0.4439892475680345,-0.40786220683847385,0.19595474900964366,0.6772155621560632,-0.32871861330068963,0.5928490688930363,0.48422535572790976,0.6825746152838772,0.489313161260417,0.6830841164318052,-0.7947062114416927,0.4557977785549431,1.3262189801615691,0.6245617941711074,-0.548480520473942,0.6110426115445388,-0.16197719802537874,0.5483518124129835,0.6167244015090643,-6.781027209460368,0.4688566630516777,0.4274293848741396,0.5707146691240689,-0.9113617451203394,0.6982405182633625,0.26908949400444987,0.6032749444986886,0.6315251256033901,0.10598536735064759,0.6404742314164494,0.23070920873030534,0.3541801509018573,-0.06225873008901619,-1.5350619329388473,-0.09815413694240815,0.44668073466188624,-1.9708733274881003,0.714049048697092,-0.5732348399596235,0.3289412347112657,-1.3957081057819944,-1.6689329278871532,-0.9182826895321076,0.20578424418575622,-0.8049338451088163,0.710298723982068,0.714049048697092,-0.19398060295065528,0.6640776864495868,0.7491353023380554,-2.1232054685915265,-0.26525401828286593,0.6800276641988307,-0.45893651410889846,0.7007885852234856,0.41031472510152317,-0.08382171122946111,-2.4666552213015014,0.629511565560651,-0.03700684187413462,0.45062916560134386,-0.06905828289622751,0.6999365670025216,0.46260506195310325,0.1643591964602424,-2.785628954968363,0.542097826115009,-0.7957753426901483,0.4352821205498693,0.6429253538228771,0.5829979369144477,-0.04110001889105923,0.11708605017544343,0.5421271968323021,-0.6756760996956419,-0.45475484012879447,0.2529588589982877,0.570205773984409,0.018524175329125703,0.47151415642783795,-1.0882962841742334,-0.5275750570755335,-0.25955667413220496,0.6455691098900975,-0.5234947779611554,-1.7055478347041866,0.5190998932440483
2021-03-02,-1.4189746484002221,0.25924325493700306,-0.7176731106047308,-1.1814945753025932,-2.2953430597460263,0.23921397997283203,0.6986472289944826,-0.20156270430124393,0.1565137802564506,-0.09517726222307227,0.35619987258641705,0.042456754322096495,0.8434978546215778,-0.13103205576265217,0.5657196188977858,0.6796057551260589,-0.06640236524323596,0.27580259945396773,1.0207217283267491,0.2774588192898091,-2.230722987471574,0.6868660662125571,-0.4850873005055537,0.8901618771861836,-2.536428341745322,0.33073976917623704,-0.10045933249096348,-0.6123944572884128,0.5024360477843127,0.6258359212467468,0.1513354707755973,-0.40598285866116685,0.042338936563906415,0.39882713621655913,-0.2782558785071066,0.27700251606073356,0.3707370945960371,-0.09423086270217576,0.49465027258193284,0.11940287043648141,0.2229904345206927,1.135302161369872,0.045824788184666905,0.8362426004662709,0.14278933354794068,0.9821149836424653,0.7966479449768364,0.30146656075996353,-0.9857859955269744,0.7308519287733247,0.9382722731137092,-0.4122519029426824,0.027680492120527096,-0.3763444559973439,0.6957806299455416,0.23311978372739453,-0.5074458299032018,0.3695127696716146,0.09230055375215478,0.4332100151530731,0.9052437283170237,0.7668686578585912,0.49999445516260027,0.7057251667328686,0.45430824571714273,-0.37352049364373124,-0.40301798100393416,0.801596983566109,0.8650519807782789,-0.03610383879602339,-0.7772435468015912,0.42194535731146643,0.9426162824026606,0.17722365221637798,0.004759755910321558,-8.269175233289992,0.7676346670688498,0.3033115065124905,0.5747419513822084,0.22522563582784216,-0.9860723991829299,-0.2189678556289646,-0.6889834333631412,0.685072140335252,0.9459722822560244,0.5263782420603613,-0.3816772858692571,-0.26173877208386853,0.12789626689188838,-1.3108492170934278,-0.004629742953312974,0.6828644837860001,-0.3463177194879178,0.6461818200267437,-0.6189864418106458,0.059186479443281224,-0.8839517295359497,-1.154484444037508,-0.8132131295209915,0.574846255686122,0.8516363210519996,-0.5596554961095216,0.3565025364382817,-0.38058305145805654,0.34750143359702773,0.8671597781606599,-2.2442061400071216,0.3867728867132142,0.4866360903156807,0.09507377731431631,0.8899905791708712,0.4540845669357589,0.6011881198126031,-1.5438131729763094,0.9331493629918728,0.5182900008297411,0.32680471526155247,0.18354021036969975,0.5923671560356579,0.22841889741019314,-0.07192517488545558,0.4007666523196079,0.4229355597688617,-0.8158852049018115,0.49313136949042424,0.015484046870067976,-0.23369198259763072,0.036449020690709585,-1.2433366553888252,0.5566706505122989,0.15845790534707876,-0.9443579331342832,0.018572427458962176,1.0425166709761275,0.43597561205445445,0.42240753082636967,-0.6801173913602689,-0.3911799354184524,-0.5915511147829902,-0.31391175855160064,0.44470240847971837,-1.362971372612384,0.5178148698111645
2021-03-03,-2.240693635623354,0.8218903324719671,-1.7205425982169074,-0.6926740853512053,-4.289279696929161,0.8212299853923637,1.5700932889970123,-0.15313412717104524,0.42020962752561575,0.9233167358275776,0.5919158588506955,0.6826689820763385,0.14398117586536102,0.6185255571587285,-0.9734901010203495,-0.4340439449520152,0.1176238063854983,0.01231078016814351,0.37837285900424444,-0.10493269818961057,-1.6437708777033895,0.1688548398659431,0.6676080340144266,1.0398464292258252,-1.226557131798161,0.7316503263370897,1.0509092991952114,0.42680250302634654,0.5679322480563509,-0.7781522854821349,0.7286922633818731,0.12309154354551756,0.39043787368840804,1.0963093628718208,-0.8765537768270496,0.6065920419452311,0.3729133551151327,-1.565962806409676,0.5492186333277633,-0.04780672918451822,-0.6847189984547859,0.8278154709386967,0.6498667333506543,0.4484470377222148,1.2159205715730153,-0.683160620422345,0.6927271880931478,0.5984346577196039,-0.7597485471008706,0.7959509943569175,1.4670449847425013,-0.45591076958046417,-0.3008672807503676,-0.1287103068607449,0.7110443820923762,0.2591234858361187,0.338213609128145,-0.25793231983948595,1.0925309737711373,0.5829494858449458,1.423282839458005,-0.1095605537442321,-0.11847085547013607,1.479711222970082,-0.6565739642724313,-0.3029908336980542,-1.4193917524458757,0.34131495071029144,1.339889377182591,-0.8441542159469276,0.3242775591779134,0.8414052871311988,0.18973296323537744,-0.8168933274108379,0.09198372827625231,-5.109501280011864,0.10490357851328454,-1.2843811725611796,0.7353855417489696,-0.7329809813646834,-1.6117319077142784,0.06887803727494379,-0.1256751739767708,-0.09497619399288719,1.3000373333689381,0.7483652205613762,0.3715478252328693,-1.0341612393483952,0.757610724494449,-1.1689131039169307,0.5956990025016523,1.0326289836529132,-0.6263138827588819,0.4266883792652401,0.767514719348045,0.12166361157991683,-1.0358856516376078,-1.4166365413645046,-0.19154767951686233,1.30007402006884,1.198239968500186,0.3624112741187575,1.3732486026716655,-0.6557158072346104,-0.03177312590177541,-0.9712794954767695,-1.5835061414124298,0.7008374349500275,0.14483398049544474,0.2289463663678592,-0.5665268246824998,-0.6723863798806832,-0.35594110769573895,0.22212938092029028,0.38348576189328654,0.915870724115884,0.3943524479347318,1.1283597597551644,-0.274371553884205,0.1299932082539544,1.2446012956414363,-0.6970521413261569,0.5680899203555763,-2.082238167243052,-1.164237050992624,-0.31772363039305046,-0.3083397479209051,0.2950432335978189,-0.9252726648111095,0.5784489256529605,-0.4812887135063182,-0.4478945933276576,0.21880592017758702,1.6011213910228064,0.39390089628365776,-0.24390144035653105,-0.4145503921357552,-0.7897819387261138,0.2550419525323375,-0.49229414245869973,0.7577105722198288,-1.1776756063902807,0.6119990730729594
2021-03-04,-1.0082201882057829,-0.39746216192536343,-1.334081855587875,-1.5609415253593832,-6.01827479123712,-0.49481508301604116,1.3245177828236139,-0.9349220181664288,0.3862600803597478,0.8136507190740441,0.2164507683766071,1.009387891846569,0.7929703749999408,0.6206077192095848,-0.04408336010037357,-0.10204399534762051,0.053449846769195494,-0.05461837204693408,0.16241542015641647,-0.12644516392621166,-0.6734185748089091,0.10421376539088463,-0.07264825228122569,1.105221386097693,-2.2602367406137316,0.767662648052528,1.0095564790541964,0.45734032157487103,0.25731111902134884,-1.2652622042504664,0.11576374012291182,0.36542925790856606,0.48073045107701495,1.223350595816571,-0.054947231768103365,0.43325449545791106,-1.694189452190996,-2.3383059639535557,0.007511468194350988,0.16077035146813026,-0.8294581939087837,0.09466016183582572,0.5784542170367795,0.2823046701350372,0.6413152211215707,-1.510824796742704,1.0688878511626838,0.7711473346413105,-2.0709428523253965,0.9108465455116291,1.1023397930279815,-1.1825668292984868,-0.5135247473111644,0.10073450922603773,1.120693890384012,0.45599457519358,0.25367955494576305,0.6184080339965454,1.091313479534973,0.35903033020372843,1.2517737479333673,0.42475041632680827,-0.6331761635193149,1.3152272684555706,-1.099287552060538,-0.6108721125749337,-1.2798759432489288,0.44110004998192204,0.8521535998968515,-0.4413512678502756,0.6525587687952228,0.663105201350038,1.1826928289277574,0.32579258116958604,0.16030594955556313,-3.281521527350957,0.05111452399409881,-0.4116509969946407,1.1048631492511096,0.2729589969007106,-1.476568736614632,0.3717403848085155,0.08802059983720978,0.2072579544595347,1.1576034434815383,0.705664314027229,0.5192070654466024,-0.6200841376741564,0.024769366780283048,0.3824605270128969,0.5885579507979054,0.8663863437432434,0.3717403848085191,0.699724911474762,0.850664866678982,0.3886470122655418,-0.4597246415299979,-0.7115283154709959,0.42823822409630674,1.1449405542086408,1.094286637790707,-0.0053781653727211646,1.098763198049666,-0.6252231480463344,-0.028781258024681965,-0.8885643406359178,-0.2983934194318723,0.8581860805601674,-1.0855378909100608,0.0012814916938738608,-0.573830583799907,-0.4956471341690488,0.02558867866387018,1.247168877779452,1.0072212959805902,-0.23988220752088896,0.805490343865968,0.4378853614894891,-0.41886031935336926,0.3187092689470845,0.6322310916502453,-0.25377787027461846,0.6932969594978395,-2.4067633358433453,-0.19812174460429627,-0.22501300294598053,-0.04866424774280385,0.5815110716596659,0.03299334824135615,0.4167451192522744,-1.4103656359085617,0.8698377284917805,-0.16928274691483783,-1.016353794497115,-1.0438817711789437,0.1176811654165799,-0.49337722288706193,0.9900248105101097,0.15616303988403876,-0.7034641435917525,0.38166422848811077,-0.5664512960224717,0.18510339374945056
2021-03-05,-0.0767906980943286,-0.781640512730249,-1.4937545550070703,-1.4815753963946998,-7.217202464938893,-0.5428181769589984,2.110829951544029,0.5928673874318878,0.5814236765264204,1.2349754188062003,0.23579341027197637,0.7174496886934454,0.2943517221810759,0.23904041743766236,-0.08661818305648099,-0.6655902805581932,0.23744950516915922,0.030673818813439713,1.4690149139016484,-0.6588825831953856,0.2615570626485819,-0.3285882990761743,0.35935860386151613,0.3091399909713078,-1.1116454906267315,0.40271588065789443,1.0067113581743532,0.19874542947541998,-0.261676256405565,-0.005626150383887732,-0.41552876557528123,0.2504519679775357,0.16694155308802922,0.5213770664337528,0.07263483031763765,-0.5453752283307859,-1.0925357039522994,-1.4857062979323186,-0.7585392970376479,0.23801732346552282,-0.4002857713431796,-0.11235419547338751,0.22133189842723622,-0.03981414032677682,0.6993100299097075,-1.5443026503915356,-0.4377598413807006,0.31824469707406,-0.15534819812613018,0.2602696391559174,0.5471678854059638,-1.1743604128013712,0.2852005978521877,0.2242570206660167,0.7747098317942458,0.1854664107934026,-0.33988432210055075,0.9055074482629593,0.7105865943699834,-0.2236757988511107,0.8807157231422081,0.3039204773652649,-0.284977390038831,1.6723000406968336,-1.1727758670810826,-0.5868483409018019,-0.910464660352559,1.1745283412277316,0.7261316309847407,-0.2754535475734189,0.24207175099543615,0.2566379527025936,1.7166627797525067,0.2928580103972956,0.22656310153399586,-0.28171857022359675,-1.2762332387166755,0.2616564565137325,0.3130932124110205,0.37769240358766587,-0.2730823036426574,0.24066781337928486,0.12040458311651245,0.7767186379744253,1.5260411501417446,0.33800878328889156,-0.48227948017345756,-1.0294725413127424,-1.0495499618742943,1.1824417703639414,0.4484663978492613,0.6197349262935622,1.0874479714148075,0.26207292585366726,1.5680508103916693,-0.3078051073293351,0.23762812283226298,0.22423652527121,0.299992008896586,0.31824469707406,-0.24143575564574404,0.29894477503071426,0.29604773178697746,0.21407393473653005,-0.4593073572781252,-0.38667925433083883,-0.26880437594468154,1.0304316788050256,-1.5088944966370512,-0.25062403470816214,-0.6215981546757529,-0.5915046643487892,-1.0230642184055059,2.211501613808453,1.1912032378943878,0.08933523917251317,1.4078080719535038,0.4267168074025797,-0.6606488034281223,0.23059774921398546,0.2994272250656028,-0.05601258611437929,0.4163189133808993,-2.4503930979215425,0.28447829511287837,0.07907886921423792,0.11615173150476582,0.11986489379021764,0.630235608899784,0.03554889836764877,-1.1921144785986795,0.25413395452968646,0.21837388337156252,-2.242199572925849,-2.005488007749109,0.23630151752233383,0.2399239544719292,-0.8394912213847292,0.6952280446178307,0.19706560457946143,0.1968950209338936,0.2743958549750379,0.11815561321160664
2021-03-08,0.7290689013312561,-0.362487396272785,0.023657275634070243,-0.8141276543548012,-7.475152775542051,-0.26863927550793204,0.5666064388545075,1.6166005369381518,0.3105225013564484,0.5240878583672481,0.4717065773029109,0.40980778250608124,-0.32509856270606197,0.9124475445512125,0.543791377262443,0.4056621269012681,0.4302502693968836,-0.32863461868606864,0.3390590960564245,0.37764000786635943,0.8864681473101785,0.4448149203105645,0.3876050489351941,0.8908404143413371,-1.8953672510313764,0.5193159050337373,0.3714804314347619,0.08656202017050099,0.36629032435834624,-0.18445967268882127,-0.04464386131116885,0.2826303960508379,0.24987576615723842,0.020051834033537698,0.719692505559338,-0.3602159025549182,-1.0979394176958033,-1.3398421564165373,-0.602362287078858,0.37813287940651613,0.3307402985279746,0.23150663945130368,0.46796371175068324,-0.23721978244590305,0.3707528336824077,0.09484604141988702,-2.4700826362193116,-0.9297271839041162,-0.1691256197496596,0.5198430237028812,0.7467936929771443,-0.6197028721863295,0.45536854689608774,-0.08698842353131306,0.6504314987019667,0.21396462050655227,-0.1321796496862072,0.538477675411094,0.418667425411361,0.46158153140760927,0.5507743059697495,0.48800798540602947,0.3701999179903119,0.5759696073904381,-0.19927764115596738,-0.6268531264329202,0.319281861678633,1.1660873270426844,0.2922363321651771,-0.3135785887075193,-0.7524718646409978,0.49512325478468117,0.3587559623166155,0.3738743202266622,1.1785002614348767,-2.5643611116101743,-0.2654427737709869,0.7517844937162659,-1.1238680964993109,-0.3503903829908898,0.13369523834400884,0.18946428289888975,0.052639335382009066,0.7143932488023154,1.0602912465362495,0.5039041745801196,-0.3904746122516045,0.18638240853602522,-0.37036018089381395,0.5097103358607413,0.8537988122890139,1.268930184738277,-0.44203429832501734,0.7709795007799685,0.3506858440714771,-0.14400698440930057,-1.0785904940315123,-1.3144028524882494,0.2560364910576646,-0.8738374045356452,-1.434079174679216,1.2209518560844,0.3998948879898401,-1.0441399879638498,0.6597546991195543,0.21172065294022788,0.3125997926868116,0.4354039738058228,-0.8279280291364784,0.1518028997994121,-0.1561329645404306,-0.8193191932762521,-0.1919551882883749,0.1350828245101064,0.269112334247769,1.0288604376132398,1.0696695661381084,0.42542360545373104,-0.09402827572586331,0.3184030892401059,0.6977632039952347,-0.9282376954791434,0.787699449609093,-1.5539280715744725,0.28818725897260433,0.40387803151045376,0.2681954457571843,0.7432374486191043,0.8341255667395155,0.3696105857308262,-1.3699219450610571,1.4106858187137752,0.20184284633316438,-2.0660783163053664,-0.8221082946954146,0.02030264873596408,-2.350068193565566,-1.8809957000567352,0.25231967626789437,0.7381116607328632,0.5157069604481154,-0.6034549442821994,-0.011136996124654496
2021-03-09,1.7685673108180653,-0.14161947558120352,0.3394025378819255,-0.26099186667380386,-6.951374200493934,-1.0134509658647017,-0.019771051606779628,0.6046634251475396,0.35934846593989034,0.9368425626197606,-0.6055078886895102,0.5880935606618958,-0.5152235060682017,0.1370967332879645,-0.03506241504647577,-0.03594768592418079,0.516762576859902,0.009199696745734853,0.3279675838475191,0.11478476200070532,1.5748677276422474,0.10233392892496906,0.4460864744949655,0.4336863870699078,-2.2815815527465046,0.578293275639134,-0.020044520122017295,1.61430309694671,0.5567663766247819,0.10514144637081607,0.010513075059831633,-0.9246280445452583,0.540548602522608,0.0986764603254991,0.06070926459412939,-0.3522357522915799,0.04418399439178671,0.0933866210998029,-0.12274143456182483,0.11935859360451036,0.7515878018967922,0.5273584347517417,0.025819567425563652,-0.9342394772460517,0.3313563471745662,0.6230419996737482,-0.7725776668565657,-0.09144218371259251,0.11929252409104685,0.6592069350572928,0.6885726972116579,-0.9909819907438595,0.6840744111067142,-0.7979192635493733,-0.9512755777168399,-1.218772451156292,-0.23698622052205223,0.533709868754545,1.07718019015454,-0.06008417496279706,2.2109010739118347,-1.1197106822361023,-0.2270546396386163,1.699636439441194,0.2258907188401734,0.12186935869114658,0.5856780381633648,0.07405405772897743,0.017764038801529356,-0.5200811006052589,0.5919683498092079,0.17002090094891598,1.335160380446365,0.6086600111409823,0.34476738560338416,-4.047644718517082,-1.8518582189526505,0.427924923750789,-1.3323295193323552,0.6043412569777935,-0.2996933163715199,0.19062755522189384,-0.3097721999873459,-1.279679120495782,0.6491713186944867,0.11620462735517124,-1.0201362649015688,0.1478747826734145,0.19226564049781317,1.6498029144802278,-0.20918784641218213,0.12028744859039898,0.11968230550708045,0.3803904285420346,1.826335040248042,-0.5032863095698454,0.5419843869033661,0.6100484203712476,0.06503439980783915,-0.7196084110454652,-1.136942803161448,0.06532931007117675,0.3161623652714867,-0.1515011796406478,0.030279682811160752,0.23468299987309757,-1.4030053022495013,0.9064438586364133,0.3680436273833552,-0.1444000753891408,-0.17233164557620462,-0.664816428914662,-0.1524098528595766,0.5797797916932247,0.03657828389267375,0.09083628966424155,0.10215408929826587,0.1333512606683119,0.1388504839027374,0.1145551977784525,1.0168904345506486,-0.0471656284124354,0.41788579087747546,-0.024222713594381853,1.7268234856105196,-0.5599246785941989,-0.9790755577358344,0.13608120045505592,0.9007250090370374,0.7542995972750647,-1.4430981946288235,0.3746926839225099,-0.555855727267607,-0.09329233287476671,-0.3251964942136702,0.07495586094015536,-1.103557708099905,-1.4232210798810812,0.04849646119735492,0.08429923895900494,0.6287369523579855,0.03426591703387826,0.10818772311183947
2021-03-10,-0.1697872067228727,0.3803937235717672,1.1438745028975281,0.9534945296719316,-2.5240745003926506,-0.6191970834502284,0.1690984415002341,-0.09945108353575649,0.43841742270995565,0.6876146784493844,-0.4173389659368189,0.6872166323612922,-1.303315860148248,-0.3526776174689856,0.39413879381863004,-0.9182481559691242,-0.3440966060101506,0.6312646951045234,0.9560483357021309,0.5964517649450486,0.8035262468099329,-0.5934310664957068,0.16581000257288,0.6395539939887547,-0.2808607593390931,-0.8030347171875221,0.5583685566629486,0.7995444536174685,0.31420112759038515,0.1565557034052975,0.8258990635748763,-0.023331083191876992,0.07152748790139332,0.785570701261532,-2.8027486746584027,0.1325310610551456,1.6378363638295537,-0.8462909437632755,-0.04352933869493841,0.2898316724531088,0.6376033815702346,0.5149950082547309,-1.2352366523684177,-0.7054073621145868,0.8237100378307031,0.5991355796464994,0.2801709026236288,-1.0302091870622168,0.2828695549313262,0.12421121508404646,0.7476825406790905,-1.1212397091163513,0.30129072098629206,-1.3728958886842828,-0.3624621252288831,-0.22612706393600746,0.7578985961525726,-0.05613702609607602,0.5859881074437755,-0.23695534743226365,0.1596165008720204,-0.8804796458803809,0.5719064609576581,0.5090945829220495,0.6759224084040043,1.4797208534832198,0.8726025416206078,-0.22666683126267376,-0.05638225451276832,-1.089180486463754,1.8805744788375809,1.0700750466436315,0.459490337241739,-0.5336054210959619,0.7119575146419547,-4.311514010419103,-0.8852599019294,0.513353393249208,-1.728235747020059,0.6975088315818162,-3.264368678715075,-0.7044053438621569,-0.6529148236491588,-1.8692016198117805,0.6891293200921014,0.8995290759359384,0.3525106141431312,-0.3230236244299118,1.2112114005104142,0.6033748693266863,0.5809397239548042,-1.3306065714669777,-0.16813192763995816,0.7374785337100962,0.5284714094087752,0.11801400176732736,0.656540924695492,0.6338059911713125,0.5746834274234873,-1.506379012541451,0.5625153534933328,-0.6238990058969995,1.6353052530153833,-0.5031628493808288,0.5800742793883701,0.8733962173205475,-4.009849760831242,0.9616953082309202,0.4619089568022081,0.3231214983741606,0.8426348189953351,-1.7137384012089483,0.6439454196109996,-0.15138091642988635,0.607690770955881,0.1457309610928204,-1.4280643456203286,0.6214495277600245,0.3765902909718812,-0.6066694474934218,0.9584714112481213,0.17950046262394828,0.17218144498426693,0.709739951554001,0.42537153715355663,-0.5260036110072881,-1.9340628765941983,0.1433414621343813,0.48648488027850695,0.7334687736248466,0.2995969245352681,0.4959514592980936,-0.22917511215113945,0.6068703538359703,0.08470002142964414,0.7232929128337249,-0.3155447165895874,-1.7248811811175295,-0.5698691904948708,-0.41325388432007915,0.7502284236456915,0.25827495708113635,0.04262374931433911
2021-03-12,0.09466754240675863,1.3742239501227314,0.6070426910973711,1.5745179241464091,0.1699894298856647,-0.4813125068162219,-1.7333340716909131,-0.9422883722930067,0.26258158475469084,0.9410825197862004,-0.019066752145297034,0.6597372911206004,-0.4471532575603755,1.0855640241042197,0.258443215004183,-1.4860360613032428,-0.8344169314332881,0.2761715329905308,2.3002327077901255,0.239535307865784,0.29814882295032896,0.1392132884326787,0.30350340208596926,0.3204067086866423,0.15438144222022046,-0.8405755911766493,0.41948943755792106,-1.3268132107140889,0.3517800987687897,1.271916489432536,0.6203286139810616,0.26048072199816735,0.18872090691372134,0.5419117553154507,-2.96567791425427,0.7521658531000727,0.30269521605270083,-1.5638915957418282,0.47122591205247666,0.19734817755123987,0.8550064318508341,0.6280029600138523,-0.8351010703360731,-1.8032832984174267,0.7184568624490848,0.3794031337387028,0.4930599928893031,-0.32865357790827454,0.9343685909697041,0.26331032693486306,0.8329920176127951,-1.2812389268670286,0.3438572884758659,-1.004611340009898,-0.6018403975833927,0.8385105661926497,1.4500057644845115,0.8467343575280016,0.09646809506026112,0.06272231199368246,0.325614569700299,-0.0003537625884717386,2.269296057467419,0.2553973718492578,0.20936984111059923,0.5483823016100602,1.0057702887183622,0.3249819867813048,0.08903381359701895,-1.5944518277224038,-0.49492320585047117,0.6929455897160739,0.1882706891579684,-1.6307783881281486,0.7284177522104153,-0.815109218543573,-0.07747942374747406,0.3523922690063442,-0.23255792964108726,0.49952267517007726,-2.0466640504624096,-0.6166957461627616,-0.1319793561657474,-1.5012810803704213,-0.33655466132112133,1.0665820549173806,1.4688336472553116,1.645961984004692,-1.205203894090692,1.058521937106392,0.14214776657622513,-0.46565017403880127,-0.4582516816734497,1.0378408074879744,-0.09954511011658043,0.5669913261053757,-0.44591883508272856,-0.556951292866362,0.3330288433162552,-0.9868456811660523,0.2605812670151392,-0.6488179142028278,1.320324290051539,-2.38801369673461,0.335362090170725,0.9374756926354891,-3.437513789717495,-0.8828259935185149,0.29958865915283034,0.6032942050259609,0.16087549740205334,-1.83102967042656,1.3527534249416062,-0.4105910199042841,0.7179378875297764,-0.56569656400981,-2.299654580593333,-0.21580416740378294,0.6075701919607163,0.24747523060729956,0.6655408506332132,-1.5489074252591395,0.3065545949950232,-2.9544630316016467,0.12961055772442087,-0.6571527552746858,-1.9860161618118564,-0.7139638243628171,0.28395300922009425,-0.04869184288646432,0.11247114319729529,1.5572243791549119,0.23041235590349957,0.3425804620859365,0.608055774237457,1.1469709794905876,-0.20625836455630697,0.24531916505259613,-0.45666857413494233,-0.5823628305053177,0.8567083304452476,0.33631648404066705,0.3722570389857472
2021-03-15,0.042046504380696105,0.6719781309781814,0.13355157166009776,0.7171511948396432,-1.1935584434766848,0.4859922056013137,-1.9401746481026292,-0.16670553707501093,0.08132174455431866,0.348878305506723,0.6778311624420861,0.8424916598992498,0.1438851903117985,1.145319819496597,0.8415261043006133,-0.2848367931583505,-1.107044857561792,1.4309887078053873,-0.07148440811730768,0.29999363326308964,1.0269155530882825,-0.12205884020210413,0.15296821080923015,0.13763224159247733,-0.8854060659282356,-0.2944401930293582,0.008197433641846767,-1.6961304766959193,-0.12128083602514465,0.06394195430030669,0.5528454408081666,0.02953393559497935,0.044034100764168346,1.2383351302458043,-4.64035605048635,0.803017492011427,1.1857500095285063,0.09192068633442135,0.0754404178598815,1.3498166084376098,0.7749481686239411,1.014095941660747,-1.4605820677576302,-0.07634399280284923,0.5236128580527495,0.9484318136993473,1.2337486769748796,0.27167503451580916,0.7306796317283354,0.14802388022167923,0.799103235933732,-0.719806193119193,0.19017372106526423,-1.0290433175153424,0.09536074166570307,0.575801020408583,1.362163217682125,-0.03104301289449192,-0.20622534054246217,-0.2663756105360587,2.266088061829295,0.49197192788287525,1.2891767373282064,0.3791132597192718,1.104478455373816,0.4736501904660263,0.21310972076082582,-0.7339660834281787,-0.3969235824613926,-1.041825816497809,-0.3931124492326597,0.1477605942291364,-1.4274034861847649,-2.791364835030666,0.2901179757515643,2.0879343636327516,0.1440869964334263,1.1499756287886798,0.8883749967614364,1.2524306597605601,-2.490271168713701,-0.7059659483922646,0.5041567164883898,-0.10914366715436699,0.5442953646290853,0.33401916284581173,0.20298205211301765,0.15090908410514853,-1.886957907732686,-0.5096689995364314,0.1464649043755179,0.09130666026308862,-1.0782999780764726,0.4600214964060957,0.07053175056442433,0.08823694793866338,-1.2572645187339972,-1.4451819898240448,-0.37756717828033426,-0.09121294542043415,0.18094453955208278,-0.060252832385201835,0.6386518948771942,-1.201435628878962,0.26290597571663077,0.42655187043505266,-0.009001595441246657,-1.9282132896037762,0.6383891319874372,0.0889389316622761,0.8344210515373877,-1.7705741889666586,0.7600590605540751,-2.8237675231020947,0.07989219512118233,-0.5503668646089888,-0.14801329846901534,0.9130138036337166,0.6710648987757211,0.676230787477671,0.5206052510970349,-0.9714699896121143,0.45346483566905443,-1.9457971938616143,-1.346060793617209,-0.27048702387187484,-2.1769223464369105,-1.1424361832606618,-0.08570841035258135,0.3574866127537101,0.10966520757160488,0.008754556282055579,0.40644349845430555,0.6802356172669638,0.6746306157640499,1.0309069347400535,0.1370693902893206,-0.4735308846578672,-0.4103827636390782,-0.8320097592886483,0.8632229173184462,1.304344233347787,0.41524719715880776
2021-03-16,-0.3383429520164238,0.4480045157064628,0.2857685334807826,0.5381970591811489,-3.8048340346539953,0.33962471305216596,-3.0377879572889763,0.4082760730238919,0.36699032492072603,-0.25475995007039237,-1.486105276588954,0.33882754991569997,0.865306354551803,0.5596629309699596,0.8081782329393135,0.19588821692335054,-0.3920999852708862,0.4178968069787455,0.16241818784665085,0.6614588745575407,0.3545563188204448,-0.48896574072525223,0.5746210132870838,-0.355522156058936,0.3073447251144255,0.33668050459480875,0.6697073261610347,-0.7287335307659177,-0.5723941349575833,0.38094530602143756,0.6165897470750089,-0.29901568629122544,0.7135791768264428,0.8207605532327863,-5.706939034605695,0.3089936766953112,0.7252953893901635,0.39502497625307387,-0.021633682545477553,0.8988084034824054,0.42961450275079144,-0.13307551088007635,-0.3303313490388394,0.8460889856382579,0.9696667469933896,0.5098595756065961,0.5293904938938772,0.13236993298089977,0.9747058691461925,0.41157647263166447,0.6986394861897922,0.08369010500085715,0.9100335211675397,-1.3637821675625266,0.955464063143573,0.498553284216072,0.5638891080183671,0.1892894861398794,0.07887259567993389,-0.6905363556236155,-0.09403140647169976,1.1290524241388302,1.1258063768417008,0.057729060627715593,1.8581418743250422,0.36817641618025476,-0.25715212593069975,-0.19288343062061758,-1.9022653007749912,-0.4842610013161257,0.17206265458121167,-0.29403887099247433,-0.8833021121860747,-1.6633384943994742,0.6762278548936833,1.5950442767420951,0.8211939233811698,0.0054534784320519085,1.1607970245568822,-0.10830678764823022,-1.4296847217231776,-0.027051857630140345,0.5120622883006869,-0.38002447053472177,-0.47212752559593246,0.22513749470224442,-0.05598672789229348,1.3714520245863608,-0.13098067854303502,-1.1762011447875236,0.9061206945554795,-0.10429327085348121,-0.3514650357951259,0.05163442537151295,-0.8360075058261696,0.40681869430418555,-1.2961295569351339,-1.5552710897089446,0.34849240361338507,-0.13032709812206342,0.0688644240270947,-1.2828721358972752,0.974072356054228,-1.7443460352364581,0.3728613747589213,1.656174329831612,0.40698483276200625,-2.0110543183936076,-0.26133659996723896,0.7467875679611906,1.0811778357254618,-1.235164894983934,0.6157705574822079,-1.636700473044357,0.7531693783424885,0.36873209960658004,-1.799653253670815,0.3245859432505801,0.7033284993772113,0.6830973632132079,0.9424827052564025,-0.4526673364403547,0.3613223025223167,-0.9360973005161934,-0.1771429136662291,-0.6371359286924494,-1.2014308732427246,-0.9139069819444389,-0.13159861845101883,-0.35260573132640494,-1.034973847786559,0.05080170724463926,0.1355638566628073,0.6406617472216609,0.26266194782108526,0.32192911826756965,0.42565984069337026,-0.3679337038687613,0.9111567088927934,-0.33586882347620767,1.058847068817993,0.9817505764474524,0.4215222372613445
2021-03-17,-0.13055801044772564,0.3651592016143292,0.4001284786260174,1.1874105789308382,-6.412792839332846,-0.14122436626821416,-1.1599328400211226,1.0391887582360022,0.6571085696850898,1.0613597824473697,-1.2060418570232192,-0.6001694879581281,0.005258070399260012,0.4232233224358718,-0.16911979845504582,0.06254989557799509,-0.7891188510186609,-0.12271915139726408,0.9795051406270098,-0.3484045743908223,0.4629858329875961,-0.40619458188283175,0.8367560048635999,-0.5521781148801366,2.1573052098621632,-0.18044281902703072,-0.0038552939670560113,0.7980463462157031,-0.8584270695399095,1.5286217906010362,-0.14341366190939908,-0.38036228358051966,0.5218810841886242,1.1864970708300167,-4.3408081240268634,-0.44673672460440017,0.8217038908370915,0.443674050897349,-0.744089572632293,-0.5513288077573004,1.2919001550241576,-0.5830377456589456,-0.5880709713427614,0.09182550362306215,0.5382278296206516,1.1920516388700542,0.9885361782414026,0.7569120585981779,0.23355004313684835,0.6840316231978757,0.377780767609511,-0.17823986213148202,0.48088159234102923,-0.6365433560343631,-0.08921958467855333,0.2386693098380373,0.3067051353724312,-0.07245490464267387,0.48649509539847813,-0.9360445218993754,-0.35204988505342155,-0.1710201689871539,1.1213738864124447,0.2837406851538066,1.136823310608375,-0.19004574524386714,-1.5212378054313809,0.007165780394765008,-0.617876888385587,-1.0881486813532562,-0.18212088794417514,-1.8181774858712827,0.6341355521385135,-1.122959184481447,0.5664590165510581,1.3943988767310858,0.21582139796913558,-0.28452512539558983,0.1395618740716182,-0.12663719942396506,-0.63306965711719,0.6007704720056196,-0.2613073645875157,0.06386127711003223,-0.2932112955516288,-0.4671625036952823,-0.40770174118440844,0.09251034090425013,0.3069419464980783,-1.2509613978200715,0.030010035958254334,-0.8618247469610749,1.1736546301359296,-0.48642126091250537,-0.3347572965799971,0.11349486864868141,-0.5898085028754261,-0.5895823394823335,0.4329170247622988,0.09280903556890614,1.3604206956264269,-1.6332659432629624,0.881530818987609,-0.6506139329119223,-0.6990891769480707,0.9472896803092694,0.7014536996277794,-0.8754912762130506,-0.7237108400007236,1.526535722257328,1.6023607066524364,-0.5557112533106392,0.3534059124048152,-0.15223313372275102,0.6104277523087631,0.3505021595041049,-1.0879261644359954,0.5293988846427697,0.19821755901594149,0.6829411189007586,1.2990738531348425,1.3532133704554468,-0.2579328706539298,1.0609695267736396,0.3992399277622037,-1.3509956699856627,-1.1895826865544439,-0.5602520040363453,1.0307250364229332,-0.3266834167272295,-0.949307849059846,-0.08851798810603402,0.10162660228503836,0.4486939603115895,-0.2913506136519363,-0.6486710196307494,0.19472665128510444,-0.7242485345475993,0.6921962887894878,-0.0014483282794548692,0.4019284883517389,0.9662689528387457,0.4836422518783643
2021-03-18,0.6575714242997148,-0.5003856734491843,-0.3300593033011872,0.09502845539726767,-7.241810805388584,-0.4817761969587071,-0.20561780018357392,0.8931195700729558,-0.296616706972152,1.1880444139578543,-0.7651825060732199,1.050783025819246,0.0984836299015607,-0.8904118058681986,-0.020918892442399917,-0.4947065106291437,0.8199867305147874,-0.533679919744318,1.549472972083926,-0.18343866017432128,0.9293571066743053,0.15374748379172515,-0.1713404308280523,-0.9363318744816794,-0.905183237102779,-0.5012135914045929,0.8075877144987926,0.08622919011787952,-0.4914219542971591,0.8115932355151357,0.2331934021121037,-0.3076517618863426,0.5381914708357421,0.42456289152632404,-1.8516654073817482,0.12179573213631525,-0.6089294243974818,-0.7258272840984352,-0.34027429043345947,0.9731724102486216,-0.01364937890627599,0.9080561156530143,-0.8849900016368353,-0.10924084071385119,0.5044828195979763,0.9427250818334796,0.6959635535201787,-0.16311681539213943,1.0334981155227672,-0.449956875229021,0.9906237941265504,-0.9095462779989975,1.1833180230079232,1.0202839773573953,-0.3411229020937049,0.11713427034794997,0.7720022579972766,-0.8734455102487938,0.022648038429687226,-0.6150667020519714,1.5576889717328293,0.37305876092208773,0.005513641340150155,-0.5305369695154143,0.661380684940356,0.8184849186556498,-2.3163550894887495,-0.1980941173485585,-0.9519951877576182,0.7533242885299005,0.06747205103444406,-3.6347690273484305,-0.4955758130111412,-0.6596860288484986,0.7945819720141969,1.538401177214301,0.45822530633633857,0.5327841628016942,-0.17317350712048712,0.7988853649960099,-0.3773111629090503,0.4726093707609646,-0.7382356840909005,-0.15942707710245319,-0.3181366968139335,0.2198577403264476,-0.7058470317968538,-0.4763846156341751,0.6424867521627794,-0.6097287820812399,0.8243109292885382,0.3122211013808148,-0.5829061861260955,2.3608262011892425,1.104450270777482,0.23657871031526828,-0.20185964244879936,-0.1637629655006212,0.7171544259966309,0.18767367689128367,-0.5674755885271362,-0.6788266837399185,0.17472771710361215,0.7819913999745685,-0.47902429786815776,0.36048901671216393,0.6874893573712813,-0.6551884019212478,-0.5059279743253786,-0.2624342028660314,-0.3830476769964954,2.6446690915679625,0.5637628809688121,0.41573694555326624,-0.3452038317436832,-0.05680099810665993,-1.0353651441130298,0.26743772780462755,0.544771756778169,0.3242606872945195,-0.6624916442857048,0.6513648036239185,0.16500912972647025,0.7556480469701867,-0.4823734190855455,-0.1562333486688721,-0.14755787902887987,-0.34059372176134944,-0.5163172617854166,0.4967976412609065,-1.0290945335232344,0.05368259701767372,-0.4870141599247422,1.154415389250657,-0.4033473158177469,0.23696352404967608,0.11462260627827574,-0.4981632132376246,0.13651597631157053,0.5544690779436262,0.12960789950722643,-0.6771104606454249,0.532896025107246
2021-03-19,1.1196473520693335,-0.2409062274440268,-0.487706229203755,0.38492040908289904,-5.266263157740794,0.030135921322261748,0.8356978315855983,-0.16610076952716524,0.28052790778870307,0.18209492061254295,0.12140592374496102,0.301757528736712,0.3773888364548628,0.2529459835387616,0.4752018865327058,-0.3115355139357009,0.26248147151158857,-0.8488507186954208,0.20627263987443745,0.082665726415349,1.0843229553138318,-0.4599414600286018,-0.37890943971205016,-0.22309301076257654,0.09916003959162933,-0.4170058417774013,0.26123220163125854,0.22102766146569464,0.2060679783562666,-0.11198375753419683,0.3921998967846977,-1.7824459819296756,0.4102560793489746,0.738047421973715,-1.3462110524742774,0.45238393461212495,-1.045620743773097,-1.9995834774787142,0.428351563914757,0.18024592786406718,0.6051962443882949,0.3336653507471075,0.42199913164002695,-0.1112418553769235,0.7591819407079766,0.4665687082079757,0.1547013858842947,0.42795330330042636,0.5709193064300576,-0.441884395764133,1.3988605020959577,-0.6619548465782149,0.28466663632457156,0.3466489914084962,0.3778548543671366,0.3698282562760082,0.4450209486461291,-0.20670673976907067,0.4267195177736255,-1.7561892258197889,0.40324710193352437,0.34135208262305433,-0.056010931598077233,0.9224863286130585,0.31991523587631876,-0.8626810823633582,0.47647995196812576,0.2677679065435834,-1.2854798926765643,0.428977783974781,-0.05593093907500012,-3.231056551419059,-0.1606278723366571,-1.624865660725443,0.20202244431635696,-2.608166244302413,0.46530556763124786,0.2723444530488151,0.9939603246657475,0.20492213333330714,0.031560194029017774,0.43156310724703745,-0.051658370989340584,-2.5408160181607045,0.47366022718014156,-0.12316075109617883,0.2692970903869192,0.6079741741291997,0.6701695283197034,1.395009072183465,0.31956792881142415,0.8527821841717963,0.828981637899687,0.20448516049808807,0.260626285689719,0.3244182529957092,0.30392323098489754,0.24980605664652317,-0.7358935614644484,3.255503665539065,0.24304957208867695,0.08006612097663017,0.7644515240543834,3.4092970075885805,-0.6393353245304996,0.22284552445029515,1.668954066046385,-1.7126418531946341,1.3143961619441864,0.3399363068066167,-0.7298258724409415,0.3485757363728303,-0.42866836111691536,-0.6900056376741309,0.027982492236334505,0.20359709295042647,-1.8885716994341775,-0.31825942900657955,0.4275903287835008,0.4181761355992615,-1.2334990792268379,-1.1065154094434975,0.3921211981181754,-0.2264197539375566,-1.6481052006294838,0.4393315601614901,0.7837992441166658,0.5666849456504689,0.1102255049921135,0.27815935774427275,-0.6809175611345897,-0.21179948964619805,-0.7933729956650843,0.3876495969301847,-0.7363492169177611,0.01598738085471539,-1.0266096323384928,0.4668933164436591,0.7793815398240069,0.47909631971302175,0.45150700697377655,-1.8487368390362149,0.34602644591992643
2021-03-22,-0.029614770311338807,-2.2954383267051353,-4.434394022581018,-1.5083204528070226,-3.922644630670318,-1.4280153995615221,1.0606122728473646,0.30952224305127213,0.26426609202286067,0.6611483973046081,0.4270737912836776,-0.11371547937582067,0.8322197625073661,0.34911896225325434,0.7972757716121032,0.5321863232620822,0.3795884487656488,-1.1648372449485378,0.6426007199392546,0.6783952569032099,0.7089000972649377,-0.4329973419743774,0.23086839111379576,0.5752352648305518,0.22784593470161107,-0.7215259657356629,0.6297010520478719,-0.1589598928140468,-0.544494054104673,0.4844701862199195,0.9927503353568251,-2.4175302779778667,-0.036162764336021724,0.8597294308952396,0.5754569905264864,0.6847574639242072,-0.5553951717100034,-1.222631739001511,-0.044195378972911904,0.008112816655876234,0.0779176616618557,-0.20442884964129174,0.40790541438121575,-0.3808607858640884,0.42544896451907144,0.9782654870605927,0.5925103882795303,0.4634888196319199,0.2691865267968959,-1.3874111075800344,-1.4868123477098287,-0.2982291315227523,0.5991184541115027,-0.21295450023571544,1.2228278222577236,0.7598464820624001,0.8404513330974869,-0.44180694589977776,0.2863525220404027,-1.6666881282644983,-1.3981368635729137,1.0199557838609492,-0.48782859041400806,-0.02711277145694802,0.7016175279410178,-0.7196963094157459,-0.18662944479433496,1.9485157815731347,0.36133216829247394,-0.1697571920741703,0.05407961552306364,-2.3435602374039446,-0.8720811480124984,-1.457302028879186,0.3081678201413319,-1.5466821256687955,0.8561736948894633,0.5745366932386303,0.9859773992834888,0.6696797780222307,0.1486085067374333,0.21231125267731782,0.1313305839921512,-1.0380080885528022,1.1953283088833877,-0.5133151835718257,0.664271548446533,1.319603494221255,0.4368621701621156,1.655859884134373,0.6554762569478748,0.6540079441758662,1.5665138209568927,-0.2120705121962182,0.584905229587521,0.22239391019221763,-1.1049259634646738,1.9458965152849084,-0.8084896826912861,0.9274231237921302,0.6875410076592646,-1.3530519384722142,0.057988299402398046,1.2971577865343429,-0.3525860457805809,0.6525510196544806,0.6756531798864138,0.18808613894147305,1.7202433457123334,-0.3812458327959634,0.33601638235458825,1.2231304089705601,0.36666379238622654,-0.16467065192980332,0.7183376721163165,0.44927059067768166,-1.133835066169813,0.14484279999890537,0.7351344465961637,-0.2764062712340536,-1.1963426046043426,-1.2343382691381641,-0.7821755262835701,-0.1177323539178597,-1.6518415480595656,-0.4280978884194565,-0.11503996957820443,0.8310495757820155,1.0243000945746141,-0.0759973889965656,-0.27661664190152196,0.4223569766481067,-1.4797954622562453,0.49343571341075915,-0.6411046216373156,0.016501181015344514,-0.7073176091014656,0.3900077411140862,0.10255963327275422,0.29758280444067337,0.825519288189387,-0.8967376373835062,-0.03132039335143994
2021-03-23,-0.11790032688839051,-2.7456242975184373,-5.753798764810975,-1.8763756648785033,-3.848897625520176,-2.0427937204736932,0.6438815600831638,-0.2522381304139629,0.36485111058501696,0.4893908135576017,0.858019469307623,-0.323332873945727,0.2372770881953793,0.4195776683023289,0.8793329005849972,0.7915457472913946,0.4663797087500233,-1.9632707359178976,-0.20423677383638897,0.5400909791751046,1.1995288201894254,-0.7396172005379807,0.5677656438069348,0.6681205900727091,0.6343497295185786,-0.23925980537786798,0.8218121418505545,0.37048520735382806,-0.2627211399798004,-0.3562491762693009,0.6612594710381616,-1.189176842555156,0.06764874474633334,0.972469231993491,0.9554359026056326,0.9514588980996402,-0.756669748085705,-0.740200561593087,0.23410848321754277,-0.69776548659945,-0.38487170755047484,-0.07857713310498066,0.2568057675564731,-0.16342401073489182,0.6080224857233235,0.5997666536689741,1.037037998773804,0.24023667416094402,0.5645017453163846,-0.7452830632787123,-1.7415068585234115,0.13520853297180443,0.6274623376122838,-0.010575531342736129,0.5334283525678041,0.7152637960362647,1.166329194166623,0.754953917994772,0.0604916399561072,-0.9603733837516225,-1.0427718144557159,0.305228362782074,-0.019624574254313788,-0.13738375230260608,-0.3042034818622971,-0.6713246359738663,-0.9258096686716734,0.708384199821744,0.8493675441045953,0.0863820339954835,1.0890158320630197,-0.14369195466673512,0.10501447635918316,-0.7354565792879447,-0.14742491655743603,-0.7282252424629837,1.0434303763098998,0.4262720912271183,0.8528913298421809,0.3711158551757964,0.8252704123320169,0.47264873522878226,0.8069851802983136,-0.4375516261646423,0.8423762834019161,-0.04682087072965369,0.38906054594578576,0.3598785954225872,-0.5584391912046951,0.6804617783577488,0.43002140076210005,0.8298663155621092,0.8070488368820394,-0.6689739000904966,1.4943164939096265,0.23886113563792458,-1.7445206819597021,0.6284410632930202,-0.048577333851075905,1.0686774555870098,1.4882105915140553,-2.1758678250087713,0.18256123063706425,1.080401240389556,-0.5301170757274986,0.042565315120195804,1.4586073784455307,1.078897394568437,1.0771494589114894,-0.4389896140072731,0.29271637791930477,0.8579942935627097,0.12464898298030211,0.650628062580299,0.3044257168726036,-1.158399027376993,-1.3170648588230194,0.09721185753393644,0.48521773154110326,0.2118320664780587,-0.5587446062164821,-0.9389619207983037,-1.2098746973919996,0.22338895673731093,-1.0610467607182388,-0.27165407923983204,0.14308333921641175,0.09192958015667121,0.6110009937011935,-0.1828806162136747,0.5718028984403125,0.6999858687723977,-1.6621796517866012,-0.06013590120108021,-1.4234443591573278,-0.5075502560963894,-0.6658358408998516,0.5665383878577777,0.28355399521552416,0.4145370661676414,0.8506636911239198,-0.24771233670000511,0.27113239777187753
2021-03-24,-0.5759580045781837,-2.828016014842635,-5.289353792014563,-1.0563432705757212,-4.675985140704648,-2.5691796728770133,0.15289126294265237,0.022139754880285314,0.3996838978463375,0.49353397863518317,-0.37421196901701115,-1.5237127020011962,0.6400011878379872,0.6101329916496829,0.9038554877095234,0.8044310214505814,-0.12951799340458803,-1.2800713049256434,0.2707992691915433,0.5618959365707407,1.298747811972242,-0.8684260999382495,0.5312652319782891,0.41235248244040684,1.4212318956797558,-0.5795189905331268,0.656651933458596,0.13271736490933198,-0.6786539627396889,0.08556456261072999,0.05646868795246154,-0.11335818223279713,-1.5039164340104423,0.9125591338969012,0.6777423317385642,0.5237139184963409,0.004551347511022785,0.12588100562700047,-0.1748730470067593,-1.3152887379253757,0.5615100679243058,-0.6251882942540831,0.20320081370000004,0.18314697344020356,0.8337662749625148,0.8319153327502985,1.079598304354951,0.06485145952558068,0.9090699021933157,-0.5916773443322398,-1.3535554181001612,0.19640262601516975,0.1545372588934885,-0.5395737210864918,0.14060201200971362,0.3524939267830635,0.5616784863263666,1.6077672750335659,0.3656400982906987,-0.25743920275158405,-1.4106840062047894,0.5307960679261949,0.047626781573752455,0.19290509503204212,0.5494637437038205,-0.48293198512402674,-0.5144070190033686,0.5105739009622924,1.1151729543146907,-0.12758361576270127,1.1675672586242989,0.4430643759060954,0.45017837619701867,-0.06868705757802851,-0.023405143532620992,-0.6360540717447343,0.7389332994316984,0.17079297055943163,0.9202375015307706,0.9431553456795165,0.47889684402744664,-0.13934861680473618,1.5135380660883029,0.17776469810212525,0.9079016072387276,-0.577191014989454,0.35276059616350086,0.2712754431466681,-1.3480953344346014,0.9168455590288396,0.5312781524428982,0.4889453351872886,0.8845070548122324,-0.7061245380901833,1.8021859360267256,0.07142529128812593,-1.0443580888618305,0.5740440528511139,0.025687368831654192,0.6494428664999478,0.9245905017293056,-1.8007094325937285,0.16763631263220266,1.2269398433397554,-0.9519170327646195,0.8023223113594808,-0.6514369361382039,0.11620491131806139,0.8594815943905649,-0.5260781671767654,1.2452593565971757,1.146378950720127,0.042213230343038304,0.30718671319607455,0.8332441993925702,-1.161586902082458,-0.8819168868231534,0.13080084949229365,0.021724938140605568,-0.3405018682720161,0.11134929986383772,-0.052847249321914154,-1.7234177776866526,0.13720338780838967,0.2917925338852353,-0.7575718754154785,0.1707802316929357,-0.4494668007170103,1.1307189362222647,-0.6966580944243236,0.18616295772613317,0.4374399286048365,-0.8565674000135375,0.5003208310154209,-1.0936260137188056,-1.0519526893266005,0.09289278087384653,-0.0607687282795933,0.15568059658914485,0.1369269525368061,0.6328698229809493,0.4911586245344726,-0.4315268026146615
2021-03-25,-0.6983634106921373,-1.4545854752477076,-2.016574282604812,-0.8106518196421537,-3.0487312338342263,-1.2533564527356065,1.0400696164924261,-0.11668329297064377,-0.010779552606092428,0.4455555997179034,-0.5927496756237242,-1.3653106430407311,0.13119761433004953,0.7770778319027659,0.07619211632047744,0.7856224753823384,-0.4194947139016419,-0.9201578276654688,0.7163534960202677,0.13908066664024432,0.6324046767421554,-1.109699486646223,0.20177598018920384,0.8921326621805384,1.0480313900021916,-0.8654202927804254,0.5053124204319527,0.7060285510091674,-0.4208014613035336,1.2163609618470348,-0.6771349215656833,0.31605772052522635,-2.19366025546098,0.9667930522910512,0.6283956607955383,0.047943400047619364,0.07996270178148375,-0.15368843787000616,-0.006394432801618315,-1.7617369097338127,0.6003540941760162,-1.4577879368702595,0.8804192694863755,1.528935231979811,-0.05274990368257916,-0.8852605720342214,0.5616589790922596,0.9525272209296499,1.118876803011398,-0.9147613444508912,-0.9152134304240833,-0.19458108775888688,-0.6269505323378595,-0.5831436252465523,-0.561302870707199,-0.014764669578750273,0.953177953287335,-0.13706131291656423,0.6705904353970527,1.0104912699026194,-0.31036729611502845,-0.8662130959767822,-0.77975347296638,4.305792483193183,0.668708030101579,0.15925577465182378,-0.7704284797127835,-0.7220672433684703,0.7602806709081122,-0.347497668852453,2.0889633721757677,0.3320033164130118,-0.8730323344546828,-0.7917519792235073,0.04202970319145095,1.281105270957423,-0.18241305341644276,-0.8870939820081911,-0.7909305038887265,0.8142250156261263,1.0913454684028105,-0.0834846920444224,0.5509553217581555,1.028269283199615,0.9655988080926583,-0.8755566703546153,1.4163836515432486,-0.9298059562733846,-1.9182246358027224,0.7008777407926079,-0.3879886223901357,0.6702055917119626,0.5647388145362185,1.6433171320216318,1.9461612147881953,0.1420511108166905,-0.857286817040089,0.6630005362053433,0.7765487920273126,-0.8570676901221046,0.6360177714779673,-1.160465136111346,0.03789993829702993,0.7487232733852434,-0.9452947913960363,1.4779711081301175,-0.13795879021359683,-0.0970233048931477,1.5491285733828994,-0.5928408181205124,0.7087225949702771,1.0445157557970144,0.7208831855943246,-1.0939765541841555,-0.07599596716766967,-2.2887002649108092,-0.6945224893207425,-0.6945873981893731,-0.4886271006119362,-0.536546228107572,1.3059425377929361,-0.29202217623374715,-1.0871984191605009,0.6292523078697876,-1.1581322500005355,-0.8355620375865404,0.40206111031622455,-0.4257224348906154,0.8911559665298215,-0.932484891068518,0.19877846070781563,0.03275182808657201,-0.7348920807148046,-0.00023655635274007794,-0.7281620087882167,-1.3716719433282765,0.4097892809120566,-0.793580994500545,0.42876822567375855,0.6799769280262268,0.9128670396145162,1.6943902628894845,-0.11407240988294814
2021-03-26,0.6546266611312526,0.3491273896964208,0.40185260654080285,0.20508463385606507,1.958757359281053,0.45800619635708373,0.2905994461597633,-0.6209387660927231,0.787452725223403,-1.008925457566582,-2.1601271227359993,-0.38721194046883006,0.4243078937556731,0.11831255459426346,-1.6489411519547257,0.33566848447161457,-0.7459214098654122,1.189807008509042,0.3418003903954877,1.188949763531459,0.14048094886646806,-1.8524227738238732,-0.48393079114962834,0.1068205184327975,0.3538196682233748,0.9490458571756046,0.42859004107331017,0.3152280953065609,0.25634618226053624,0.2045440455247335,-0.2582375547732718,-0.5427362689707561,-0.5554609884863173,0.3353815968190627,0.2857042185440009,0.4165609954030136,-3.2940739894036812,0.028233227861666422,0.09322072024516802,0.02573151445080434,0.3867449674791529,-0.3294040427853905,0.9241720187824563,0.4530725479949254,0.3971229000132513,-0.025708184874851256,-0.25718328792900313,0.29338580753242777,0.3244462164530434,-2.1814112496766898,0.14478231669393812,-0.5325351640551429,-0.943128055887649,0.47383825405584634,-0.5756008921517217,0.39891615143614306,0.5701509202036054,-1.644091160018517,0.31873821504076866,0.014347840887995768,3.1523450229369097,-0.4354850182810238,0.3913366443209788,0.19230104839716938,0.3759064952500298,0.46255671792001374,2.2243307234168515,0.7878346633008352,0.7713171958123688,0.47064852547904495,0.4954207703831547,0.6768937618352888,-2.7845272268807806,-0.6399675278890642,-0.016854979504483142,0.4577684977607633,0.431953126383581,-0.7955832971805791,-0.8652308329798835,0.34282282815047227,0.11264596964030493,1.2449295287868438,0.3634280297435432,-1.4670983852736013,0.25345678178029907,0.1230364758667033,0.5149363824907707,-1.0419846351498112,0.33827351052904425,0.29323880492857485,0.4519895511367058,-0.7874602361908866,-0.4165301469503527,0.2871531090521738,-1.6910008133775822,-0.2519343298235685,0.20162769875585176,0.15947471905766353,0.3365883632772563,-0.11755466741073303,0.45172927930491474,-0.4791172160815038,0.29176335368691625,0.3825570441117685,-0.9018527225662774,0.3022783239219475,1.9202345428719263,0.9663365996742478,1.375120302138197,0.36591891732810833,0.42682036906680176,0.43241187385865365,0.4729335054664603,-3.862295493412228,0.4181982208290564,-1.125842600473643,-1.9001369904897125,0.3003437215802805,0.4424578094302625,0.04798106155410888,0.4194906484366497,-0.22925186470276257,-0.4801939390608064,-1.3177303554257696,-4.03238498862576,0.48665127210051273,0.17603444599598544,-1.6770731111495603,-0.35960561521884393,0.16796224891257663,0.3508894021006265,-0.18614045853163766,0.28011333378848524,1.3998107605708787,0.2952555421439714,-0.6088303563973074,1.4581922709338109,-0.7305301052046361,0.2018252808175243,0.3491425409096135,1.0844007284057513,0.22992014992325793,0.4954207703831547
2021-03-30,1.4698155350828472,0.5676329972644166,-0.8673150168301801,0.2856336019993343,2.5927304860829263,0.191989985521535,-0.25640630698791783,0.5647067968978046,0.35410852033000445,0.14464423486608527,-1.7711751768330095,-0.30016525272427586,0.8709011750172426,-0.07043766097518443,-0.519061782940377,0.7085705525688712,-0.056289910985858525,1.7574527359035972,-0.14428121460475457,1.0566017000097394,-0.42847855212591196,-0.18399482596226963,0.07761970711483653,0.6667876834466719,0.5911063778837389,-0.16751268896547722,-0.5787251928189194,0.1224204038443102,-0.4990095943112455,0.4868169105247161,0.9084358576774471,0.22565681893696857,-0.47064756263502905,-0.22244177140647417,-1.4854232258272835,0.4791593933056354,-1.8758274276462232,-0.6657659792013323,0.032884284192758,-0.49658728105524985,0.8015949220691634,-0.4630416045856982,-0.09061392969453543,0.7219278147804608,-0.0001766073357243961,0.8636360178801405,0.24406643967052816,-0.22716451087590214,0.4496609148997314,-1.5540853241049568,0.7596514094082788,-0.19592119415047857,0.02850312290081441,-0.6418754168611368,-1.1430196074110754,-0.11715662287278016,0.5560941183092958,-0.2703859184714955,0.7294125461764472,-0.7523374237924451,2.5669692024565656,-0.533227275164967,0.7160612492159593,0.2656045306726433,0.4293631195763986,0.2919119730711908,1.4415436384873792,0.700753784579664,-1.2899647001609764,-0.5644749354087772,0.4828545530960645,0.29900264591634734,-2.438706814364083,-1.6736345755552984,-0.43634042197024203,0.29857404034907037,0.6116337217156956,0.052167293224921064,-0.6180736202854045,0.47464259423922206,-1.4238420926112247,0.22537922083908915,0.8461081652865957,0.7193522106198462,0.801519725936948,0.03744402427428535,0.4943035131358957,-0.10822973695733673,0.16321568489891083,0.14060855125544522,0.28421243699215193,0.7262200514150491,0.015915252968022806,2.781788565468297,-1.009374766445357,-0.9342487463235718,-1.0503122306883077,-1.3496556040777479,-0.521544394052015,-1.3660525666245034,0.41185622015151496,-0.8437052236492225,0.25084570731982625,1.6057893405392993,-0.07299676068533376,0.6062498931001807,2.5566303078839265,-0.12118719784240294,0.5061656855937151,-0.30747989476512366,1.1899044605112985,1.4320964717487696,0.17625775862629836,-2.816256226660675,0.4322812836909211,-0.9728187209326347,0.1780136579463056,0.2611470335593935,-0.11412575097057952,-0.08641230181513156,-0.01625753500029176,0.025700334184921708,0.6678593584071876,-0.23816043565835368,-3.400611791757065,-0.2974289475420163,-0.3617627510334421,-0.9792591550654215,0.291640043122122,-0.2906688895389503,0.16956910036009856,0.1648062014444825,0.8112287930107265,1.2002563340410362,0.4984529892673073,0.676019586927484,-1.3282311852110973,-0.45694259721257785,0.14961314876942786,-0.5808177519477594,-4.392943361078085,0.5241306275623323,-0.4528136079771124
2021-03-31,0.9367114602463522,0.07112093172978425,-0.770506997573971,0.8692713787211751,2.82525601355113,-0.8874365606049512,0.17589624062312237,0.5697741215827931,0.5655080947890904,0.30914526411327126,-0.6580383561560034,-0.5509125508123746,0.9031350992521838,0.00021422552324372124,-1.1216112213106968,0.990049516276919,-0.6806352929218676,0.9782075991486003,-1.169100075941064,1.0274851293443312,-0.08336210209988483,-0.3526344407944435,-0.1666206360977969,0.8838680363926031,0.9094234444402826,-0.10044216718772667,0.0002564331330215462,0.5262288804765661,-0.5033916524252711,-0.9915819261531852,1.1783649488894208,0.09583781750854833,-0.3934296215111256,0.6986141510164207,-0.991951781921032,0.44258821700002154,-1.8530379541596935,-1.5351592152888607,-0.036750615443322684,-0.8326118824162437,-0.17872307037045687,-0.2821712543800023,0.5941398467759035,0.43565913803298345,0.703832587735864,1.0224905743494659,-0.6505560072827106,-0.3647111484657466,0.7615104779040716,-1.6755204920410305,-0.7166164176013703,-0.8761533585855692,0.1555286674751475,-0.007964591704796933,0.5343461849833449,-0.5018067728433572,1.3292593738778051,-0.23169694867702284,-0.05746239172559975,-1.2115113667835682,2.8103366322328283,0.2161866954149232,-0.4371900500032704,0.1729614791419412,1.9477170772981536,0.2951767687402793,0.406851834258661,1.0241585414305758,0.3351799307888697,0.042583405697540634,0.4438678856110875,-0.3263630732939038,-3.2343978519705847,-1.7137184315084968,0.2909353226882753,0.9111451251181228,1.2297092787442032,-0.5785377231028723,-0.39307695053581565,0.5288147345456421,-0.30220956286175954,-0.23614230145347265,0.9909247501791896,0.9123676433200119,0.993957205834354,-0.10302012408590175,0.591413128397869,0.3752953602513207,0.0016309701750063005,0.4063495639952528,0.8845368270733607,0.9073413404039551,0.2534512875168157,0.7977803826614555,-0.37542301590458743,-0.8566072158073462,-1.808583271893682,-2.2150568012309817,0.014090023295207126,-0.9186762306622558,1.0258004212134721,0.12612247064152027,0.8131001374301204,0.8074710567272135,0.5534685722507879,0.1772875852293767,0.6408334946117652,0.9962039944913583,0.9951577403836397,-0.8894511630838987,1.120455352902933,0.7690451325325448,0.8465901656609853,-2.653476115004547,0.17098418037362575,-1.403453070441276,0.2549105879005608,0.13856778977024894,-0.06405520861341486,0.02264170634711334,-0.45828715985431395,0.17141208124119103,0.16307829911253863,0.009917478269189966,-4.016025928888555,-0.4396679384006554,0.821684168943701,-1.054696052184534,-0.23529072135655119,-0.43656293998682016,0.08689568958059558,-0.4053299479522446,0.49125586337311156,0.9562212617512045,0.936224419537564,0.5699803092185934,-2.132735428624492,-0.07978251332376769,-0.08333636413589596,-0.09687681704694814,-2.8265136719848787,0.20558862861068444,-0.9407331213358847
2021-04-01,1.4813212589065696,0.3838734011945465,-2.6646267463766917,-0.43802187165698425,1.0877171871150977,-0.5312757625628342,0.783435980233062,-0.7780727244612822,0.7315375295158292,-0.3444920955732453,0.45134715349083615,0.020665526197209624,0.5030685888748403,-0.19772244431095715,-0.11424229073434584,0.5430526981784662,0.5135605393366726,0.10061249421149589,-1.3258883765571974,0.9371178903247843,0.13369027025542274,0.9721686979561206,-0.3690604000983673,1.054281203399725,-0.2980654245227954,0.2770572210328263,0.279812231647939,0.14566714961097627,0.12936230921649033,-1.4005078454864137,0.8251450670506871,0.6890370136523944,0.019024929578116356,0.638725295387151,-0.43676623032973,0.8266943505504741,0.36436973083310054,0.2337899966225359,0.6512005069775063,-0.16521605158302163,-0.2437126713979689,-0.09377046144119569,0.6614554998621116,1.3092345261890301,0.7024682848033769,-0.016265281038011763,-1.1795360053354478,-1.2171800351721302,0.14582806529473571,0.2941274637940024,0.27352434461797903,0.004359325219808067,0.9839948629581624,-0.22655488409847685,1.3291363237718865,0.3392749653562517,1.1416028077942022,-1.4066824206321304,-0.08713024363804706,-0.08839494125959362,2.873594709628225,0.34949880670349576,0.2707152950654592,-2.1108113391278693,1.2691236922242966,-0.20891099042588598,1.2347145178522607,-0.04554495604751144,-0.7068167151840561,0.09583087220390255,0.23785066432425359,-0.028003849242888915,-3.624252335467577,-3.388480879731902,0.40638557580323864,-0.33685341255258394,0.5328730415234494,0.1590014003388966,0.09220853814117579,-0.38204792233047835,-0.2774680288550326,0.06909911068522698,0.8266433260424372,0.3104116117475193,-0.5399148687891884,0.8746771944195599,0.6962404788195115,0.4414172770224628,0.12447220013771945,-0.7239460792754893,0.9130260271343945,1.0673019027375366,-1.9970114643727312,1.2617784220331527,-0.11569328310713865,0.13538845869769076,-1.89905901410869,-2.347004821054498,0.06573660326716005,-0.3932981759304364,0.6522325077748977,1.0357531183891586,0.7251412627513584,1.0345137998709601,0.8252966867782684,-0.8242827270398511,-0.6937627453751155,0.8558162118548108,1.0452361747881034,-1.145195036486467,0.0034965197488624083,0.7522914901596389,0.9272880303873993,-2.1641402529485547,0.03349633921044898,-1.0077802630831407,-0.1443608318111846,0.4305939262940127,-1.6648134715745566,-0.1536172654610437,-0.5107312295628152,-0.37752704244554414,0.020824190336293593,0.4679507631025178,-3.3536684897394697,0.2688800756104364,1.22916956698776,-0.11782725490091553,-0.22058788913206936,0.08577016983119469,0.2687221117662172,0.09689138744078804,0.935307746808324,-0.28460034648905336,0.4749648638569729,0.9966466090334551,-2.0278743202350458,0.4970828817581553,0.2939259755440809,0.22980008027470444,-2.241523363793053,-0.3739870005022865,-0.4028420334724303
2021-04-05,1.2800664730436146,0.0299037981952129,-3.034658974438616,-1.3715541997537803,-1.5110958286299245,-0.3625812121868885,0.04362863064080921,0.5891759819231008,0.38297926487044,0.49157228395818015,0.4260917884937422,-0.17430430324070023,0.8444452040095425,0.45277670381294816,0.4309775284858146,1.4894104116909983,0.43279076537342465,0.5226625526862003,0.04968848858412371,0.5919698083935392,-1.3396462761534391,0.9182312642427759,-0.6088146357588672,-0.08607045768608292,0.2595642926451098,0.252551152068221,0.30410512392165706,0.3755662348494313,-0.5446842930963779,0.4139622940438659,0.18251163537880463,0.958907554413265,-0.08055312104009153,0.429757068471401,-1.0961993897409896,0.2997524409847855,0.949517325436772,0.3429583714654014,0.34934697589459074,-0.038839362788124075,0.6833526476401349,-0.028149422654870575,0.9123800845707636,1.2120108925826265,0.43171521545193464,0.17242517137301983,-0.276978896468738,-0.945691246248534,0.6117675832123158,0.32647463006069805,0.44310379366743197,-0.2042730358487731,0.9845123740693849,-1.40158831875705,1.143377255074809,0.33626974783848557,0.70330397935193,-1.8915300891078037,-0.45806088638430187,0.2816544914347936,1.7923780461644174,0.7908018035243177,0.03609029825028035,-0.8842828806303056,1.1466732511564695,0.4248157270799619,1.0174301078626686,0.8906994245458336,-0.61996005298598,-0.7288916991986869,0.49173584141382415,0.38711991058171413,-3.923800042486909,-3.1615739580664384,0.8631114682456089,0.30754776726760924,0.41696722752623583,0.5312014321594388,0.414274266610592,0.4123631317821954,-1.4547199381126017,-0.5044423579976125,1.1672606265891305,0.936167873461778,-0.745527086633295,0.4308796313401278,0.5053674540210894,0.16428056755081977,0.48932258403984735,-0.9132881044990573,0.6050882814911875,0.9425683279178289,-1.8124981756235437,-1.0330000404914297,0.6157252459725392,0.31624238179227265,-1.8791408509628997,-2.1943445264695955,0.3059184490492906,0.2061703401247115,0.07289851815669379,0.772848956289149,0.008574924759917923,0.4218937348444405,0.45324555215958834,-0.32863945359999297,-1.9484223730195847,0.49960616701656924,1.4073956091679367,-0.5629259877023097,0.6135744603620101,0.35349992370369177,0.46845535330561644,-3.855515735975375,0.7236122412343858,-1.203476972174584,0.44589703731607416,0.3859461471332573,-1.2281236813462595,-0.30063284429028025,-0.08464679671865585,-0.07446431115134731,-0.41648666216878905,0.4344597929127386,-2.6093279074682574,-0.6013720437047418,0.21836229446694916,0.3111536175266629,-0.4774490655561315,0.2733941217114502,0.4246372305143446,-0.14209267658056318,2.281724420128036,-0.23097490841546361,0.14715629610110037,1.107762531964341,-0.9777059720024068,-0.11403790839267479,0.5181342358011968,-0.6267626530104402,-0.1989536891123419,0.20506247269900033,-0.2019610845707717
2021-04-06,0.9223246840304702,0.24751515878305658,-4.277717512677761,-4.074500161615765,-2.5832618545292982,0.42384684194727984,-0.3061217786272206,0.5090647540414601,0.599701835218536,0.7173437593132513,-0.390348586466493,0.07020372716853558,0.8002769181037638,0.5079075026149217,0.46862666624993987,0.49979943781977215,0.4100064503530629,0.4147207597451635,0.42255604534047597,0.6519542163752763,-0.6833761809884031,0.5222365575043795,-0.6698811071337251,-0.15608440295051698,0.2651219520212268,0.08102785755019415,0.4302091613313487,0.5285099655673808,-0.38190762771040954,0.28792299075458133,0.3332292084779336,0.7324490646943606,-0.2506498780002508,0.5138080610143732,-0.15830526423363564,0.2854000903188544,0.6260976029436146,0.618057527782754,0.027410392317203224,-0.1434431863026808,0.491640159162087,-0.13180898437116154,0.835901345495238,0.8012759194156107,0.5048969114622416,0.12069583148294591,0.43212999676970143,-2.0712396284677754,0.48619737400380547,0.4427364735449086,0.11874178594100436,0.49395107893590695,0.37268453067351853,-0.5058647090705056,0.6952418105879321,0.07727953438897339,0.5341443744608105,-1.5219972009518195,0.2631375218027928,0.3511807455890708,0.3991500945267074,0.766485559534845,-0.3312350534502917,-0.9064176217497337,0.4263482568411062,0.5653456774171661,0.4403416704661327,0.8014967285909665,0.39092713309694077,-0.09493677981272364,0.5041719089846088,0.5347273073905038,-3.1159362341039563,-3.380927558121135,0.8844603141648051,0.5195057077274849,0.35847822641787686,0.5208364627224108,0.5850257468721964,0.4032756196113859,-0.5816024404582776,-0.1749482235475026,0.48457751448111824,0.4429995219287043,-0.28995586186773414,0.5280773132664839,0.5985704028835516,-0.27408766004872664,1.443156645003139,-0.16093314927444727,0.4827692407299741,0.4348243860053988,-2.0702120830416506,-1.211322241315497,0.5208887655060496,0.4644264493889242,-0.4169022851192045,-0.5365680610671745,0.5937588722040529,0.517784970467985,0.3055116361578434,0.6647007381863667,0.3150355394060079,-0.26163132553243024,-0.5504767885789456,0.12407866273831784,-1.431018120242801,1.133667519600382,1.6117330688837275,-0.7180729132960678,-0.15357881952299673,0.059801787920255596,0.6393293442492513,-3.4633792128664447,0.7446777805292322,-0.19395337985280212,0.13896927174302132,1.0605405593975814,-2.9616537312555455,-0.5752593185208892,-0.07815305641077269,-1.6047091402289426,-1.160983019989778,0.138280287052618,-1.4301645016109816,-0.40475980240643067,0.5389543012004792,0.6879544766865834,-0.14705111672496593,0.1189965064179716,0.5072745500968007,0.7240014385071921,1.4157094414477753,0.08346411230873295,0.5410785751673801,0.5228848050754294,-0.48847036412237116,0.004756380914649736,0.5850729775646971,-0.26544136622809883,0.49737625390734863,0.6644249033427462,-0.6386007033662405
2021-04-07,0.6095708775916198,0.612351717847966,-1.763147195021285,-3.580208078758998,-4.076518174473119,0.6152183549519028,-1.7814734987197078,0.38870855704836105,1.3886852635171432,-0.39394875996836415,-0.6078385090581694,-0.14650845783500382,0.7152248219654034,0.19107364135852808,0.8728196213676873,0.1724972095160272,0.3429077338325432,-0.5744935178543648,0.16210919154999495,1.0536545887154694,-0.7709058818107165,0.7766687324578813,0.5499797044345218,-0.7365795461782207,0.0805018229181499,0.3877382344257605,-0.46355784632882013,0.9767846271586836,-1.1239413018945865,0.34160936989024654,-0.7655479904709637,-1.6175102359637252,-0.2073930476053299,0.6449169249844787,-1.478913130923929,1.1246991307473442,0.5185226082120644,0.650263329225794,-0.17758557000130273,0.007368962384122737,0.27140834279313075,-0.3465867020473291,0.5318781773827584,0.7449693038175549,0.4947475774412617,-0.533910686966262,-0.2843858290245954,-1.3872257400392036,0.7478353908555672,0.17159797303356947,0.8935956138927785,0.9700808433544382,0.5028380360042113,-0.6286393642066063,0.9570910852931798,0.3354067758797115,0.16989571475090645,0.17569620176990897,0.8182631478122213,0.7932982069368291,-1.2571197068329796,0.43355507863831155,-0.2513580729151187,-0.16746077341747123,-1.0446417065160025,0.9543820195610576,0.2600217987410099,0.526461496133802,0.6088021686332381,-0.48233229279633105,-0.0302962590678529,0.7603972287139066,-1.629665771416915,-3.7950593179615204,0.4269716765661496,-0.03692164590957923,0.16821338207362974,0.9898259571582146,0.9710633277689859,-0.14015832728872593,-1.009595652173296,0.6393548548018626,0.09106905089356543,0.8959237641584971,-0.09941120249643866,0.45137321484226656,0.36265077095283815,-0.08088538597508502,0.773003017487821,-0.7225285431874932,0.17732655276543807,0.8045221654803234,-0.5526268041918254,-2.879826081793937,0.7280110003932099,0.07348946716814257,0.444611341273668,0.3698832547127135,1.1986054421910228,0.5229272390126459,0.3982001324186427,0.7301400312597902,0.23653401395596269,-0.23002821611373775,-0.8765873930388313,0.17551463269921305,-0.7435632909859871,0.9422716995168594,0.9016321302771733,-0.33500771099254484,-0.8039300376690425,0.023631532838298407,0.740416957615909,-2.3920747649101046,0.31598767414542084,0.4551570187290084,-0.8755045226705096,0.9756866486827703,-3.1418596096979994,-0.01869989073873098,0.36821170888918464,-1.8157545896849614,-0.44786931274721015,0.5302111390048807,-0.157640683939044,-0.28627493945453125,0.509206871276539,1.2629937386663346,0.524463835406239,0.3745730659384322,0.5843581937812692,1.0978239560963463,0.829330011986065,0.8861324400245654,0.8546847553224773,0.7828256521813873,0.3902378344606619,-0.24134765141383663,-0.01797416109709745,-1.2052936767957518,0.9433218979502331,0.977574191451965,-0.9899273907780635
2021-04-08,-2.028636082526515,-0.5041250995132073,-0.03041387782324363,-2.8882728704881764,-0.8676947097630566,-0.8143157695784004,-1.5135017677442422,0.6858446882389886,1.7608267664135755,-2.1708909500724376,-0.5841890805688522,-0.09960378331040753,0.9474159675510043,0.5870606312739909,0.4124762752515314,0.6335380506627064,0.5607081772885746,-0.9715539977660023,0.5922967948868314,0.5551245514848252,0.7561159997371276,0.2578642138143408,0.7870063395363338,-0.17646982306798892,-0.7613323769512169,0.6579677924478952,-0.6023792288212922,0.7573083113726654,-0.3650596931292802,0.9620119108215719,-0.8099085225528447,-0.3572521178777985,-0.05285271150220386,0.5481482900233892,-0.19257091620793354,0.1371183959921986,0.20270708229228154,0.7966970742186927,-0.46113133819269214,-0.05921511251472015,0.703631527828633,0.09683754454763666,0.35021974091981806,-0.1767463982377203,0.3855542235358608,0.46909215337431787,-0.11225609403550835,-0.7450623265086381,0.6864353167819995,0.232266941998033,0.42163118281843737,0.6842498589490279,0.5406186791306266,0.4544109672754836,1.1506113309021202,0.3112292989665589,0.43490925689248766,-0.5875238960100118,0.37629468175766356,0.7314524122866716,-2.7725199854766402,0.549393709288271,-0.04033893109500386,1.4868726508935868,-0.6033659948828546,-0.5746332610345741,-0.6274559638727284,0.9259626217340577,-0.7984648697539706,0.045986863231809956,-0.046165630274132174,0.8714580627726825,-2.3075142032528295,-5.2475167005949785,0.45341066062224084,-2.92526787953093,0.6234493185882821,0.8959566621713195,0.5530845099133971,-0.18831448015984584,0.11240297926152475,0.2199218995545201,0.23640728537245043,1.0592240088653877,0.3369001793609743,-0.11484092324610293,0.6374311034373056,0.31000110590120306,0.5004931257338491,-0.4691146645584557,0.5755357801695055,-0.16638322591193266,-0.16765514813323895,-2.5811285808205007,-0.09064300066042247,-0.43778373778542945,-0.4120102143982995,-0.5822852043738767,1.1232250288223296,1.0279501843151682,0.9775087045178619,0.7963435896616802,0.5457617118652767,0.537238797973364,-0.7908001236727861,0.5510281907981116,0.4128523324756923,1.0170282269089805,0.8516485375312625,-0.5936651048563903,0.5660021483738946,0.7894751775944903,0.7105712604544879,-1.906759243225285,0.6994699997308306,-0.861196808466522,-0.5428336511001192,-0.09704506365970073,-2.037064889492418,0.7430602330337307,0.5675067550330418,-1.0928993781933254,-0.26370138267859516,0.7225172161099571,-1.4579330143020202,-0.10481207033337038,-0.450051025332775,-0.20198495082611617,0.15727880369545913,0.8913150999500229,0.547242296064055,1.2713804311329417,0.8518324761015361,1.450135620107824,-0.2163292761655395,0.5841735021187341,0.9255213904376774,-0.10429389268794069,-0.09382948651133534,-0.641783435585241,0.9646529363871265,0.6711261187467937,-1.4320777864176926
2021-04-09,-2.471460475477887,-0.2611970874903631,-0.5856291184225034,-0.27075881255951495,0.4377590296400497,-0.4488739245082247,-1.1771658219547287,0.6715582731600426,0.8415854117964213,-1.8406540231975195,0.2523322063445921,-1.3589706511716098,1.291824441990073,0.4172230049990855,0.3622581563600413,1.415812578174633,0.8330182264953016,-1.5346778687484677,0.1433566975011937,0.7905363711055928,0.8738718687354927,0.60770119245569,0.8172496455673988,-0.15434248296419772,-0.8476953192671991,0.05539327386395197,-0.1925696009968161,1.0332491256473355,0.08463406034483599,0.3675220095910113,-0.09028139121695258,-0.17284562050772112,-1.3840984451580967,0.9155943010246504,-0.8595358898424754,-0.28212782016308957,0.22700705490728096,1.1304531752085298,-0.24628668542196464,0.007698091606982907,0.6755086079312216,-0.4234639767582512,0.6746316763475892,-0.2450510370279845,0.24155289690186624,0.36473579111374244,-0.3546193034710928,-1.4447962741294538,-0.16923288714523121,0.18018923687532554,0.7803419817934889,0.7407059537576784,0.2959379004822742,0.35452720175646013,1.0797514469049685,0.6948260645415989,0.48794496269816534,-0.29283122906494635,1.0279011902763133,-0.38070716404207094,-3.1263103584414567,0.8336090337729429,0.03430580560122515,0.8377523770840727,0.34725874269594487,-1.8880308600266233,-0.9268759748036813,0.959666659737071,0.05957252496466188,0.017535631090865693,0.45773131895972685,0.7507706441367724,-1.5081137848925168,-4.67393373216823,0.12870560138389014,-2.831354007589652,0.12563027616221317,1.0489964079481133,0.8138043386588355,-0.03555283322404627,-0.15781389968561488,-0.8393052834799637,0.2753424678001226,1.2085506131397215,0.2802568751340782,-0.808584958653191,0.482673400331936,0.695677213652662,0.18856342067888843,0.2485014676848838,0.8026820129789569,-0.22604400809546613,0.4922044790045726,-1.6587319238177458,0.2781383322325284,-0.3855469681776599,-0.707378994606002,-0.9078330215868101,1.5071575861723088,1.3450926603174984,0.7441256156690759,0.861449635423563,0.8117233282977097,0.6703676746918112,-0.39156148303456206,-0.002065085477006741,0.7611196507618764,0.9340816152674701,0.4905656729236607,-0.7736389304375422,0.6599017458395942,0.675989174438384,0.8725202315895816,-1.0602340742561787,0.7834784922138155,-1.0605311345685469,-0.06822438896957685,-0.41249412538862,-0.6576958509319367,-0.6107810500403802,-0.5932624284899897,0.415319166900794,-0.20808025503932606,0.7814132564606517,-0.6487457726930331,0.09972236113689832,-1.3195870656347573,-0.8514770659035552,-0.5131471086520564,0.36759435203116153,0.40269805973211015,0.7840596081124714,0.90977935325692,0.8377523770840727,0.43403384126101135,0.9891422642812397,1.3975985667299535,0.8944327701440908,-0.3218407207895806,-1.1787923758277647,0.9389804669550188,-0.25263531521469257,-3.8181445291209037
2021-04-12,-1.4076775960565062,-0.5233165473924464,1.1084732594321014,1.3919853273491427,0.3902660550084403,-0.7128313705428465,-0.8460201927952594,1.4026362515765702,-0.3202950653079289,-0.7177817965770243,-0.7205591800382959,-1.2077364760228353,0.3920671922623322,-0.3149529075447108,0.10307785813309432,1.0579119686361504,-0.14233863085622406,-0.08884351838955436,1.8898631157681784,0.6586909827366113,0.7164550962351376,-0.15496971315780017,0.36999366262675587,-0.36798354928750215,1.4225866495827286,-0.2882600340013745,-0.045510622373129535,0.5112233511616892,-1.0226750870965802,2.201923151258013,-0.4300947895419319,0.52675629875817,-2.824873140351011,0.08960239102753784,-1.3054574495320355,-0.8361011578360639,-0.34040115322447834,0.6920683432339092,-0.9520903777111086,-1.4444291146893509,2.2423075446066822,-2.684271158125104,-0.23375523554577732,-0.6887516923811244,0.16142394002604982,1.0469745915960467,-0.46931364656039537,-0.5377279879451822,0.04283070494435973,-0.4020004843941523,0.8983319945093926,0.14398251427513545,0.5631036632909472,-0.3655959036096485,0.13064538184972876,-0.5485074892687242,0.07993543403659685,0.18426538079429344,0.10722282446412579,-1.4483376886124388,-1.167301339891979,0.3802681951689187,-0.5524021763077944,0.9287007966659662,1.38797577117039,-1.4598661121837566,-0.8641577501233502,1.3853446879968143,-0.026658689063680328,-0.865009387256785,0.6865211082302298,0.029757370400245203,-0.8168559188466855,-3.0654897400083643,-0.2277540413501244,-0.6596838854535573,-0.45933226014925055,1.2226310656899129,0.16405721553562358,1.144229177675014,-0.8051318332023377,-0.9385481560759474,0.11431243269377185,2.3081506695618303,0.5508815658879931,-0.867867120079729,0.02078702033041519,0.20767614721942826,-0.5252575340037625,-0.10301220683963501,-0.021273059519067813,0.08739430305313253,1.5607342325277425,-1.3944080751731838,0.680327291904825,-1.067528568762419,0.04689534365330865,0.17348552806397693,0.07864923761310526,0.7643651959689931,0.5201949425414572,0.2756935060426546,-0.13712612445945152,1.2280236988812085,-0.4868411251161983,1.3314205992542583,0.26254548010455786,0.05748053827158901,0.07399830257701381,-1.1302046019750764,1.9660650243271864,0.4764032211876167,0.06111263113721889,0.6002834679512483,0.7350513886245915,-0.6228514659674759,1.6749673762996085,-0.0459875863078698,-0.8155769656567065,-0.8528982590521103,0.3802121091160239,0.9042362912779366,-0.44267652912410965,2.2071026258876736,-0.47394935380408615,-0.6743946697362635,-1.948544013230138,-0.7484654975569821,0.9220096079323704,-0.8196952528393959,0.25111275392995325,0.2863955285550626,-0.30440074814840495,0.2777571094481949,0.009839277171417242,0.17041357436080642,0.9902472552738372,1.4110386017413332,-0.20444303650169807,-0.8777495469111786,0.8101156073874817,1.6171880456509637,-3.083854463676656
2021-04-13,-0.5061420861608487,0.42549705838070434,-0.0905486086860582,1.3722992029295282,1.7267573399984824,0.693375532629562,0.7746893948741301,-0.4666640632733388,0.21843497028333245,-0.09173475844827803,1.0126641059488424,0.1372563288538872,-0.22541222162091112,0.07687878499620626,-2.1524683073131117,-0.33988832265666424,-0.9996595359707464,0.13309923208689298,-0.32883080367206036,0.24210840204351525,-0.0873217711608718,0.5529589815389315,0.08970156534085034,-0.04320720223317047,-0.13758052970911747,0.22647122923823465,0.10865153986293456,0.12276623473007717,1.100332326865369,-0.26246019951307786,0.29571654200392694,-0.2557206035452889,-3.1547137322766847,-0.037978570735624835,4.042165440201784,0.7306669040394177,0.11042876131016778,-0.0388238476292564,-0.4155009257680172,0.19415838796060322,-0.1852281310831181,-0.9446695467360471,-0.05973863199238714,0.11100823326928728,0.07012990190161994,-0.7478542696492038,-0.5096485454401978,-0.9052066341879723,-0.17762422958131097,0.16015410328313373,-0.056477138984234496,0.1598978851147602,-0.09693626412352843,1.8160731508129826,-0.01902540427902461,-0.9606763920769998,-0.08704899091503061,-0.18889324813439873,-0.04088777218093617,-0.9917216135528737,3.101970802420515,-0.23824361417975298,-0.6501541120986298,0.002269266841672166,-0.5981954696886432,-0.7496290216063795,-0.0018514208801996474,-0.21386546418011423,0.1944453511395089,1.4780314495854068,-0.06254563917446809,0.08726444072477044,-3.224120180331927,-3.563924227401547,0.1482670985850456,0.1784842502546493,0.05276942165176256,-0.08518994299634937,0.02440106374492583,-0.600358906172378,2.3796780340445274,0.29407235900976303,-2.127420771337275,-0.16263029927356806,0.02786388338494086,-1.9364268164663438,-0.29457224998305853,-0.08383552887292799,0.14592257431419567,-0.4100654626670216,-0.807856353261244,0.1569723441182104,-0.23754838928594002,1.9963247640085886,-0.03647192358572193,1.1170176236382963,-0.10589351630987372,-0.17015196647868622,0.10051641859437586,-0.048617983823031556,-0.2434922283709314,-0.196745482737726,0.12064411226476045,-0.3494354035204551,1.899073947608506,-0.14623922676587506,2.1811907981004692,-0.3093752678501524,0.396910770078931,-0.08125902899781981,-0.04691097665135819,-0.3226283169722956,0.16719392746839437,-1.1799715849519925,-0.18582165331920564,-0.13684560933389714,-0.5136108358699145,-0.0021573354463958147,0.9760103999899573,-0.699218140202301,-0.022289273057412143,0.15360980834482094,0.14055118504922232,-0.22050904241497024,-0.4117960627699103,2.918718076482977,0.3482821552903044,-0.47827183530902573,-0.44191006192087195,-0.015085110108636364,0.7466550153009028,0.08482037036680902,0.10197884979737107,-0.037082461112465756,0.11489839582024344,0.0877305830606592,-0.03411348668587779,-0.05640163506761982,0.20120412715711444,2.166107666255042,0.07787255398064995,-0.20408551406729425,-2.722947692126619
2021-04-15,0.1397520796444387,1.8230346490773988,-1.1751655803172518,-0.18344827246692216,0.5063076397589354,1.7857041788185106,0.48685818158343397,0.23794606002201002,0.5024236772955786,0.6385831692785878,0.4569897293414511,0.09202724059514113,-0.707708318882424,0.33925574076891246,-0.8100451815165002,0.12577524583907354,-0.8356754147785924,0.7559416068373414,0.07264338156049044,0.27100826108806975,-1.32868569391004,0.502468224526635,1.0769962876470909,-0.17116160260235774,0.2611775945904932,0.5323368427173637,0.6720813311155006,0.5135323542776453,1.2883462028262669,0.1669456343563607,-2.199906950807211,-0.32390982037150845,-2.241158666300723,0.05467465139629659,-0.11616891256921201,0.4105991517735552,0.6163633887530776,-0.45906771416803466,-1.0152157934371504,-0.5790622346798059,0.4689403985827287,-0.7854610271749528,0.8548689633880191,0.5217538588298885,0.4436778091565475,-0.2506504182653871,-1.0408573221959454,-3.483805591439109,0.21871487581020052,-0.7455555021631809,-1.8878624444411947,1.5905028976002726,0.33075945115515076,0.43113475042615845,-1.0980750649198372,0.40881393850186765,0.1840488290053852,-0.801920210207927,-1.543445925840484,0.14393038554836862,3.240433382428427,-1.5944413613938175,0.0627812075619719,0.25302186671174876,0.07359480677613123,0.059265612132377354,0.28132468696172896,0.3318103646699603,-1.2264038470342096,1.9252505658995311,-1.0382385659809692,0.45513133272808737,-0.8529500630033823,-1.203842014333807,0.18853713600355584,0.537414536781471,0.3177323454429672,0.31311804181511727,0.22874275184329992,-0.14215174251391144,1.3479452817224402,0.12762073952303427,-1.214825465830634,0.3183901400488441,0.5330404527030086,-1.0004350433308422,0.30132584466486373,0.005732091519617073,0.5085178759047787,0.09309890899075919,0.26211699158142965,0.8513817521160048,-2.3467057144985946,0.4784103601432578,0.5157167913532634,1.436701001900236,-1.1644765515238613,-1.3973249587623582,-0.13415104958783422,-1.8522102455309482,-1.7857065486349455,-1.182489782989796,0.5229802512571936,-0.011831526631963614,0.3661237950335214,0.24331198789105035,2.020148894358504,0.11421049127189314,1.710749506520668,2.970198350673751,0.4703638832602397,0.23250418553288255,-0.01056344615737543,-1.7567545081759157,-0.2370960679008704,0.3608946421265748,-0.20479699392731748,-1.4086754228074836,1.016139025267782,-0.9810974072127555,0.252337414690177,0.6351372373485643,0.46945914006881684,0.2741562848985663,-1.2981832936974125,0.08044819542074667,1.0111506993129973,0.038587696822938736,-0.29026613167110915,0.2773081329701385,0.738054099512275,0.45376438510704437,0.3001952595728609,0.6309302002226849,0.48280998226108596,0.37976181757801714,-0.07276034872959197,-1.9941226119563293,0.6837973961028276,0.18986112171908434,0.4530684188306898,-0.3266625953165552,-1.8403510564668635
2021-04-16,-0.5955814601476745,0.6818665380204378,-1.7355998989524188,-0.008453664264887617,0.33321352317890207,0.7413815829486122,-0.2665366951413148,0.5991506497859598,0.4188626480475582,0.1904496994092689,-0.6294882626064187,-1.2116351964365069,-0.10716539023244004,0.23072541864893567,-0.6073424651553216,0.6835181657088918,-0.4546725611534539,1.3945879069759641,0.713512347136934,0.4590441495531735,-0.34516356385072877,0.3411185332676619,0.3130974774983622,0.21811053389138446,0.5360068285940903,-0.1220423442855946,0.24884058143224813,-0.28461933974100717,0.9223745196675922,0.7584851454519141,-0.7209703655026067,-0.2760926388788027,-2.0444191228928594,0.67334825670482,-1.6859447197883548,0.31375833064162967,0.6643450880008891,0.08793494474215464,-0.5119058166861045,-0.1131589343038746,-0.049069560796835054,-0.34602515593975697,0.705576558564093,-0.3020669069706054,0.8622705821077498,-0.082376380438457,0.15015952432349727,-4.862830333374843,0.6923778477517596,0.21545760948560289,-0.6278989302214799,0.9024264868164179,0.7489748230937162,-0.2341091829320809,-0.34678797638378317,0.882296898855276,0.040604653477939824,-2.4389380296506484,-0.6056982085275332,0.9139649148985162,2.956049285638893,-0.061774991994831586,0.7623020723954004,0.8146820925827973,-0.6107195935663674,1.0471163444834768,1.221945979942703,0.48421839475192185,-2.0918874482461653,1.1500098035499347,-0.3960945238562802,0.5425652013804333,-0.1608979032064015,0.6750143080440728,-0.268358828592757,0.8139813267714936,0.8047765203730941,0.42094006223927244,0.8251549968478981,0.41566991409735315,0.8185621734439386,0.31103458935118294,-1.5187743304500128,0.8698114366049404,0.3560159310136707,0.192463206232304,0.7077865766707299,0.6602151220863511,-0.043445117818261006,-0.41926410034973816,0.45893633237415504,0.5054550511277569,-2.173007148309275,-0.1825936489524216,0.3168204900016221,0.5004450967319206,-0.8805182706142292,-1.137218952131761,-0.17211072088711518,-0.7216218788589213,-1.9983242604644584,-1.0967570465368683,1.170385392487159,0.5128058649188926,0.7917168740466506,0.6138389715770683,-0.39944034100338555,0.06324711498569818,1.3399171540420036,0.8643177717116868,1.1341900041730009,0.7627152895440672,0.8124628184311058,-0.26869055627125404,0.592301297052398,-0.08834997269100692,0.34729047133181196,-1.5047746486016809,0.20163554442618098,-0.7140760758777167,-0.589825276831521,0.7194501633750809,-0.06147000468660091,-0.8961303388312456,-0.07699228196889571,0.6342147227671705,0.3886507529515775,0.17238008172866956,-0.8327092361522221,-0.19436261306832833,-0.6060670280781608,0.05887679462348885,0.7820784329534326,1.2238883191871175,-0.48672195008412056,0.8644737714335043,0.06300524046325391,-2.6718774265894942,0.5349320593545356,-3.6357947060776397,0.6818083398835375,-1.037273011370892,-1.9858809865908562
2021-04-19,0.6171489870620106,-0.048287190909686896,-1.2134575469964417,0.6012992284029925,1.2819516566726332,-0.057201774475145975,-2.0810412257517474,0.12896447319396706,0.1252563094648015,0.7704291088801813,0.1271102974979531,-2.123190533244538,-0.03146993844850253,0.3758025553112568,-0.14103270389777692,0.3558161062749655,-0.42582512818187196,2.0852530241071987,1.502688747285447,0.5856599748365339,0.02905548914908405,0.5727929610402059,0.9809413636048667,0.06687680201306305,0.8930842033423324,-0.055879722562657344,0.4655214294385366,-0.320386470955357,-0.39656754812022843,1.0220935202654784,0.16133897019241905,-0.18058596155350187,-1.9681243257744943,0.1599644303455415,-1.196891232121309,0.21079521793903327,0.8951597980891967,-0.09826006163845374,-0.6098496585833932,-0.3064265991469965,1.520269752471627,-1.0189272861883645,0.7293663334262949,0.030288291613983016,0.7614689660139775,0.04354677056364951,-0.10950739681422776,-4.959506761508468,0.4935385288791359,-0.0351383995250772,-0.08474412673772319,0.7530683759283162,0.07024046103159268,-0.05460414784293808,-0.42393611146917676,1.2072193991693931,0.1380733197268219,-1.6337905583692953,-0.07578912213766005,0.37555995355709315,1.8876280800202965,-0.18681942852508626,-0.09824796144062098,1.3228129252832748,0.10619702828245062,1.283453567385641,1.3394012732713578,0.631328175661378,-1.2668394408404233,0.03247932489882962,-0.012378129477742833,0.11922591457869644,-0.7248209558704984,-0.027741115835609374,-0.233457176684489,-0.20814438007507677,0.9550693494244744,0.5024509289039001,1.019905890411604,0.14998056400345233,0.09354014826135103,-0.7096490293100078,-0.32766914781187895,1.274781372860963,0.9587140903677221,-0.11880042736432136,0.1766484840827976,0.04399459750536706,0.1248189871084268,-0.026849585556340445,0.13064990917409325,0.4335919028300136,-1.2153109956015702,-0.9587498603902872,-1.3624952859800534,0.025939692709528926,-0.091101432348784,-0.12966265028418775,0.13102592413960953,-0.488819407888523,-0.5734581723741322,-1.0639495579176987,0.9948009126072596,0.10108953840933509,0.665607138849582,0.9332566424244537,-2.8804303853145994,0.13102592413960953,1.5274346027440329,1.0090968130354565,2.4536871226953707,0.09982827804399518,0.29769332899972234,-0.28787640069217907,0.07273818855345274,0.08169103135786313,-0.12991093222852634,-0.6064330842462823,-1.1760446345884308,-0.8448835842957881,0.05136214764472191,0.8989515941494908,-0.21952727398879834,-0.012124042593350134,-0.5836085054786332,-0.022256267233609284,0.07037236708706117,0.0854373443689545,-0.2815046848104799,-0.4029799133589433,1.1048535272813012,0.126356691869733,-0.4804513028109268,1.77894231390281,0.13057471504864657,0.09375981034608263,0.019735629814237602,-2.045375039701505,-0.17466209568818417,-3.815247506272292,0.7220235860917205,-0.6837038499160238,-2.209197009672087
2021-04-20,0.5780350161919888,0.4884031322938246,-0.4178716031700994,0.298898116433007,0.377295518937377,0.25857735199432375,-3.5731739789380574,0.5149033172858625,0.2642597933755573,-0.2699231886618971,0.5149090861392205,-3.074631059318203,0.22398170295479022,0.02324766990822543,-0.3415906494808187,0.019297620693466848,-0.08037461509176981,0.14974996182412675,0.6295302535396183,0.20984490309521725,0.2085099187814402,0.5944422404796895,0.027528213827899606,0.20966894779063142,0.24320741492109257,0.584360811553379,0.5325890859328469,0.19524238200993688,-0.13950102184056234,0.6748311729551083,0.6427382418843933,-0.2857591946416828,-1.6706596181237512,0.3049928661318259,-0.08601914478848308,0.6107463154941087,0.45465736411935775,0.5446127681453147,0.13503244155825578,0.12756633955043717,0.643525140349058,-2.5697153498024505,0.742136743918323,0.4915612146742667,0.2530239304534882,0.2550611717279676,0.8530314966445525,-2.866317464358877,0.43048185454860743,0.20231509947074192,-0.5339221670354609,1.1899556957872797,0.23925433318074826,1.1039039139482572,0.5073841729114621,0.020250626711807947,0.1472953451932266,-0.5764341680531931,0.00794949313325235,0.8641970613948448,2.1626396460656796,0.3158163275972603,-2.1907579780111135,0.27384024165141196,0.30948278042023125,0.1646345991414496,0.12052435301955099,0.13497142714062965,-0.7383096839975919,0.337964369564041,0.439703864398814,0.6327457264705346,-1.6734767112207862,0.13421062474079345,-0.6941076563298412,0.146942184075609,0.3387062190956298,0.1893791928579308,0.13113858528311936,0.05501665514957758,0.9647119378520513,-1.488715678988278,-0.1757307463351601,0.004436524155363628,0.312034062285542,1.1276363172150166,0.0776022359955547,0.6909049981029319,0.4516274171945596,0.30049649249881794,0.26150759565226217,0.29913444316481996,0.16145723315613292,-1.6344251006055865,0.11125533873851622,0.14501131101611991,0.35255894220823997,0.38200648423020717,0.27384024165141196,0.12909243948333401,0.21214510586718366,-0.5043621156297425,0.07562753700179622,0.23643034786667896,0.2616230438938659,0.127762969593502,-4.212892324494968,0.15597994658035017,-1.1425043360385172,0.7930001626630628,0.4910340907573558,0.2690491201316638,0.2838021365230662,0.33469286823479283,0.45464364506605276,1.181453208979774,0.2587401939769165,0.09141061159550022,-0.5241671826011584,-0.6411893336184153,-0.07046752303083859,0.6525385268754036,-0.859591827956312,0.3509895830462905,-0.13312621499576444,0.15758444854917583,0.6394013328180214,0.24894616695088007,0.6785359096701656,-0.39358093804011757,0.9046777947963532,0.42513599821870246,-0.9060256205664148,0.6050869551633686,2.072482358235255,-0.07744819666210787,0.6204924219769269,-0.2007326852614347,0.5116060717006725,-3.731179755928465,0.6593123958094468,-1.65340090397458,-4.148117290073935
2021-04-22,0.4021061910523009,0.4359503758558914,-0.5442726306130877,-0.7165684467689067,0.46891185261375157,0.4549465983654562,-2.4308273633829316,0.3498799076306424,0.6737496161386504,-0.2941434442064355,1.165906083398424,-2.0119349958220627,-0.13194496052129992,-0.9395154460498218,-0.4129342883394694,-0.6973506487575261,0.4569357578538649,0.26884097268819207,0.6229465226061799,0.39732303916781336,-0.28054016674228455,0.3883790426856752,-0.9722340600955393,0.33620642442145204,-0.14291937014142728,0.6549800254053983,0.3974885540809581,-0.9589197265845901,-0.30483730218752375,-0.08831066274453506,0.6504678352766264,-1.1085322755426148,-0.1359802657040752,0.2827204602775387,2.332303485438866,0.640519993039503,0.4372939338555184,-0.6076404212478991,0.6767219399408174,0.7376895847467387,-1.7622834603373547,-2.667525523437269,0.5068761261341436,1.7957979398637578,0.7571722533677061,0.5839816548659317,0.9429356698046444,-0.07977045230286499,0.5586537907832484,1.6796186707817964,0.1733250816386051,0.40316716025568133,0.4314151588583738,0.46247439161604253,-0.04623362345065077,0.26981571852589536,-0.18865399212254957,0.4022075034614889,0.2053975105420988,1.3131980786121011,-0.018406646890115813,-1.2754935529134686,-3.814205409489369,0.46891185261375157,-0.04508860379653974,-0.44016346440994436,0.37918738189474105,0.42321938559074695,-1.0586306599220625,0.4765503123054787,0.46891185261375157,0.2805847925865163,-2.7608631096324707,-1.3084547191467693,-1.285677593005401,0.3625537311263914,-0.5984617684273816,-0.21301776873506298,0.10181778215041284,0.25212231706884985,1.038272619903323,0.17411497912645846,0.40761194799314987,-1.1543284267530327,-0.04584439893752144,0.4400596067819353,0.21789123226586313,0.39703742036410267,-0.05154781674002146,-1.4918640329328883,0.9556966590783689,0.2727541831504332,0.45960923598360093,-1.3642682359911609,0.8347310688739022,0.680358611040527,-0.7054274905288239,-0.8827020298867826,0.510631197290833,0.6553434919078228,0.4202055568584055,0.4566156592478798,-1.9887718376148078,0.03232945070805669,0.09095848887042171,-0.010301926473485797,-3.2970853275368333,0.3479342172995855,-1.773710918036633,0.3805320811894519,0.1880071184511941,0.5347862540360536,0.33828923184645127,-2.2359893619104554,-0.42470885800178,1.6249839876511514,0.982496252769479,0.3056882042758699,0.2817995075189852,0.3608625310111177,0.6953588715823275,0.20403597751409416,0.284438141574664,0.2006382072104833,-1.3904875908994256,0.8097459098209366,1.1577534280745456,1.5240470016627778,0.9574478473826455,0.4220504493432611,0.294332545439502,0.7086271356140545,-0.4897815412197419,1.1620678675796963,1.204444278564189,0.45001744763203133,0.47982320721057764,0.33488168521773887,0.598664993198716,-2.187419421395339,0.46891185261375157,-0.1162808655162449,-2.326195052485557
2021-04-23,-0.8643901772246532,0.7711189517948723,-0.16748626668256364,0.20224067938107707,0.22643221952162101,0.5507428852080208,-0.4265303231621989,0.5747346241239363,0.41886419842743494,0.37306632092625674,0.4734579677480313,-0.9467179004998154,-0.9484554268393097,-0.6520124908238195,-0.3059165233194278,-0.3817043550844006,0.14199393753248266,-0.2867657752587342,0.5632491408999425,0.22734182578627424,-0.529828410008509,0.4964806151498008,-0.31402431284749904,0.7823070561366483,-0.796636099733163,0.6672838405530354,0.3327233217496604,-1.2078484391430602,0.9830851684279858,-0.12454010953002881,-0.6249473886274108,-1.1215881172032538,0.5990833959727412,-0.07948613139596707,0.9015944194365367,0.5342788521298373,0.4934667801775986,-0.16567102110946627,0.9224857286254986,0.4364083241338747,-0.6138117634067219,-0.574176806236045,0.8381579710703287,1.658261725612849,0.6665949787919665,0.405989075154204,1.6346202381083643,1.0358837819717917,0.6659603493167573,0.7945682629490649,0.42606395295287286,0.9120961625666946,0.4213873881126411,0.7250799689151889,0.29602467737711746,-0.19223746331954464,-0.331066573999223,1.1939609403101403,0.20037759441135383,1.1893347014282867,-1.1399105339616022,-0.3677879762954457,-5.151860829061855,0.49890634438108633,0.11522971709611157,-0.15006193504001106,0.3987305524503178,-0.3472123639118981,0.6202315919696547,0.9950960664935748,0.3375885311811621,0.4154381306255735,-2.027453417196226,-0.7594146707630817,-0.04068293625940134,0.4955797907175893,-0.4402715218230205,-0.7181056287333517,0.4088996695054654,0.3552891429743509,0.6381576262794938,-0.23332182089977102,1.3373868811738352,-2.1356724017012865,-1.0907240336477717,0.4431405030833165,0.09471258470832844,-0.07917672770089912,-0.7198074977767408,-1.5348035648754879,0.5448093709456665,-1.8210729296845936,0.412838653753232,-1.3099391798460915,0.36393277083678904,0.8762598996177066,0.21953944189916677,0.18654809138750955,-1.1424745953866293,0.5978853020273159,0.6604918444033364,1.4866343547877157,-2.808175277779924,-0.0998830475057951,0.1965517050667473,-0.0742294525160909,-1.4434987077734334,-1.3939373417519678,-3.7600408803376917,0.8201452797575643,-0.25514515418831263,0.18095276533005025,0.43041254580607274,-1.5453519958238862,-0.30127836710430855,1.0646458172998228,-0.9314274076378053,0.3771961349982138,0.13082784440382883,0.6188385244273901,0.5451287783038581,0.47849189177077445,0.4916218278279854,-0.44597922640050364,-1.4310267534816055,0.6133218177084713,1.2254077406940072,1.0067267435238556,0.5745098367333943,1.1758052927739857,-0.8422161390880201,0.5742969890634911,-0.7757416312855708,0.49890634438108633,0.6527373168721537,0.18386645419598627,0.9042476931925809,0.12903401024865904,0.49534116744648027,-0.081403952459921,0.6355326555606168,0.976734868328175,-3.166479155751445
2021-04-26,-1.2765085620605034,0.24695743706322892,-0.394455912535792,0.16899790260937558,0.4950695555087457,-0.3404415892865676,0.686618443783684,1.0057143412172667,0.6234152889252375,-0.43986001477739456,0.06122745346412295,0.6864232379429986,-2.199028210139039,-0.9906413083670699,-0.3144568399445792,-0.6353548215749324,0.16306304501181287,0.0884091957481253,0.3416339058179457,-0.6939557832965219,-0.9163174115762804,-0.0017319426529072747,0.4363637756897266,0.5825609083119881,-1.0504228630494805,0.9082106072467142,0.6825783689750975,-0.337240635132968,1.77493724651887,-1.4490062641036368,-1.5263233435511,-0.4143579328550883,1.8402086800626847,-0.04841870654732602,1.234818601529306,0.9426941325036967,0.2876152617950304,-1.071946549932705,1.8767190112294427,0.6270438733008568,-1.0321438340102247,0.5698420587144593,0.09881620098306511,1.0099278434863883,0.7099679026266807,-0.4141504718144863,0.6913847710975153,1.1590775954619148,0.7317605859609396,0.8894593035754255,-0.9495729578217198,-0.002322933149108528,0.7600044691467881,1.6924234252555506,0.6525142453694767,-0.920493667937769,0.0032175374837348516,0.8414667256962881,0.6840508510707861,0.3872203021270198,0.389620827158404,-1.4804816802891436,-4.700651053695731,0.7317605859609396,-0.508455113889779,0.256606133495985,-0.17742683168076928,-0.4565947081031484,1.2808189166862944,0.6714713612231148,0.4921109176280949,0.6615731302960092,-0.6702310019680985,-1.5586636508978977,-0.21108705080784665,0.4845001448633212,-0.6730655473597826,-0.9342959847345241,0.2501052353889504,1.053843910637835,0.503265795790012,0.7176867642076432,0.7040854758532338,1.2112743742313925,-0.6217345642506273,1.04661470088804,0.5726463072819342,-0.6196731317627848,-0.10113447971311171,-0.8466630980811952,0.9570176075520627,-0.405420185398577,-0.1695149350932419,-0.38048164921760735,0.6979200353749032,0.45401130823458163,-0.6689076891327452,-0.8217796498752712,-0.6353034725887711,0.726390285270003,0.7011687994369555,-0.02770390908038441,-2.6080426314250924,0.16366061240278398,-0.726138666403676,-0.3054805910367962,0.35971468486233055,-1.8095901042200417,-2.632515163535112,0.7213741441183134,-1.2549984812964115,-0.18749819376357796,-0.046313766688921856,-3.9718907484550448,-0.8945810881080759,0.7835096428380204,0.6526529284530111,0.39316856994107113,0.32227737669440987,0.90192305200054,-0.24395836657694592,0.28955824922756374,0.380344399348037,-0.3638755578051305,-1.4610469837842746,0.824998898614687,0.6258069065672142,0.6284632685927986,0.5928878840230613,1.00302128670455,-0.17022905429210133,-0.7007319010907845,-0.09811657151569222,0.7938753909618512,-0.5157613170561255,0.7301569077119534,0.6577142241487236,-1.2445019314828083,0.4103871259591334,0.04017442622474238,0.7021952650752776,1.017532237713779,-0.8786111296802684
2021-04-27,-2.1840818618814217,0.26047650550517126,-0.23267989709996953,-0.3421281873159659,-0.22901161732860598,-0.4723633904905557,1.09539745195123,0.2618992227938795,0.9766407191650841,-0.07513030497762656,0.13549155676740102,1.1285881759144898,-1.5668065514421619,-0.36980197637564094,0.05522960767650087,-0.766947048843486,0.3193997903138789,-0.19045020404455934,-0.6259281848267465,-0.4661933575839409,-0.06708537260317707,0.9429086951350878,-0.31118044657317945,0.49322787382157374,-2.294453630856827,1.0378462902316508,0.8731794380134112,0.6966372631739659,1.1364344279987406,-2.45877596902598,-1.0536387064008432,-0.12083765392485181,1.0726775494105203,0.2346135353808972,1.0466572265892582,1.3695091763221259,0.02688999060238935,-1.2671348215522844,1.32137975685986,-0.3976847558316811,-1.202813600430761,1.2089058406938327,-0.09863666740057152,1.1015523014983004,0.7165491428309904,-0.744539174683803,0.5208843144009501,0.8880526617098072,-0.09648377484906044,0.8757802058495121,-0.25030632562053273,-0.27585754915199984,0.05996681712707298,1.1410179725847749,-0.0019610626078694743,1.1573605337680837,0.18440671195476,-0.9379701110240165,1.0832277773144843,0.4106125276443202,0.9292924776702719,-1.1785018303042747,-2.0017101459019235,-0.14738234743050682,-0.8258156796295228,0.990112726963785,-1.558709854027453,-0.8565463516135435,1.0396431430323396,0.9119964965441552,0.437001348340402,1.0405087181255914,-0.2492554012404649,-1.1122698541296814,-0.517502784197964,0.8206792149028947,0.541853158415627,-0.6997964138400569,-0.5111113223029523,1.0654356229278024,1.1216538336561677,0.9581436147355494,1.1357386395353783,1.0432497179673945,-0.15567740026183313,1.1194789463424808,1.524702836568664,-0.7706021785351586,0.3541421170935306,0.1725517507736839,1.1043754657674132,-0.013908286917667255,-1.995134653275048,-0.059113376153134944,0.5936303452453173,1.0591721023303668,-1.311720827860344,-1.613298090906041,-0.18585307995732686,1.1357021367718827,0.9206420478142323,0.4476591564030942,-1.0116936387340598,0.19586447581066768,-0.11513073791738768,-0.2580965424149258,1.309963342877748,-1.6186921028407935,-2.6712042875456703,1.1330869545297904,-1.3974919698110495,0.23603693640434967,-0.7750975713556495,-2.3831539335750778,-1.1440335124237346,1.1300236128220886,1.1753522846342703,0.05046569803785864,-0.8984028105937136,1.00467862518318,-1.888483807452887,-0.8576134912802633,0.5834063940583779,-0.6343171630116923,-1.7876039114186706,0.7943616505517849,0.6883114552116228,0.5735991437159819,0.08714969544070197,1.0938905939027117,0.0111812913297691,-1.4452966151029218,-0.22691947693695083,0.7926431396065611,-0.555556674196622,0.9589365001139385,0.5537377330901828,-2.299618531188697,-0.5843618045660778,0.17012302842473997,-1.0175314317965456,1.030998779902708,0.5605140828147512
2021-04-28,-1.3259451222789669,0.2653202278103952,0.28420652066760094,0.31514348195000147,-1.4509099212408154,-0.4206042780396407,0.9696329206281733,-0.7670015552697191,0.5124328425010358,-0.20920587276185598,-0.22033373518147828,1.3350197815738003,-0.8555028392801656,-0.8009779909924678,-0.8652920950646689,-2.856656458160302,-0.25095651994812046,-0.6240069339898641,-1.6641153287956156,-0.12888991588966597,0.5149361099343913,0.8214085309827281,0.4279852295949828,-0.047202496118080244,-0.9786258456354411,1.4300755775347722,0.269220671624214,1.1629013190419784,1.5840883985283716,-2.3744870556740625,0.10889161303056619,-0.8107473743846572,1.0586444471029228,0.39070779790746024,0.6546337658905691,1.1796045463547267,0.2989617303733563,0.014467677495183412,1.061296862773078,0.12071338206343095,0.38577651452706396,1.1667358238026029,-1.5164912616016266,0.6786856498287105,0.03458372672562943,-1.5487944171188037,0.11378510969968918,0.7360253249135633,0.7163029394614145,0.4165515210237221,0.3465156460706263,-0.09303393466311398,0.5393594766086731,1.2478183853700495,-0.43823570779799614,1.3526859912595188,0.29074725636009036,-0.19583515487919012,1.2580338941921416,0.13978820712917756,1.5096933275250755,-1.3921262324007786,0.26065072964612207,0.2833970468892996,-1.135009434467385,1.0158843979974614,-1.1605738166026747,-1.9274235150422125,0.35817293716853393,0.7226150102085633,0.3592195365488877,1.0640748988479114,0.8652337286592979,-0.12211326983444146,0.7106899613647726,0.7504017816965078,-0.37381750828389787,-1.0209498353191284,0.007956006495615,-0.26215392823559014,1.1693785950209306,1.2555790502503923,0.9250021288253945,0.46903755922745144,0.4416948737730661,0.7327643249491457,1.090300986368936,-1.11080010967944,0.8053721287402513,-0.33940133537472045,1.0439552799813905,0.8373945544944957,-1.3894659356488483,0.02844032128629784,0.1616323872255024,1.0923193813654077,-0.5662576323777172,-0.7484419227801897,0.359824751331724,0.2706279113502793,0.6681948491544335,0.7386266580185457,0.6488119870638762,0.7010480232455217,-0.7209870887906384,-0.5549498144042031,0.7671681781613936,-0.755501074777977,-1.0413698701800034,0.37720279080620017,-1.7743708396334696,0.43970612693148303,-0.5097682662014154,-2.1765034481377312,-1.49425042131976,0.36557797321452035,-0.8737966721136067,-0.21155169576948024,-0.3484212192208149,0.7626158731798973,-2.2563881076353334,-0.39752238035007426,0.48219446711329766,0.17032167390783828,-0.6635936524117582,0.9119473203193518,0.44234210444819555,0.33477794490870166,-0.21883370240229374,1.1979091645628295,0.877270368102931,-5.005896617376189,-0.9284009466198729,-0.5421297830472435,-0.4142369635236263,-0.04577336171624412,0.0319491282219001,-1.4666923400591843,0.24418976330940714,0.3781204242100324,-0.7083793403814953,0.8331710032708849,0.9335555751595577
2021-04-29,-0.6817039205928817,0.1911999432800959,0.5268830649426902,0.117608709379816,-2.231389954946185,-0.41347379313320065,0.34723903417487867,-0.16608452950175165,0.8163792471739413,0.40006413373889493,0.07093738563466147,0.8306509461138597,-0.2893956870380361,-0.07659489859438222,-2.5972938532412604,-3.625349437112366,-0.3047364012738846,-0.9668630886198936,-1.011518334770183,0.46215791896787106,0.499568424847576,0.7434502523363333,-0.40107942032746435,0.0024285568249858246,0.03493398077230582,0.80861121189076,0.7603241142632945,0.785126803094961,0.9324064353232956,-0.5064929348618211,0.09338756509652954,-1.1795869121407905,0.8509299331918323,0.5434420111130686,0.7050264268996734,0.9425444855508476,0.6741826507294179,0.8021419932033071,0.7882313654142624,-0.19700359478330165,0.40774761916990376,0.5567970178091173,-0.5037782081718403,0.8504809697115066,-0.36685593393791815,-0.804295250539274,-0.4034446348186712,0.37130061739635845,0.9155211855799751,0.6714065396530796,0.09314210531042375,-0.22559333955074334,0.700516775392995,1.2649502039433858,-0.4634706116580291,0.8391010440293016,0.8958625853787981,-1.1334948325306728,1.0802822077678988,0.08446735086317951,0.5575924388028511,-0.9443611277760829,0.5288732511505699,1.01310476379477,-0.7851178376070451,1.0435269971102827,-0.8837287234407528,-1.9631412940430484,0.6058696862535558,0.5063954222209794,0.5194731799946605,0.9835002287339354,-0.03150081756052628,-2.4767308540541415,0.18935027062881385,0.6413249377139281,-0.1810437285889058,-0.3650437789064454,0.2541712636908855,0.2820615591387688,1.12705641625312,0.854189211119124,0.9692380684817099,0.7235492112926034,0.7663339776206669,0.645316355264364,0.8710345948346967,-0.4291922220613214,0.9804374473954138,-0.025354631788693065,0.8690262647575243,1.0477377651414923,-2.6863523516426784,0.07938845846306279,0.19615556669615958,1.0535946363460702,-1.6978424448834903,-1.9950511315383281,0.6323826862657114,-0.0810167448444459,0.4146112952979694,0.6932922788791017,0.8887298975265041,0.7945134194560232,0.42326546139693366,0.2232495409875736,0.836740685310816,0.06921296867812744,-0.06687308835677684,-0.13269627249117225,-0.3842838361441679,0.7810760410332446,-0.6276815854634101,-3.104718740780212,-0.6442503745459819,0.4566511534682156,-0.9728274021889207,-0.3386281325889761,-0.3661642918570865,0.4967815670137493,-2.5804151086335043,-0.4616130532016972,0.7245053168881634,0.3676560362590176,-2.2005100899520422,0.7808825877999541,0.2732131443014552,0.20006692721697747,0.13382894084184455,0.878493595053655,0.6617275719580658,-3.4889959840702853,-0.6015642260061276,-1.5071198689615126,0.10660254622220679,0.5527883542859489,-0.5187136099996669,-1.9431229523261397,0.10822470358852036,0.16386765032049483,-0.16923188854414525,0.8534739350142374,0.9188146730635557
2021-04-30,0.4116630271956503,0.09972662501125329,0.9238758261133713,0.6019010283875298,-1.3152168018394268,0.22545124079143017,0.4706417774261067,-1.32261137606119,0.2045177098387252,0.9334031582453188,0.8090935375108073,0.06653989265175445,-0.12953560266413472,0.05857799316025965,-2.4447819744160904,-3.280462161900589,-0.4491182733975925,-0.6782233633089486,-0.4716589458832761,-0.04156920225352002,-0.1072587181782773,0.9207736294797187,-0.6170887094427919,0.33222514799999375,-0.358899081245859,1.388532415366874,0.5692015115367259,0.29842165833687345,0.7344930634116799,0.3805265739190572,0.7154493516679751,-0.0029694789493191877,0.4214530382521329,-0.8848849335646534,0.11333298366530864,0.6480074353540428,-1.349640401444832,1.246718501860338,0.6036475737741016,-1.1155282102840993,0.5615443057381672,-0.14716658668328417,0.18283519027262837,0.8304820114425621,-0.42348552534176837,-1.656716538579795,-1.0110323154757503,-0.47392999591965795,0.4854080999460629,0.7208970533567158,0.469480935040264,-1.2506873584303275,0.8496185088768683,0.9004552125386427,0.5383998777237063,0.8862606121598754,0.9905548113398553,0.13586131126313034,-0.04306962148662205,0.6562682937221764,0.4754571611142647,0.3873019320755869,0.5609541966020918,0.7405077390748674,-0.4133261069363287,0.5132067417396173,0.23189150291162627,-1.5277812802680382,0.29304840499010215,0.4014859868473909,-0.47890725349641233,0.8035074013207212,0.6659906876215941,-2.139395319039829,0.5611789067514754,0.25318771784431526,0.599114460484986,0.1860411261693014,0.5520872984001051,0.7812682683283855,0.5059583537012005,0.1196771491016134,1.383007165906472,0.818051900736123,0.12476286285180915,0.21543727133898888,1.045087125399332,0.32129665274577424,-0.14944603523267017,0.5052829310058873,-0.7215901245892943,0.7862147091933469,-1.7419119811405244,0.5439332545950055,0.4277966588920947,0.9033343828985179,-1.6497103428476512,-1.9127226246921032,0.5351229142057168,-1.1385897931440316,-1.0360066944180222,0.7892826650025062,0.09889816836029645,0.16620043995300102,0.8395746488604272,0.49613794664437155,0.36270910483172303,-0.008967382892512206,1.082350914338565,-0.3232815453950824,0.5179800700366408,0.5611355176629953,0.2985946240362582,-4.922204304207372,0.36107247587603913,0.7256674750270402,0.3500733877107183,-0.23477356457901746,0.29503832862295526,-0.27256372974027193,-3.172337911751519,-1.0747795938388451,0.602564519374978,0.06315975146570814,-1.7968221053961455,1.1669676025594728,0.6266410907419998,0.5209693212898191,0.7253341893777167,0.4755227094028118,0.22340617128706305,-3.1005647174732283,-0.8984608829666546,-1.581431265057544,0.5721281170871152,0.5555824387513338,-0.037019323558266565,-1.6545675512040348,0.49629065337595873,-0.03339919057592838,0.2439916894281436,0.6952503814805295,0.05613760938211095
2021-05-03,0.32040926597258546,-0.016930010530536596,-1.654809790631583,-0.33732551895589213,-0.18948053411406712,0.13814464002582513,0.41371294774808065,-1.6577513468248235,1.2080479233385926,0.7352669138429897,0.2944179031911103,0.4157143476546956,0.4697600343653602,0.2527210450305894,-1.4849710759436165,-1.7072541596286892,-0.11838595014544918,0.5057407037842498,0.3432114301633944,0.4897930848541208,0.20534132864461982,0.42007069491237625,-0.6895592502965205,-0.902683945415218,-3.1204062729449307,0.5857887753309827,0.4980186770866999,0.6125342296922913,0.5801386281427612,0.5013844166144381,-0.6623614963252703,0.7746633256657462,0.4731526653116676,-0.6133166293384585,-0.20448231621655563,0.3146243051363742,-0.12867060432660074,0.5047014367078007,0.2510618474027748,-0.9503512767389775,0.48597285336543994,-0.3777902080762517,0.5460179759823706,0.4459524395087901,-0.5764873783088972,-0.7075780180090964,-0.7033879700248827,-0.38326909045966334,-0.1960846187757686,0.059638435366708015,1.4770902965629376,-1.34904112155843,0.4014984741878887,0.4344362567827641,0.4915639827619439,0.43109706197941566,0.7683629664340628,-0.053352898550372195,-0.31475244816527853,0.020165539788321633,0.4749631797973907,0.5944888767130545,-1.3849847540382965,0.2548159851180672,0.41778706414568234,0.7454582793150574,0.013097534322243453,0.26458813043012347,-0.6479050058352829,0.4831493007439373,-0.7876757952530682,0.7331511758710039,0.33606415005907925,-2.283341664186885,0.5278278638367652,0.858928506376563,0.8773234531747212,0.2570132620245032,0.4907793721585803,0.6618699352852966,0.13675187786963033,-0.06504001065135664,0.4976949228523089,0.7864053805192777,0.23930853659627851,-2.2912853281146175,0.21612513785689605,0.47073667586938256,-0.47484766066473666,0.4584689947320218,-0.3537750484851696,0.48761057433875704,-2.905067901583553,0.7868935973125365,0.8410860328336249,0.4071463245507242,-2.0472999583190217,-2.345221342289535,-0.12483238638338932,-0.070506680268612,-0.7502515696068259,0.49433198189192395,0.34923447622964215,0.5500928501888284,0.5719388551617288,0.7830788608689728,0.584629409325685,0.27400942497829084,0.496498724865944,0.2392285419236338,1.19895172860538,0.6177406188424016,0.9208966906587173,-6.272379561717943,0.6955119295657086,0.48169561483075196,1.062867485835245,0.11877315021150803,-0.03411526916079413,-0.3746435714362565,0.19479480700000573,-0.41246780205451455,0.20750910827170826,-0.1802490940587313,-2.478799810699817,0.498297236960949,0.5835378852466377,1.8221533552613847,0.577116876614727,0.1635487428217851,0.28786751006371564,-0.05998798861193003,-0.06937942612323016,-0.25403781298176303,0.3213652389491593,0.22609861372542792,-0.21702456633442893,-1.3753418083376128,0.49051755568425615,0.4679600079785192,1.7005229755464528,0.7807747502271764,-0.5903502388778746
2021-05-04,0.7665167000941863,0.3627252752509528,-2.2897415851668335,-0.9830242409079191,-0.11305622268488376,0.5019562004926862,0.46851640312398435,-0.7260598833218536,0.9477645552233106,0.631991761376677,0.09931652323735324,0.5206770465046803,0.4165522475019078,0.33959181858768483,-0.038929043016330406,-1.0586685393568451,-0.45078763161624946,0.427397753528267,-1.9486139417783277,0.06810501538944627,-0.5799675254960205,0.28503143758505,-1.4964309525540505,-0.5557902266014237,-3.0934783001188113,0.7495859122754059,0.741793850450177,-0.09595924457532455,0.34121793204171974,-0.45697674818266565,-0.49956921403555077,0.8534871165114157,1.2975949002013714,-0.9798483787407122,0.2970748290404449,0.1634159771440342,-0.20310603212417344,-0.04222799754951264,0.33938132203208216,-0.46638883303665735,0.48660795696400927,0.27593901778854635,0.6793729192347089,0.27487618652994544,-0.4836001378618886,-0.4966212060053218,-2.336126681314666,0.6124394812988236,0.19304274649251546,0.24583146803237604,0.9329768805515927,-1.5220817222856977,0.4454341919075708,0.29347784527961396,0.8449273925714791,0.278812966363887,0.5012049960848722,0.3148941431384442,-1.6070196080515617,0.12351991985811533,0.5999779906560926,0.5823361174906503,-1.9201827371112916,0.6852862315950561,-0.5417922872291971,0.2737764628367118,0.7193977329617983,0.42779466156700846,0.2236024578939096,0.837251962016273,-0.8828081404207118,0.516512538281399,0.7184957374737814,-0.259137564062546,1.5196436138722729,1.159556810540351,0.27852092806771683,0.24101650295727012,0.3764887092058932,1.0230734175260572,0.3475962424392208,0.2156795561052386,0.7860585950164455,1.314738069344876,0.25331529436851846,-3.853617198096241,0.24817935436251878,0.2692677212858914,-1.0777178900653872,0.07136698209139286,-0.00119331519415367,0.5311796091379695,-1.1823631246113648,0.8109863453949846,0.22754264849073214,0.11728657350085021,-0.9119061835396458,-1.071221062629831,0.005265174810396733,-0.2351598655505841,-1.644044169210591,0.5752764143152396,0.06250046104988904,0.05081644893548697,0.4994989010966934,-2.446979830099864,-1.3130065265380004,0.6090812537060415,0.9831708314210249,0.8827826179956919,0.28724770080914463,-0.11998963387209015,0.99584429028482,-4.911302987866944,0.2908461261423158,0.4857060315809131,0.4901610719871535,0.24666719842249252,-1.2973657096809021,0.2585294854619923,1.1715806112453016,2.6968053100163862,1.472114245664906,-0.897588646402792,-1.363120129935909,0.14568532853631555,0.2878471106696126,0.7744099594208127,0.6905968178933481,0.24464974485676427,-0.6302941420041611,0.6966767230610165,0.2784800673783619,-0.1328458565712293,0.28915471703803625,0.13511211783047267,0.09186712690727553,-0.6207472285482699,0.0802003455341035,0.6572624320369596,0.42221633519658297,0.5896375045785539,-0.10821393642870436
2021-05-05,0.8061500423350777,0.4131329602313832,-1.8898739080235554,0.5844246167362054,0.05085482621226878,0.337118983900359,-0.8339320528070001,0.4432657312279129,0.6362519455378542,0.48837327232180183,0.5753264920639284,-1.2099408808947527,-0.08611773158303448,0.5602156577170014,0.3909733937837431,0.42151152947083936,0.0842458451019682,1.2547973243947983,-2.4586613866764906,0.404123193636945,-1.349544160228046,0.3782871825185102,-1.0492592168028212,-0.6175352131530094,-4.834164563734214,0.2986606060996946,0.651908165091959,0.1297127823552213,0.5270779705320257,-1.2096222519360444,-0.07669138677872989,0.5450331919559753,0.5803104751230104,0.17812598205192076,0.1217891750790963,0.45621437987012997,0.5243981739841699,0.04355240460063022,0.4633642801588884,0.08334820694366636,0.4558122751883325,0.2045146017078511,0.6495633747837645,0.6347144535846715,-0.25237245443417716,0.22241286453307807,-1.5349541694903976,0.14853075578411043,-0.5793961083551663,0.06991009476089156,2.0852264477934206,-0.07998154918675299,0.38110604477658655,0.31274990073058745,0.5900544575792324,0.28410201252831596,0.6323126658641393,0.3620029823564374,-1.206929606311209,0.5399993616992921,2.1288200989283483,0.23970446551189012,-1.6147130808632395,0.5767269898988867,-0.3870818095110643,0.25391761090254145,0.4395191240106898,-0.04191865924194558,0.5110657277405625,0.5980013253538413,-0.24070333636997723,0.5327820387473019,0.6031320757763701,0.6398482475139684,0.6204540892510276,1.3452898523189103,-0.1405380236318317,0.20251162369077186,0.6572654847291625,0.5829980543236986,0.06489680918130701,-3.62428988292987,0.6013004895786318,1.002284725239318,0.4167594350038569,-2.8277547701477954,0.15857710657684967,0.8425037141894659,-0.15080977910066962,-0.026490327804823494,0.6058381892130332,0.6532170319535386,-0.4003904664528113,0.58485116801478,0.3935303739478439,0.47852371343845224,-1.906424161217311,-2.176817696638717,0.32699103782655065,0.06616646018313563,-0.6712918195221805,0.6074275593577516,-0.1527655219539626,-0.008908141961714189,0.5914474334742368,-1.9052149767833808,-2.483542103298844,0.6568728995738373,0.6965950691529182,0.5698355296882343,0.16284242567835133,0.024797584799660412,0.6499345614682835,-2.706034128987864,0.24984244374147999,0.6394171030581577,0.7579658846624331,1.3058948344235048,-1.4335834592501508,-1.3578204468966004,0.5105468676128505,1.070800860158433,0.6208166635701928,-0.5329433044755327,-0.6048441561621775,-0.02250030243543621,0.6416913435203975,0.44476445541166976,0.6127117462694804,-0.9722479535447827,-0.6835992441544204,0.8845725737131845,0.5226141223472337,-0.4899519042795101,0.17002536003782964,-0.56091645386662,-1.040148446014324,-0.5380808028096352,0.17770061006273108,0.35171931967193243,0.6629100519940944,0.6295771811948953,-1.3750608316945812
2021-05-06,0.5134506674197039,0.4965647570395053,-0.6013025176604581,0.5947280715401252,0.28604908362658477,0.14754950840346256,-0.8274168484532932,0.9359117181190655,0.2710823712295052,0.010943105805804647,0.7668836332615315,-0.709183533346823,0.13039019741542163,-0.1787082462861037,0.7754422339516662,0.6216544135903793,-0.04442870170979573,2.400003857689558,-1.4161255685923675,0.7811845768745002,-1.9420263361057437,0.2534752029818653,-0.7481683827109984,0.19863794691981349,-3.10026626361353,0.589946294492298,0.07607076631225382,-0.3753839430137961,0.6629804240481537,-0.531936966122844,0.5941163270996888,-0.6443032369096677,0.755090746036898,0.29832834729116603,-4.756671551111499,0.46502932529920177,0.271471504198599,0.7058653886229995,0.32464819409847084,0.4719657279610548,0.3066723502033434,0.6210995833324344,-0.2451029224562133,0.4971640207924717,0.4022050106753474,1.110941822027591,-2.6214980767550613,0.6521173023141659,-1.1209891847719378,0.1228909603475075,0.625405421553621,-0.08209645296692428,0.1871076427355434,0.2005501831583677,0.739131500313761,0.5633192286412764,-0.8132700108959039,-1.2239311774649515,-0.8281031990327805,0.694070524163866,2.242351885281537,0.06964739530848618,-0.38575339576109713,0.7593098481048682,-0.6347937572802042,-0.36998213674378744,0.2908409271282277,0.337899535235283,-0.07275633845233065,0.2122322245616717,0.13055297766107926,0.44014002462912144,-0.7704429114392297,0.18829962183777785,0.3695490878678666,0.7240502989164389,-0.3356728888684944,0.3763356229287717,0.7634192316195434,0.7603705410160647,1.0572063876153506,-3.101153791166308,0.7426260637781733,0.6689478809275518,0.5705832967261721,-1.9978068291830111,-0.1016714722554621,-0.6324899262889923,0.37663824889338815,-0.2615694900926057,0.9453508434007071,0.20136423689794716,-0.4584910440922582,0.9822674555715638,0.7493683255820451,0.26879404007519636,-1.9383245575259684,-2.2167171843426563,0.7607488820239645,0.5560991302049496,0.08877009515760535,0.7689195952439736,-0.006398089922753092,0.3967892392298212,0.805464379247907,-0.7792790346473147,-3.6998549965545915,1.1663355484810192,-0.01621601102913682,0.6134763424354494,0.154337080009202,0.08476358480799225,0.5879183650171855,-1.213082510362336,0.3778517947707123,0.8198892955754441,0.22831921263290036,0.7012304236106323,-1.0329111473713186,-0.6055338522525311,0.7979277751429729,1.7367816214969396,0.5396025296839181,-0.3245046861684954,-0.6361342407512166,-0.05445278602181946,0.12387643981767313,0.1932001540691489,-0.39837969642799725,-0.544286622117691,-0.6178339636940904,-0.23974579962293538,0.783638580616651,0.2515463702331415,0.17570685687269724,-0.49358919805314716,-0.47210698244922134,-0.8898564085737202,-0.14003425003019365,-1.0060183388282569,1.4341955158100854,0.7966969062254572,-1.0356142032194755
2021-05-07,0.9521457477981027,0.4427177250251239,-0.1290344920780824,-0.3353343463884174,0.3550687345364399,0.6002953999143595,-0.26656891239501507,0.7479380762471141,0.47938483678965293,0.029382242048631144,0.7617899827609803,-0.6540312280259862,0.14551083546897017,0.5662239912035676,-0.04545610073413218,0.8577988602484683,0.13886498734444755,0.7141791485988302,0.3295018641617336,0.7532473863007617,-0.48604068267558087,0.5530488864533276,0.3741562744874561,0.172178740028466,-1.6257874305353162,0.46811386910967084,0.10589725370397723,-0.9034501056051794,0.5661451230347646,-0.07395846689197444,-0.6755018550316613,0.11101059189094259,0.7370059531641933,-0.1680279872075453,-3.7540778457069974,0.3853519147704516,0.52111052599457,0.7632903089404228,0.9041088292338335,0.7011463410113802,-0.4851281133830544,0.5745286653321059,0.18633306788291115,-0.2646162742959667,0.47402183443379264,1.069684307658987,-0.9045224748312743,-0.46926882780893264,-0.16730886729358366,0.7285676320342597,0.6543386725425291,0.04709975724241583,0.5512490996686705,0.4301135483973631,0.40911342076609236,0.6929363677684853,-0.06755700816240773,-1.9140423532445439,-0.7910726297420497,0.5446675444780166,0.49932365480762386,0.18991636476472193,0.30452340622288904,0.7309420056513904,0.03499623933061424,0.027427094576566852,0.6980074724662231,0.3258891096734724,0.6288764312110126,0.4611720234190371,-0.6403262557090469,0.06880489506264795,-1.879468988719222,-0.8485668407663565,1.1256532084244357,0.9920773695490112,-0.08249897369078632,-0.3298007126248039,0.6702989416518724,0.14641656803423805,1.0542688003194396,-2.494478554079032,-0.08525980161291573,0.7352168726477251,-0.07430140611968636,-0.5703248667215668,0.17354105023525948,0.0046392030780819165,0.4005477525713209,0.17441074085576855,0.9084828216709393,-0.7899092247294469,-3.0171809018204696,1.1897140516106337,-0.3200346900583044,0.3569905875399194,-3.5703967525325275,-3.9859812506814256,0.3456483193834954,0.3493914737076524,0.1669961540397063,0.6531559216513235,0.15697511765182057,-0.13175057284138442,0.4959124118424487,0.470666530163164,-3.637359233633328,0.8733347466164199,-0.38593877396612547,0.7565547069658826,-0.0027497514960018337,0.21062160051183387,0.5695902085027135,-2.714112774208727,0.17195945364786586,0.6683156921067879,0.5935376078422444,0.6775265888523857,1.752541038313651,-0.2778093184943796,0.48101624786482616,0.7422140338738894,1.4049292545841148,0.20095500597574717,-2.4059706808042134,-0.07490377274395614,0.08516691249419263,0.19797472649594597,-0.41904672010076466,-0.3340585408852112,-0.25185488680825174,0.24063182216811582,0.4820911649010156,0.3444789580589956,0.09064404664068779,-0.4759402758111331,0.1351565688552225,-2.178569912764891,0.5586237666097712,-0.9618366281712586,1.1374033450889525,0.10113353420056992,-0.4953349088306066
2021-05-10,0.7563555510556168,0.8086037236649101,0.1124560822497013,0.007760684815102729,0.34499008424846,0.7814650812294597,0.5541477255240829,0.04686043272048837,0.3323604002374988,-0.09120840913968054,0.7956173110931424,-0.358497275126467,0.7470015463303744,0.6721519583688821,0.14535055444288003,0.8494825662816485,-0.0802089306937055,0.833301635492124,-0.2924337372221731,0.8968801361136339,-0.5530870173281809,0.40344784245909077,0.2845471509831496,0.17730448845456012,-2.96165868004449,0.4461243687563767,-0.09067924386982186,-0.9076428747333151,0.9870585109353452,0.03340858319308794,-0.023366605796879557,0.8105309904418744,0.33305404508141134,-1.590043858029171,-1.8474913627026062,0.4184294448138885,0.38955476925842114,1.063709481635567,1.320579388825067,0.1150627406103869,-0.9010723992915319,-0.04017183383722044,0.05826895115035132,-0.41881910969570807,0.44236874231204426,0.4855820105044411,-0.8652204561361463,-1.5148282823047394,-0.48862892281355585,0.5622414980382507,0.7756969848053525,0.4147895265541452,0.5855673925842707,0.6785584385322443,0.46505056374918413,0.5122652587872003,0.38077574761841365,-2.743859756157187,-0.3999349308204658,0.43996509421603824,-0.5841991743389233,0.32152405019149066,0.830117564331568,0.9796200695483036,1.002853629062915,0.39811726569690953,0.22822498506839115,0.21729120012795305,0.48902326319562606,0.8151825596569758,-1.5338958401538547,0.2885601867731478,-1.849489522330754,-0.5497119504156046,0.8090409100715795,1.0843632118670659,0.19715074101093846,-0.16186916432529724,-0.18863525193383718,0.11931455152158581,1.433181150363747,-0.27598245202873223,-0.2761897688152947,0.5467898805030051,-0.07141202644331868,0.2482537738330255,0.13067291509558712,0.42116883349074613,0.5353059028308047,-0.8511082445980286,0.6667774227142086,-0.670780518319553,-3.8288620423099102,1.1102409515466778,-1.2428026407206045,0.48586125989237794,-3.592746830729213,-3.9926741432490145,-0.12256316729146176,-0.17827781017593405,0.0070127653229164495,1.0525479754502223,0.7893828274170013,-0.4304132310526592,0.20462461065159382,1.2288020098129768,-0.6060110366204323,0.2973659173205194,-0.06605329958390245,1.063827627420953,0.3275628819232428,-0.2161185558513518,0.7636641338599978,-2.039510319970099,0.35071838173498804,1.1753006547450955,0.0368840714249031,0.506856613227519,0.837623539168721,-0.09070862148912115,0.09262599567104153,0.665343196047409,0.820436380446681,-1.0499533857093049,-2.364352154988341,0.3718201811613233,0.05144329983162131,0.2912150419032792,-1.0835586039600633,-0.8187088281591917,-1.5416583118123672,0.6867746432425169,0.7821713686286382,0.8010375737129389,0.6953773475482876,0.26613685501281953,-1.0071400923662333,-2.0541603258841317,0.8339637264720924,-0.9648585964989475,1.2468237395079382,-0.06813803174085474,-0.3333094956203841
2021-05-11,0.8204869506262292,0.521926302913432,0.40776741957404444,0.045250363039870144,0.2762058493842239,0.5348354293465944,1.1741346827972148,-0.34373152493963305,0.4254773068290166,0.32785081123444065,0.7755445246634738,0.34604660518927743,1.0675447357161116,0.7097684119474202,0.6005213307604841,1.10459505713583,-0.38497945831570346,1.1079575069603476,-0.546545208284489,0.48449238897494495,-1.0855953736916366,0.055930737231524676,-0.3347320370517908,0.4227517557332623,-4.935580326269034,0.361402228323147,-0.37865568675463507,-0.9902859005908956,0.8218313178203526,-0.34625808443292827,0.034669346863531056,0.9530629751503631,0.6228502607419775,-2.8318766050782616,-1.2098536816747907,0.3511792479117072,-0.8991862767911524,0.8328781041055163,0.8015803033705938,0.5706737966111081,-0.7204982711600054,0.17873793408062175,0.14841899597988156,-0.21324351799457897,0.2853536020208508,-0.27736277096218853,-1.3841702426822122,-1.4101305088071228,-0.8009973617930831,0.482354302757846,0.39454952470777516,0.6391968888667355,0.08721805509274135,0.8784491261504027,0.8031488286227716,0.846515757913385,0.7152856982080427,-1.1512474876869223,-1.4851071972725816,0.735881771657716,-1.3693662495784045,0.6709854572459786,0.18467751840660732,1.092687330766343,0.7246024976476976,0.2286453156880284,0.3930899985431012,0.18470537908517115,0.6094059888361354,0.9718640914430648,-2.844764960865461,0.6277886620865142,-0.3594969441889609,0.5792289672389707,0.2739598486000331,0.7909112427360152,1.0151608674931898,-0.22895104913596664,-0.019003299164447734,-0.2616232365170249,1.1040353477653282,0.8254488091462273,-0.15078006436941938,0.7061206859009349,0.0394811642426968,0.1643820410764215,0.49094090646764404,0.4899459458298088,0.424250268582143,-0.6081660311876836,0.5498731167616973,0.12301735818194205,-2.971764827937832,1.4718798594460323,-1.27246343751743,0.5346721041633433,-2.85253987101395,-3.1915965642014927,-1.2958229215659476,-0.7022543366760523,-0.7845203997725746,1.005110627296183,0.4508326716069687,-0.9792856818673645,-0.1255343172931794,1.1676237985324032,0.8124665701594443,-0.17675613088960482,0.1193528497056906,1.1478167683950682,0.6340242584039665,-1.2301915179542617,0.7151420186502236,-0.5818775818608336,0.1605921529670028,0.7895918705172971,-0.10362814848525649,-0.419407278026971,0.8160803621146269,-0.2515194726976068,-0.43786712988638093,0.14234362648768906,0.44480624392039997,-0.8286936231786108,-2.273702320722331,0.7067582661506335,0.7356350955647435,0.8035332472363217,-0.5460633488279433,-0.1564719140102651,-0.8074487254492431,0.2179385540572376,0.8022421037574974,0.8658392775524757,0.4504024081880133,0.2585760535198403,-1.2019580244193646,-1.2431120328477467,-0.25417862573563627,0.29014527750565133,0.808714575962133,0.2516405422993334,-0.36244864086741
2021-05-12,-0.10809221870825933,0.6236428976780981,0.6042494975189981,0.5082429898224831,0.4312707602115582,0.7537946614403797,1.0159468872667072,-0.3214391159502532,-0.2248301555828734,0.7112421350553186,0.5330122421643566,0.4500997930051434,1.1048363908248413,0.5374009566776059,0.5580792852280403,0.8580438052811004,-0.6782925188769362,0.804420435098941,-2.1081112211495725,0.5873586211308433,-0.43468572655040644,-0.07744497319322215,-0.3731371867124447,0.5584199648775761,-4.6322541791975445,0.25694189959106284,-0.706544274239289,0.08442268046694149,0.40969885393348426,-1.081433002942641,-0.592895724294149,1.7326888642330678,0.13685643892554622,-2.510742169502724,0.2274112983032687,0.2300665506391924,-0.3624948637874561,0.4786479848942152,0.3626881190338214,0.5438713538565363,-0.3386790092777159,-0.08341774336306958,0.37959907367979745,0.2752019314096514,0.12992635628355453,-0.4992452979421743,-1.2473448818155852,-1.0425384067619972,-0.3001633280310377,-4.671064039799299,0.6240655259759558,1.0959668933742328,0.5029004860527256,0.6176546118517016,0.6072631018262707,0.6697028172302233,0.5652903045591593,0.4089256716606976,-0.857376551504574,1.1715156061066885,-1.1980482571374986,1.0502695929202404,0.6001906363763719,-1.3716055923511346,0.6486539264330023,0.5397792306466459,0.21716635415861593,0.7896788508908972,0.849048326738906,0.6493921477726323,-2.3629979298820003,0.5739431149468702,0.7002775435535893,1.276617912294481,-0.011878696910998045,0.5694695192057606,1.06202543852827,0.04105236486448661,-0.27845484359897316,0.40274115779733305,0.5226305404166476,0.2426158959898631,0.498110845583365,0.9416622575534388,0.4261641854338783,0.6807465540189014,0.09130762722546683,1.0764254310898858,0.8954409352353331,-1.063598284837095,0.639707022349622,0.6081696690994703,0.11635981062894124,1.2524549132837517,-0.45493001478036954,0.5881835734898071,-2.299671171636968,-2.5487395330838534,-1.5354839848595987,-1.066368930786576,-0.3551425711553373,1.1318300755379644,0.002383648261603666,-0.5642947800003129,-0.4037360712993088,-0.6213576403446434,0.23303739731122386,-0.7739288687677559,-0.1677495419883997,0.6715373990365084,0.3083170584575085,-1.1094912635802812,0.7394987273340727,0.832260580528318,-0.16755605097354842,0.9835157806310345,-0.14137503735391896,-1.3667062747403413,0.5875191699303987,-0.33830293530172634,-1.1343602479301451,-1.0896165341563162,0.2529088485032469,-0.387737582265154,0.2081677368558994,0.7600763684476564,0.9374038157703191,0.351497387750831,-1.420741504506432,-0.5506769587180069,-0.7268645469673274,0.5641805255452429,0.5690555032713214,0.06192806949764481,0.6378179413078228,-0.025924533536129005,-1.7991307266525363,0.3041657040712418,0.5097711940149011,0.7938581032512013,0.2535506429169176,-0.49986691185392207,-1.3073703927886888
2021-05-14,-0.6346333701977157,0.284395640720999,1.8071400185164048,0.9311983284899241,0.5830800378489659,0.38101423387125033,0.7250360198171664,1.0949726620851197,0.4126424034151153,0.5551147996881125,-2.7866145981982204,0.3797489676515307,0.4668224827953749,0.33016232954997426,0.509656137704031,0.35927991312742047,-0.5056924315746241,1.0060346838538945,-0.4511857725511156,-0.8476351200626208,-0.10193055772156388,-1.370472368167142,0.05658527539179659,0.26362202775261545,-1.9819138851938958,-0.2918760117110965,0.11326251802271105,0.2650362636100025,-0.7137276585583939,-0.05682341888360682,-1.1994091466581969,0.150325478384138,-0.42494753399304036,-0.32032880935956315,-0.09708446593401283,-1.0046695568657822,0.25542894754763235,0.6731943087254051,-0.5207932959590266,0.2537449916332919,1.0797288378225065,0.1577636550968285,0.2139897997337937,0.18350703218714443,0.5303200912903094,-0.037355651443226286,0.06055925936490836,-0.018416051280829234,-0.4394253672195501,-6.177734637915963,0.662231514408823,1.18895700404833,0.32409334325115097,0.05351866759274341,0.46781099070895493,0.16943575752973558,0.4556036380020656,1.4492655872728808,0.0908002386818889,0.037827174530332366,-0.157165954883183,0.15749396456833775,-0.07328948200040657,-1.8571579973420977,0.7456749935658121,0.3958279080579493,-0.4031502807408137,1.0624331736421568,1.089979817335309,0.43232217241679777,-1.1362211603184407,-1.3040156852453653,3.0277816961655195,0.2237537512105568,-0.419321418134912,0.918897627818063,0.4050864743529927,-0.0944759675952586,-0.8769745432078476,0.792026060627248,0.36134537453065385,0.652523503964994,0.9293442118204112,0.4198722775193592,0.6306255829815559,-0.1429469844590014,0.1523594952301358,0.5161470193243339,1.2977958684560287,-0.05918103357283179,0.6375492000480405,0.21933126262476418,1.690855593656955,0.628448413617819,0.026397075647892784,-0.8400152340497532,0.14909934840476813,0.1476410096251208,-1.2407245389306027,-1.110806472371656,0.08511919790275628,0.36929007848324374,0.1525697999875298,0.019468195645895033,-0.7583792753725851,-1.1460722456600327,0.021284248744925637,-1.5253555909793581,-0.05341660145490951,0.2721255198718643,-0.09532615310484231,-0.9847102464206858,-0.07717007286152008,1.386570034566095,0.14367452438255524,0.32463768257840164,0.026369021400713667,-1.9649763561650482,0.284743873224953,0.058906543734974,-1.1336720430722957,-0.8529946748147407,-0.5593107666671497,0.5459472288998997,1.4840194574001122,0.5461758811879894,0.5217000069915255,-0.11049177497433214,-0.03986666348087419,-0.1919830126632961,-0.025825735073901564,0.637248973087169,0.10091281309806986,-0.6474556852952116,0.28785466173888463,-0.774585062430438,-3.750119516896957,1.3572692703967413,-0.9445731474230519,0.7446510217814184,0.01843045101787635,-0.7674512442757636,0.019359906325561088
2021-05-17,-0.05419846455743131,0.20830070066187434,0.16161809732743515,0.3481949037367834,0.5833443496083114,0.48410518852290746,0.6604190960665319,0.5976231359073509,0.6678829837852874,-0.12285999545371272,-2.693307972594112,0.8348141702227249,-0.4354629507586426,0.6562940282757229,0.007582427743477938,0.10864491877289204,-3.1671869675740973,0.5808193753027213,-1.2253205760613253,-1.0147417190082664,-0.3529970795406882,-1.2638489275440783,0.34535624584652586,1.340828081387662,-1.4799589887956226,0.6322996633926622,-0.43769421041212025,0.6614734894546191,-0.37354719654185553,-1.142838394133471,-1.5196680176660133,-0.6216387952000171,1.056567835097085,0.37395551325281107,0.15966089061035615,-1.1313381473979585,1.0203422297232836,1.1216695186779173,-0.04392103064331271,0.643807765255685,0.41147523195968283,0.6057644935481211,-0.03757362492200234,1.3165722877391246,0.577429258639392,-0.2882553427655839,0.6645824361971797,0.9244758877672117,-1.1817966906339687,-5.566040968883431,0.275108742021635,0.5302924215860089,-0.38574980094205935,0.010220718706405138,-0.5553168379821282,0.8152678783767142,0.3397939640371214,0.4757281007232289,1.073816624633013,0.5249893120882138,-1.2332443622392437,-1.0967479755571574,1.1329406861526918,-1.1084939123745456,0.09448579381938553,0.6613362487719544,0.041453566676886294,-1.2636497902539106,0.8134319035144034,0.5491434297921708,-0.018054563224585513,-1.022990604383222,0.34302684611855355,0.3029399286692742,0.4085486284112231,3.0478970761426027,0.029315818932289794,-0.03362920399195397,0.6368267957378497,-0.19730184786396185,0.826904421656975,0.6156747531136809,0.5575339128571369,-0.29559676780667055,0.008597848134364039,0.34950294993688275,0.7823182334716781,0.27574795024627957,0.5875866604422814,-0.6933290022979933,0.06817888095132517,-1.1022866691664734,-0.29613434237897607,0.9638834062299042,0.611753165560122,0.046352414472785576,0.6526127095893419,0.6443749632086238,0.3588123612706549,-0.1949104023957775,0.4859740256283852,0.6501405638524602,0.6309794446913489,0.17365719511112154,0.2491017542934821,-1.693116262994679,0.024353664219563274,-0.3745841577890325,0.6628212545182889,-0.016621649562031302,-1.3606324844582682,-0.2572470705366365,-0.08994388475580785,0.47395382330209446,-1.6588030960031521,-0.09889670830180435,-1.0304166436176654,-1.8595880491576817,0.09729062536835463,0.8985984163028822,-0.0043449717809108165,0.10416376313697519,-0.2410449617625357,0.5337660129131623,0.5485586573357341,0.6410573088810266,0.6804216536816662,0.2009656062692628,-0.19320366852014118,0.01587391316453609,0.7021375142671634,0.007191134351349323,-0.08857977147126081,-0.8399894225023067,-0.24913923636381027,-0.19751703844391583,-4.0758300443141495,0.486844318341569,0.16347890397898512,0.6667361445861969,0.036559914583791715,0.6309475655121534,1.003254767452746
2021-05-18,0.07446870912549221,-0.1317037090826012,-0.5958376857461511,-0.38931505947972206,-1.071641542335078,0.21935684333733468,1.0073386627345597,0.25631026617039443,0.4806660717304562,-2.4469638393729243,-2.9487457087014532,1.1788827314041366,-0.1425648668416336,-1.0321517388057346,-0.08933031060554994,-1.4053495297698997,-3.2513805235477284,0.03772734098063753,-0.5311158736896636,-1.424127944711798,-1.2225320468801781,-1.375448021191344,-0.41449628817631673,2.067237462900672,0.4886389696216297,1.2353917203397318,0.18141128969173614,0.6755487972787724,0.0687665229200381,1.389651094272304,-0.32482381882176736,-0.42937518182328166,1.1623705751995606,1.2717152579288153,0.34714557176570604,-0.24567157268847845,-1.4607879856821357,0.03418687505914049,0.9745706052693802,1.186788428259031,0.45631544456852263,1.1625750079636887,-0.9223011740807558,0.5377043747549185,0.25432694406172374,-0.46542701336916065,1.1894859568483607,1.1146535544910876,-0.6840699985785816,0.1150335039527498,0.6152233409857176,1.0336145828079113,-1.5035408200163494,0.03459411183635158,-1.1833743932118461,1.1889452797227837,0.03636856039053082,-0.02977799488900997,-0.8900603649777383,1.0262400337922526,-2.5455887695794415,-1.3371414665789485,1.2359971897611053,0.7308319072650934,0.36954025045504185,1.1719117272327766,0.29590681014646175,-1.6543334982656168,1.317621668667912,0.6974950735974658,-0.7770335880255607,-0.09748971661830788,0.43881028061652894,0.5984238743127099,-1.0328941730898786,1.136662245633794,0.2237790305934847,-0.8744904900290057,0.18971846392644726,-0.20347146066839505,0.7099718296791004,1.1315449416962762,-1.3752750852330866,-0.10636987545026924,-0.986985798080198,1.1243579740164702,0.6874355360140629,1.1081804024560848,0.2867947660316063,-0.6246237181490791,-0.04365321359144081,-2.256980513686566,0.034216503851074644,-0.4092937291403012,0.5089443692131035,0.3219754549928861,0.9196786218973545,0.921422123839689,0.9664569008368696,-0.17886408058697564,0.39903359617431333,0.007628953431826813,1.0724609921154808,0.6315328028312767,0.8742662781318933,0.1270131106069253,0.4240378891551707,-0.3030927804368921,-0.029390186950120474,-0.23160925977263375,-1.4135369055517288,0.3319293193505383,-0.10723737212094124,0.5002753659360035,-0.9294525825389002,0.12809198993942256,-2.1736797356120916,0.1284771719767478,0.15757582257640307,1.1477070270805538,0.9898235525352987,0.4032327051295372,0.40250339555059006,0.2373054613083079,-0.06671130680574998,0.8706997924083058,0.370646518877369,-1.3294393083860216,-1.1328736083674107,1.1460626007992096,0.3295970001426656,-0.7695879746417814,-0.31346804457335453,-0.3476441271421536,-0.5811013530127197,0.04884934056824971,-3.338958133963896,-0.15669213269295967,0.039658245066249494,0.4624326013638668,0.6666160070195041,0.6103748291836418,1.6021141882601841
2021-05-19,0.09530230090071345,0.0765727836004496,0.3682214776322512,-0.2632323708588252,-1.3202201325263403,-0.12078009056718329,0.03655268198690187,-0.10245074711601554,-0.20683334584229024,-3.0633970281434735,-0.20226013371678878,0.5340898562249141,-0.5104819769868507,-1.3690301119944857,0.5221739310557348,-1.0149455656764472,-3.6193073217921756,0.2062993879024296,0.7632757358404715,-1.6960285068073493,-1.3867888275526796,-1.153415387775358,-0.5192542873198358,1.6331623570109202,-0.7426061915422363,0.9565093928235298,-0.8002810427942693,0.7927106175722758,0.5470430786444213,1.1690271668939711,-0.26282899709871616,-0.315302860819355,0.13667446854316093,-0.35266305418344407,1.86410643847746,-0.1479322640251609,-0.9230952209555813,-0.026561369128952624,0.5126126176719433,0.9255068810720223,-0.12707473836017752,0.8862753294836301,-0.859657080300083,0.4786287956623768,0.20172701830986944,-0.5509388646370055,1.0958302421492485,0.6054112593944271,-1.5884448172386239,1.043758537573176,-0.39949433411599233,0.9595699890247256,-1.643851339671263,0.0858554996877534,-0.709390523305787,1.1082515018472554,-0.13195264653986244,-0.22413511236979394,-2.2800729282386576,0.9878333259890583,-3.2296258102553868,-0.8768569252303362,1.3383152989013445,1.5090138511138893,0.6732348383655241,0.902735035880208,1.0560394225045227,-1.3766098543298166,1.0349494259463938,0.7093060649246031,-1.6314087424004102,0.9131758477366759,1.007393123396195,1.1616123986983649,-1.7688978162680378,1.0598469305010978,0.7478947227824657,-0.7031057050275767,0.5780902744953129,-0.6628587497980121,-0.6530116653552699,0.3267282108515775,-0.750289064779049,0.4519751208429019,-0.4535248678636118,0.9410119004631774,0.8253000292269178,1.0678042284517786,0.44468965051269643,-0.35952754289140243,-0.3303821782265053,-2.161357313569942,0.8138360974478133,-0.022443574523734036,-0.09375369371917468,-0.07660785443907667,1.3626394980836452,1.38417369444544,0.9347329596949734,-0.2609372821594707,0.7594873538664328,-1.6592456759121268,0.952343036334181,0.5260503052348384,0.3268496791926772,1.669617834826688,-0.20600337890163586,-0.002771711643320491,-0.34335506636003715,-0.8436483614294605,-1.517319513484742,0.3944721077434215,-0.2958956547940872,1.0031690341858077,-0.936985792536885,-0.03326419699051991,-1.062833908560679,0.4688896563402105,0.17138043226773766,0.28272080621657375,0.3131056638760865,0.5741064636551195,0.5012250214279754,0.6079086121948815,0.4576868255121574,0.8778597300843475,-0.015558780625284948,-0.7570410409598729,1.0406838577474913,0.6151325961689472,0.39383887956486135,-0.6466972276557911,-1.388001260429938,1.1004781933397285,-0.060323743416914814,0.47627296465728386,-1.611988929191364,0.2284753940771918,-0.5358973654942354,0.0870699021092346,1.0355886010804882,0.5077128513215556,0.7531323679565939
2021-05-20,-0.5488101393094474,-0.5494792845825722,-0.143611452166149,-0.14129139480270975,-0.6258371139877418,-0.6283425612823837,-0.19298402703720682,-0.08540979099362053,-0.24973152718864425,-3.0167259913872564,0.4904835300175006,-0.17321969243177524,0.4396186339714992,-1.3886970692543847,0.45670891267252345,-0.6138253094266567,-1.7281050230603205,-0.7610171128704385,0.3868752159191861,-1.2662368877030876,-1.7550865644921008,-0.5068846246813892,0.5456122674345677,1.141364851594764,-0.40046772673973136,0.7982341750646227,-3.664974502743862,-0.37265122803595996,1.4162984351533614,0.43998036266616897,0.5720781661250904,-1.4307450238037125,-1.0770887206498974,0.668185115113815,0.5684072443348532,-0.3874950811916061,-0.6781587726825515,-0.9359397361249836,0.5198789635493271,0.5030873775634115,-0.7984398006260182,0.48943084050634006,-0.27472995165706954,0.5434176451607836,-0.09494228044933156,-0.4182557767179415,1.9042357250622564,0.6386882860572385,0.3851732655978776,0.70648940200867,-0.7293913248342038,0.6290009274591075,-1.1323190029588888,0.47708008280440795,0.41959609217246535,0.6031270106746595,0.403991449849817,0.627042635969154,-1.4587095278977773,0.8904151476757062,-3.9891344493456504,0.4009345552001782,0.8190278484673794,0.8678867016758686,0.5388892276272833,1.2577606551075782,1.0611560610600534,-0.6449971722327792,0.6161202566358795,0.3028526740833543,-0.7354895431365868,0.7934172691817885,1.9764170907112804,1.2011011422445557,-1.6282761636918315,-2.6444759208150765,0.6697205590878543,-0.7699293546013586,0.4028758191979048,-0.3851808461297482,-0.17783347129996271,0.04155263136843521,-1.923616704255143,-1.061988944780201,-0.766342974794419,0.9162962761568667,0.6462958155884767,0.6511576555968898,0.25882591866369725,0.3250724402824021,-1.0179186682710128,-0.9834249295068105,0.6438514294844458,-0.321763032767531,-1.3682676184412634,0.36531470505114494,1.6909479653318247,1.7818585009720658,0.5944894743562604,0.18889932081152985,1.0181627704123348,-1.340825180611569,1.4862796707519539,0.05598717542634396,-0.2630649106641589,-0.19867347644216501,0.19838723072840989,0.6577843817599309,-0.7752448648506493,-1.3723770101073185,-1.1109800295478283,0.5707540795107796,0.07754156376341184,2.1821205069517147,-0.01727175186717534,0.23251602285637574,-0.44125500821287544,0.6472701120195745,0.10592319855248447,0.6910027844775238,0.5989632276074178,0.49327330968964905,0.6895817136740405,0.5640739110175602,1.4874882513940955,0.6547248366077941,-0.17044554516111649,-1.0386882319135777,1.1538405815163122,0.6740514659551328,0.44619768781314406,-0.0520940727356439,-1.1901843431554175,0.3156087575954725,0.22361122164448152,0.2615155538300653,0.4243407561158348,0.5708270163355059,0.17277700494356574,-0.005202170657203309,0.6467410213292657,0.34332746906096717,0.30265337430245287
2021-05-21,-0.4562138006371368,-0.2585085707573329,0.006219197229662847,0.44212006598938536,0.03260591075617184,-0.24328221694301838,-0.49948691768016185,-0.10966464152096242,0.2308283533502831,-0.8316517553643643,0.10577643509644036,0.3563971937129362,-0.6923741954207207,-0.36907573250830483,0.6406785220403373,0.18321239635674677,0.342793695680901,-1.0215325105365733,-1.9745681254728396,-0.6057235828108242,-0.5283218091216679,0.05129076780130394,1.463020558240293,0.41842017123044756,0.4383004851627254,0.9224296357762941,-2.0381822312942983,-0.8775394532516064,0.77618810475595,-1.355142642124272,0.5322435740486589,-2.477771860086752,-1.481901284384804,0.6053217381256446,0.5696589187340799,-0.38154494075778306,0.4861287433093697,0.48857159546940304,0.533775604775309,0.28945097691814675,-0.47800727547450605,0.8122025806959892,0.6656478536640381,0.6727394741967944,0.5979476731605509,-0.3909486710788398,1.287800819099169,0.7426049998518376,0.40299867557829727,0.6724495347481867,-1.1909108204504588,0.912294684834826,0.9004467355266481,0.4589436769171529,-1.1127709670317132,0.4882578847080415,0.43506145779555566,0.6976626505562035,-2.0083897484103415,0.6967301373114745,-4.938287578111774,-0.7101163851341546,0.7163183014859287,0.17942054821023795,-0.7197042922750247,0.8219492655919818,0.6129790938038943,-1.6675295699755304,0.4278119298339008,0.12137793158433999,0.5360094220207178,0.47848740813454516,0.7627006605480667,0.7618091244112905,-0.5873254316579694,-3.3101347994289,-0.07197171804115463,-0.31130862853424124,0.18999331820386647,-0.12916640560763074,0.4011600401491753,-0.23585667056867085,-1.6194976713221458,-0.8055426754518551,0.10957991195735582,1.6167894198764174,0.22918060040373245,-0.16952918235073183,0.0820946242367762,-0.2857543773935798,-1.0587406385543296,0.4097571181503649,1.2866281432815445,0.6432984476006782,-3.7021245041543174,-0.1569705968301656,1.3740469772005581,1.4237327197192806,0.3157524936420976,0.83658120446756,0.7289582013260626,-0.041042058054799865,0.8095691603760132,-0.28561831648935004,-1.3107988811225917,-0.39184479525029237,0.14445296207817343,0.8932458585540702,-1.566345921821979,-0.6302869850642625,-1.3092714977808668,-0.1437979409632294,0.26929795187087224,0.7696147820525688,-1.4323797921856662,0.4975601191305665,-1.5861742104896686,1.0931562323400827,0.45319285485472643,0.5775831659076895,0.7360587056302993,0.7109498870434399,0.7418303514796418,0.08517383183024638,0.7400382056690364,0.6107148847102181,0.127440911985467,-0.07642763363370088,0.6447352797195826,0.8925044008864916,-1.416002083964226,0.7343743479590623,-0.48526848520713173,0.7478772548156527,0.20339673742021624,0.7071983969913931,0.13022662089890738,1.1455909649868568,0.6542361237603624,0.20566967658364776,0.5923796410219889,0.6339673941849964,0.5606583867516416
2021-05-24,-0.40308554301124316,-0.27743559780124544,0.5526886587555179,0.7511025997657935,0.6740833188482057,-0.4409351622346589,0.05648960169037858,-0.14939459485457374,0.8368883117740117,0.5564155953113459,0.6411861989991047,0.6566896695881561,-1.0505235617880486,-0.0013496519453712833,0.9114319980292644,0.7451733747056315,0.5645509767064029,-0.3873429270777694,-2.022388500117534,-0.48821698625567345,0.2332045627265117,-0.417630963136178,0.6693768788461572,0.6583251248191981,0.5552669371934843,0.7391132514435761,-0.6193526526056822,-1.6472216796759762,1.2113780123434295,-1.6205190799251283,0.7403934616107181,-1.5576127689597992,-0.7071059810269803,0.0876971315617959,0.7275334975904988,-0.09200829770768026,-2.2518466142879423,0.5422979552760177,0.7254968968589025,0.11202419141426423,-1.2359202810414456,0.29600178147896544,0.37864660448582366,0.44801160333550233,-0.5318333027444055,-0.3696736387979189,-0.6705176080624178,0.870850537159861,-0.26689667830460806,1.0729390741329947,-1.7301582116267191,0.7890475377901053,1.2059783136656264,0.6011673757278084,-0.8890859680132395,0.5216390513299298,0.4494583035517327,0.6685580746903634,-2.4336105461782482,0.8747898345113365,-5.321393195734741,-0.8136479728950995,-0.02850382029945653,-0.0540701843254282,-2.0335222525130945,0.30194116488912226,0.6905528428541057,-0.6215203003390308,0.8331833192218422,0.46156969852343716,-1.6508582119543838,-0.04839114498199694,1.0426520974044269,1.4318465025730542,0.2906595767615419,-2.2059315248730926,-0.009986542395217238,-0.10272519159707001,-0.29408974984787756,0.47090907419917827,0.6096061137698404,0.6738590344022365,-0.04380865101302913,-1.217254902066022,0.4794682825054338,0.7532005232083612,0.10230978547655915,0.0019088550515371852,-0.05763062783288445,0.7031061663235112,-0.7574382651905923,0.6274867075800876,-0.26955973089040847,0.7155578082118146,-1.444577569386151,0.520621926219292,-0.3530501144887534,-0.476972451234053,0.3767405872777381,1.1647369550762845,0.5806722050875838,-1.145690043907178,0.5071628984395191,-0.32157480004079964,-2.312848449476959,-2.1878803188944764,0.7477367332139275,0.30687488038163824,-0.8052972286065587,0.6888024775533779,-1.366619461059186,-0.14386173161598623,0.7598906197255698,-0.24333940626626338,-2.2240354264771844,1.4969890574061213,-0.565869703784282,0.6720584025739701,0.7854173504769488,0.6809433761292547,1.00351840175206,0.7571004714332988,1.0240674689071207,-0.5903345905417364,1.1920688291105794,0.6883253700150124,0.24936346247779295,0.7700328206945724,0.644532706622975,0.7604939877075889,0.2349157049956634,0.9836783194557083,0.6174013971922613,0.41041510296217953,0.759214426217717,0.6866953088960535,-0.36831589077852117,0.715767921844068,0.8750851828867147,0.18479532845134328,-1.0101644168193749,-0.8757620769012046,0.06635921435181104
2021-05-25,-0.6519632086411543,0.505949667366602,1.0479757288687026,0.7948759191760818,0.6712623696376875,0.3327573571360049,0.9416662984057933,0.0159078462609442,3.1176215297429404,0.18722813912383462,-0.8571272639856621,0.3227019300599519,-0.31526655503443357,0.07948645503830121,0.047590578880079115,0.5412151451342159,-0.7379004867252859,0.5777587308645818,-1.832086278593658,-0.923296705956287,2.1123200906687782,-0.9230164915093587,0.16674406609432063,0.6232886409542053,-0.540000065501376,0.8043088867284838,0.5675537926303048,-1.373387926970129,0.38353255051705776,-0.34521690062334254,0.7878992413206566,0.5944436549537193,-0.01998093630921026,0.5987916530128569,-0.017365446758880427,-1.6673909575652275,-4.451277029562155,1.815188494064934,0.8969310482910702,0.09295450659583557,-1.2178205040271246,0.05346182734952806,-0.9152651029992773,0.9586603945746307,-0.06559082974841565,-0.6384104375430477,-1.7266736169230603,0.9229174277890876,-0.29263256852561137,0.7840486166998897,-1.137458771810018,0.6092226216802419,1.442530032100799,0.18519345624304742,-0.0638491081770233,1.0940149949689915,-0.0584723618174836,0.40587578767187293,-2.17739584447464,0.6870800130267143,-2.657487000646654,-1.0803969164347043,1.4367979819024066,0.14251185293701757,-1.9139465862699905,0.19690473451399254,-0.2871658117107209,-0.1852320720767513,0.752419616352901,-0.028985879962666394,-2.17600857362474,0.02447850574614828,-0.07552053093519903,0.1492582086338142,-0.2386055989075016,0.10363323729489982,0.09419110784963663,0.565900790392696,-0.58791384590581,1.5029791786925364,0.17529708000406002,0.42685511373684165,0.07372070622477002,0.532252590594297,0.6262741429016047,0.3859181918574023,-0.20927124136672587,-1.3672485125518172,-0.007343030294403357,0.6568947677435896,0.03258001480727051,0.7791720315499271,0.02875934182982511,0.6848468920541191,-1.6983449319583246,0.2812381911418272,-0.13040916547321477,-0.18155095161504653,0.1691123742651742,-0.2061741156401805,-0.07442990664679629,-2.0421163717011535,0.7483140003632313,-0.05216243064410133,-1.8389351369181115,-1.6746601470645308,0.9701174936148763,-0.10922789947541851,-2.1595082466960034,1.734417151367185,0.12988560841896798,0.24255745109307744,1.1212160875890391,-0.024708650297760336,-2.29069997531897,0.672064428727407,0.11929183382203029,0.4265191233748937,0.5985106205466849,0.30540908665801136,0.8359715180733539,0.8928836433249652,0.3061975091457679,-0.7187571460893589,0.6072746156825147,0.17774540700381136,-0.017949257327892865,-0.6492592436490101,0.1163371009979451,0.6220393220725455,0.6346334689823705,0.03468018359252913,0.02602466348153223,0.6557943817626306,0.740584790888928,-0.5011616456456923,-0.3639012600903769,0.7060007686781969,1.0184896556732188,0.13981202307473023,-0.2997421002698382,-1.5241060038320189,0.14604750215289808
2021-05-26,-0.37954472737255823,0.3151572734812596,-0.13131073788933117,0.9601743162316787,0.9615889984693868,0.42703141573497666,0.8723234429998757,-0.3892042119027376,0.5917744054314857,0.6198304163708782,-1.2282446259421615,0.2720328552369117,0.13818632372591227,0.14098049924477146,-1.8801017423955322,-0.6290268633485623,0.11913910500346507,0.9364013868031,0.19426378451128004,-0.834767949367577,0.6667295739434931,-1.5464873074591479,-0.4895638717278532,0.6074344690420362,0.6322105046740815,0.607697720020136,1.0462201886180864,-0.5371163262846584,0.5975582022592129,0.5590721722518482,0.9838465803291038,1.1793452175126482,-0.1885520415264128,0.915787074959321,-1.457910162595496,-0.5945652624238146,-4.364277965843,0.9542771491829273,0.6658926585799133,0.4063508358479531,-2.812055049069131,0.24895393981946903,-1.067972985021709,1.0957421128592433,-0.027320421170586806,-0.4233188683412481,-0.8677715434434856,0.3980859250236046,-0.7092476477748558,-0.21601317468445835,-0.8402429854030983,-0.4954650488635291,0.681824604154473,-0.07584276909182254,0.42788442781591396,0.7284327634974788,-0.6102118874835692,1.0846318586676458,-1.0465300625237288,0.47761710057214346,0.21219018965692119,-0.3141965080391779,1.0476958797082303,0.5377415651110535,-0.05109668534923264,0.10793673068461616,-0.4322982856467359,0.3277277399277326,0.7521958304453906,-0.9242670362937884,-2.9480319295933985,0.27936378193111033,1.4216861174587963,0.6836462533776066,-1.2302348442423352,-2.932944940263582,0.5279941510716639,0.8464626939624736,-1.0086453172361867,0.6533664756610533,-0.909795207622108,0.7779754278236258,0.015425089085504174,1.1574075850354717,0.4969702522202996,0.7359131791638797,-0.788723887791158,-1.0705714374599742,-1.63766032130046,1.44494117075432,0.6565918030028974,0.42798496476290604,0.4939887515787937,-1.0290941744718582,-0.48554283041733504,0.19570338988905078,0.6483106831964813,0.6532714149544205,0.9010394155488776,-0.22462212873333598,0.3845320871098831,-2.4730636786659552,0.947840518962165,0.6182093781344513,-2.0969533485435394,-0.7814831522970912,1.0573341872661364,1.0674366235487283,-0.3241420863611135,0.6915254012195549,0.24091470087372985,0.659935018745723,0.6622157512291014,1.5003371188312469,-0.9886430437257268,0.5912154098258104,0.5896731826386363,0.6539981205586983,0.5893983288755279,-0.1959990929862734,-0.9356498479368968,0.8785098728504663,0.6689100926674081,0.028585366635595952,1.030179669089593,-0.45973797721190174,-0.6095442419247032,-0.812124614256347,0.0663569476318976,0.7942326643656552,1.1862629212758835,-1.1616050730731189,-0.04043088365704999,0.5450299486361738,0.5608696201300968,-0.7046460496611101,-1.2313599606285701,1.3869960030066564,0.6835352313496882,-0.6008370673637868,0.29759842392292524,-2.4374204737531397,-0.21561006281350042
2021-05-27,0.18923303366106964,-0.12553864202640636,-0.12986866655112173,1.1190071154147576,2.4153876039528224,-0.4362084140677732,0.7086475378491939,-0.25499386374019223,0.7039643694823856,0.3493863684004317,-1.2449966165851374,-0.10409890093247977,-0.48974513476207887,-0.4877166214439852,-1.917313516713273,0.1997258094759039,-0.5143934813112673,0.48029310349025195,-1.058644643199445,-0.49316839416507446,0.9557400109971984,0.6633997122739541,-1.606269479535498,1.2092164455204475,0.1498103990451539,0.7471449152397701,0.5359739944423996,0.6048110229847029,0.653363725975392,-0.4849768911080489,1.1391747786429895,1.2190266565445036,0.1288714406404262,1.0792029361999456,-1.688415949737792,-0.7642320748757899,-2.421609827282159,2.3381119006381104,1.007253236727295,0.7629771442544756,-0.6518678910427258,0.6582437369287691,-0.3557439167998858,0.7095447446392285,0.667282613934613,-0.30950399907493226,-0.010883997826544986,0.5730116264418943,0.608773830678526,-0.631517388411017,-0.19407278783602694,-0.8311931308466923,-0.38960841789140743,0.23057117851978534,0.6229533643536539,0.3821052215781722,-0.8508382913498114,0.6320421602597709,0.5943232378133656,0.9285756372865033,2.0188899040997437,0.310977435585232,0.7290384481747599,1.2237649309487821,0.5770739807410288,-0.2538796146590262,-0.6646638451148381,0.2995339065175332,0.5872315409959821,-0.9709773545155364,-0.2891397412063274,0.5614627071716066,0.631119760526559,0.750402777206901,-0.4767789891369618,-3.6012630841140627,-0.04188407715625394,0.7171165294890335,-0.7305536023883895,0.7282950605395238,-2.5381464025181986,0.5460666660759416,-0.292811167609791,0.980842407856554,2.1397973739022897,-0.6591795647439268,-0.014061416579870863,-1.3819266345795276,-2.2464997080532156,0.8968458307336,0.3161640034982079,1.288113506068205,-0.7173430947009983,-0.7909266970400549,0.09471630490574867,-0.015246004893658235,0.305336748468584,0.22539377016996331,1.0427573075090872,0.033598579225690546,1.080827970404147,-1.542487786526116,0.015674305370050202,1.0513586972667452,-0.6876861200870855,-2.923700991006668,0.6374164075394068,0.5545376004040494,-0.8412176278018523,0.06710248891135959,-0.10260256845429616,0.6547963475238446,0.5695151894118815,0.39261314207376774,-1.023215672521557,-1.0932456029656596,0.49752873756491833,-0.4587272454216174,0.1969432383334345,0.14477475398445686,-1.2987399571858558,1.215974952252931,0.2203893497448395,0.5286509116981806,0.45405252583100136,-0.7766584185691758,-1.0712172056262295,-1.0845215687539425,-0.13765163719973322,0.7046163887383516,0.6401686018650514,-1.2288446073112447,-0.042039201028469524,0.508850792627065,-0.07275714541313326,-1.637694859468622,-1.189506664374862,0.9392325009199152,0.3958396079778387,-1.659139480214123,0.7193413795569,-2.3449039032020633,0.18736421655985747
2021-05-28,0.976282912209807,0.42322881009490654,0.5446449107350637,-0.4658367266076308,2.0016452870732055,0.2996804439257014,1.0916094031059023,-0.27234595572456605,0.24709541106199892,0.8113211922037645,-0.030465305945767934,0.6099252411154471,0.3435032193662176,0.12453617052620344,-0.8177424120300817,0.6702568382488434,0.01622600803103578,-0.8154076480243874,-1.1738558091646365,0.15057433410383864,1.6115390711075814,0.6409140637570137,-0.7345167664078686,0.6189513606680542,0.9715502612341512,0.6478853543169537,0.36730942223408863,0.6106813848494087,0.47063017134380913,-3.042326172235396,0.8531848562844685,0.5799506159198823,0.655971401987162,0.23776506813614512,-2.077661122597186,-0.43577457022786,0.1659437831693748,0.45982587245627504,0.6307055663771025,0.3859245391241678,-0.5627829059533179,1.2188502544459017,-0.106112975525875,-0.11887285678297624,0.20924075362749545,-0.48409268946542194,0.3975084043832944,0.43799117735404475,1.611981086507025,-1.3350440903807583,0.26226654978639413,-2.214578405134078,-0.3166559879807528,0.5135910789184084,-0.08061071844211286,-0.0037634962606695934,-0.40188695353134674,0.34248890613613636,0.6782193562548988,0.7621882517856637,0.5551317021700215,0.9357220989638352,-0.9845070745756659,-0.22224246856558794,-0.31206159933430005,0.2049376747728112,-0.994834172819982,-0.3085793309869761,0.6618404115610176,-0.8415992701089907,0.6380652136883412,0.23208965957289493,0.4225699413624247,0.14525697531956325,-0.1860836698484354,-6.120801171170976,-0.6623015040082869,0.11497833226110929,-0.2161861688148759,-1.8729590515096126,-2.0545498770288715,0.27621442056239387,-1.2299907148225153,-0.7053580614632983,0.5618269443761926,-0.4134116627232865,0.24470008965983903,0.057074308153762555,-0.6659930786206076,0.38553464046790603,-0.05126971186003437,0.36901732814812266,0.6486167732610958,-0.4495362683209067,1.5793853657681973,0.6071333551738656,0.42989724479110236,0.40877923823748075,1.1480239533869163,0.48741774806940774,0.6420869359582203,0.4421510682572915,-0.2585152898252551,-0.34594641490644246,0.644384261652783,-2.5310706980878375,1.2464195264464273,0.7170408454884668,-0.7333811586575589,-0.029131008282567275,-1.195622164395782,-0.44653751121600394,-2.116513019359627,0.5213736686379794,-0.3890298531540615,-0.38993773136908466,0.013766886938485582,-0.15492891295151467,0.04705611002842571,1.8649589895509717,-1.5797001922616474,0.006599621147126322,-0.26607113913126945,0.9518097943472316,0.09637619009617435,0.15258009992470778,-0.9618729048192174,0.16968252926531155,0.0783979073870985,0.6738148261763023,0.5914650454756675,0.7679235084083641,0.6481885169923662,0.5781061448211319,0.42413527326748823,-1.289799310093887,-0.25725642258572096,0.901552105462904,0.15810542750562195,-1.1822116249292212,0.8262399441700098,-1.7079877021255032,0.6860940420563125
2021-05-31,0.8784811136104407,0.6004338413454315,0.2157556699196759,0.05760047396476444,0.854324394430715,0.29668786252257784,0.8468734327476725,0.7677435509824664,0.6068548074933671,1.296427000261548,0.1764115595033824,1.9207520891879089,-0.21856678721895126,0.5457526039782988,0.2022841623561314,0.7997396204867352,0.5492411728307892,-1.4055606829231413,0.8972674683708595,0.4762794051460326,0.8783275947001405,0.6465251751654694,-0.0010485597368397462,-0.2623699461295215,1.407875295776222,0.05776268888010879,0.039215323862114626,0.7648357257398898,0.4263763607003603,-2.8442746137025168,-0.23409526507497266,0.29555824886257326,0.14414020497227617,0.12815421681454944,-0.17154325938846152,-0.19926019828364608,-0.3395329978007067,0.7104010467317893,-0.11740753990179871,-0.32710595470028153,-0.15785628804599677,0.368731039954663,-0.1633574922241476,-0.4013285361103151,0.5383370388258217,0.7437323479420567,-1.5988360718602033,1.5455215944744372,1.0700998041464036,-1.2299692738643295,0.065938966268685,-1.51597030485245,-0.8368786489231645,0.7367666501437861,-0.3648617277287554,0.37358065595709694,0.02041972265582383,-0.32459444233998697,1.039458150973505,0.5864912783219144,-1.6935352460021367,-0.17942614602554932,-1.6388932725161536,0.1895652440017189,0.35973597019952996,-1.031407389835548,-0.14604572056759516,0.11739408900733372,0.7968329416653012,0.670754807580954,1.1980596871554432,-0.476411689749885,-0.7932518317819467,-1.1926220063293747,0.5856287626061785,-4.662110604247233,-0.7905146276138172,-0.8832488990993508,0.7918901924642009,-2.001243837990452,-1.2120223261643472,0.15922061271767732,1.080312082282239,-1.6782766231482433,-1.3289904808411324,-0.46852184538009173,-0.03420325647345665,0.8553690277510788,-0.10777771922357954,-0.48538418787355614,-0.07252905150584138,-1.2310461204568568,-0.33223369001451974,0.9344265336397437,2.1687749097374236,0.37837621808168553,-0.19931333277563257,-0.3277982868355557,0.6894662940295014,1.051674689680059,0.2924301763556501,1.8551807409594907,-0.28273369488001027,-0.16394530382011338,0.1031231864462171,-2.8600284609775164,-0.9559836145508224,0.8810264958649587,-0.16566118693857582,-0.16461584478998,-0.7150042317882457,-0.2860118048404988,-3.7007782438460106,-1.6057864876743428,-0.44150196176655904,-0.0463702728473766,0.9977397310494243,-1.0513452077148158,0.3164855191757284,1.000708769659433,0.2686437645630422,0.49260746993972665,-0.39086868351464177,0.6664109258862099,-0.6133362813274479,0.5573257879133512,0.02751123429401479,0.2326861833214682,0.3705806211860162,0.37856240639330413,0.3726387857734621,1.2146086486623338,1.6551833874840831,0.9105057979598875,-0.11180646485786117,-0.9655788124209881,0.4997614658528214,-0.4986768709223606,-0.02948554958197687,-0.41499263270285663,0.48706447876778786,-0.15191317460641993,1.112224568515872
2021-06-01,1.0203909636837962,0.7521649570873327,-3.380518619361386,-2.221789299509342,-1.0065623897807263,0.6239174834319472,-0.6277897836705558,0.712030457137118,0.637613294630512,1.3497563846277525,0.8093734577476688,1.9328474315241064,0.194088829241293,-0.013964632309932282,0.4628576788950435,-0.8707171516707973,0.6069016602059708,-0.8387203615784272,1.4399062892341972,0.623393062048369,0.001774329128362431,0.6651065273625248,0.7453911509815688,-0.3934806778791627,0.6539117016328376,0.11986361469059911,0.37478675104046916,0.5886128308169084,0.15995394072740673,-1.710793504858288,-0.20772886067283639,0.37052839023254147,0.32595763459182736,-0.15766350334209522,-0.8069641059005671,-0.3171962867554477,-1.40562493778751,0.5459287112104526,-0.09509881428743847,-0.9947941527836466,0.3551200029711744,0.005235209551781724,-0.13701409499339487,-0.3250682547142636,0.5942585664714709,1.3119797573059124,-2.187979029915845,0.6205009593196188,1.2692217039199254,-0.5853143642938728,0.5179680850291251,-0.45621270737655895,-0.1880451492469577,0.18201114069449628,-0.44925265187315616,0.4681447261111953,0.6150636709610201,-0.725458252125523,0.37001259366255723,-0.11467673110369259,-0.688569298708473,0.5408228009868418,-1.8574067965129717,0.5961574076243258,0.8555222218507345,-0.6216744704557431,0.3963360364940407,0.39236749026417367,0.6525243766998694,0.8723694081208566,0.5851535401402259,-0.4285231743124101,0.28910371318800426,-0.3313529852005346,1.2529418095167482,-2.2801707002816034,-0.17816767068084252,-2.56527530136577,0.5562631484986938,-1.2696937777243626,0.4015028904998467,0.32376338221972845,0.7530337620285639,-1.0808876456608474,-1.0106057328352,-0.7336181774507694,-0.29256434292548283,0.5194514842207508,0.5877537355140263,-0.1689570263042925,0.3032346999317724,-1.345050960077292,0.4193325160780246,0.45396411926106106,2.230361647237633,-0.03654169818363683,-0.3033878713540181,-0.3792377894639046,0.5352635361707674,-0.6653521925421821,-1.8749793642800472,0.5217484062719903,0.05714593853708278,0.05328410174156092,0.6229138056872484,0.017133670020578567,-3.8978680898847795,0.8799624863400345,-0.343904468639572,0.6148153979406963,0.42690459401013947,-0.4472511382727541,-4.326537222664466,0.32592433884591165,-0.9108597160878026,0.36852859492041745,1.2464848920493818,-0.16457688769173054,0.06069991576037031,0.5296422101747016,1.8115769884144215,0.013729964245981132,-0.8956915688107342,0.9601183196284123,0.2749326739601095,0.6285082779994497,-0.06656875149688633,0.32400312000941706,0.5700985913049674,-0.7866121139460783,0.12932386773514684,0.8437575938339472,0.758051554078497,1.1153690424244163,0.6079509051865885,-0.4735962087745423,0.43161543916723233,0.4629726040679183,-0.3431028046101811,0.005913686047170462,0.6617537383592367,-0.5226994972938064,0.6410513690660284
2021-06-02,0.6097692264582382,0.547525076399378,-5.522862074146846,-1.5270591571714167,-0.9494067877623449,0.1125738970410715,-0.5578666096671047,-0.6152298850413719,0.69820495350297,0.46909683775447425,1.1621700039190024,0.9791477537930721,0.9752082871019397,-0.11098502702790755,0.7170893043586759,-0.4926441803951341,0.05555031000989397,-0.5574784146954682,0.39949026354827627,0.8273514821223703,-0.571325023785919,1.028388219789329,-0.4950958659417507,0.31246151751999657,0.16665440204301782,0.19179607228123247,0.2772491583836114,0.43656022005020295,0.19382673229078054,-0.8171417247917878,-0.26448616861714563,-0.254024434646186,0.22760288876203233,0.0870987077614606,0.23040934968068225,0.5579317482511498,-0.6102200529470609,-0.012290717894070258,0.6470457364557461,-0.17950362888773336,0.09270081790074816,0.3807875707020704,0.11638803151526259,0.7126138126716782,0.10568285381491888,0.53127332648996,-0.822743762539085,-0.5661020652879436,0.4900262288539131,0.4191613025005018,-0.06023677193293238,0.6976175118044446,-0.25429240597580166,0.7895505144390406,0.7109463711528677,0.16426925106699106,0.8934015389243216,-0.3656099518394478,-0.4962757700100916,0.2477698559783869,-0.4704804597487534,0.7755485689359461,-0.891085011949102,-0.6428674044457489,-1.31686238596126,-0.3114005666764908,0.36722038663948275,0.08101095342379058,0.8515728017461652,1.054072959168693,0.31923053018736647,1.1903195963394917,0.5322402539968883,-0.2223151911652167,0.9861162148145813,-0.9340188459073765,0.8168760428139433,-1.5996819610968795,0.8253506273650946,-0.30904006443436255,1.303957466416529,-0.49129584823437333,0.8487719767489584,-0.26359460358019704,-1.197035903773654,-0.7265773558327697,-0.41849949657844376,0.17644252773781066,0.6712351756940232,-4.523832349563469,0.14091793414308623,-3.7246266754214403,0.5249246435544224,-0.24192028882765945,0.5931217407818622,0.7756989332307543,-0.12060930006331845,-0.2174582912041361,0.38871836248549657,-0.698363991100788,-1.1319603441928343,0.8141653350065221,0.81029197494959,-0.16220667900893254,0.8265828615331665,-1.0276679067702912,-4.127791378618289,0.4135132774212606,0.13266413200895613,0.36428415557365673,-1.0456339873484548,-0.11946204330480281,-1.6516104008306884,0.5813291685913294,-0.44556685090097264,0.42106524350251145,0.7279482611609938,-0.11003517216195405,0.7265510316963426,0.34657814369962336,0.9380201458682358,0.22650525289533638,-0.4031725718791586,-0.2842656368217802,-0.08394110975870288,0.9973180755737501,0.9419693574602912,0.7982489068463212,0.252225734715382,-0.31624826766974307,0.27945786090145286,0.711058096360454,1.0442758096485674,1.017219983422684,0.8666092228998216,0.38813937643504326,-0.32263843670846604,-0.458661616139308,-0.5747348512822209,0.5305164460038545,0.5306461715577188,0.22305742916877516,0.29406344174688887
2021-06-03,0.6517409422042881,0.1140991860200121,-5.4588916860475685,-1.361605356121766,-2.1773208056468274,-0.03125577783520751,-1.9237732879668912,-0.5127052973890407,0.3290482720495577,0.5383266923260612,0.8090720980538945,0.9236940935797074,0.365829374361259,0.2741530305217455,0.8322698565841891,-0.8091748763759062,0.40727725331039244,-0.7590402270001275,0.23836006606502547,0.7534414359533791,-0.5405238552038691,0.7870907903338008,-0.17314597499706605,0.671418546425761,0.2806540133410067,0.8770312370253593,-0.13817054553465188,0.72144681410512,0.3529126435906317,0.2103034845928123,0.1691540976324772,-0.668454480368832,0.7674588518839374,0.5448744302069133,-0.14705869161686314,0.9098082122509462,-0.50766534962804,-0.15884820020887938,0.3152449977936899,0.4647914221886133,-0.39628885812535625,0.8094575136083052,-0.5227111146782879,-0.729075190099293,0.582153302760431,0.4865466443276748,0.10815957208357205,-0.4170194874467958,0.6904619582272131,0.23212922206554557,-0.28668485683560746,0.5582934048019846,-0.6537424912241946,1.033676117898584,0.5216970613048212,0.23280654794475042,0.5162225311552987,0.34670117756165597,-0.12146690064723467,0.5076439371990894,-1.249102052447092,0.763636810518393,-0.3018680876209433,-1.9969596621848806,-0.5141021933040415,0.6606538664529408,0.7570964774424284,1.0629815920353625,0.20920713258473417,0.8221559390414998,-0.18382351751705064,0.9324798824058381,0.8419633861195731,-0.14544017428895165,-0.5228987933027938,0.4951473410066705,0.521041514868055,-1.772747561220727,-0.07120003638254693,0.8059142158306989,0.9419927427188792,0.225894727104508,1.0899804891654898,0.24222715934779515,-0.13366413285645706,-0.7353977896519788,0.17178426778339642,-0.014065449923999444,0.7473409097513706,-1.108075784632023,0.4239886367895392,-4.3146921091259935,0.5513116963729642,-0.45092984430826394,0.2535479896658045,0.5658317064746837,-0.0021031084380304147,-0.09400958365910343,0.31324284319588747,-0.9035176023779558,-1.8591366794130175,1.1268384056472676,-0.023506586298787144,0.7246637502053924,0.6299027828794873,-0.414571931174563,-4.47295112496174,0.746439841485755,-0.39614618524197565,-0.09187255740014665,0.0372596572281081,0.353263147062024,-0.12580112185037498,0.5632245546662099,-0.41139731421058207,-0.037675909606700086,0.9001275971037,-0.5705208092430647,0.5286530799149161,0.5988246945693535,0.8888714499265684,-0.1932873028650723,-0.05549218094391998,-0.2542460512921206,0.2765112482351857,0.9063474382433023,1.0120780517546173,-1.4463529278349059,0.1239860845105623,0.4020293391880185,0.29359549256723544,0.32168331405233014,0.39915841491012916,0.026951416767925056,0.6854723560742176,0.810457908862846,-0.21888776406783422,-0.47078594928453177,-2.6332246539269346,0.9302938997878234,0.51736214563244,-0.48990581194316424,0.0361154245088721
2021-06-04,0.41259099800963417,0.43091591606837304,-5.035482005404295,-0.7711550628752373,-2.5778418271304715,0.2907431865228728,-0.6427508950239361,-0.3651031230877673,0.08421631602920301,-0.540665955765425,0.8152090693767312,1.066205325017041,0.818124186667786,0.7040590130986863,-0.053227412244414865,-0.4344176387613765,0.6037623704068281,-0.011392391310718402,0.22987400793598753,0.5306878501368536,-0.4684264033760716,0.8430947898930033,-2.438705255259426,0.7905239730725896,-0.389152382858963,0.8766316058624025,-0.00032670958975926617,0.3970845662659036,0.4697005001559051,0.7240728761490802,0.13866064698090724,-0.4139340357494042,0.8643351111267772,-0.3059071012942902,-0.2866676777533494,1.1292227243592035,-0.22554941848498908,-0.161029226356139,0.38116209306085447,0.4657828213263352,-0.10512621545920559,1.000799344885145,0.016868283856082356,-0.6611895744029457,0.43591550806532775,0.5255967121269993,0.378196495034725,-0.2164603750299172,0.5864421448008632,0.7756534133619457,-0.09457264010185742,-0.4326116425548228,0.0443976716467153,0.9445137776944684,0.9155943116317133,0.13124639984865896,0.05341911066199318,0.8262678431093837,-1.3082892684426801,0.8573194375589585,-2.228438202921339,1.0945258915173277,-0.5293760562350016,-2.9534179619550893,0.042477071310923875,0.8930956227933464,0.8300981015961848,0.8397793526662891,-0.0009146531785173367,0.8296735653741181,-0.8684859566262927,0.8921242262298325,0.7489400549422268,0.06574907187678554,-0.3952898009128007,-0.04568708796618725,0.5542360371009475,-2.6003539963398743,-0.5755960299879456,-0.6298280584431983,0.70635106588046,0.48699641483855327,0.8420712785059954,-0.3453736628284111,0.7919980037542923,0.36924834517566907,0.29461871218003627,0.09918812069868076,0.8818855593256146,-0.7573773956269753,0.3243758250602611,-3.463056605499167,0.8268848903563908,-0.300096153626172,0.4049800032370953,1.2045501825061036,-1.0620215651610811,-1.2376857920729283,0.47693259210189676,-0.5275770592810373,-1.4041911736377035,0.4203989211860495,0.32056981078616464,0.2936375773901738,0.6608796659411584,0.21364344845724662,-3.8772880986510816,0.756420818378922,-0.947753471942177,0.057735925484314804,0.6896743380999351,-0.19194326120672028,0.5122076835278082,0.5575014522558187,0.65865733400396,0.2319038559077057,0.7056163197341693,0.2591589763560663,0.37648133242392134,0.6943784899412192,0.9866432402654581,-0.9137942061791998,-0.16787066230768075,0.2357284795344449,0.7442530953747952,0.8120379538427331,0.7716060808371505,-0.8867228757022358,-0.7420848348280985,0.35838284284561794,0.9301138015700878,0.40339829054510024,-1.302263769030366,-0.09182855140760274,0.5448371930741533,-0.021819794135155283,0.05301397764601772,-0.1298842158461048,-1.892823996192839,0.7264381446039819,0.09660081466847245,-0.06973845711190248,-0.03102261035995876
2021-06-07,-0.07728335561143974,0.10235808817838049,-1.1201606330598466,-1.6285275419890186,-6.921854133714667,0.05910306110691058,0.4787578293392852,-0.2899194943927389,0.11588376916668858,-0.2847095707208073,0.8162721153320258,0.9511839785717393,0.5185533189208158,0.937752905432751,0.9385599033474131,1.204020686757647,0.38862245388879013,-0.0694083271183782,0.06135535468653682,0.28978190075733545,0.17761588148722396,0.3595615071979904,-1.6459073826111,0.6577036392007597,-1.1495813114137414,0.6206269582367813,0.15325861114103836,0.38107165930046494,0.28347487692769996,0.8635541879539,-1.5225127842216322,-0.45492013688606564,1.1369894970373715,-0.6023208337124436,-0.16291861526207171,0.9011803162047466,-0.2610430149371915,0.09394716879972599,0.21825791595036104,0.8694898567699239,0.03168470575086049,1.1324841768258918,0.02021571444358577,-0.38378505541769453,0.19098747436958668,0.8204784398437757,-0.7256545901824094,0.6459945016848475,0.1745164615496528,0.9538520526288713,0.5125763493663064,-0.27855763525032595,0.7205150211325341,0.5866751470589348,0.9750564162542321,0.6514739867349344,0.11322783135442291,0.9492940539999732,-0.8175353417039354,0.9848270187163888,-1.3075916959805918,0.8990333954650441,-0.10016687059278039,-3.4258924872372973,0.3887494965623504,0.7252278320506856,0.9032770235487785,0.4272113044147645,-0.43866360487703854,0.8278320992098606,-0.46374795063951607,0.5647421653877789,0.3490652072526208,0.4084133448097294,-0.007803189415170209,-1.1135283645218461,0.5835825387294227,-1.5181638039057703,-0.797079476621478,-0.5044743950887328,0.5232261163913337,0.7825655244674713,0.9396672589705738,-0.7112939981613726,0.3052307135931864,0.7122462766704146,0.4639534612792269,-0.2521430053716396,0.8891856070374149,0.259286582652271,1.1699193257708507,-1.6136370363775017,0.2835087114357146,-0.12715419094942818,0.09259507584501528,0.9156428117621945,0.9221175792588046,0.9172057677107281,-0.5660153350744912,-0.30395772838178753,-0.965180074904412,0.800733553043953,-0.13831661610831997,-0.42323072839820075,0.6770747835657452,0.8858537171773029,-1.7119684194844658,-0.5294946174907077,-1.6120704126569836,0.17938526708990069,0.5579441166145696,-0.3164245785593397,0.3518256189669359,0.6263016351604233,0.9722963040627758,-0.5140711369343773,-0.5994976684459177,0.5330850543042527,0.3037789955598233,0.8588665268422707,0.9324870876988482,-0.6735135887061964,-0.34343861877944254,-0.750410646252955,0.6001833609910495,0.501434486626,0.3749490559784399,-0.8765403757295092,-1.2581121599481895,0.47887670404659094,-1.085520859667194,-0.6972778055378369,-1.3867428846948422,-0.4504214227753437,-0.23172901783996813,-0.04779946789432131,0.25170524292332486,0.41989099516860645,-1.0221736456068273,0.5160785800437957,-2.54721337433369,0.28451823990788566,0.4255096726924645
2021-06-08,-2.2267375282665585,0.17002847061129062,-0.3784139739457963,-0.9916130661212871,-8.843381287041067,-0.04276697715306511,0.6235602936583055,-0.0122285821657231,0.44309009744079214,-0.5608206836348636,0.5972584405667882,0.2876205037624716,0.452654185524993,0.5195662912744429,0.8151591730686694,0.6261964924769711,0.20663368921031006,0.45017664799534,0.6054028682537741,0.20529070748297867,0.2907612530723993,0.26813025680547725,-1.567285738689158,-0.12363639656578465,-0.604131727991255,-0.550278720511045,-0.05914365692097027,-0.1229088926257697,-0.2388261671763566,1.120862758578318,-1.8183470602976834,0.4692864327823017,0.39775561899816136,-0.5762766297879633,-0.7589084766550238,0.6439571511190025,0.27778991925677643,0.3001266150042251,-0.2116666750305919,0.5560634842600113,-0.14457418503394526,0.5086377361403676,0.32289995384981973,0.44972026939266063,0.14039666394142597,0.99845972715119,-0.6022826768905472,0.006588452108959499,0.11960481100262069,0.4766070675171473,0.5312734418113589,-0.23173576056235362,0.8161476850596608,-0.16351739683010116,0.9021475145340122,0.17657127368469144,0.1355999985563051,1.065952882899218,-0.7871102293192612,0.44421373540541587,-0.1376067789632404,0.660717285312511,0.4217381767959636,-1.589081602774216,0.8188747772161572,0.44894779390766704,0.1979659354449339,0.3354820800511556,-0.6407009386737673,0.08595701728289795,-0.7007295016398167,0.03538981065888182,0.41588138400472163,0.6389476384345433,0.47224514683874075,-0.8313631094868743,0.617958768038832,-0.36787489925931083,-0.17937731195292023,-0.20105782272522055,-0.48116111255503735,0.5564003749738324,0.500377872946383,-0.2890908131480847,0.15470567976255215,0.636674557816213,0.14963755141953944,-0.9391598753199857,0.629007504166616,0.5783610312658749,0.9375996564689698,0.3656451303774046,0.6659508441638663,0.07495285418651738,0.38571407588017365,0.63317149534717,1.1617636264657383,1.2090372394142466,-0.4424271986871063,0.21177516031547602,-0.06476351409904856,0.4213102996988678,0.20202871919379098,-0.08466721625109754,0.6224816840893683,0.9979987896730904,0.4763417714311762,-0.297532855234592,-1.0748263336476331,0.23358392664534722,0.6066913858124827,-0.49461238464246204,0.45500985269469413,0.7326976278327881,0.9131010128372228,-0.1688205759584763,-0.5971128209980733,0.5998335560914994,-1.0292336949540999,0.49969186333021937,0.3638624349342411,-0.0807493024946635,-0.5917398546332071,-1.4647226198834702,0.8471222194072798,0.11844535276712408,-0.4651445976188703,-0.18947119823591368,-1.524668378439205,0.22624773972486445,-1.3506847742645216,-0.42526776729173926,-1.7024303645920256,0.0439457722886881,-0.012972477974648119,-0.4016824313365702,0.12228730678473282,0.8422909296258484,0.4574259171650592,0.15422442248173948,-1.7231936591340855,0.20833763860898646,0.5924870197500783
2021-06-09,-2.0275508836367173,0.3951757144241975,0.28927566441939206,-0.3659981949964907,-8.73524271885464,0.2635862684985185,0.3024608928205757,-0.24971295116983996,0.31406211011130714,0.22153797761045338,0.1579179120031143,0.33380643510666824,0.4986277730057494,0.469633010818097,0.681350015688962,0.5567001733598373,-0.0691061680282351,0.20964653992392393,0.31113899320917354,0.30470610020066585,0.4007812481292821,0.2292614301078619,-0.32645601531644586,-0.06775669247795148,-0.1387210500238368,-1.0652662956967083,-0.04981127833741759,-0.14504809186280712,-0.31768605432408314,0.7108124276204861,-2.1626822576541938,0.9107180870819246,-0.07998463313386749,-0.42907193469017685,-0.8960121702543263,0.29651406590771995,0.3642744051035826,-0.20298261350931002,-0.45939124702618556,0.08826852196021365,0.29820858975647363,0.32748703418884545,0.4638522491829377,0.46332828702031925,0.24300089692848745,0.7991080626845148,0.2239555570462646,-0.005792699971037041,0.10021564461060616,0.2840399055165877,0.33635148832205675,0.20154016857970125,0.5961765842590894,-0.6389109492538857,0.3722133764106447,0.11371156145656629,0.3012201095577449,0.6105003473416959,-0.07628615244742733,0.15252664318331316,1.0819956369865174,0.5616399057663654,0.3166264308322874,0.1506923927293845,0.29730726164840776,0.012247472892444506,-0.28126273375338,0.38234832613748276,-0.07336612559974262,-0.21172633906071583,0.07626142520823119,-0.1508584430950557,0.32772795770937824,0.6528698804964654,0.17289299793359386,0.32016100672535275,0.47025635958505396,0.23535617619700003,0.2990560006495654,0.23048668998288566,-0.2866746295608784,0.5534156989766522,0.29670184684017964,0.2599128493152939,0.32066833763097674,0.326611111719229,0.22965477543170884,-0.7935285375647816,0.3296616594287327,0.6459376564928813,0.6562430020549658,0.6827004726932571,1.0728609648468528,-0.28369672243320865,0.31711025714757946,0.1910103227335127,0.29250356599584165,0.28994044549920117,-1.2213224010514965,0.2696488096287067,0.25793832512178494,0.5559816308693252,2.032643686890963,-1.3476932397134949,0.32802239649766457,0.8145032366145423,0.31827888866106463,-1.6228086216316435,-0.747397546221038,0.6299480062957125,0.44014805026954007,-2.110255097700062,0.49734831109499505,-0.20103173027295157,0.6485732235546228,0.23102505213288582,0.031065661070850296,0.654179239474548,-1.1977128880725127,0.3693899292270416,0.4725959124520431,0.245613676448981,-0.38321011692153834,-3.4221741951369693,0.550309300273853,-0.18622512904648567,-0.6347150948484735,-0.4539301938897062,-0.5389703354520968,0.2827844922887081,-1.9300679750437428,-0.12205072767431868,-0.7913157919045934,-0.2601649236853136,0.05061504333450803,0.04288604439561869,0.12106569149543382,0.6210384063064681,0.9003759283036868,0.14947899086115857,-0.6918897311321838,0.44428254322532745,0.24322868489730742
2021-06-10,-3.1377295519756427,0.3242545462417713,0.6545136378750106,0.6194137664153633,-7.202133457552884,-0.1389764869153221,0.46695660095019614,-0.2754088719974039,0.5624018070386276,0.7258065532613713,0.4121259236031014,0.5368974293111825,0.5672386762440879,1.072708239585716,-0.22326073207620997,-1.6452663586253404,0.2051130513947994,0.23407080022733798,-0.73576126855306,-1.0205139880552385,0.669181911132261,0.3596587112493096,0.34492614155668616,0.05999561548430946,0.12946579705793368,-1.7644905094631187,0.3920336509546324,0.49802590718961515,0.2532565434915816,0.6667396024418546,-1.3458931669245444,0.6010016703878357,-0.43105986685194597,0.46200946214564786,-1.1539540073681898,0.613692646127743,1.1964648686447865,-0.5244324321544778,-0.12373496481730714,-0.4570068600863999,-1.2550783127734908,0.22139576278565243,1.0164009866012724,0.7330989499731094,0.9503375665792795,0.4715798726898916,0.43729860901370604,-0.3623018901949906,0.024503457317221044,-0.758602670051258,-0.2188867516538204,0.736278203373947,0.8441413220120635,-0.13243786357223186,0.7354765612720058,0.255492062025231,0.8947457316066545,0.6929558717963907,0.7837824386946951,0.12504806663281373,0.7114249199004922,0.686096291553344,0.18605855349413472,-0.12658655826617757,0.2717846520434813,0.007830775192199779,0.03370125943904868,0.11977570610666305,0.1724732197983204,-0.23532963168757504,0.19633907696404165,0.7191893134639337,0.05917890512008503,0.650491805097078,-0.01471555436866494,-0.013046342641905379,0.5618561427319133,-0.3040723704198314,0.7365873029894393,-0.3517593908624975,-0.7325247405832113,0.6816432446541099,0.6115932307775307,-0.0013520251166571655,0.3787838806726817,0.08085099872503516,0.8029988666486324,-1.1430619711082428,0.5322293521001704,0.802471423833212,0.23996689792559148,0.6702607287423763,0.6566892358822647,-0.005546063555422548,-1.3499183898846627,0.5496288529786822,0.6754107753343149,0.665437896998474,-0.31478404879853306,0.8722184292720038,0.7659527784047282,0.7276798668257862,0.594456941118741,-1.210478830658948,-0.2971934010487981,-0.3832046733960762,-1.1387364469598436,-0.7953100262073365,0.22776718086696535,0.16985098823667028,0.05762033727723371,-1.7338667999319035,0.7100617078048869,-1.0695602118603327,0.17735304892988987,0.7186415870298271,-0.2130363695187123,0.6924910296800618,-1.4848750101999442,0.6043574833562436,-0.02197983766619275,0.46929329715393614,0.1665002981003638,-3.950465884434677,0.5396261206355784,0.23392408418146673,-0.5287384299878841,-0.4918220901277183,0.39076916987722055,0.04242914030970659,-0.5586939697639074,0.39692718553669315,-0.5776203566947835,-2.3989769484746666,0.6857490448509836,-0.014419945228677632,0.7157857451232243,0.689349605793959,0.6704107655760592,-0.008853437435706739,-0.7037670700686973,-0.08994077687103033,-0.1592905520047627
2021-06-11,-1.8203140488659306,0.6953011806041228,0.7528554118592847,1.138972416512099,-0.672579570390642,0.6953865894517113,0.27561304727085123,0.20445476596357567,0.7009771658837214,-1.2389911606579456,0.3718847408424133,-1.7621314783839261,0.7734944681817415,0.8676448946479104,-0.10400904910546413,-2.5619860305743125,0.8474061743257622,0.4600344848170942,-0.9418958356874627,-1.1472455266254131,0.05831146747920627,0.7513083827329431,0.9122563766117067,0.6474242764284107,0.366519342470942,-1.08429565822915,0.28145330414821057,0.7480626147050581,0.7530068981303738,0.7781181647164113,0.02657998524118706,0.6785753115718365,-0.09754412287588829,-1.2345723965790456,-1.489254421936625,0.7600312190593729,1.428522365390661,-0.27301646088019765,-0.1480358668274195,-0.33300877824674247,-1.1143125083262686,-1.3741546064901715,0.38363427129874655,-0.04702751710526723,0.9469750850264809,0.6124104275689233,0.6513140062955934,-1.6464496610356802,0.02005634746792242,-1.8888650513437433,0.1476892508403551,0.8371526048969683,1.067263497360323,-0.22837449119748177,0.6067140783368925,0.759546597477959,0.8629619273295354,-0.27216209109749007,1.3241303598132355,0.4972805767085845,1.2859911472340022,0.8229047791222602,0.21701424518896179,0.5889123735603415,0.4385364815352897,0.1489867564610805,0.42168605513880925,0.6804360183275892,0.11917007480415197,-0.5709114979512456,0.6851948970073687,1.0708203658492583,-1.6584507001972486,-1.0952219658252478,-0.35391336192444145,0.43430476261097645,0.7133863394605596,-0.08319862365041196,1.229471157936557,-0.020220809259497666,-2.232901931732764,0.6579284321511255,0.5011634742143627,0.30964202487490144,0.582193122744729,0.3482295697348885,0.7631757982663501,-0.3250583043861449,-0.9699826883400983,1.1343043389604355,0.14419324888135726,0.7605880709601831,0.016209019841847725,0.4910338315302137,-4.0999358779778845,0.7561700117961012,-0.5242704818218273,-0.6739885786430347,-0.25583604433195895,0.3755133847894826,0.9226840602690396,0.8676831050380831,0.6435289483340654,-1.1474674268631957,-0.20158020050695444,-0.14869145586025437,-0.4660193553460765,-1.4434080966859797,0.5474122026936712,0.6512032207102577,0.24744423594669157,-1.4093861645645218,0.0602858518964997,-3.894835170234841,0.37346325792506685,1.0453145514340774,0.3853038224602031,0.5573558113703981,-0.2256783812116193,0.3117548808161999,-0.02635979524292565,0.42382023580539485,-0.14391170323015853,-3.0325445513241496,-1.4631034197275115,-0.4093036904207655,-0.39287621716618365,0.16148466118981966,-0.12420046673912975,-0.27528623684113934,0.7209693028665666,0.7648811475359656,0.5936478381080589,-2.360126320380751,1.0851722935123351,-0.22258404610306345,0.9711629568111926,-0.2170709685449837,0.7956283504049254,0.15757259712540858,0.6546933998784171,0.07405493863549328,-1.4564546677210581
2021-06-14,-0.22331780302308077,0.034951723231915796,2.5900442969497877,3.643656895029522,2.2230377814948645,0.03842547384496849,-0.152626527881628,0.20221195058080452,-0.28889543131872814,-0.5541194431632724,0.31441904822311323,-0.8946205610060659,0.4805025813124306,0.6737335925345116,-0.362805106966798,-2.7026991768027164,-0.017349150032617097,0.44769573951567404,-1.2652470994060088,-1.374790052677813,0.3977923164621817,0.23130661259727678,0.7910110276973635,0.49934611245849164,4.227764584983706,-0.37211719701895274,0.2001680120487557,0.44740545726023245,0.21918215923565726,0.7009283300259954,0.17591505018437992,-0.21322683138865417,-0.3555241161513439,-0.36174840452259266,-0.2514308535836138,0.6309211887559569,0.7061326289723404,0.13750403722637164,-0.3206631139662261,-0.7740201362906507,0.41844067234563675,-1.090569390611064,0.13344983086026285,-0.16289246360349366,0.5200459098853828,0.3766571197322554,0.4157570035026261,-0.5949497901149604,0.2806508359985329,-2.596060816759661,0.34332848357919554,0.4213842338754861,0.4373882270676485,-0.23721530872314062,0.48039380231089296,0.502520212489392,0.6798290485806903,-0.6138610172109679,0.3482489833241342,0.34462055486311927,1.3916802624304454,0.4869185219719795,-0.6169484726450546,0.45717973277954616,0.4427378091190439,0.4410046694484063,0.6099093354990305,-0.025206671701998026,0.2953757541474152,-0.9221862483785889,0.5394944943795149,0.552949098269424,-1.9836217233810156,-1.011159751463889,-0.08751966376143998,0.37464223678813396,0.7456285791359087,-0.4598957179344911,0.3875083486602226,0.12100508320265803,-1.3871654742353683,1.2404159960915204,0.40401406545545476,-0.2514043935387136,0.0833230044069648,-0.13799067957807323,0.5626794050972956,0.4301509206758822,-0.8359673595749231,0.4369324608455886,-0.24645385214473578,-0.4051044481591377,0.0077421380783105976,0.35638681946274026,-4.19361551216355,0.32823269473948397,-1.0769755880260432,-1.2216753139496217,0.2828503192532982,-0.2077533363951223,0.15214102544603236,0.4464634818588114,0.14904609565770244,0.0885693122108463,-0.3392831388479126,-1.3116763277215235,-0.42875640558801126,-1.0572071610145912,0.412081313256079,0.08931895353482704,0.32042651728657284,0.254822610512967,-0.7569711066691472,-3.7481364594074202,0.028242686776050137,0.24171887288567454,0.061899295474610976,0.6500744847944769,0.45687238631037813,0.35003253951914326,0.7174037242546129,0.4734603951967622,-0.023825110367178857,0.015369806015657728,-1.67349290939093,-0.5401881944301151,-0.0625310943677043,0.22110697713555583,-0.9250149077338686,-1.740468151923949,0.8950740933251401,0.7354586679079539,0.566308328361066,-1.6562291573540182,0.4370604583027874,-0.1571750176787596,0.47862795565280913,-0.0027697466580065924,0.5543098211461469,-0.482931278760147,0.7007463601885563,0.3924985525725848,-0.8266178173950417
2021-06-15,-0.7847128803967477,0.16826760833866267,0.4888663945273255,1.1055835542987562,2.9280388811508837,0.06653408514072166,0.8396365851147204,0.8055041073188661,-1.0998548400867747,-0.1589569960675591,-0.8646785355425556,-0.8749309910051309,-0.2488321622415338,0.8261672822883995,0.5310258161233847,-0.5552066178907066,0.11879028105658973,-0.00043550792313740486,-0.046630764811951414,-0.17453865428750742,0.7432678579329702,-0.4219448700259368,0.7319872754414539,0.4899750886013468,0.4055032884015322,0.5904441322789635,0.610491751018463,0.8962196644237269,-0.12773974928800783,0.9000836044170878,-0.37073475320007937,0.05357855075430528,0.5443326423028889,0.5217187213631106,-0.018712077513979936,0.30097514290685395,0.6888658201311196,-0.3386746557545641,-0.6319063873701527,0.6327244004503573,-0.9276786977940105,-0.5379080237095658,0.0007568601936477718,0.2628047327925271,0.25104448462133194,0.22048336309154032,0.703292385945903,-0.012889462581938183,-5.953840703434367,-2.3054218436966605,-0.11407900448369328,0.6207635515579426,0.7350503985386659,-0.03657201970354391,0.3924528701182929,-0.021414393564193623,0.6271303947819042,-0.04589128740781388,0.6135895580876761,0.1079140560123522,0.8002470944279498,-0.04337981677805614,-0.10816978938365537,0.4737913142002814,0.7169532021523575,0.035098102441697566,0.6129879871729103,-0.3513729809925845,0.6321246976123502,-1.079862818154251,0.30215183212640806,0.7899711070533788,-1.559458638871527,-0.7628648268329279,0.700470638581974,-2.865071791376315,0.7264409810873209,0.46109462123953,0.6924012172514191,-0.2646373071595936,-0.9958856844422362,0.9618199329815188,0.604263818369643,-0.29963556389856794,-0.6203827257591777,-0.7946677596090388,0.8109663070818109,-0.5184146401082685,-2.4942954657058043,0.5743518043850216,0.061973026308592236,-0.7543412603040563,0.15917601295022002,-1.5410788882858324,-2.053832720695812,0.3530419287366885,0.3213395838279638,0.27703179630838665,0.8497774324337741,-2.0350936244653606,0.12557509559337765,0.8555975318766075,0.28348996344702,1.2338574132093916,0.009432239121305745,-0.04579294233727643,0.6432134091594869,-0.45100770139527474,0.08560949156201701,-1.2834598868833067,-0.09490177169209628,1.278085755468957,-0.8513869493839571,-2.9006124156522315,0.5472997469446792,0.20359732425465416,0.6441703317696763,0.9165132056164605,-0.470877606851384,0.7378318931915959,0.38431724582474364,0.3624221641103083,-0.1843776046647098,1.1712535270622608,-2.138954046936099,-0.046016157572006014,0.5188220544233119,0.865819172726939,-0.4816214876086127,-0.6860145224163944,0.6585011578722026,0.7416069064005157,0.7211652222943793,-0.9993471248717943,0.7347224250733623,-0.11769473410768566,0.3224506175033387,0.7000249088603228,-0.05885698156659215,0.21188179005026958,0.7432678579329702,-2.0997753578314637,0.5854613927718512
2021-06-16,-0.6249331996982779,0.2562100335852578,1.759219476545636,3.5507959767973,2.468170052701493,0.13211251328907297,0.22436849286198246,0.5794504087855125,-0.7482687484258874,0.49264295408478265,-1.0535363212947384,-0.0883173918626989,-0.6809327159900104,0.4621843385713157,0.11793732934604473,0.24170037239888037,0.157671533120134,-0.16868892330856927,0.19962975660608612,-0.26241535650248515,0.47427740508239696,-0.45313446369164007,0.6942634142179067,0.3801106580225777,0.42906059253447437,0.949234382550443,0.13991479624734324,0.23987361161581527,-0.8237932594383756,0.7965555090664811,-0.1582846176999516,0.13303246801263846,0.6730010276893013,0.42464192060198735,-0.8096699233900351,-0.27427348950938346,0.13480228762905527,-0.878131962518719,-1.3636259179935861,0.29484446974540907,-0.0736477138936892,-0.057902588394332884,0.028231873712042416,0.4559218328264537,0.20446571914903722,0.3489223062245792,0.5086582512390533,-0.10165931251870236,-4.979271281295987,-1.0401808637176255,0.16700221841905116,0.8009295944084708,0.6070811019130885,0.050490333211124845,0.027489476160956833,-0.5906972314016249,0.32488148506103154,0.7571185853404189,-1.1522438398154633,-0.7690283356884238,1.1357191350202378,-0.2110380726160909,0.3166430912531489,0.6240289708445843,0.8362899472783863,0.10354821067279962,1.2373077586060204,0.23027973861897716,0.5142356835108317,-1.227239601598116,-0.31128162247981955,0.022856463144582603,0.11994688953115587,0.1950193055950457,-0.45767774837422603,-5.330320187941179,0.35374951685205575,2.5430298032627405,0.5350805556962966,0.4851562989705097,-0.8566233291108132,0.5238025455995371,0.2134424009853198,0.13554684395458969,-0.8562678238425955,-1.077360099907843,0.4870663076196838,-0.2782149764636563,-1.2907588255571387,0.12273213174065536,-0.08027067496012837,-1.049968329197219,0.9420394885358757,-2.134652442339042,0.05830325962883054,-1.0713501406798183,0.32792485309659225,0.3448061496199339,-0.5888414496016078,-1.8510371523539713,-1.0399562399370672,0.26364280558140496,0.4151231270215025,0.055254170773875066,-0.19542350949026777,0.4907634681010377,1.1886620304727624,0.15004765941290843,0.10506078340463604,-1.444181501683928,0.3310355774407117,0.26297304463605276,0.030220121397557895,-0.0482700549499491,0.5314670046946885,0.10571210184182124,0.6840571054844904,0.8803045741971991,-0.5738786667142596,0.4717357465824021,-0.8099121612788658,0.240975467326233,-1.4899908133222721,-1.033247394276925,-0.09906691037472481,-0.17333015415629804,0.028540703663518616,0.3838865288305514,0.026399660285844076,-0.09931380896553761,-0.5240091759961424,0.661143404520294,0.16057763500584452,0.17045670185924483,0.6665862286630246,-0.37244792067846777,-0.03493205295809232,1.3621110650076056,0.798196487058571,0.07895491192296009,0.47985778534567786,-1.6156761738693846,1.2599766641799415
2021-06-17,0.029060743007223087,-0.5373086738656635,2.240679631935017,3.5675913835746216,1.9540273214148722,-1.1733173939026835,0.5649743324120128,0.44407867776507104,-0.16772902727921823,1.5447890423735813,-1.791159737305728,0.9760531532094535,-0.12885135022904023,0.4659975916040276,-0.10608685806598091,0.10681379553673369,-1.3787652274663205,-0.1529264980138415,1.243630614847787,-1.0263895133833796,0.8854288478939285,-0.7758309546179427,0.2816675258390772,0.516740032307705,0.8165990103712145,0.3671277734640012,1.0188483196383897,0.2854938901064078,-1.083847025428859,0.19863270269901748,-0.952747970317034,0.8100628160893474,0.15193119904631697,0.8043406046113644,-0.5866451816110861,-0.5512793200306222,0.11497976796463805,-0.4981915660572709,-0.5552063870991579,-0.09314338007751095,0.21710801977835797,0.8048887014693499,0.9063948821510933,0.7830050193577521,0.6059748029891867,-0.15887559412872793,0.24233696244609554,-0.0027457631881225996,-3.116534716414972,-0.18138798924396374,0.42644297064559394,0.20889025526471452,0.27542036735706715,-0.28185555344762897,0.27224655380937374,-1.3518970927202445,0.7723993767929468,1.0891403466229443,-2.1002609491836854,-1.1443274029261785,1.8164498267221865,0.045015336625997805,-0.9770066712228749,0.3292716870270606,0.4239686548195428,-0.3255283478863242,0.5176577880711565,1.1026091786284602,0.6461994579103254,-1.2957482595553558,-0.021506545251656083,0.18869137502488068,1.0959429786652932,0.42478198447277854,-0.9784883067616548,-3.7636848668651224,-0.11987068416046989,0.992362647060453,-0.0002608217855344315,0.9212243631258918,-0.15682182550942236,0.39036838064592955,-0.06725551509315504,1.5356646382349997,0.2011743309299954,-2.3800861860822295,0.7331385921679954,-0.1326497498159479,-0.8401840822352715,0.7408655628533567,-0.24523040845947983,-0.14504688476480185,0.6580600970640815,-2.673030809561685,1.25205836927664,-1.4321053885142008,-0.14435537287910083,-0.1508879301777031,0.04543587855921816,-1.0996686226867456,-0.31159650693421465,0.03745880033087084,0.2676365079651534,0.1832071637764904,-0.3403879928021706,0.5346522884245124,-0.10546838098283634,0.30218155868550034,0.34190233769498973,-2.115912651416396,1.0614113011386408,1.419360078116234,-0.1525674732034869,0.8048303758808341,0.4472130640917866,-0.3980616453732314,0.5342452896767478,0.23096128855164305,-0.6854018921743276,0.1188433162336915,-1.2264251479538222,0.5376308284062455,-2.0637113317089812,-0.408509763493001,1.3365010015498082,-0.777346891724667,-0.6329435403729623,-0.007290598306499413,0.334504464023617,-1.1905401099171748,0.031733287099964876,0.6653107377086616,-1.218058175370162,0.9090039523877613,-0.5104017722849783,-1.2302687835810102,-0.09428927345891557,0.4215032344517702,-0.10950955243542329,-0.41251600495581053,0.629918510829653,-0.9088871607514231,0.5420755031678631
2021-06-18,-0.004683898004289089,-0.1964295640255756,-2.331734929404532,-0.9542963383804409,2.2913353111370904,-0.3665031814695778,0.12416738264125965,0.40322981638816063,0.8111434879189318,1.8217027281672735,-0.9660712284228719,0.30144359189795966,-0.15447348137791453,-1.106442417906986,-1.0567998408020223,-0.30757857047537923,-0.7949227106961823,-0.12407881669627571,0.9414334587459704,-0.17363102313815781,-0.16569399350558098,-0.8160910941240378,-0.18269109542730294,-0.545825564076317,0.7580488143817378,-0.16248779512872805,0.42720421293519295,0.3056536343736306,-0.2441546625585604,1.1947576464154461,-0.0035813529726229573,0.8297002065384077,-0.4773864312057745,1.6857625225481785,-0.6332243390882272,-0.14813152268049676,-0.8301966762893892,-0.19797826688708262,-0.6459763636693375,1.000780603274608,0.1721441903524846,-0.1315058962670012,-0.29993199430785167,-0.19874016834371067,0.5686522583422581,0.46109882452354356,1.5908152986452926,-0.1701427990598801,-0.7560803164056753,0.6361585231986748,0.013556347443302062,-0.6974021319048,-0.09489371668494875,0.04573806843590249,-0.2756008655453409,-1.7346020032800278,0.22751597339861113,-0.21993061725377053,0.3104449083675976,-2.428490959352111,-0.17075616577697408,0.03960121906349168,-0.1981167206792228,-4.794675207390803,0.009039990373206653,-0.18010426754931894,-0.021569360201165344,-0.287265468125785,0.08430073443922076,-1.3935940948309704,1.058289854046108,0.0979875329498451,0.7091228847083928,1.6457791455248427,-1.8840305323786855,-1.887538115382409,-0.14968493919823853,1.0854326083201116,0.21303266636001536,1.127425248238111,0.7766728894247498,0.1362742309262046,1.2943874690402184,1.0936197126142915,0.782407056267298,-2.112849421410046,-0.08634007213558632,0.9194417793874622,1.1655941866780029,0.39355170001102563,-0.2283078415966231,0.17414494322944624,0.5396418163412587,-1.8524527089429481,-0.09785568342455755,-0.214676393314064,0.004113196507163101,0.014590510970411093,1.435239755267148,-1.3193297203593923,1.6163181738019654,0.1415521013937689,0.37527248220275916,0.8353852314074376,-0.2121020166629122,0.7675454827672581,1.1677290372031695,1.26139347031214,-0.024784262279742144,-0.4760543636739724,0.5149804871368802,0.8872445405057998,-0.43752724514051616,1.4714014443250518,0.6805222339879562,0.14533619892319388,0.9160153782279252,-0.2330792538002098,-0.2953748794254857,-0.21414031832372568,-3.2971193411856095,0.5543771268896909,-1.8363951451686897,0.11642442139621614,0.33655624596299427,-0.6026140685441015,-0.26580070127353356,-0.15093947288394985,0.996204549233627,-0.184001146316804,0.05729968399293232,-0.1306457502682676,-0.07824489967296581,1.215688264042173,-0.5192954486741915,-2.017042674323227,1.3911815848973397,1.8040061491653359,-0.1667674215916661,0.30703920397364703,-0.15367790292365935,-0.3520022647063392,-0.15651051615319397
2021-06-21,-0.2492958717532816,0.45942366285324726,-3.7255943916824896,-3.31279304265747,-0.04271007151930726,-0.18009268445933038,0.44788185193039987,0.7449920531218146,0.47727171116799566,0.4233441889655577,-0.10261056835076207,0.48038918385877877,0.39419659268292995,-0.7005335722858269,-1.1924057836562294,0.10392071640608622,0.5065722451801644,-3.515851305797809,-0.174819847555312,-0.11656119841499943,-0.7186253030139759,-0.06928962947525752,0.251665119228426,0.008115001133674029,-1.7227913256726712,-0.5132686355530289,0.8764354027969805,0.4421468279652224,0.18573881338547849,-0.2636353494701438,0.4943912318838189,0.39822795454459037,0.22222480682596568,0.41704137224094595,-0.13203160570888428,1.1743961525636613,0.3856459814852207,0.9876965849627973,0.6322742850428659,0.41855828670612705,-0.71198069428353,0.5278614898216464,0.39878729082206177,0.48415476526702755,0.4704013569047428,0.0700802987237763,0.4915982348711231,0.4217855995123628,-3.9150959765295084,0.9084490589884153,-0.7066922810916981,-0.6872366047187533,1.1766887239038364,0.2982312470351683,0.03167903167815754,-1.702410756922134,0.49444804578120494,0.7267692115346737,-0.5182095891264762,-2.128437751954949,-2.364027432198128,0.49324427309094204,0.47820740055418504,-3.185790663064311,-0.2046175891178195,0.47099653242758266,0.07103649834759183,-0.35628024775914213,0.6475595245435418,-0.3388523607368245,0.4586636205622257,0.5232193121575172,1.3204799197379335,0.467284771588418,0.0057515044283838815,-0.48879299522013203,0.11762015595649321,0.500365251103848,0.8047899725667185,0.38513958848393415,0.4907000899176895,0.49959788767571256,0.8023408873268251,0.43059222805315966,0.4756449258696213,-1.1064070355807367,0.9265268923694606,-0.6631167516870254,0.4740011223703168,0.5970346021782246,0.9695242838198092,0.2609194789140931,0.20777437557621406,-0.46277637324608406,0.7121547302629617,0.5698678239780772,-1.509733269481869,-1.7225603952300508,-0.19283343618781915,-0.4790211834375109,0.4338486101161248,0.5357867806720956,0.39726661920292355,0.5095362862523484,-0.15876705204413877,-0.6009764757184628,-0.40582629494786926,0.41070955393445324,1.8656870442568139,0.17114195760969167,-0.3151508186455596,0.4549369376213363,-0.0969563301286602,0.23303726809444875,0.31208631067655146,0.43154071529487553,0.4832906991446797,0.6728356654875266,1.4588707711199909,0.19054303813673384,-2.0209683946786345,0.45477345513465806,-0.30208197035188317,-0.12339105344989254,0.2457048813448781,0.47127687406018604,0.695256806023573,-0.5828190992204569,0.9616468865002226,0.008233350198150047,-0.3208404438241567,-0.08978440821081554,-1.622987229854674,0.2783410826224072,-0.5920807366355988,-1.1580155996727173,2.7505249978151234,0.3684211048127187,0.9369235831554761,1.1923362668750146,-0.1432990909041429,0.5652570915237553,-0.3726081004357287
2021-06-22,-1.662954300252534,0.006232699892004145,-3.1796579062453003,-3.5591089696291007,-2.387315743714307,-0.23310297191834636,0.2180280410222534,0.8486138868101596,0.6563846274275867,-0.03603032596184259,0.7140041425603418,0.6005200187795691,0.5150272644577032,-0.944944720191389,-0.6403259755062943,0.8145450661541668,1.330130049890887,-3.0872765379564506,0.36474361687264395,-0.08342920736414763,-1.20317824553498,1.1050671256663573,-0.45488756095963007,0.44842523219780367,-0.5947432685466163,0.27572653426387506,0.5798407478947234,0.5724480221900036,0.37606420160659276,0.12223290205666196,-0.12718419660594876,0.5363364362875163,0.547587846351892,0.0982201324181628,0.5821105074438028,0.46094660815484323,-0.9994100559503987,0.4788408079690355,0.9857085288514693,-0.21760961179332697,0.5322078688853641,0.3548552524086501,0.11839023901860048,0.4933748855904551,0.46749733691760564,0.507757973453619,0.5582243157489349,0.5888877181166594,-5.723910441537349,1.01511913395461,0.1903419191041164,-0.4392417683066612,0.2873135565916059,0.5190490837799546,0.35953421147593695,-0.7413820742987438,0.3575028728355844,0.6079940830857032,-0.07936380758298003,-0.9914940875313614,-1.974768298935688,0.5945985739557317,-1.4710659925209395,-1.9012040569639297,0.2904984258528759,0.9006283186231498,0.26384189916401113,0.230985449517636,-0.23740893761555928,-0.08445312602877704,-0.14187586593844134,0.44907134830721657,0.37883728349134,0.3836992631901241,0.764292264897445,0.8192495725692045,0.6834376412196909,0.39304916336697204,-0.28565201161127707,0.1781494867415889,0.17176407717890974,0.4831643526834285,0.6928944228041007,0.9886251823573629,0.09617432880474129,0.39775342748576953,-1.728673835734984,0.3258671288151982,0.67944026084284,0.39709805107125257,0.6177308168554929,-0.3190584370015644,0.03142897789815741,0.8208279699554435,0.33682589148444747,1.1202951132549361,-1.3284065929700202,-1.517370065796422,-0.14970998648007627,-0.8653301631674861,0.0643692570276844,0.9249659927368167,0.0021473406877483667,0.8390453391461566,0.08736469965207211,0.1324563620439205,-0.5072523273144569,0.5523015554024796,0.3854270140286759,0.5449412656762799,0.3512158971703582,1.209527914063005,0.3416021934770223,0.2129212841899984,0.45588563046101443,-1.3107186237954094,0.8584697154061273,0.733816871618417,0.5266810318585834,0.5742395087921942,-1.2053580776360524,0.12757990203760666,-0.6428114723271615,0.6021974446163002,0.04728116645677801,0.16494715592164066,0.8382933193329846,-0.7807834161605344,0.4236209900541455,0.07955638618147322,0.39784998596797744,-0.002319143690350896,-2.5790063537996715,-0.10350671718227955,-0.8449221049440517,-0.4443463401745677,0.20019298022983525,0.5671142141152143,0.5912335052274476,-0.19802913331177718,0.4092124383273513,1.2942013767473513,-0.21614107074288236
2021-06-23,-2.624933465632576,0.332319789331831,-1.003021446040265,-2.010455509425737,-2.281007875397543,0.23363146233047732,0.23594950632630365,0.5134808309336139,0.24579252670604476,-0.5265643135160314,0.7157812876436374,0.7433339786609907,0.6153990272470149,-0.2674779567556404,-0.9306613799940299,0.42893881701301423,0.5987639446764781,-1.859200539888697,-0.13564037316522784,0.2849200851071171,-6.34685032772807,0.5105623189378086,0.09019977090404885,0.2916618599822314,-0.2237989387258937,0.5080494365083676,0.4825942864881959,0.6541190899037562,0.16628792266443174,-0.16184876417614627,0.3878566927614824,0.5702729893802576,0.2413455372099116,0.003128141284447566,0.7584804168098931,0.2774240648762885,-0.7539147748033818,0.38692122753635205,0.4093959189533951,0.3289398216872464,0.6459979838947844,0.24409398854004974,-0.26201380739347274,0.3787728868639347,0.43922082021781234,0.18411247865625396,0.8596401771159431,0.4301457740333328,-5.533622465851375,0.3532032263437371,-0.12269981761033437,-0.3712672360259321,0.15398573439791188,0.49368430142823294,0.10060485575248908,-0.3402850298491348,-0.22216363885731708,0.3241855323943755,0.22521323542334373,0.13628827270643462,-1.7370204891241523,0.7678739863540789,-1.7561893326169087,-0.11846899423485753,0.3684273183274441,1.1593958115546108,0.3259075031617481,0.06684116822839344,0.858051598057879,0.2641179668433788,0.22711701702296203,0.49922461980635974,0.308760288918999,0.7081650449859315,0.3933797249698334,0.7442253982996889,0.8750350672762581,0.8472296445942935,0.2209065256196259,-1.1314563266671567,-0.11752661451945653,0.4356777816393591,0.04021026148994848,0.5811265283677695,0.003447993923350077,0.4227142934531274,-2.940207762909943,-0.43556199730214157,1.0176713450154202,0.1444717423636719,0.2706557976326497,0.3507468937387869,-0.010340638806167382,1.1640715136052182,0.05015287463298898,0.4418990864446311,0.3606785996146724,0.3584100714692229,0.07254192380734419,-1.1464236844647322,-0.6527382767877101,0.42724608315516716,-0.38212866027536085,0.5816789769293511,0.2474436266571168,-1.1901424196259336,0.1866541702160844,0.5235871999915225,-0.13611010922551425,0.29925297927018035,0.3165028963319695,0.4137650814015692,0.5854902534667666,0.38673273893172355,0.23030756929362628,-0.804477434385887,0.5444790443841782,-0.2577121657119444,0.5636582367828493,0.3918941674760113,0.2782666168416969,0.39353670072986907,-0.6731096893791938,0.6318900616970622,0.32225151125057383,0.5415815223958728,0.4232912402220023,-1.6447219450021973,0.3661908562928925,0.3738534837966559,0.33801671266642375,-0.33973370235574996,0.0696350307241355,0.21571406930859124,-1.0901977211533427,0.37957136391531726,-0.0859287054949876,0.4625985073252172,-0.13832894988116748,0.5415618868715641,0.5441243599205134,0.7169089555982837,0.13443196606501495
2021-06-24,-2.4080246213362675,0.29382739989334083,0.015608722040974443,0.039732296289155804,-0.15827767789487365,-0.10859272856418364,0.5379919640106939,1.1561174981490887,0.6298228279044614,-0.2380304567458864,-0.39634168099466666,0.5786190016636396,0.009426981709304694,-0.339400527231219,-0.7461090070445413,0.09012685687846056,-0.6554303178177833,-0.3095975745794901,0.18474297598764106,0.2531614484667217,-7.0440388802911835,-0.07635560490052112,-0.20865290009399706,0.7307203225929685,0.21495356094042575,0.5490964402759053,0.6256116141171246,0.6322311760343433,-0.4138389194246139,0.15793594456267915,0.09835703909985581,0.8013295859212411,0.5160635615465092,0.28392978988746104,-1.2148264886765379,-0.08239162552845028,-0.6194999418862385,-0.14693791290104818,-0.5485089357786113,-0.12537522327765316,0.7141133200853285,0.31983918519050025,0.2497446050977391,0.737366942038005,0.9703551315033447,0.0211535258081393,0.6358539668648671,0.8278776972297298,-2.1564030250661608,0.6297519878381198,0.39834966531706256,0.07148553425168584,0.18723750626014832,-0.5563873891222983,-0.5746552774432732,-0.053803074867567434,0.02987962667283135,0.06341098233828404,0.3359486082184831,0.11089557986485317,0.024667394455715114,-0.1371748200571545,-1.6812321504298473,2.1517049527884136,0.8325271960382957,0.7005258071479719,0.6150505819940606,0.17641874108477665,0.24958511027080693,-1.7402357554622512,0.703648489364605,0.4361247796972159,0.017051897074379246,-0.4893899884158019,1.094649919780749,1.0456693841825062,0.27623202844878425,0.9987701561407808,-0.8219668386367975,-0.9514843923739863,-1.1461842450386222,0.8610542061464227,-0.7917570268242982,0.5037550885493054,0.3257227908380251,0.17929665477901244,-4.01094607062156,-1.2573749944392028,1.467280773438855,0.3456668203651413,0.7092097676338327,0.4740243061982975,0.15418253917452338,0.2664742319486849,0.23745094472667433,-0.3108140252857093,0.9441880256299026,1.0162987463260476,-0.4199236709308411,-2.2023779303320996,-0.25446757271271003,0.1802290487991608,0.1883730784283279,0.5114457695520578,-0.3499536607372896,-0.3151730857375129,0.8908455029090339,0.5131550631912892,0.22004162994633011,-0.3368562706358934,0.24631205981999865,1.4197925864771108,1.3592744747931391,-0.12632702464373677,0.1690265853924235,-0.6547915423916821,0.3738352979807329,-0.35332138374471234,0.21401444504621456,0.3141146716660673,0.567298912116197,0.842962608537795,-0.8522816369946264,0.9968195738764781,-0.46705668512703924,-1.415277917141582,-0.9322269175965943,-1.1029933644713246,0.2718331286422697,0.47557531616784493,1.0712484688742923,0.20684494035495585,0.17609008399832404,0.28392978988746104,-1.3395645936063107,-0.16933299386113349,-0.881189368052728,0.3472723069531761,0.08734273614151594,-0.4492101289797171,0.6118204664629042,0.6358580923675992,0.45710700159332224
2021-06-25,-0.18586974894434688,0.28841936462104095,0.225878098872182,0.581304576742043,1.6499091437980022,0.18233602741422217,-2.433715305272298,0.5500744147269889,0.5604310206246825,-1.6762609109349544,0.5583216000386758,0.23255191652857063,-0.9457608799079466,0.5818376785245237,-0.7383131909366529,0.1492678900325507,-0.3457193193822562,0.6320190109028372,-0.6116155944154668,1.0751977257481438,-6.330666575473877,0.6168583027460082,-0.12031606915819008,0.413313992413767,0.5288269506670233,0.5694184737607345,0.49698907512613183,0.48850832788379844,0.3452457732594874,-0.23341895861883927,0.12235655296746933,0.5787980277007057,0.4959015469552729,0.118958183704095,-0.9667046373878094,0.5537483112310475,0.35063592981368596,-1.297093138387146,0.7567206456387878,0.37008829966937123,0.37206227611997983,0.34710945248726094,0.3228477087963739,-0.1320463177211394,0.5669736174363295,0.03198381445463071,0.5564307811583783,-0.0870907084945692,0.3594740422648778,0.6121201654916348,0.4879523623731495,0.2689945004377518,0.13374052145588272,-0.24617370236160757,-0.38269306322427776,0.030680715458992574,-0.0013761347906473685,-0.5003245717347682,0.5177745198021101,1.1383020198132916,2.184496050122822,-0.89114247156321,-0.9850275307480081,-2.8570602836191097,0.03415319463870976,0.708245662385029,-0.05951834153466641,-0.028515511531246967,0.37675506803841247,-1.6791304549998662,0.6353493609850669,0.3097825898367861,-0.7939180596533617,-0.7047929869522728,1.1958107477186084,0.7337290989961806,0.6533633163145771,0.14300687121806394,-0.9419379772635086,-0.7128661163259105,-0.713729363234541,0.5032039371902917,-0.5112110329055418,-0.23424697531383085,-0.4675612686167466,0.9172496005385896,-2.39536078639692,-2.697633462510306,1.018216932558536,0.562439731687511,0.8446152385966224,0.31925534433745856,-2.629322161190376,-1.0796923249661894,0.8077016801444862,0.40081163381282114,0.4919346806105131,0.48224158716864174,1.030777586873153,-1.2333252822239946,0.6318809892521395,0.6073550118517606,0.5467852469874829,0.4098099384121998,0.6091339397586428,-0.33994755947169225,0.29501918779609704,0.6617426107460171,0.5575364404415266,-0.02724833609941859,-0.3549555098447696,0.47320688140019523,1.5525059517264135,-1.8917351169044558,-0.613223329999858,0.35739505179293685,0.5475416951656784,0.29081616543411415,-0.23692494496218136,0.0823087367497242,0.13761816840219301,0.4139339146265927,0.36532751854851725,0.31004424348760246,-2.0749145813536027,-1.0265755313940967,-0.9302810314131161,0.5506365473537999,-0.14046703493466658,0.6107137757975869,0.5123887227028971,0.12634077089839216,0.6021844960585702,0.67941746756096,0.026067678967001517,0.6062689666920601,0.06832603656026956,-1.696883743306174,0.1264738878579516,0.08995630911985883,0.576934186465808,0.09727619242261644,0.4878579339058349
2021-06-28,0.6583012753147501,0.2728630278002057,0.20195004807121383,0.45470532856119605,0.6276889031188077,0.8299296518404913,-2.1548671312648264,-0.8786426311024692,0.34981650114431967,-1.698190351786199,0.7987102176637932,-0.4269919922547021,-0.7407734605282101,0.8571863289429047,0.2756917169939967,0.584447530064281,-0.34644407850940356,-1.0577678112566062,-2.7830450425025637,0.8429125041162984,-1.5521157733576527,0.8047935724644554,0.48038063604028186,0.7020596206647493,-0.09528539100985788,-0.11510680630211505,0.4083962650419255,0.7205207401219875,0.6235963965407489,-1.1595667547298876,0.5371579809314053,1.1942813623416593,0.3531358392102947,0.6940587997848325,-0.9687555976764054,0.9208535541101721,0.559933256247475,-1.4355097032006556,0.6632770310536328,-0.0072042830624393225,0.5782753669117858,-0.18612986647640506,0.3324081762290098,-0.7015882294718777,0.5387005881955008,-0.6198214761002138,0.5934018285905273,-1.3000174574081567,1.2744529124666337,0.7719246530514035,0.5983786597040583,0.06729685948667895,0.7374613827349433,0.4343513706187233,0.037976429505456266,1.8308947598606742,0.15196818992007094,-0.977803437689145,0.680458004085129,0.7012153506159002,0.667920427909752,-0.7187375689762263,-0.5498963378770291,-1.8092546857603624,0.73633741729841,-0.9835494213455999,0.09294352470002383,0.3380827491562593,0.4998819392429007,-1.061388129822102,0.9681338241663158,0.7287400956569609,-1.755802294635157,-0.714593988134502,0.7436786387209696,1.3917948756767857,0.7858323214581205,0.26499852058359485,0.15989104580337377,0.2506730391834478,0.6900590832685963,0.17415587563968596,-0.0035739817909722317,0.07963160377684261,0.0014134691344671914,0.896113016115756,-0.44886334091686914,-2.0815657148346323,0.12852365911421273,0.8742301633248596,0.7397957170114399,0.3219738910685378,-5.6704658456090185,-1.002627376110184,-0.7174876555755472,0.5499261019117152,-0.46332848835228946,-0.5828370289968718,0.7364939203610106,-2.0106544145606424,0.5208691022692242,0.5318469133668304,0.7422260171203978,0.3274063989728679,0.2918300029852505,-1.21917662885247,0.5844347959155557,0.5884499809249912,1.0845501240921245,0.1657147746605305,-0.6549594844948554,0.6669438649943606,1.0702172674647445,-2.150213547183574,-0.1601525383682598,1.1101610224231024,0.5332225087842264,0.6801590401801485,-0.4758411255299197,-0.0134611422021248,0.6880095206082802,0.18418808239414902,0.2424879879354703,-0.07404163171810768,-2.2184738096282377,0.14446145018245693,-1.31033639610983,1.293965746442487,-0.2849622636715043,-0.038821034391028846,0.611186472624474,0.4113048902895674,-0.8121556660752596,-0.5763784829563743,0.730351101572926,0.2848640792911126,0.43969803818695624,-2.3526910374520438,-0.12190021828051444,0.6243975356431716,0.710709413384205,0.10522639506557115,-0.6921015123199941
2021-06-29,-0.16475707254415778,-0.02716225789320379,0.017921043091799132,0.5364238810459195,0.7294144546860503,0.5508526870863394,-4.529840272860278,-0.6929709937877097,0.4530000891554074,-1.4435823191120547,0.2946598198117744,-0.726710899631221,-0.41670332320164455,1.140829681524101,0.5372853474696615,0.4247594617377755,0.33412866844142186,0.14164557299987093,-2.7421812537267973,1.184912752948987,-0.6236350383712919,0.5707721639463781,-0.33842401296308533,0.8479462949851478,0.5127010772243291,-0.8302806816751483,0.500563320959872,0.5499114751932234,0.5765492445536354,-0.3304928169308983,-0.1424335870306965,0.8932023805232466,-0.6947607209096929,1.103296901416144,0.22933478316302516,0.548648147461208,0.778403307669532,-0.6789016330824478,0.43443318301073647,-0.7734534574531059,0.98954409706575,-0.7552343991262348,0.5774578059230262,-0.7563844098126656,0.4763596265394324,-0.4352142044428082,0.6147499766185391,-0.8449028926764464,1.2898880977738705,0.1109071851198395,0.2412539501053246,0.4000986092528989,1.0886103422482887,0.4403857649995777,0.43997028399947696,1.1340389937205597,0.47753426757789535,-0.1887908831486517,1.0014104920984568,-0.16323060189074606,0.34148532727469455,-0.08437436357896662,-0.3023940790678529,-0.6195204585666828,1.3263239661425097,-2.85712936160719,-0.16602854572064846,-0.343273441191183,0.7226746052104578,0.05652682960316042,1.8504777750025598,0.5494205149104199,-1.0974256338138173,-0.1679017092377598,0.67153108832708,0.5475993875568043,1.2087793375720892,-0.537204431082747,0.15010604369056654,0.815964023286087,0.39488469798221504,0.04802568670117063,0.5707819863600524,0.14410264003571152,0.1412971779099811,-1.9809488679049438,0.4770207481286275,-2.042356257773013,-0.504283701945624,0.44508100110041604,0.7021688972990627,0.5341277650381429,-4.957457147125192,-1.1517385081209268,-0.5297614196675811,0.2248724947343399,-0.6466474220560342,-0.756233458883578,-0.0909063839891696,0.43732395070021396,1.0741711801424552,0.2238717757038573,0.9082680059946633,0.11162928083255962,-0.10941427254763603,-0.5140466671386283,0.41074482503940773,-0.5549249977767947,1.1757160141779144,0.3824520182161456,-0.34155805998712435,0.2980444286455806,0.5435551237621871,-1.6119066367987558,0.1885234475810708,0.9265773966107832,0.7418525465452492,0.9483776293079017,-0.5525010077720108,-0.39240762221245207,0.5264440711836951,0.017462957055678553,0.5193573374017184,-0.4659628517214703,-2.2574408583949177,0.25706478348948364,-0.07144381742359086,0.5312468725737518,-0.41711498540637704,-0.08478687096919969,0.12695261671554026,0.7103499775216648,-1.8575947808226125,-0.0423784485810408,0.8222895032041762,0.2863924227602519,0.5243703035463742,-2.677605709703089,0.5043093036172951,0.5078511724654043,0.7042590991980276,0.4905780368804842,-0.9103727970280736
2021-06-30,-1.112861059793304,0.722757119182952,0.4655567129674248,0.8391682777367441,1.5480394041040684,0.9334644431699469,-3.18565767707942,-0.5952380724288228,0.37624805110575876,0.004057468272446423,0.3966529671603535,-0.5947733862096269,0.2935556621025962,0.4084399901662401,1.1592863596249354,0.6251853299602802,0.5008282100026282,0.8169369998469991,-1.7161553952743112,0.5564696670961915,-1.1345630387282628,0.403261515852678,-1.3543175415904665,0.4196189864309454,-0.17960706122569745,-0.6813247965661349,0.3766113171789091,0.1876477556586584,0.5285780317012208,0.2015013284929517,0.397545094682563,0.9805182951132858,-0.5143584802849813,0.198328006720439,-0.7685034521166464,-0.12395688721199706,0.36723853523645494,-2.911828381761055,0.20977974372369265,-1.6285734298435661,1.4317855480900639,-0.8381076211327293,1.018440388745811,-1.592701573355984,0.4057347767366922,-0.5754057384563728,1.2136855865803864,-0.3743711067709272,-0.7586578123566825,0.427495305716235,0.31692406951636093,0.4387187728696929,0.4176826429915497,0.4387737302762367,0.5568636979437055,0.44749709732223736,0.5055677029835274,0.341419269812348,0.407054735663764,0.12225432368893022,-0.7081115318325054,0.6636479152879488,0.21555291596138904,-0.027964815823835733,1.8337178311508846,-4.123873654843729,0.2546908768764658,-0.08045760922233605,1.0216743215250716,-0.2391862924156869,0.5616194655268884,0.5652324223676833,-0.09945567159969178,0.3517481181019641,0.8594858473261865,1.1110867166871334,0.43409906266971615,-0.10261216152466787,0.5413355730728162,0.8300117077513768,1.0083251938879911,0.3400758389391909,0.6646556886815784,0.33778197626585293,-1.7931515125310933,-1.6847256245025308,0.3906678000183,0.07694893601042394,0.33549375687922706,-1.0200918456743158,0.5160548947636739,-0.08642642944520328,-3.8886392309250843,0.14178372753423324,-1.5841052482950317,0.02341856381296793,-1.6823751218166352,-1.876620731772473,0.3007942291674691,-0.01556448511521361,1.0884774066611562,0.38942329467733,0.4451428666356352,-2.025281329901584,0.3284453896172365,0.23000024356013418,0.4301895936297452,0.1041540192723541,1.0954910631747692,0.8218025270835,0.26756125325660873,-1.9802261803656087,-0.19549684911251114,-0.16435503416936337,0.379262044647167,1.4869257869260883,0.9476945485394755,0.05075958194615743,-1.5508521348374684,0.035060608271888734,0.894069589000198,-0.3479837912169982,0.6191974559198364,-0.24837704369451064,-0.16728040044340853,0.33584790978701534,-0.04832859640801686,0.3806933462084749,0.2669517037150885,0.12552101733288218,-0.6913029063318034,-0.15124390540418856,-2.145517982276208,0.43409906266971615,0.7645299707013369,0.6112881468846034,1.1474107446620718,-0.25904874245568504,0.48580981556386804,0.36964762915087174,0.43409906266971615,0.43409906266971615,-1.561111671184966
2021-07-01,-1.4115115971982486,0.7438579532339795,0.8401631712309886,0.3583647205891916,2.7216430046481443,0.3662470059808944,-3.156741697083149,-0.5688920571530482,0.33204312240614603,0.35826121495429925,-0.25441372287085945,-0.01826231476816598,0.43150015225408817,-0.651382521469162,1.4340027449274575,0.6591959369867127,-0.4946267785960399,0.8647690695175425,-0.13549625775708377,0.31925408464127064,-2.796789335569601,0.018709391493503355,-1.4993053094410864,0.5217376186146718,0.31129712044903096,-0.15652425704504527,-0.28044374862665455,0.6633481017625839,0.9939519163324343,0.17576473435041406,0.31218517889183967,0.9512712933131605,-0.6141085482717744,0.22868651542276305,-1.0487230496972635,-0.9568694817146348,0.799001683291452,-1.7700691032426088,-1.895020434982023,-1.3849825075322628,0.45646057144571256,-1.4334816969012294,0.30250524496076964,-0.058569281448460096,0.43129713262554403,0.2872512145150263,-0.2415206884846358,0.16233788188309028,-1.0203297812372998,-0.8139836863380014,0.7096727171140838,0.30828830939616725,-0.196534897079603,0.2103563060526885,0.6589829820246221,0.3560549443938782,0.240683401806044,-0.5089178648032928,-0.3441959834397566,-0.13658899614379252,0.14415604261846043,0.32352573284694985,0.28974014447766583,4.795641356453197,0.31995868237709485,-3.7420497343383023,-0.21755793912754537,0.37355258029696187,1.10666706306633,0.39639069392044585,0.512182627205098,0.3039356562526944,0.41115518851328325,0.5414976491789525,0.14014640965255953,-0.4155518084407252,-0.016054754140773547,0.058015604620864344,0.5687660101062554,0.41705787499458635,0.9305936231041467,0.4338270122992766,0.29469741397890575,0.7002866466999914,-0.8438600485093383,-2.169477688136614,-0.23026714188514408,0.739769897517454,0.18639659774182293,-1.6406209672644274,-0.2526205269915301,0.30771520952282383,-0.7886667691825755,-3.620929828996469,-0.9904417167876589,-0.1263723989550309,-0.7963339303243355,-0.9058713971850347,-0.2649015695340153,-1.895041105231891,0.21251041141957275,0.10126535796878113,0.8117620845187845,0.8966562192583052,-0.17694392913319365,0.25161946381203293,0.13130393816930827,0.3377826331803463,0.4739132081953542,1.119282010679872,0.4593609185259467,-0.6953961880199891,0.03752107810840343,1.507578563093934,0.2878425008036829,1.059490159884655,0.2141269198960591,-0.020792466525322458,-1.7690726649885153,-0.44805846256274984,0.714179740322006,0.05697806532028096,0.2958512966237797,0.29677910070311286,0.3812295243332638,0.29521004800855416,0.4456723018692946,0.015771525656303527,-0.43013258059306664,-0.17408268705062122,-0.4140930990807242,-0.17024992773314826,-0.3574951296866386,0.4667954712130149,0.7812694222111497,0.28098263211356483,0.3970177782107122,0.2769275750525964,0.7398024593801412,0.5837457402565586,0.31995868237709485,0.29380884230295273,0.052404226874597296
2021-07-02,-0.28459119957225826,0.6887464250188522,2.757522814220504,-0.09063718425052354,0.2897026064688609,0.6265981995684263,-2.216267987133999,0.1426935434986844,0.35702502270460856,0.4795403773500584,0.1978972951168804,-1.1572968901582195,0.2643315329037951,-0.13742571797415906,0.7464143842012628,0.4201482747457981,-0.990245262059369,1.166431786297201,0.9102736638014354,0.7067712767830192,-1.552813964257523,0.31524931422702634,-1.5278957632706855,0.42652200514364946,-0.3412160899221772,-0.05317643561794834,-0.8053113860423281,0.4795403773500584,1.1563352734694579,0.21587340566824348,1.0042965474310304,0.3875588814524569,-0.07058867761383397,-0.43617785916654006,-0.7514573419044129,-0.22773025944536912,0.995138545994737,-0.4396271265043826,-1.8500744864227774,-1.778716972785933,-0.13143351591906585,-1.1874755501156262,0.6607744521890603,0.32154983049970043,0.4176905582499816,0.8694533604495464,0.34250156855485203,-0.3870985726774084,-2.180351334374485,-0.9265447446133541,0.45729614416494346,0.7661242332967572,0.14026024172834406,0.4150001348409915,0.6849494325606746,0.36637142547866147,0.40678054465239794,0.12576213021923893,-0.611545043109494,0.044480630053940366,0.5959954804956663,-0.3887299551386236,-0.036329031773160436,1.8293608910832446,0.6555169776589832,-1.2992720640266497,0.45882159973294995,0.42130417512333085,0.4795403773500584,0.27952104978883063,0.058273350425312884,0.547397678240382,1.293570999157785,1.1342425362529673,-0.3266402731154623,-1.190491456174374,0.15750058245186757,0.7289014904053353,0.6922189933461943,0.6596138882238372,0.40300208021605943,-0.1335724095513134,0.21392274495175828,0.29730519502177255,-2.701076555876362,0.24418838857487515,-0.019429035657742948,1.202679472691099,0.24801757362795876,-1.7313043152672716,-0.21478734728187485,0.18326327149287278,-0.4311129347204277,-4.169981168556613,-1.9857921835814987,0.40935768594176825,0.16790862205103668,0.12728019618218583,-0.1017440311171645,-3.932745259384879,0.40906138749562354,0.1114867621254154,0.4766565656188542,0.8229536706736146,-0.1703162988412283,0.7118243278922759,-1.491180008347581,1.0894231798647303,-0.4307438973376089,0.4607128248874629,0.33028568612076775,-0.161795663692708,-0.6805576551880732,1.4729909074414318,-0.11382087392718945,0.5587741105068529,0.0740740134523814,0.1197987797210784,-2.567711845381864,0.03317330897015135,0.4064804479542041,-3.0838310515313183,-0.13233530182669645,0.6366753325659615,1.6685980087982728,0.6409935964760428,0.37242491985195925,-0.3280365242813148,-0.16328002144104645,-0.1690762195754333,-0.8357393725645766,0.5028313979791852,0.0406480941760437,0.4795403773500584,0.45717962501910403,0.4651955416391705,-0.02084825365551363,0.6404582439680592,0.46899636071255735,0.5515171727803261,0.4795403773500584,-0.05337973066785209,0.4767535421609965
2021-07-05,-2.2352742355595647,0.863141865610893,1.585019285881166,0.3038298151081725,1.15378370064376,0.7386258059364498,-0.6613048421615191,0.1796380226921015,0.44662661436554285,-0.2961012867445304,0.5145337010565699,-1.0573882458287762,-0.06584179104649766,-0.07669729552960157,0.25636346743214183,0.12936959597210249,-0.35925071142137355,0.7416481378986961,0.38296019067701387,1.0268956273233785,0.23054096193293885,0.04284011311373463,-0.01788356068741109,0.7443358334789394,-0.013637679084197357,0.8767893168242392,-1.479627920947385,1.0652137699212572,1.0229628670644015,-0.17523147140316322,1.3743285046909137,-0.18540205018157613,0.7408045020415833,-0.7592269419718106,-0.2182756536760399,0.6669919079017148,0.13151805267803118,0.425542417210091,-0.904536114607753,-1.049498901848768,-1.4552121053722684,-0.21869833936169175,0.1651600340448355,0.6722775349099323,-0.09664223244775577,-0.04519709882724227,0.337273192842273,0.06906355013332431,-0.8312199472637931,-1.9250575111477612,-1.205347422419884,0.7715907398566157,-1.3540069426101145,0.9269335544328348,0.43204864798819537,1.2443652043328237,0.37976643720366543,-1.2978681777942471,-1.360248431027876,0.31164186378566416,0.6554173243368714,-0.5697033312523508,0.17455220344573041,0.20776054344698194,0.4976110236606755,-0.30713598579821005,-0.29661745486349006,0.20399084981191448,0.5312918558444574,0.23761873641918768,0.18403184499811734,0.508702647465936,0.6143830114972963,0.748147686222784,0.1196349605915041,-2.2466412645548397,0.023650712868158112,0.5060335678100976,0.1938741221769897,0.3754412617347482,0.656250344248057,0.35558411225470304,-0.04755322881199285,-0.381187535650673,-2.214135342451196,0.5637618136267797,0.16923878304985154,0.9131510844002265,-0.023014566262724138,0.35799186446505454,0.3670746469209842,-2.13834622555142,-1.5312585606668838,-4.205588400576835,-1.5703884823543688,0.6530024387584867,2.242172442498169,2.3803570759849917,0.14876490125631786,-3.877926285525944,-0.36413944073347965,-0.27629885917512675,0.6437719962549454,0.20382053546304577,-1.6444557547112388,0.7204099487912587,-1.8909778794590895,0.6605331276004672,-0.17189503904488695,-0.41975697092212116,-0.06269433700415311,0.17603916263206407,-0.5218498276675411,0.6683339924340624,-0.7073702671475752,0.8116313313446413,-0.03225785668064793,0.427301340484748,-0.9801164183687118,0.5422126448796281,0.7546405087986483,-2.5974304504830807,0.06221005751073134,-1.1120545966026962,0.5777199410836313,0.8250773953029809,1.1805113956071376,0.2560119042758463,0.03565024437476024,0.4093454669578936,-0.4621540061964393,0.8137460098938072,0.6316923268529571,0.8371168249155524,0.7510169096906845,0.8197791089194145,-0.18183093357054037,-1.2234998831125332,0.7258180655413186,0.9415021897329481,1.0746450865675201,-0.09370343271220155,0.4022053161917638
2021-07-06,-4.865720079750172,-0.32124094147533955,0.38593140103266027,-0.0764091037123973,-1.3331598630660055,-1.0388073750418823,0.023126894898407097,-0.08604005786974186,0.5532389730027304,0.6161818600504889,0.49018030242362465,-0.0942269286937023,-0.12045130428343984,0.20590142706141762,-0.5895539403848372,-1.0295912665727651,-0.19829000936380928,0.6662600195863461,0.4846997876901128,0.48356019980655535,-0.0050791927559174395,0.08735136049969972,0.37166976611165886,0.30740882613949305,0.8102102963811878,1.9172993819173083,-0.1575615971277987,0.6646142210331799,0.568899422505371,0.40104853309241356,0.4340773214412098,-0.5437448820428744,0.6284826764741214,0.17074986924295812,0.4427363352867263,0.5916248372961728,0.27689885449180224,1.0036611511396996,-0.1014080708465528,-0.4486666548790994,-1.078448053587457,0.31428233775288006,-0.20267509391511337,0.5284100849402603,0.34466840142698124,-0.03774744873711905,0.47157850510167026,0.7595373322477333,0.6383850674200998,-3.3387270106629123,-0.9720729297226293,0.2872413495730782,-1.1658615658620066,0.8163112643609994,-0.9774568529411475,0.4911359805571523,0.46550221624855176,-0.7022492882735416,-1.015321035338916,0.5161088149893531,1.2291214020567973,-0.871980596638455,-0.45253799300751013,0.5206377414600492,0.7991892513804526,0.43773550636469405,-0.779907154955402,-0.46540974866673823,0.6083695631742967,0.5098858172197487,0.2323008097271066,0.5153100363031338,0.4526205920747568,0.4728124562204305,0.12894065772312824,-0.8733120251438399,-0.5973212496042468,0.5053586088615368,0.0703343863909563,0.38503502847672966,0.5103113339147879,0.7055409444417158,0.35355671044244597,-0.7616466582891774,-1.594743518349168,0.40627707737863555,0.5253562834613781,0.2506022513593482,-0.128758187501723,1.3004047360389124,0.47775544402528536,-1.2788563610346169,-0.5198967901754971,-0.9713634376006487,-1.7280948988727554,0.8026651660434503,1.7982471910147064,1.937852827528721,0.32631462053597415,-2.828401103901321,-0.7163639149168892,-0.49563623976874677,0.3378446284808451,0.48703674913682954,-0.8394356985609386,0.7409037006201167,-2.0921754215933053,0.48335657652863395,-2.22395263516585,-2.677851696881765,-0.13105659262369992,0.5163335553058325,0.15205965980374,0.8996578707181042,-0.5205356248526639,-0.7557357709828025,-1.4859182811955483,0.31835714613963295,-0.7581085643020191,0.6426087553843504,0.38702757524231385,-1.708012588421546,0.0981972272116956,-0.1356001755089311,-0.0627905635881248,1.1922591333405899,1.4396467003262226,-0.11617670859367782,3.189217376371171,0.32617232378530575,-0.2292753845252275,0.7108725087776551,0.7177218470523721,1.077740761300856,-0.9310941172608369,0.747940183900997,-0.10061292024095077,-0.9644237748040448,0.5353823206934437,0.785106984314381,0.8002325154625534,-0.3927997120260178,0.6231090397208234
2021-07-07,-4.429983481860515,-0.47234271105206,0.24538020631719748,-0.02903459575223064,-0.23943005833829958,-1.6822768899794045,0.5716586900396817,0.04570309137209339,1.0953242268197125,0.2798602019461878,0.1822545613066843,0.8941675731771916,-0.09336065302458445,0.7437004857173509,-1.558568633779417,-0.9062123005215887,0.7022458391676224,0.769930176708043,0.3757654899884168,0.8324080576887062,0.07745095278127304,-1.4710471652489925,-1.690499099423,0.20926127576152026,-1.4265009781949607,0.6908005401112085,0.20463991351505195,0.6388540531631831,0.7679125461200761,0.41493404269581485,0.7417587356620393,-0.16508436022787695,0.9381949087585578,0.6273882254827859,0.14899954746846691,-0.39594326606818014,0.25607901001206823,0.8867033885211452,0.3440071740783746,0.22249239420299274,-1.244455151747195,0.567286035519566,0.05786273505764463,0.6423030450171875,0.5784421958443842,0.5167345357150026,0.9036260752341922,-0.011858821643841905,0.7428475063512818,-3.0233571341018175,-2.4414091255141415,0.6349270007722251,-0.8642687414444477,0.7404318904415326,-1.002342493504147,0.3626837214212369,0.8594568341612603,-1.1427629007402287,-0.8346792950666413,0.6778340073815909,0.4138407823115675,-0.4343779548736791,-0.00344938874069068,0.48884839204761976,0.7090250394877019,0.8900507042389708,-1.222355560079357,-0.9508687028930306,0.632644076199851,0.685423443711575,0.7316337911978616,0.4674527139029302,-0.4603663418796298,-0.5399002613163143,0.4142572240500304,0.660929178658851,-0.5430513885427122,0.8766977871128832,-0.07536031305173936,0.41137468263837845,0.5936118523668126,0.645546991573305,0.8032427769950355,-0.660936901639969,-0.7575723212213819,0.0677704148739817,1.1307892780997801,-0.05867033080965733,-0.2916113122422487,1.0904099263815075,0.734616061687064,-2.009466479668055,-2.89638896882641,0.7462037615010095,0.49800344903046295,0.37374097816467067,1.0633161437047063,1.0843470938227302,0.7660501597687213,-0.6826641059583488,0.3048073635434158,-1.13508950439346,0.4427703190781365,0.6344269572943568,-1.437014842439019,0.9144630922111293,-1.1890800618159938,0.25415545289831654,-0.8587524792222894,-2.573469564311542,-2.103547415556662,0.905822781414876,0.7168137328381267,-0.8050230987411707,-0.3064323933639073,-0.21255319946867576,-2.144937238785291,0.9383998429578956,0.017908565557757754,0.6727568180831455,0.9061037715799778,-0.37049762897218846,0.6572021091843588,-0.27919811947014384,-2.0367388111193043,0.7355828503436596,0.9204208823551061,1.080442447944862,0.7700299444172876,0.44637759444003144,0.01439739903178725,1.0358367353155247,0.7566532532053938,-0.9703529348238354,-0.7431445375621886,0.48508113496419547,-0.4100179653793003,-1.155580063307724,1.0604414228706605,0.8056894154414094,0.9268136927579315,0.10399465870033367,0.7643582142507827
2021-07-08,-1.9914552424812155,-0.8927861736013123,-0.26773002150414793,0.24912584572314594,0.1455911169203761,-3.019248254912929,0.8112583804271284,0.4773230196573024,0.36120536155357996,-0.41136117371673186,-0.10131971219518472,1.030450134207123,0.30409425915873994,1.4974205462169967,-1.7702411133647653,-0.25476349975499335,0.35507710704000034,1.3103916692737396,1.4188238443195653,0.4092855816587911,0.2745166339471506,-1.6747347332875948,-2.466752727687194,0.3055365918747343,-0.9407202264197886,0.34763721316769036,0.6240288647042121,0.35711274682706834,0.7362749446011819,0.9761286279922412,-0.6118569381027916,0.2652122523933973,1.085888814711404,0.7792041248390015,-3.1884289995591866,-1.5091608368471083,0.32599018047798134,0.35599691044581944,-0.2514223527315568,0.45864391507523744,0.19867773160364421,0.9785514731961905,-0.4217674924557436,0.3485575137846996,0.13758835213027962,0.25986179153245165,0.7659282429602836,0.34825027118771257,-0.31683247463808056,-2.363894411144722,-0.8538984615863995,0.8192993722544891,-0.45655776696409606,0.23523929002918176,-0.7247636775391438,0.21718267823302484,0.5815709302804469,0.14545291323129236,2.9994767344000146,0.8444035985367889,-2.8413875097019274,0.33244470561205974,0.3304771649998705,0.36280479192508686,0.718022643906485,-1.3023249178121827,-2.0098309278738395,-1.1668795837149404,-0.9692251280049619,0.40669635864276105,0.5645896404322504,0.4574549980483665,0.5583561019797812,0.578433855383747,0.4572474080963717,-3.582462913200178,0.21314751025015713,0.7228483337445326,0.24435643225650527,0.3500292445174278,0.21073003230733592,0.38145209342591146,0.5240885689696512,0.01222258744907057,0.2680461041902177,0.1230672764386363,0.6704791639069202,-0.460445392179513,-0.36800201948988887,1.0284292268181603,0.38116355632157023,-0.06742119297797297,-2.019402727014387,0.15414939630514304,-0.0929667353553538,0.21399431664695276,0.6879405826433529,0.7270956781980636,0.36280479192508686,-0.0013204985938467706,0.908095354177232,-0.18967625728766715,0.3427667514382593,0.3323954366769397,-1.2582714047398906,1.120792848095979,-0.7904821791507974,-0.2910264065618266,0.26944926751966264,-2.317226193162975,-0.4282443724207544,0.538432949224447,0.7583599764412339,0.4396867680252142,0.3614134627251366,-0.8626664036681017,-2.08973998011399,0.35240948512793024,-0.01724805684904987,0.8126462027676272,0.48950063339418076,0.2955827298212536,0.33617346480359295,-0.024833165874312176,-1.5138355113823503,0.417899805701789,-0.2850752820271781,0.3874345465415784,1.9980869753709851,0.20080712070912568,-0.20362163751029036,0.7927257470239728,0.6854822675209267,0.3237601850544025,-1.1945337244263767,0.36190579713300325,-0.4773804984822626,0.24139569592384386,0.29042349293728076,0.4626096157101307,0.31856886091991493,0.5703381919136418,0.721251131457105
2021-07-09,-0.39927147539557917,-0.11390867708919744,-0.3089603147568658,-0.8210173013932666,-0.085489420653674,-1.6776848533710735,0.10431405647942274,0.44377664653213517,0.4111283956868326,-0.2832077136596717,0.4777641494266118,0.6535678733218666,0.9347781692671325,1.430729557574378,-2.9970749249564927,0.2778320003870879,0.728323346510468,0.4135968737033028,0.48511539317454777,0.6362778245010038,0.33006751799990136,-1.369113948034677,-2.1370122157146993,-0.6742468066929497,-0.17236385701858067,0.5430978582183621,0.4891531762388798,0.6174669813876688,0.7091868269393561,0.6641204936780029,-2.4523659697277105,0.3699372788490929,0.40040309320014217,0.4750639702986624,-1.3468906001540073,-0.7613989269097561,1.0324125653129272,0.7678686393261163,0.06970200209802832,-0.45334541268866685,-1.385175446892058,0.5620152433445722,0.44023535029967825,0.5232532661452153,0.7317467953830269,0.7459154948500036,1.0200552163804935,-0.8733638782824923,0.1195529670834346,-0.10588839099069844,-0.9740769246368012,0.007292744513350493,0.4004675797465607,0.38318801027855337,0.4585034547085946,0.20785828705686205,0.5661940024913436,-0.2381796606635364,1.4084069258009326,0.49019572843223735,-4.954169208085854,0.74542943317232,1.0795886428650154,-1.0533601523240086,0.26629523060998994,-0.2375887753668211,-0.8412000131676222,-0.08973740127536642,-1.04135923444826,0.4723748371882805,0.6345008334260496,0.6510024723539817,-0.1562617786206092,-0.2963371290941218,0.7663867510504335,-4.765407942568067,0.7986999250953862,1.059240995865514,0.5413535246445265,0.39269476056984054,0.20128812842881666,0.14424864391283054,0.7836590887150121,0.10208556580987602,0.018019335696483247,-0.019956739496786172,0.4708806595038166,-1.5320145843923678,-0.51430884221421,0.1111575609338408,0.7474515220574732,0.4982360991683166,-2.2610521692272423,0.36115161371199234,-2.010798016861568,0.36074012671478745,0.4778178154896829,0.47558516465475664,0.34022978244903873,0.23446291926941396,0.43042679062087325,-1.480973088065971,0.48628229853614696,0.4384659923594609,0.06644181169801602,0.5535741677653446,0.5948974215810876,0.4363718459655449,-0.22465086354550393,-0.5956603795881744,-0.8343377723094811,-0.051910416236301084,0.9754767696948919,-0.3913812929598195,0.5828851190390576,0.2964188426529513,-1.4275294993102916,0.7231374889555143,-0.033417741824674774,0.4912546646683847,0.5211790840011672,0.3995454177187198,0.2885111163184299,-0.005088139314724215,-2.9927842382266143,1.21791795389244,0.34400701803099126,0.6593080153235146,0.5081816941162518,-0.7630827740914193,-0.28049552052335613,0.4931000693462317,0.3743015863079247,0.007771529948807686,0.21372630711413607,0.618606116850553,-0.03296894901641468,0.02442932558001932,0.23316947694546764,0.9554925640771579,0.6788317011838437,0.4847339085587707,0.1542760930031189
2021-07-12,-2.4633915139215263,-0.5933082581194077,0.5352945189427296,0.15473360376927442,0.7846906428048711,-1.7062970492544647,-0.12712859349914996,0.13462203202603593,0.5794418801499575,-0.6403758155742673,0.6265278949605168,0.9560859784327809,0.4894721928879995,1.0210938231321622,-2.0827958801548068,0.4195461834328229,0.10759290378029704,0.526781032708902,0.6954676374277582,0.6766129721805532,-0.3365869014320551,0.24521732197062598,0.04884327559034965,0.19275084145924642,0.12556433247842183,0.7175963036376708,0.7361450042817442,1.1861116030586514,0.6514826018212829,0.5430375222202436,-2.9256116157164187,0.5339656765733795,0.47293341951811835,0.5687985665705476,-1.34194030254827,0.04529256470412467,0.22352876693366064,0.8512515098500036,0.5558351746796834,-0.2276633546974727,-3.08273720526124,0.29189330793819546,0.6029144935796561,0.5703731681643033,0.4364997482362826,-1.6000719782236645,0.6999051629644042,-0.020728216201581478,0.8610180360740062,0.843677491326409,-1.7328862866325558,-1.0685641554568546,-0.5351137375340437,0.31295581301873654,1.0259221542820478,0.42752958305385486,0.575481180175408,0.09107452575540055,1.880454574530474,0.6422999177941902,-4.592391211852984,0.15260377608257328,0.05640989052270183,-0.6444265987546568,0.09079054848725082,-0.10833076222410003,0.23624523283584678,-0.003952243780190021,-0.4375539650412415,0.9485795113739428,0.6549918810284167,0.6316545186437542,0.1963429147961269,-1.1881594423061468,0.7482998883250557,-2.757050611336392,0.5051616126987207,0.37535672647884893,0.5710148420630466,0.37966813935202404,0.5350235262517999,0.08786224498241005,0.562384838616062,0.43494005495248095,-1.7267462631298225,0.09657566726707996,0.21702246048497428,-0.6984412926116532,-0.2145087587738868,-0.325783419975676,0.554474240562336,-0.2707399658547731,-0.5847831202885024,0.2592778113968568,-2.9658981839790295,0.4184057319614038,0.9670713876677446,0.9885946264746099,0.3937777875005353,1.519926614448981,0.20377193408711636,-4.102094501155947,0.7311255865844482,-0.32320318253391445,0.39816800414538805,0.6919114864837699,0.2637509245714446,0.5721303175398372,0.5084366354892074,-0.5894552242327723,-0.604602336612389,-0.6333222769416115,0.5120989147513124,-0.20963658910552527,0.17587357936860115,-0.39620896217784685,-0.35105681911796416,0.5334198923686572,0.29875621829091503,0.5108282261314738,0.3778192105128751,-0.5142446778100247,-0.3357476438057701,0.3671403431963794,-1.366230986515712,0.7888527239692301,0.16496006368767274,0.6001723233020376,0.3725601180647691,-0.6988066856015839,-0.19324139944164015,0.47903432687069525,0.2321414020858146,-0.7018345073976718,-0.9140105378661086,0.2702566551092165,-0.057288595198641615,0.228050287266339,0.20479955044963852,0.5809353133151872,1.0860463305042833,0.7461604829494841,-0.15502263557872825
2021-07-13,-2.040284787631856,-0.7348997924614752,0.7850220243487673,1.2058177307295563,1.3542594095412808,-0.7464632494289462,-0.007337407256424894,-1.289543061656775,0.7102788125137994,-0.8198617240773007,0.7728087387590702,0.07111464674143315,-0.7380471495177181,0.6551710884809376,-1.8241762477796744,0.4617794296372911,0.24082343022836986,0.38176341695413357,-0.2733487063618453,0.674945148283394,0.418738959145111,0.7971163541073906,-0.3296656497112776,0.5355612351129291,0.7203354930041039,0.6706116976323103,0.6698941316984905,0.7780461936031289,0.5022034359982176,-0.00862935378637752,-5.441333802977686,0.472763087723226,0.2105414904451309,0.0014815646996808266,0.47754451973208667,0.6037182569560569,0.5890588807912955,0.6084069223480707,1.008084836634348,-0.11645603329715895,-3.2430767176771083,0.8882842421341561,0.7337522544616429,0.6963585094916456,0.37646050062230085,-1.5120628421306566,-0.04677329238460465,0.4397526027597455,0.6655541091220953,1.4152387314375499,-0.8448081518133713,-2.5832274465892775,0.1310243636251057,1.0488693288434332,0.5669982285702805,-0.24191816467115235,0.5533073567345639,-0.06750525327346917,0.6691960611978449,0.83018353673935,-1.1180698117039412,-1.4411024782594348,0.046953479288640146,0.6171115160615347,0.2872003850395633,0.5750310146556696,0.19487141263488666,0.00782698372570744,0.48262283182766674,0.7739186164943002,0.3335450439212263,0.5172173223461773,0.17003974649245324,-1.227850292881987,0.7846982532572473,-0.11870308587883223,0.08488006072767958,0.4491978787799129,0.16794442198559478,0.07492992522542248,0.8855394196397212,-0.27703647494734335,0.03148496489555889,-0.0553857319092093,-1.9913747415255272,0.590242084393169,0.607856280626118,-0.8587144857306148,-0.37286819496926393,-1.7178746129197016,-1.442740768565597,-0.24905759705264685,-0.14028914085157398,2.301898117379889,-2.24006386725481,0.4850569468746928,-1.0462600375635465,-1.2042600656860962,-0.5331216122747435,0.7055888506944784,-0.6266119985029202,-3.131092391001766,0.7076368107647044,-0.5983968907444494,1.1169449245412368,0.6844403183109121,0.06803352530364941,0.7606798896704611,0.6503649693664896,-0.9557773342177917,0.3884114710462575,-1.2287242033636454,0.16997748877191748,0.26137265902311996,0.019287924800160186,-0.44538480611022807,0.682359438618556,0.6567675992545254,0.42623109651987096,-0.6503556507340984,0.7438834162392851,-0.6983777902925188,-0.053212927791304376,0.5259286157963498,-0.10199452770040726,0.7674387953728176,0.6345775651806168,0.5531213321054992,-0.20614897627220694,-0.6335889754411038,0.23752970129437595,-0.337312887103409,0.6135393713072084,-0.08814950328652202,-1.2164337137819925,0.9735416976608592,-0.5691763372167918,0.337060607249174,-0.6439207938185213,0.7770730271965721,1.0511233336383101,0.861377873056303,-0.10837822880825013
2021-07-14,-2.324719641105474,-0.6367037448903108,1.2680726792332648,1.1976941799101728,1.5420414143599996,-0.9264437317029568,0.06738514144095992,-2.485213356024666,0.7639539641336358,-0.8825140085059973,0.6453754339546395,-0.2936876537164637,-0.6957726517711073,0.752456227203355,-0.42065786458570764,0.690367881431418,0.5466451127256563,0.22431550089133115,0.08188907199827948,-0.06862760526026254,-0.4034379914969107,0.7055104603580693,0.38286680142474067,0.5712841806423443,1.1322053266717285,-1.0754394048560532,0.17325286327438985,0.8904723736752949,0.5276475139505329,0.7016406820334574,-3.9583630220932644,0.8069003205203648,-0.4889279682398195,-0.00781036610147758,-1.793045064055777,0.6648789326053856,0.6772227432143344,0.6753554598528078,1.044735950619873,0.05278933299791985,-2.036205055695231,1.1434043784796137,0.8428165510860733,0.9723699704328561,0.33905893013793664,-1.947118602011842,0.392008692389176,-0.15608327631388186,1.3544864507405654,0.8463312450533986,-0.3449778200950601,-2.1330192822389566,0.7518268716820546,-0.17747514795388875,0.6202160417857954,0.19428038931198072,0.6591560815732506,0.03614040304011493,1.0862172383522382,1.1665063405056555,0.9509448463822954,-1.4237883867897863,-0.4980720498605389,0.7204978413227573,0.5372539216861996,1.2660426631182764,0.3590962009383486,0.23756977195473714,1.272825232920732,-0.43726435360527033,0.7573039748917195,-0.1310596430488921,0.02663008426946934,-1.1717853814104258,-0.4423954264302097,0.21476278709770036,0.06562213327287973,-0.8017662460672653,-1.0433716867267018,-0.4571636163309379,-1.9521623880384387,-0.6203470839492325,-0.3422889217362887,-0.08534218253167053,-2.283291546253601,0.5421531694201177,1.2213795611517846,0.308751167135447,0.6730909670504623,-1.481425071992804,-1.256888959487397,0.20796233597490188,0.3738487060136789,0.6021766354124527,0.4416333741818829,0.9453216241379723,-1.1560754335690526,-1.3439035309616678,-0.8205342025110612,1.6791511287203402,-0.8509110064330377,-2.4993623796819495,1.0221662279949386,-0.4235285267815725,0.7150194232576963,0.9697651706893118,0.42912441141516416,0.4315208690898656,-0.5057483086037604,-0.49281779535111186,0.5514945920122389,-0.517926337050187,0.5878708613665304,0.5621279959179897,-0.24294091559714473,-1.1198847226470425,1.0847289820781794,0.7609281352714447,0.6603531792681885,-0.9188166358180335,-0.04109777649853053,-0.27194962436869324,0.49961495644684867,0.30989095716725085,-0.5545989998095441,0.2880728594189044,-0.8634980551206938,0.9942896597407587,0.07008508997378135,0.34199747354842946,0.6697156149674337,-0.6422648626062384,0.7144268950796012,0.020318659756923964,-1.154623527500099,1.0097826824848941,0.32166238763550836,0.21505599462992037,-0.2354388296760418,-3.2395569633501946,0.6732826934470577,0.7886172512386416,0.2924243522634843
2021-07-15,-0.33630289695966264,-0.6662580247881564,0.5160794655703286,0.5329104877877601,0.9852524257889692,-2.047882492771217,0.28052564424449816,0.1645311465252533,0.8172160528144743,-0.7712257114651193,0.7132412699753822,0.05552542185601602,-0.9873009291860217,0.7166696381771472,0.30347111567501556,0.5979308589681587,0.11867903713810009,0.016486037996285285,0.48125109997935395,0.355861046062492,0.7821053708489414,0.3877770702717324,0.3922491254351914,0.9161991672932357,1.1719397212737013,-1.55823140503565,0.19515000436269364,0.7361745785887658,0.6834865842310512,0.8164524885194374,-1.0837414380178922,0.5545336189082927,-0.21556033220185894,0.5418832965144128,-2.3147807515456615,-0.19874956747442984,0.8785967431833837,-0.374517686967755,0.626043281140853,0.44512015243681996,-1.7864254968952213,0.5559090894165905,1.0982970029873185,0.48548362046701704,0.5168825177112911,0.21349278079621264,1.3422621556126746,0.5855184826153452,0.9187165521761207,0.20057380792111829,-1.4460328735580592,-0.43896087803636985,-0.3178723901985849,-2.8605515477856858,-0.30768168954969055,-0.2676378405755545,0.7540338355100387,-1.0469455464322852,1.1228241069289322,0.6076438320766018,0.38985766916250475,-1.3124659602119746,0.39767489546525886,0.8135447960182369,0.8505185020225612,0.5620293946639091,0.17637026340495615,0.16207139605260282,0.9185036953898852,-0.6049663482327441,1.0018494074017168,-0.7610170428834352,0.1975458824682993,-0.006969785645697089,0.39282195785793517,-1.1923362526265493,-0.08183163677368942,-0.5598096822056194,-3.1585516610755224,-0.5834764750689014,-4.2714021460957605,0.011271174008051558,0.0463365539431221,0.5582954961877511,-1.2680515513662822,0.28296992645250085,0.680997521929664,1.1087116306654456,0.9033059461461964,-0.3578104850295024,-0.31385435662525923,-0.2752428554296022,0.7708606129416719,0.4300260500231744,0.7286634491036323,0.5108257002842318,-1.1842960296867007,-1.3563455720814965,-0.5630472915688002,1.7897893733809669,0.9283139597430167,-0.21173348065680875,0.680872582589061,-0.5596905237331953,0.5581155412727481,0.9436964790959915,0.6748527083121116,0.1953815961803136,0.5266461120529515,-0.08900112248801709,1.3401533393051044,-0.8834054776703315,0.5027112188066878,-0.035481678212614616,-0.07393257033685037,-0.40362798541907197,-0.5096711752357671,-0.28518176716793214,-0.09900152155513323,-0.612460990686666,-0.4350216265356839,0.35123407162733283,0.23459119191105654,0.3630856636810529,-0.692303987467692,0.37376289823187475,-2.53349935956312,0.7896652079433668,0.0314155007720947,0.6162912886354955,-0.09576903446653103,-0.2362110572791681,1.3406967219480128,0.5260692678362897,-0.4690721551740926,0.5003479608103116,-0.5902726685127181,0.8222462265884027,-0.7940539917260716,-4.2412934430915765,-1.5087962115052076,1.4849908205250448,0.5826550719071195
2021-07-16,-0.11046837084072673,-0.6266738571488608,0.8265346729507108,1.2256361410143242,0.14190522448129672,-1.0366092469476604,0.20673921630527894,0.5748295390013982,0.9300770092679331,0.14367929878418986,0.6031587078596526,-0.6235477440699501,0.3183537238853295,0.7074998373315081,1.1738911355217285,0.6586255075862975,-1.195721354367452,1.52553115240681,1.5518520654696102,-1.03600587863529,0.6952217939900275,0.28275689290289535,0.6089961001703375,-0.6008346973593947,0.15417021983897217,-2.204829322032356,0.4365926319619154,0.5997937012827715,0.8710656185308981,0.5619742226473464,-0.1693658492352031,0.7115110755452754,-0.07110958721977928,0.8768733030769656,-1.42218860330331,0.08358777759804627,1.1262736700273774,0.6142278733877533,0.9303834725282306,-1.1234506511904434,-2.4837569934150423,0.4912037889724127,1.4472078738942735,0.6272012607812425,0.3643152517154251,0.8676171495660355,0.5881577178428221,-1.7895558563785499,0.5374001208979833,0.11451459464285278,-1.6312783131056587,-0.03242504798518979,-1.718474222533963,-0.8623100119082482,-0.2794694956977561,-0.19146358603431046,0.44742170599123265,-1.2951148189216806,0.5782547520169128,0.5559546754313247,0.6637544677069951,0.39541554150963765,0.44231955524946465,-3.121357107340005,0.29622636935341173,1.2135754532185161,0.7054153434899373,0.8289934117429273,-0.4403557854442216,0.34161820748926386,0.696520180641219,-0.9659384535896658,-0.8795527411713326,0.20978943608977826,-0.22113436200723363,0.5761199773871665,0.4584075091882645,-0.1480697182028763,-2.9446168538755564,-0.04877477661060986,-2.5855804806139964,-0.2926891036219584,0.5280276218427487,0.43864482772916036,0.004075445755594668,1.1672786663290178,0.6438709790403769,0.5656797554676881,0.9213087637326436,0.040277406877845534,-0.19340489453247683,0.1780182043865123,-1.8248777599946466,1.0859942893495471,-0.2691294137377578,0.47660071176445856,-1.8158937325316913,-2.0778394703175995,0.5110528979693316,1.8967555174581927,0.6633085984341156,0.24153947557147462,0.5685040186643723,-0.9579648090660051,0.7038887577539109,0.3291644101864977,0.9560341513450017,-0.5451644617888998,0.5715065120134009,-0.23547262731458843,0.6435736171405452,-0.7528633092308723,-0.10444185877102197,-0.39654194398549397,0.47022640819201517,0.5609330013842995,-0.10342656743467962,0.4169894838064129,-0.6195545817257477,-0.037506232790249075,-0.4200849026668301,0.3970396846679994,0.9138936400073143,0.5588218078499693,-1.548262734999317,0.5764449994732082,-1.766209869828493,0.7804841636000057,0.2632979754754084,0.775647917556519,-0.06158166905547161,0.26592919142631066,-0.5592485494308082,0.9058238993322694,-0.9947007180765017,-0.7406207634143874,-0.4289247471685999,0.23612511850640355,-0.5523269253125497,-4.213175246223882,-0.81695884432859,0.8101613493628231,0.5328303249085429
2021-07-19,-0.5494259433606131,-1.55053367922388,0.7137482782275268,1.1598905799546795,1.000961610965018,-1.8705079886041636,-1.6606895999118307,1.330419742397023,0.5748306521952982,1.05739690758497,0.25265183346507636,-0.2615912232207837,1.1161230003695775,0.8003482161741172,0.3146715597159126,1.053948252541026,-0.7450263021875192,0.33753246716692303,1.1940727893914211,-0.9543033456036425,-1.6124824750830558,0.35422391779749196,0.05655371257000399,-0.75116068547183,0.898342536616083,-1.7437718715853785,0.28658481064554087,-0.566826307802015,0.19769320587122924,0.9889706136169539,-0.11534137287825712,0.7539731756207814,0.1122563922752891,0.5805150366383152,-0.430964334326634,-0.5866981178268025,0.4594045898266028,0.0847478376316912,-0.26922946293343214,-2.1267073247520876,-2.761278215822833,-0.044363241155364413,0.8844505318604006,0.2655338470569674,0.5011882562084102,1.2258898083526983,0.22765050401254577,-1.8724818988547376,1.1238514279612375,0.1121789943849966,-1.837924499359301,0.21637391752556404,-2.834097734095066,-0.6221934295740509,1.093846060521085,0.8800712198530911,0.2176795312112507,-0.45815467567181617,-0.7410829480477348,0.29705818633317826,-2.0142770617815,0.530756523674006,0.16271618557074904,-1.9944870328274567,0.9148514659757371,0.4660206030162308,1.3317144029863315,1.4930632415587626,1.1814689882695126,0.3229000697902573,0.3131442849947145,-0.8849639916868396,0.4056511852581343,0.27293748035039794,0.3412412396156144,2.4554262296952274,0.8662721258578537,0.3425448826448013,-2.267882474891043,1.8743145429077877,-2.4060999239259817,-0.8294479651675818,0.46061499614495294,1.6183971867404443,0.12148635164159552,0.1997329649327919,1.0978304522890951,0.14014731814284098,0.38498138801370313,0.004751610286356538,0.11898608885662718,0.38443068910356026,-2.61674422859834,0.18354756282262139,0.39935747618602657,-0.2381321556642095,-0.692948500794464,-0.8025407410111606,-0.5446368620652218,0.4668314933002619,1.1014816328862607,0.22516090375175402,0.07313939373234626,-1.0829809274996112,-0.0882059331768431,0.27379139065954716,1.0597037568729477,-0.6354740388529136,0.7656685952268312,0.20781802903489344,1.4257786503689456,-0.8467251082509151,-0.13933668936854665,-0.4278932284800386,0.35436271691018534,0.346351133618022,1.2436485083541566,0.849813538174693,-1.5367322714578766,-0.28449430067869447,-1.0259317091706235,0.08638879469472915,0.19030386044886935,-0.5221148340832762,-0.9296473488537076,0.2695054360557462,-0.9083008569195807,0.6309902539076311,0.33388954292409545,0.5548243083555369,-0.5636001255312124,0.8211811985049401,0.043803184725976343,0.7539138030866871,-1.2063552853069308,-0.5879385647876256,-0.026022448984140075,1.084543492895147,-0.10501249955365162,-1.683772221419575,-0.4569474240038113,0.7615597157464603,0.27710855604438756
2021-07-20,0.7424406224777994,-4.731944412420378,0.2629069089767107,-0.12285196987804123,2.0505425272181026,-3.186440902877003,-1.8182765191642425,0.49114480174009434,0.32894211419264047,0.2990414664755895,-3.0706164253467167,-0.40286108248049,0.33413338494375566,-0.2503611523491725,0.21702569150547102,0.33224752182499023,-0.41533401990223584,0.5961185382310833,0.5363986830716403,0.34486728460633814,-0.5504851850065625,-1.8033742041978242,0.26835691065415146,-0.19658913368446676,0.33357111358144287,-0.4184775151892933,0.2834603717223984,-0.9186494443558483,-0.10072719127951894,1.028762722821635,0.44579955844379665,1.1862914575339152,0.6092650981734684,0.2451307119788698,-0.20766281987259372,-0.5543257638493748,-0.47687719294327235,-0.013565374978180767,-0.5935914103680611,-2.004897549533899,-0.5309223322362723,0.17166468386246603,0.21299078294647608,0.618212414413518,0.5871931127877088,0.9218622125929645,0.4343349524112327,-0.5805473301969398,1.2983879127631976,-0.4971380056331167,-0.4895610446213185,-0.7025991282890445,-3.339123987912781,0.32850240188372626,0.6070461542364287,0.7612118494864679,0.49982071757226826,0.744605449049033,-1.942466279050113,-0.6856504473076834,-1.8401128773754694,0.7125311664421681,1.0315175916561898,-1.3982825201498075,0.9416581200657284,0.6941989598397107,2.0839269007845944,1.2563937687596956,0.7588825145386436,-0.2463356314526414,-0.00958174578545554,-0.4278786059360556,1.2581104877935423,0.8051455081515988,0.056021113574035185,1.0363411146900383,0.2994625353184015,0.4698610727874312,-0.4877134723954141,1.1794345860779918,-1.1855813400749482,-0.3757399048289362,0.6591433456904866,0.712159984259652,0.5340838637706985,-0.596907646669633,-0.2866797453737281,0.24415050515333866,0.4295496425122335,0.5535335947817817,-0.215277850621861,0.17518125675787022,-0.6348230061439262,-0.9036295028953252,1.9613758084705002,-0.9164038570143953,-0.0698863996627698,-0.054873323302608336,0.036652998631897644,-0.09069846628450702,0.5247170708857388,0.3513381304252076,0.19928886012148073,-1.0984468671345262,-1.6971182723598826,0.38825124850996057,1.988003082404732,-0.41552168107998827,1.3334752760453232,-0.001171661474192616,0.8539906649754953,-0.6099312500252666,-0.40063653445648056,0.36557003516602216,0.4980738518253993,-0.22229064366828918,-0.23691708124706332,0.42723873187844996,-1.1305586887013026,0.21037112636387834,-0.22182787002756038,0.7715006079236633,0.13335547015883348,0.6083370259395574,0.1915841708613169,-0.4011077761866611,-0.2761562783998297,0.031155975796978867,0.7249458399863637,-0.08291098806609191,-0.24497426552681667,1.112615360202464,-0.3035054040080473,0.29739293890505825,-1.9289789292181534,-0.44633768675583907,0.09040745531560666,1.3622004471090843,-0.03329023479639668,-0.30579784493413725,0.12917583987061487,0.8589888639248501,0.9402290296741773
2021-07-22,0.6036278294313677,-3.5898762130819617,-0.9378702346027168,-0.8710481741452307,0.15913795053419266,-1.4764250958953449,-2.4392529676431143,0.23456793211973528,0.5794579255227283,0.6495120111723388,-1.6680407511926505,0.17373265859894652,0.7040499145179783,1.0910869350636336,-0.9737515504037926,-1.1712019260920241,0.36190933719786444,0.6314613492222018,0.47013878746761534,0.24115059840791306,-0.7649235872116558,-0.3853624299266614,0.6796450492327852,-1.5876919735134636,0.059237062016545126,0.7499623692841608,0.647859278746302,-1.0615858272807757,0.8359198422916893,0.671861042641711,0.6177224528587524,0.6096247469472136,0.9858165659231436,0.4837219513191136,-0.80054673870263,-0.5849549928185724,0.035718941519157756,0.1518924288700997,0.2269519637033005,-0.7153843258621905,-0.7233892655819519,0.6297534358397313,0.6954988165505165,0.8396001493209487,0.6631409704161652,0.6488233691094084,0.5931506831206629,0.09005157973102704,0.6383923055279017,-0.6561503696776183,0.6011517869035659,-0.17440658327320668,-3.518222541212649,0.7029505838552864,0.6736926010075811,0.8181543488791224,0.7327392624231591,0.39947745720705335,-1.3683469221190125,1.3366354638440547,-1.7588603006635388,0.45907602139815334,-0.8231571405879764,-1.2286107245083497,0.5012271569807022,0.6911853533523546,0.5768557036991693,0.5917513439074371,-0.02704771119293187,-0.8600485293976458,0.1275019469707051,0.6228229695155268,0.1701617514275517,-1.0768778330477689,-5.426905560072265,1.0973870292576078,0.6881143987029299,0.6197530621318886,-0.6190578736757941,0.6859638006305281,-0.13012276439824502,0.3181901310405293,0.8310547137068535,0.6603125840182079,-2.61986892030623,0.32728650805078446,0.05931440409658223,0.6262574762923573,0.5583057449443245,0.8730671836211047,0.7014623622714056,-1.7325229598303669,0.5728505055784042,-0.504588207484466,0.44519305059372793,-0.44312461626299127,-0.3645640167048378,-0.48597444604463286,0.604203892252507,-1.373952234778104,0.0397052645549747,0.138809917748406,0.6608857666334519,-0.22981944736682977,-0.8974924552103449,0.6459427052818829,0.6993802720811741,0.15528665911409908,0.32370727489300033,0.6886596429702073,0.6703148509140399,0.16913056619115413,-0.10562394988892547,0.40577782814124863,0.6873980120061258,0.684557279094291,0.6727711365204772,0.45592947592949673,-0.51886127096883,0.2296936877995455,0.3379269793252826,0.672086087106117,0.5354569487726849,0.535559915229516,-0.3237171802532529,0.2794437841022028,-2.2708086782035624,-0.09866581109106755,0.7057196507752805,-0.1938669352073806,0.994533813006613,0.8648549153137425,-0.17413765663361871,0.6999455693653615,-0.6588918627548441,-1.1947185227535184,0.5204215738132083,0.38745547357910864,-0.0020185167045743357,-0.46732220219787596,0.673922299467736,0.5176979677070276,0.8984066482019172
2021-07-23,0.2390241874639114,-3.646672224036179,-0.3613433979173321,0.021674308787198254,0.159623117543896,-1.5763120294759192,-0.2245770399690394,0.024184791316920938,0.2938764084972648,0.32746566632884355,-1.0756165860958447,0.575502072273431,-0.08345968677926865,0.6362082885235222,-1.44069271172935,-0.9743623574682779,0.4261083535424822,0.4153864290186857,0.38121992952105804,-0.16226776038668014,0.011892484166263645,-0.2113766824783672,1.0141786547068017,-0.6391480898694826,0.39600868205971873,1.0146901932197507,0.5098468473650895,-0.4902335592215349,0.3985128165957885,0.08757381681725215,0.5027209619411485,-0.018176111795935857,0.5980777698621624,0.4321157884498134,-1.0450004580847136,-0.7180049464849928,0.30009199407776455,0.4248169577515004,0.20995640726475104,0.060514492527989315,-0.29099144294825546,0.08334236826392327,0.5995218431795246,0.7382339914830965,0.495988378103279,-0.23294609268705632,0.5100957659129968,1.6309279670630068,0.7983511836890314,-1.168672017586563,0.24962176025827004,0.7627080948300855,-2.0117207367999885,-0.2911596763215604,0.5273817705929221,0.3491439739972263,0.5651306269147454,0.28744837086028013,-0.7684281704523188,0.864096999559926,0.3464856663590652,-1.2648864170805285,-1.3156402156730223,3.702681698186441,0.5560484959046501,0.5160326761680387,-0.5799008475235662,0.43586098334818746,1.277204343838024,-0.837503464275076,0.471494728079937,-0.7903820015650236,-0.3730452362366071,-1.08350498311686,-6.510958423819791,1.0058060036398722,0.021244073322288143,0.49652832860527996,0.3255432225126437,0.28409962466354177,0.31187739938772335,0.3930023241984906,0.2247601058021877,0.48321956142677625,-2.08109536948429,-0.2707593157749556,-0.007185612558565451,-0.7685459004423173,0.4046812482234708,0.7210844324033162,0.7163139863642923,-0.3950099853425916,1.7786500072773443,0.27722168779345224,0.3890450790174486,-0.644773455739757,0.40100989720859753,0.3882845304277852,0.5117145133420303,-1.1753482799124026,0.031438847916167516,-0.3555658032802071,0.4831745391788396,0.13256720944396733,-0.5843069503878188,0.38718677457908734,-1.9262593830110797,0.43977900085231914,0.3758881283702017,0.8656748763795918,0.4985171941916467,0.002992014342341735,0.3253425025074221,0.08742387919079357,-0.3286519234503206,0.5313180690203143,0.6416037914764443,0.3198061622632681,-0.2095588467566129,-0.13797299466792629,0.470847128287447,0.7654286691704982,-0.36415007359925644,0.42443421817455274,-0.36938761223971056,0.19606445156448402,-1.2545177311593214,-0.15753294201025242,1.4313134394947031,-0.7541431701572533,0.5063055230284595,0.49758028809811317,-0.4294714430742572,1.3600776986534828,-0.5783105492984423,-1.3377604061749886,0.447701579941935,-0.799612033494981,0.08480087801338491,-1.7502641260148513,0.28076725323387247,0.07058887792668905,0.8453851487778667
2021-07-26,0.24073180814740358,-1.632061804192912,-0.40478768740005794,-0.16719932922547687,0.3751878220134915,-0.7464499087157531,-1.9993536014539042,0.4474140667496234,0.20667179843942227,0.950146566461813,0.22862652565282562,0.89813533103638,-0.13178567637670083,0.5254832896558388,-2.3925332783303186,-0.7430153224886664,0.3355158747424017,1.0856502813782984,0.35934389226521146,0.3354563669364167,-0.09877697281075754,0.3121817892252524,0.7185450831381095,-0.225039199045712,0.7686043234179559,1.3006155084486186,0.6325848846146526,0.2442278877290664,-0.20170829065787035,-0.19612246839945327,-0.5986107512936636,0.4420321804252758,0.4199114976312302,0.40083042655780665,-1.2428425686691438,-0.8677708975503304,0.46698953575542274,0.5560955164152194,-0.07488296862623746,-0.6461559173381902,-0.23878817006586797,0.16963656550410813,0.29937824752934933,0.6761582059364327,0.5020009836782418,-1.1894918495664846,0.741516300118611,1.8727898197162418,1.4628603462568843,-0.9011420475010944,0.5869564868479996,0.46599973466199707,-2.0028278348627744,-0.5560991633342168,0.6841834992067944,0.4564465394838109,0.8119528987495649,-0.7032005652631146,0.4111148576393386,0.6201310592781473,0.5567411000876419,-1.1622226215650036,-1.3237874983153624,0.6957038816452304,0.4614131220218098,-0.28111056707932797,-0.8769120833644307,0.48006091151960634,0.3163272923372513,-1.1467665406951342,0.9161927733094111,-0.44803402225084127,-1.0347881572974993,-0.15480645865896323,-5.835168210514619,0.6584525097552347,-0.45042308097678463,1.4175660661824458,0.42813321929723464,0.46521101807586995,0.5237949546715619,0.5423108509967278,0.6761813873922906,2.4392532958850075,-1.649793212224253,-0.2637858646156403,0.36380367216308657,-2.130232856205453,0.4106544823891865,1.338738952234882,0.5892978872310967,-0.05916356882662638,0.348307796081984,0.7461834412214158,0.3702317427324669,-0.21808056574359616,0.018819803005963122,-0.051923685379647505,0.1338751654230011,-1.0948273362375414,0.3161955097597746,0.2867463110386946,0.4798017880429461,0.347165453262691,-0.010125443010262535,0.8517416223179249,-3.8661373163826114,0.41183811332183146,-0.0725792014430739,-0.4017907684369526,1.5441162311815495,0.6358523081187895,0.7764158288096785,-1.0111489109896366,0.3071831847214596,0.49472771958628076,0.8796314042026447,0.27900089595373134,0.42610824272023806,-0.7430066961466087,-0.8626636575246108,0.43048944194129823,-0.3459357078838989,0.4095638332972332,-0.9373295727273768,0.4326940289681267,-0.7003384165173209,-0.7305582316466579,0.7760762737726656,-1.2218985022520519,0.918364236121312,0.2540451277462144,-0.12773767298545768,0.4705384777462292,-0.84504819576731,0.4137036004600836,0.3933172359920442,-1.5198212339239632,0.46871864927127155,-0.9353936818729371,-0.6184663798329791,0.10978443865893253,1.0692691083434975
2021-07-27,0.7625838748855515,-0.9418511136377016,0.007048538165350806,0.6411041128047245,0.9487339293343269,-0.49433365249344535,-1.4547149244052575,0.18381847569019394,0.13026690759780582,0.15141447042653408,0.5309981192452418,1.8679874060951982,0.8026846789511203,0.31065267578475486,-2.249292467728759,-0.5494037690364993,0.2286460935971214,0.4084133996637488,-0.04738325115449393,-0.06969300430279245,0.053928462854509196,0.41875838106646984,0.32358440614200995,-0.034670930005396346,0.8126573891929454,1.028061270485501,0.1549131890800716,0.22478094786001207,-0.033796181580912306,-0.9750502988341764,-0.5228714338713502,0.6275672593306804,1.4138820286467277,0.2946858916741381,-0.5288627198108969,-0.1550254512232719,1.147233503413592,0.4231333082031315,0.16515993607716384,0.17967760634624932,-0.7822390565305867,3.50812619988781,-0.0883752937938885,0.5104263118161224,0.3305460827823401,-0.8151028131150537,0.7593354276020168,2.2406425413074276,0.5305511162355603,-1.1520613555923513,0.3606934176526016,0.8367455318253904,-0.6351414615882384,-0.3683128058659411,0.15661499178666552,-0.16575450380957907,0.38128521073853044,-2.446742646439142,0.7787983123743917,0.27205901388824794,0.5453518388809584,-1.2558153386603537,-1.3208591737270423,-0.10129112063041637,0.43891195643843595,-0.4171983362841868,-0.16166764998095245,0.3667565578080893,0.0991288309805528,-0.32520788391791156,0.4535786901698834,-0.13492027092521994,-2.5174971468543297,-0.414092193084426,-3.2363111422848823,0.4984381376648055,0.27458145141067547,0.16348556741014947,-0.11658941373677323,-0.0013084170937221098,0.20040675082596537,1.9245015702331087,0.5627778416458429,0.08416304875013061,-3.160184491937044,-0.22266429949078154,0.1575015397901002,-2.3018105227868504,0.15240616172461258,0.2101793221331335,0.5155860792660167,-0.05479941179479739,-1.5768514582366642,-0.19434659574176455,0.6889067547399702,-0.3829856908907379,-0.1457627819871655,-0.1906081411631462,0.06395705567078917,-0.09126826146902269,0.01518178014840717,0.1775579167505458,0.4830288330796967,1.1422264396892197,0.26943890982152396,0.34609457695872015,-5.273411522239826,0.1666300316470673,-1.1357014507390897,1.2266471925571425,0.5624377891222274,1.4255716924574366,0.5268650072837381,-1.1332117924649785,-0.5739317356557717,0.3045864552757117,0.29739415803365316,0.2127720248331557,0.7593034728990612,0.0006298386890326643,-0.31195921688744366,0.6804491211323407,-0.17891792534839915,0.3580430709505138,-1.8440926626227387,0.33303195974282757,-0.07936834206414829,-0.6044836487188135,0.3778162664591251,0.07513455657329175,0.823705276498474,0.19945625815413512,0.13052073835532824,0.18562992762959984,-0.5764233114113808,0.6418544276402371,0.24333430827112895,-0.4725255668653148,0.396703457960777,-0.525067423156194,0.0009451149564848301,0.32141458703116543,0.5505887090155229
2021-07-28,-5.159682558299485,-0.9761856156434592,0.19874423230316082,0.18985926955519616,0.016973425876360915,-0.5797151904681949,-0.38967105353186576,0.35238624527690615,0.45741056527144247,0.3080557706324422,0.5027372293823154,0.12646082898422387,0.641849339530089,0.24660786696241965,-2.2601981931768433,-0.364589462082637,-0.3628142882620366,0.20832209148390324,1.0610216095182226,-0.24089321503710998,-1.3742989552921987,0.12537047385093494,0.3236207425413521,-1.6626880080197628,0.910520852480126,0.16963743785298932,0.20082241390606664,0.21648089966098852,0.23078346245438794,0.700125690682552,-0.000609810938134047,0.3956599203626625,1.1250409208767411,0.10840547488875857,-0.3312556586567325,0.20065466765652756,0.21519964528505686,0.5947164712958629,0.11180461919478847,-0.42586635957093855,0.17802308637309458,1.0379052155091617,0.21604223387929297,0.3806066059087019,0.39589126630163596,0.025549589784161105,0.5401864938132419,0.2836813667398711,0.7234129619134032,-0.9007725895195184,0.15038387638049597,0.13437862374625734,-0.0746232617163696,0.1788107313302305,0.6454840816323403,0.09112648723364367,0.42823925067505253,-2.1982427087667884,0.849096479102194,-0.03833430987510398,0.5625226353374361,-0.5769723113414732,-0.4127437582602912,0.16654882778301772,0.25288744188576884,-0.35876596822658663,0.775337763363399,-0.33082525582334954,-1.7370704109035648,-0.19284467469530273,0.21017889998213699,0.055182634577791545,-2.127922632707727,-0.520311318392156,-1.2852288888955699,0.20678699260038264,1.1673152015199653,1.0048035394716548,0.29275153586754854,0.762180207602821,0.15575977038758934,0.49127869626252757,1.0225772546089835,1.186647684177753,-2.518206538355344,0.2030222982859177,0.5619196606642562,-1.2784566855882327,0.7544635123278965,0.4477696733118101,0.2936852323119651,0.4580906445989944,-0.8841607974791001,-0.8069413148599444,0.7094563236016461,0.2060582017895854,0.1836698443996671,0.1785971145382033,0.7246555491647222,-0.20619703080430635,0.26789295557803794,0.9303913377829897,0.21425224667880366,0.1017783488175315,0.28825773939747873,0.898701437334818,-5.939876683298032,0.8038899150575661,-0.052079571509046386,0.8767940786568564,0.795230324676109,0.2106201598042871,0.5193815707338236,-2.1777033296596553,-0.031649279295298476,0.6912258440317856,0.10939098407511602,0.22799829789842185,0.14239474866543073,0.21227948674296518,-0.07241057659880387,0.44686255311801293,0.6452560681287407,0.4497183116059614,-2.5677221662756287,0.17551483516825514,0.23805870408656898,-0.33514934819223685,1.0707387943476285,-0.8147136423696878,0.501584932910644,0.5447569213558672,-0.24625818927658893,0.33849184677269195,-0.7500867992656286,0.6860499756217514,0.19857650637250862,-0.6815848848912727,0.3417414555883232,0.0074681665494829965,0.3528420294942503,0.21859838467967954,1.507346675576378
2021-07-29,-2.737041404718506,0.3417669110517217,0.39518086929719987,0.5657966200541446,0.36460634545926823,0.26676895226515507,0.14497922887874365,1.0009136189519283,1.1496398155002039,-0.5387214519045518,0.4791548967375083,0.3968974896788806,0.6341566629656951,0.8176347566955272,-2.252467555745491,-0.7799921487414783,0.5175052381539257,0.7180530040088972,-0.13957493204394075,-0.23252873008790906,-0.6531243063922672,0.4028353521897566,0.18640200832459758,-1.0195815616087471,0.46388625501850983,0.3038216475979755,0.5064297092510758,0.6947947485510622,0.5671822866637477,-0.690646124593418,-0.08535205581844238,0.13091960942069392,0.6293039333387526,0.48049766198259103,-2.6332037042848317,1.745899202031916,0.8096147890356827,0.37406396468632497,0.6104913293112622,0.23657852975045462,-0.23408052087930997,0.7642412646745,0.6513292924114265,0.425611796794991,0.7800411395409427,0.26691912649978083,0.49758020531427233,0.24070654906840896,0.19866762767054477,0.16094404037599225,-0.12058264368551849,0.10770526071948024,-0.2764230276207798,-0.1722061328849438,0.4135568788776836,0.43698677193344476,0.7495094187098341,-4.044465841775845,0.5727804358281907,0.5081359027358368,0.3894779175938126,-0.11798969014386501,0.7928742389870038,0.5843944619034086,-0.37910493786648997,0.24081097082043507,0.6544903937336025,0.009397577334870231,0.3736482770551672,0.06116961284567096,0.4449687985290493,0.7642375639402519,-2.3217022623456702,-1.3644951697777603,-1.0157455330028524,0.053236440604526515,0.6052612488023086,1.6417011544164215,0.4106622807715218,0.4501436914197205,-1.7117733409173548,0.8484663616845165,0.3926398052976328,-0.346428657645376,-1.7761507043124847,0.5377383328682057,1.0902964677947664,0.21230740334977924,0.6765393479744886,-0.7698792576581058,0.4861551165523054,0.234817526008386,-3.1270680973627747,-0.10079102850109437,0.1065803235944865,0.5804471610910179,-1.2097404535920866,-1.3750336637434033,0.4301162745524124,-0.08735188834747244,0.3441974770785906,0.6938955186343607,0.6672732696140938,-0.22548890244120684,0.41719264339108164,0.073219790760537,-3.8028534196367394,1.0358165231951277,-0.4297385638989526,0.07697052651149595,0.6546423968097518,-0.9747087193963698,0.36520352463811157,-2.7076596638414627,-0.8603078931058753,0.38184060069845094,0.3821731384929419,0.22444752674200338,-0.5196437275995215,-0.30244318295843137,-0.1205005632072529,0.005253884861451718,0.5531279387730089,-0.07254142515455919,-3.525508011166675,0.39085081959516055,0.17683010554155595,0.011249797403721954,0.08558531952439154,0.34037913335557546,0.5637626468430834,1.091167383433497,0.4763221059324329,0.5608021925520816,-0.13914993662918781,0.3963820942899604,0.19151648290064138,-2.3143595567323305,0.022619947479398814,0.4183854446386302,0.6315487742004058,0.6178414353321237,0.6745820530135994
2021-07-30,-3.776622730681494,0.292765603456357,0.1482630917792192,0.03598604982708443,0.5380010330732813,0.4652150488875479,0.6798361559976778,0.11984706383059611,0.17197606248339636,-2.4671648976830554,1.080365573630796,0.333409121007083,1.038997826122624,0.47787076698133696,-0.5270138219168368,0.6091083243210762,-0.23404675700176025,0.8183635849067673,0.24112843347122664,-0.16350367863811274,0.6260540237476723,0.6939828239229666,0.9343915404207542,-0.5094886292371497,1.0887770815483448,0.20753614829822195,0.6746845537240345,0.9405711874655456,0.653580494502333,-1.2361809448760812,0.3814887428605445,1.0232787012585383,-0.569690955133387,0.4544107656795745,-1.9413534992747472,0.7800658206503229,0.3171581913945272,0.1975081870542638,-0.0942668928547713,0.1454338940159696,0.2467735647957193,0.6316818547623744,0.6857721939570073,-0.768692257771418,0.15372288700144088,0.009497398599844293,0.18623788688762155,-0.4554413454436033,0.004447112468758861,0.5796397849047206,-0.7545796834838242,0.19936811726616782,0.23333467588883586,-0.5562987570149269,0.474959037972331,0.634195520099156,0.6432554883150349,-1.937509128288572,1.0079093405502006,0.7101999292101638,1.0572643276090115,0.41176826495560315,0.8501851198740332,0.6918867211232249,-0.20068726131840986,-0.05567135713268035,0.7965361818815078,0.6528348943749765,0.6869110723284971,0.5347516849334164,0.9631987946381243,0.8498311713262551,-0.6075184151061824,-0.6836982691717018,-0.6268173768505959,0.39731788794547107,0.5986159574312697,1.018140076550428,0.558245704536936,-0.12994432708293788,-1.929482191410733,0.4304328666037358,0.08711762377580631,-0.8104390594464073,0.2299884568353714,-0.45423900719949745,0.7586152887504874,0.4535548732053012,-0.8918869905291817,0.023930784266393463,0.6751113627863579,0.6511350987322505,-2.616346707994593,0.3104552973158155,-0.08008311146902228,1.0481396519770796,-0.6742308848233783,-0.8016996892249469,0.25246789647424844,-0.5729671820136149,0.43974830385948055,0.7146185185289884,0.3970491253543958,-0.6440745813791865,0.9143146126884867,0.22555476289449183,-0.9408038424317903,0.5147887087340118,-1.0310206899072543,-0.547786405629641,0.628885904484743,-0.744521118931006,0.722267246135146,-2.5055271929483927,0.11690467960241246,-0.16341414690456504,0.14994132148383332,0.4918544595944071,-3.3253905815613445,-3.389410712785968,-1.9335638128554993,-0.2985904492353478,0.5917757836425019,-0.48982456026553395,-2.218150081780488,0.8360945834586241,-2.0961607400405375,0.8345443320829401,0.19867225657998366,0.20466910438786445,0.6044893188756139,0.2842892104063436,0.4894748251207696,0.7430483691467754,0.6600261862190152,0.5102199531432298,0.8457674489588872,-3.6166294470568063,-0.6946944088080982,0.8505429189538134,0.9230169898413856,0.2403822144845292,0.07469969470160102
2021-08-02,-2.02647339178859,0.13796354769165212,-0.028750491635941865,-0.5656032467008455,1.496730651787679,0.1360291700786168,0.7796712319189842,-0.3956201362827736,0.3884973966971994,-2.429075031525656,0.8666266974695402,0.5045435475652303,0.6368008657615183,0.5976226792638802,0.4469006397916816,1.0360354789138808,-1.6488899941476314,0.06363549605843016,0.36807541811245226,-0.8654503969817511,0.8746407646322023,0.98331540304405,0.5269873058341616,0.43165051600408855,0.8509708124489566,0.1319931699369027,0.14020029737018425,0.15696300451485443,0.06951000720970452,-1.043985483208789,1.0524161145879936,-2.1333443291969214,-0.3125997255875424,0.5403026900439531,-1.8022940375222614,1.3386303639483121,-1.7862207833504011,0.12282303156887689,0.26071607358358767,0.23470212098019244,-0.6473689892170956,0.8606375480454382,-0.059997863583856705,-0.9005585039497553,0.8323189573727493,0.616309593474639,-0.4024009512756466,-0.07055655253685877,-0.43892680267459844,0.7382811570242578,-1.5413958098941,-0.41798995964537694,0.14559085821100684,-0.5997188989803838,0.7914111663193916,0.5647685481210191,0.6148198605632968,-1.3108718782706001,-0.4745465098124116,0.9086528766712186,0.9553927064345855,0.8628286934051564,0.8929707638398113,0.902748832849795,0.1656235530257573,0.22213023750730498,0.6725302083961386,0.6225500839883544,0.7437826514353966,0.3422241124748713,0.1534498638534266,0.6550200274908621,0.5198964172216687,-0.35197884472616625,0.29091470064815184,0.5531688247898682,0.6031120315289227,1.0820886546062372,0.5121190468566584,-0.4829679932861714,-1.6360852544943918,0.1459561284427848,-0.31513143583659453,-0.24624348160420426,0.15034947390016284,0.5291687235655954,0.4813542008827271,1.1911288230197214,-1.0903687316706518,0.2530115638765189,0.6673549000443508,0.21568735657775895,-2.063722054081764,0.2631279405714945,0.628561358401752,0.8980837249938771,-0.18095865735850866,-0.2735127175604771,0.6220262152371139,0.2412476714442974,0.15594586670854504,-0.0983483696318337,0.3910654236405524,-1.2617564764790283,1.0999748962381808,-0.5302651583145527,0.6933425036005441,0.7536430820403331,-0.6347298874651959,-0.29706032089230777,0.561168260845418,-1.60861735579172,0.31188181037131957,-0.6942226486958121,0.44037789693652457,-1.0775606078401763,0.7575859582824565,0.28736252448284205,-4.03192219566968,-2.953678126604394,-1.1802015370198315,-0.5205067300509979,0.6604094763696358,-2.312144379883645,-0.3984347093912226,0.47975051948169206,-1.7219978231836075,-0.06517908429307355,0.10932159900206662,0.38989514009565307,0.06820373910088703,0.7781856836313908,0.425948630064497,1.1439564235086728,0.7791138651295779,0.18052793531560088,1.512621309305385,-4.31272571556404,-0.21405662179585605,0.7592558618991061,0.902748832849795,0.5304505305315055,-0.003075636409760178
2021-08-03,0.08906791456477324,0.2875541185824408,-0.11282734613533359,-1.1429667264422334,1.2808638752193182,-0.15130627149179082,0.43854782599063885,-0.5540781677921809,0.22184466571910744,-3.5285197504224644,0.2892144784744492,0.8376261034142433,-0.17102729264505653,0.766529430456315,0.45190442263467867,0.35392152177803954,-1.4964619831615507,-0.047654783809618566,-0.39421206609056897,-0.7437152608908932,1.2031490949132853,0.8441785366024449,-0.6261967869755115,-0.02340189433567961,1.111293957340873,0.31643472802901085,0.3006366926094095,-0.2828144728307568,-0.5988235947060255,-1.2967050771353221,1.7846430964815598,-1.6165925413520816,-0.589970217460234,0.6733535444219376,0.6372246596715074,1.0356794680647288,-2.2586216740562812,-1.7870810075351624,-0.5328484973762049,0.05026831845260457,-0.9449587127678266,0.7630364159772697,-0.6780102314327761,-1.3195524321548113,1.165466089962238,-0.3921077754754123,-0.5333275926980532,0.14500173882632528,0.07410419175030092,-0.09193330164783382,-1.2286140827542782,-0.17942474807560715,-0.8357161375147106,-0.3234791092293137,0.5372608655617046,0.42162426724962687,0.16919348982884264,0.17674012894920108,-0.758037640771989,0.1452851370973142,1.4299677367662302,0.5353553351674213,-0.005532179609894906,4.3083977596825385,0.8226592459368247,0.3926890268836549,0.3840995083220084,-0.2990890638037189,0.925812619488432,-0.041106148214849245,-0.08420437179774029,0.2537067359541247,0.9280875860734024,0.6487853322924472,0.2555168851413858,0.8338620507165992,0.2068055038423878,1.1063653888776812,0.1013155860486017,-0.12854509452941917,-0.0939281269278866,-0.45730249003746704,-0.9230220546609648,0.4467162122868707,0.2603286430475921,0.012466393076724416,-0.09354700734699647,0.5683004429904931,-1.2344332407083394,0.4360070575892391,0.4479873700677827,0.22026184391189788,-0.1897901156864358,-0.07751299118988789,0.24827697474367785,-0.17608651210735485,0.5234055820547897,0.4629452493699321,0.6973920751257622,0.38448516128070775,-0.027905086212961564,-0.5855979789215456,0.2694471590735505,-0.3567384994861379,0.9583295878905868,-0.03459297080724912,1.0395729987745186,0.06561071411501164,0.6922808087597876,-0.5379762832662097,1.6729698375857387,-0.3408951622548539,0.07815200597822203,0.6887029153201584,-0.33765515309231314,-1.0234260970934401,1.6761187954141625,-0.42248774101375386,-3.6631116473424576,-3.380054688060424,-0.6337752202598325,-0.1272488593786797,0.32355253229773534,-1.8722620188241983,0.7401472906995405,-0.08669139529506675,-2.0749136311833762,-1.379562410594782,-0.5353757749143141,0.5275818664107076,0.15387433835994985,0.8367912158759659,0.2284359389715425,1.220722438166115,0.008492471836640337,0.12624822866339466,0.9807540241499659,-2.538909057082064,0.7152599531296343,0.3800233138322259,0.9634741001879376,0.24419309137361006,-0.00011746335746663261
2021-08-04,0.38479218796297837,0.32249271324282636,0.13949005568171655,-0.7576389965002773,0.9818445217869674,-0.25965002225175554,0.22560990885746585,-0.08127531104030786,0.1602805596160205,-0.6366367883313951,-0.10283095931486667,0.5419778884782634,-1.404621630314746,0.32042020784891545,0.45344554706664536,-0.31133360444077024,-1.5434173281467851,-0.7118482343805249,-0.9664834170413587,-0.324339144419787,1.6333858587536776,0.47594288213811603,0.09186085936939561,-0.15815044261171834,1.0517989095726477,0.4270483941645385,-0.7073284085155814,-0.2775684847623239,-1.1652458098491085,-0.6315288921552614,0.9371687748029256,-1.8076600150005697,-0.5850265954007468,0.06525786306529059,2.0012658229370843,0.610426750011814,-2.2959072178760023,-1.361210786601132,0.44165354781694277,-0.044347557083343744,-0.6716238237548834,-0.08477965295656897,-1.0944113000740636,-1.3038502246401291,0.5119249810472218,-0.0791378689053701,-0.4224963477889406,0.4334650967522737,0.4201561427059101,0.4355121277778809,-0.4854965435632776,0.36950235919435936,-1.2071093490031115,-0.17622954059299917,-0.6205132053849253,-0.1506279232893422,-0.14450858881859652,0.6275446225642409,-0.9254064879049888,-0.20260809324997942,1.0166294048884936,-1.2029560430561883,-1.522743040890238,7.446617768028084,1.6552950242408995,0.5953888430040565,0.2500876080625588,-0.7544265533304151,2.6714365658555432,-0.2725134099863982,-0.22104171577068332,-0.007977440259467897,0.9020012473959896,0.10578876769952507,0.4680536973961379,0.4324427248534806,-1.5975084302398064,0.2870893592752761,-0.038652489966428234,-0.06158987919025007,0.33123987477227546,-1.1029932806542067,-0.7539223651370123,-0.7741682344367312,0.0002759040621916225,0.32749476717266296,-0.10488032845115411,0.45071651356198317,-0.10024282245032953,0.17909765893460727,0.21631652890331063,-0.2378195575751866,0.45421548403218814,-0.4788391440492146,0.3916896570738297,-0.22926038039992486,0.6441776941927485,0.6724815711186907,0.36580196321152414,0.37795391038349313,-0.20099751633644633,-0.9241779034612164,0.4653892273605101,0.10477571915819342,0.47747439783795004,0.4860374556074186,0.961222457972415,-0.6043472074295538,0.25614603247091744,0.43881223847368295,1.5360774853161077,-0.2513667318205692,-0.47235577368004306,0.8221926038938115,-1.3639190379434918,-0.7846405185558051,0.8641458396938296,-1.151786542530235,-1.6600848293798918,-0.7473529515546165,0.2902186828635982,0.35953532470842303,0.31239279268545606,-1.5249814887602273,0.3068652965516566,-0.4686347759266233,-0.24683231989438076,-0.8684693048917517,-0.06793677947233857,0.3715191102091252,-0.8695604589737156,0.396208569287587,-0.0002599814186536285,0.8595927496550398,-0.05534814122684653,0.3207732524483808,0.6979845510624592,-1.038238455941666,0.47592670126797043,0.04509648522533304,0.7218560997323409,0.3864245105126069,0.20244572567619704
2021-08-05,1.5631523497889523,0.5439744905229132,0.3139025100045796,0.07405847496779101,1.582419824417934,0.19594213406202987,0.09493108445804663,0.7304492154121673,0.641875566329073,0.35947217305358625,0.1592619149736737,0.485996338421053,-1.9177683293292316,0.6210048426877374,0.947354307531762,0.25933409233969223,-0.0955704173599871,-1.4793687913876183,-0.91778353289276,0.27619331711500233,0.4356561144776633,0.6694165154972268,0.3611339080673066,-2.886578733026217,1.1283411150221538,0.6854967069854399,0.7981604502490396,0.2836343165276766,-1.5114000726536168,0.0061337697951367315,1.6151529827473101,-2.9232800775534824,-1.0351138336344767,-0.17761749987528355,0.40043128371939013,0.8650742505784049,-0.9470130399922722,-2.543051557405745,0.47706141984495015,0.4641846615683208,-0.028046720003876587,-0.399191663121525,-2.622629533791542,-0.8257648489892668,0.8103881144542937,0.8377466926957357,0.05600264334267013,0.44283933844764645,-0.359363566643006,1.0803677181527984,0.4888741110930904,0.9372979434624239,-1.1257224568215964,-1.05101221070717,-1.8587457850562576,0.40962119532521984,-0.3752835741364162,0.49554248182346905,0.31446935503206114,-0.11054797514417804,0.9562472866761994,-1.198104745479562,-1.029448894400062,0.9052977240501848,2.443432784871335,1.034267935365305,0.49474016907983337,-0.15412227327894792,0.0721083571958502,-0.43459332592631233,0.38655532519543295,-1.8087111574167054,-0.15799206424967094,-1.3306383571845024,1.0239446868215638,0.34749163101518354,-3.135732113403383,0.39636631219253343,-0.07549329395210373,0.5331631740651029,0.35599628989978993,-0.7593460267817023,0.14903069932141166,-1.585506891678903,-0.03894161624247996,0.827650625630578,0.42204927509695916,1.4500448498337053,0.3195781670150179,-0.08857094378373358,0.6518216462339853,0.28593969122149804,-1.4141508614288192,-0.18748776629916317,-1.12796789918979,-1.1119750387304175,0.4502144528200428,0.4325237700716438,0.9750010273252684,1.2936756565026313,0.3470220975436111,-0.24225565586751052,0.40552855839329094,0.005047409345697869,0.7934107875733973,1.1727676955063413,1.3183439451662224,-0.9190513584317531,1.3408286469709987,0.5793343509762666,0.4018952245704216,-0.02430608766796566,-1.4194000680295646,-1.2613798760169574,-0.5106750736987699,0.21900942680841926,0.4126783223588621,-2.045575389816574,0.07265660004928327,-0.3514593059361891,1.3171675789840236,0.05026046775780314,-0.27197515354536306,-1.3598133370368788,-1.0560387828093534,-0.8482719987189515,-1.3284923995921363,-0.7852575618122639,-0.1697230037851303,0.7299620028861492,-0.823377486698533,0.6024769846249385,0.45908146447890724,1.3712061415903751,0.3394798969457544,0.1381466967783728,0.9807647455768134,-0.03536779762008159,-0.08941174229052239,-0.4487717909757043,1.4636299120796008,0.5519507505839625,0.6281003892555543
2021-08-06,-0.5868443954277196,1.2167248762128375,-3.0318184287759373,-0.8633630922204735,-1.0657740951515875,1.749924234133943,0.04811207029446376,0.3128517506695949,-0.41671520301137815,0.41645824753263866,0.4566891858821519,0.5861480427773215,-0.029210073066547562,0.08014010813445857,0.34760467504620307,0.3152059976490201,1.120462939499931,-0.20970129375549493,-0.48428162550467696,-0.1838102620752143,0.38898069507757127,0.8525314642227062,0.43646850856826813,-2.5298671179904724,0.3033351195878355,0.41192719909443865,0.33873275324616386,0.30935388444259276,-0.2574592395561811,-0.04171496622815911,0.35504092665316883,-0.7844693084329032,0.7795301130454569,-0.30500334367330434,0.0340745206166013,0.6218467090496327,0.4089186959200509,-0.36556272494753594,0.5516561162218357,0.41597475479095936,1.240450080836997,-0.3552650659562608,-1.691847470066111,0.3666139379464823,0.3435039713498494,-0.05468977167522933,-1.743271904437406,0.34423149877267456,-0.10910158235012334,0.5080709701918665,0.9090852355548116,0.5202528955568319,-0.5653271921241882,-0.17918798287678556,-1.646548161780701,0.11789473288314867,-0.24283028880929397,0.4043942549545933,0.35504092665316883,-0.03769972632550763,-0.9547315390032612,-0.2883047392566726,0.06705082082870907,-7.398463318034742,0.07279588090425484,0.6812229013687524,0.4140783962893252,-1.2703286490894232,0.06406177498591956,0.22010016500025276,-0.1615683088693913,-1.0152978291161256,0.21979392736056771,-0.4261860163180812,0.29164220192779805,0.4889617504434044,-2.3144439873286435,0.4100278842151406,0.4437372482213244,0.16044372582852198,-0.2865305676203527,-0.10347698404949213,0.34784621049475495,-1.0924118372952698,1.0531170939305186,0.9263209860131405,0.11945873403248926,0.29715562383641675,0.5332475774318798,0.2884924142689201,0.6074501624886436,1.3025674417750028,0.2657783789215477,-0.11882105116195954,-0.3261092299677246,0.18660682118468294,0.5441342550963199,0.5329583674071235,0.2580861292002278,-0.3385260756942871,0.42858233404544005,0.3188469595619236,0.32765441296282244,-0.38759995847799944,0.8154719286475164,0.02475506369264732,0.922525009593594,-0.0022568625508444344,0.546538326966301,1.2170605910036822,0.9919062010613838,-0.11406755342594396,0.25043747977791225,-0.42229109752035504,0.3379648954549066,1.1657694241337178,0.5208583590883787,-1.2466541845774364,0.7158900993837772,0.2261912670954301,0.9624510365701762,-2.9879881470995318,-1.039452574403645,-0.650426282461558,-0.34371926814810355,-0.34561717773119455,-1.619100610513688,0.2651591553669474,-0.0002341952395969382,0.3317320521080964,-0.672239882196496,0.22625798045956055,0.4813035119030406,0.5001070666463356,0.9580029951024747,0.20499817948032617,0.3543757645473437,-0.059013228719273114,-0.2644760403542556,0.1858630770534292,0.27568974807690655,1.375217369312027,0.3347222568231238
2021-08-09,-0.09705675237866157,0.5254916287250395,-1.9075907997525199,-0.3156781606015049,-0.1576422945431601,0.0166162454654624,0.6482142973815763,0.029501858836917222,-0.4765786979186072,0.6809762302391336,-0.08264779603809082,0.6352897276838793,-0.8966988722191845,-0.3046713758798302,-0.7463437302742522,0.26786854071519084,1.7614353081019405,0.030866972083286225,0.7265549174604317,-0.5866946128336082,0.9857267427684538,0.7515500215938807,0.2736242016252003,-1.5496906984885848,0.9014015459866948,0.18718812049927772,0.48134514353210023,0.1457443282983803,-0.7156677181726572,0.46471706067005436,0.1477214222744687,-0.31661607854065016,-0.023085723798512894,0.30948571684181175,-0.35290105441477626,0.008622463607970757,1.1869628539328045,-0.4306081547860784,0.2783633977270344,0.1327519108428175,0.11402828132999675,-0.5303138978284417,-1.360798701067351,0.23117503926196323,0.6943357858214138,-0.4018867686674349,-0.9891716374173052,0.3746342629486293,0.12022021957609076,0.02371267304541832,0.530831561800502,0.5274021186410445,-0.22433054121055954,-0.4309884497699557,-1.3648818638490003,0.19541389843444507,-0.29664815697489605,0.7043845860578283,0.535219305097668,-0.2610898222852277,0.034024018578896614,-0.3966046191988933,-0.022855878610969344,-6.213342678240478,0.37371127070469795,0.739844444197656,-0.3568133736218642,-1.169068414102736,-0.13179326201157504,-0.32669603833250405,0.001627793293935417,-0.8670054096341023,0.0029479396507939306,-0.04178408259169939,0.020879529862284505,-0.28664798107750844,-1.1158866215021617,-0.0318161314961265,0.3598962741352853,0.036819792624930577,-0.40344484988759477,0.40499008035360007,-0.9170088732726738,-0.21535981039167923,1.2922240038030255,0.01953490492972932,-0.019784522633086506,0.5747880517902909,0.9466327858924245,0.9097724732169278,-0.23677651049978626,1.2699416648120956,4.922766257787515,0.21355368712607067,0.8336843025269485,-0.34278485753707966,0.9027045039570909,0.9783356096457442,0.03665859341700964,-0.10206155034191343,0.5888120413473924,0.18598539736665765,0.4395284407881149,0.0122571219300326,0.01632661138705598,0.1538760338301454,-1.6878439808143146,-0.3823511277245355,-2.0294587837575295,0.9028150214194687,-0.0029227412950365676,0.31736785833738185,0.24491847953353446,1.0308529618101696,0.2502781642154519,0.20573831265345224,0.4395451326759195,-0.6057317350791883,-0.00010794161626285012,-0.1373992291525051,0.1936862750991034,-4.335734021673013,-0.022529008902811093,0.024159098537480567,0.019021174294538364,-0.5297683518324678,-2.3325313476319156,-0.007268013786275465,0.062203974105944825,-0.11772436348296103,0.7233816861141087,0.16714154876137752,0.46682179637217874,1.198281682999789,0.21521820869154074,0.05146679116937799,0.001382127507314103,0.24636570275573622,0.34784675487018984,0.05294431910858693,0.01478078119278493,1.106096607897202,0.025371993456154367
2021-08-10,0.05416611110688781,0.10232454639059825,-0.5965113528740243,-0.11236265537030879,0.8990968666514595,0.1441455300533005,-0.2703646768247387,1.0268765738141952,-0.3206138240144258,0.05683849698721257,-0.17271174137186765,0.19184440081922388,-0.9566921345997526,0.05671661741618764,-0.24579286934598674,-0.025063093230800686,0.24150092598006842,0.46727445269535345,1.4031116990350878,-1.2081843904480452,0.2703529209690116,-0.05887543478169519,1.0136121875083517,-2.174955606166862,0.7737919484903489,0.16515775981319786,0.5195925747251867,0.5245386809403595,-0.6105873438511856,0.3865853396798078,1.2610384005282445,0.28897626080807737,-0.1533681714375652,0.1287993129339967,-0.6362567821289381,-0.27378991334123937,0.3037008282320782,-2.2822757682619104,-0.020721453622457777,-0.5105282587841394,0.7129191905421884,-0.14253662365437722,-0.5122275757209074,-2.6406514545735487,0.22194420325437486,-0.18710473402056285,-0.8053259257050064,0.4640138444795335,0.24212956688148504,-0.6180504648713208,0.18748578310786168,0.37458214655027083,-0.1960347816807373,-0.8007531601284724,-0.9307805605646243,-0.227126930015168,-0.02883850440903323,0.5067042935963396,0.5018164609576055,-0.3851099427692815,1.652803372709275,-0.1820098060787011,-0.6712675347170018,-4.565137702856863,1.0649829130914796,0.1052435603972935,0.027994938821491875,-0.9006302678624595,-0.35606994622774674,-0.8646835783797632,0.636632113469551,-0.19470357902588545,1.2397562871686896,1.0989147406281277,-0.7318180274852912,-0.12028373371596421,-1.2681642663414752,0.696319381409336,0.06140083999485615,0.6651800390145222,-0.9436452914144345,0.2988022416443483,-1.6810916519110615,0.03867703998822527,1.6099372372313907,0.11622791161927061,-0.010275648208518607,1.206809435873006,0.37734888303730557,1.088707130307944,0.009357337553463472,0.44446260731727816,1.8877002330556443,-1.1159162153184774,0.6509131948093281,-0.6861452706114713,1.1406151738739987,1.2906602464370631,0.5298828226556166,0.3253100443923598,-0.09031829485339794,0.22360111038686525,-0.15424842653583062,0.5541969981206207,-0.12782936639443923,1.0533494831097594,-2.6160611081413134,0.36922179116186304,-2.5528378482521314,0.548173862906989,0.8502836233529147,1.0449254325884694,-0.1872540503747165,1.7791582004493267,0.44055950704241276,1.3787312054133187,0.6212625754584993,-0.21169515155083993,0.03943817752695628,-0.5739073520123393,0.9936290114279197,-4.131271680841661,-0.6172231049439574,0.2981043560317175,0.8853182008552684,-0.8353268522879982,-2.9350602449023184,-0.19839919832495073,0.33473410315973173,0.21401571827175006,-0.14164401324437134,0.5042090846728366,0.389051727900574,0.6839317864195803,-0.038077204515596104,0.18110810671332425,0.14381461534097648,0.46774519145427523,0.8061305711729442,-0.6527336599474273,0.1492831607273471,1.386112630820999,0.3635583219128926
2021-08-11,-0.0012411458395759159,0.5557617586124953,0.11833974486439436,-0.2917816390757582,1.332155665575896,0.4233001393498782,0.0929492497650264,0.5331446182036644,0.13163099530086758,-0.5423145564530869,0.13181090335321546,1.3281068796163658,-0.792772649129153,0.9840721499578443,-0.6247494649809513,0.15441730447913646,0.7127468124911643,0.3098798320448721,-0.22775747805713586,0.05669853463348794,-0.3024521642854669,-0.23891526474068858,-0.7153147968429896,-1.7560683951709395,0.23461396352221164,0.8991927983295365,0.5600070265703054,0.017564029792099735,-0.08337723676910333,0.051837556125585625,-0.08409180595124076,0.9343579956313485,0.22407209351995816,-0.19214148564873137,0.876657472140578,-0.1384794412593546,0.5877391952858084,-2.1755142238364935,0.511613865318736,0.0971077751544174,0.5103496941093381,0.38470962324450547,0.3272682843995422,-2.5783637694427863,-0.03614754709714882,0.5391636000643466,-0.9170771979631449,0.34710974380335924,0.15441730447913646,-0.13274840889243467,0.23074937678308335,0.06862102739885845,-0.4825925234506008,-0.6915016702016006,0.009701226262761773,0.1773641472189079,0.40670744977819867,-0.28350530838207594,0.10634680284459841,-0.3417669181383612,0.10314454475464295,0.41279728376219654,-0.30669210412989933,-0.9957716212703329,-0.0902124297287731,0.17116655881080767,0.14043292499978013,-0.7932292283235787,-0.36859211318920504,-0.6490282786130979,-0.52850737018461,0.40874004284102844,-0.7195188165098201,-0.3407965298251545,0.3894821254403897,0.29795857999622083,0.016651077848107213,0.4494677156541348,0.2965836486774387,1.244501345747637,-0.01542329271975477,3.0307926936696115,-1.2186234951273434,-0.017044525393644816,6.19419095024234,0.49283913319365924,0.1239937712975084,-0.19233441130662943,0.4593920305981712,0.09808730777931478,0.8443267170500026,1.1143823706177247,-0.3835880946854579,-0.17084542429095015,0.044111181255535876,0.06540554591442094,-0.061831121024435526,-0.08056752981376497,-0.2566805757801949,-0.21147995240493192,-0.7944221511275824,-0.7990259336656272,-0.01432560247575871,0.10672518364907731,-0.7438211137318101,0.262633153889399,-2.584307769794002,-0.42291140261810506,-1.7723383559723527,0.15658758002303177,-0.1868528762194555,0.13481767256053118,-0.6544535419762275,-0.6645854964534254,0.1135742448566807,1.0930988454381927,-0.010117443393512771,-3.0901089802298203,0.6444584267301491,0.47119693677779506,0.11697540341247613,-2.8363614998632642,0.1522481419338871,0.3061783432933145,-0.6991002746338664,-0.49203516550338583,-2.474230830253006,0.14434174204976274,0.10875469103062729,2.031024653079614,0.06359967495255235,0.056030367307291856,0.2912676819544016,0.8386784266471221,0.28168361128736746,-0.18976700644186553,0.116142240193501,-2.7026066391320698,0.12929823598575432,-0.16254315521213852,1.4345438912965485,0.611723673787645,1.1390402323136408
2021-08-12,0.4801183853866793,0.5006033876645645,0.5323712825711301,0.09777330449090636,0.38288653322035854,0.5345486289689034,-0.9054419054168783,-1.7579827507925863,0.05486435920118796,-0.1250344093748677,0.5008124052962863,2.192933860834627,0.2296800205748994,0.45440643930428853,-0.613957195665952,0.31078445266758625,0.5288803238000235,0.6145900909153325,-0.4734505194041855,0.42240178556193064,-0.4015494095165271,0.4142546520075035,-3.233345188867385,-0.9218167320833475,-0.6749979467728521,0.5257683093014962,0.589103975144437,0.4849006886856849,0.5261459380589574,-0.1989502491803074,0.3059714702076224,0.22338557937979653,0.7986693456088811,0.0650716710392009,-0.30317803942933647,0.6282480484869837,-0.4189896202786188,-1.8370011428140567,0.5715062994624548,0.5701810935601428,0.494821975456233,0.8411234661105845,2.289593478158711,-2.31169530723297,0.5378665869679597,0.5257820557244903,-1.3825889563774407,1.1794783272131888,0.18599274710563882,-0.32037821794381327,0.26458819536593636,0.564652086525987,0.505277297992434,-1.7365144729391013,0.32489980293671084,-0.07710432149455236,0.5715677315452908,0.06087586089246921,1.1076716307744845,0.2881252115169937,-2.0708911067016476,0.22234297952330506,-0.894061438480155,1.5939121136082612,0.5652510010489274,-0.9149376746267452,-0.37515643527647774,0.4405528364262426,-0.20467838688177467,-0.36534324872800145,0.3214595236222741,0.5620109018622637,-0.674060151947883,0.09266261621006117,-0.05499543066458741,0.6255298313261123,0.3375893680511107,-0.08591489172858095,-0.6449299106189141,0.42884875537518435,-0.8213180540482792,3.953799849350056,0.25160069856901235,-0.08070161351575933,0.9602244035401875,0.6327502052493192,0.5614629769912362,-0.6319375554231779,-0.5132842339430421,0.5524900840110792,0.4881437186004525,0.5380886314230064,-1.3812428988743923,-0.05689770024300767,-0.14709170823926254,0.5080097000775299,-0.16250395765053857,-0.24293195688116104,-0.772329759089222,0.0649763822964301,-0.0016190142478140779,0.49859188581754527,0.407161297159155,0.21082825403955227,0.6089888767889278,0.1006011966196489,-1.3330638741442837,-3.1934050984996416,-0.5636924947321577,1.3655032666965228,0.35853383132947625,-0.29316187692524587,-0.06547251402151691,-0.3487309173182152,0.55919950542714,0.558404217160988,-0.19653871500923287,-2.5593434200482745,0.5259574303531169,0.628169968945001,0.32558100202656276,-1.6988346635770157,-0.08379860774533843,-0.9431823662173028,-0.6517028773167973,0.057567596191628184,-3.624558942892279,-0.4654920147426018,-1.3751359998025738,0.5401802625441262,-0.8231463580772034,0.8805287022948814,0.5744746923231705,-0.012403178330060277,0.553285305899044,-0.5955811330165522,0.3024378978071057,-2.152461028628236,1.115572209432447,-0.157008272851077,0.5772486634060661,0.017129415786389872,2.176687026392664
2021-08-13,-1.092440886985217,0.1277026955098844,0.5875978259579214,0.11293570960290698,0.39824838063753176,0.19301199382464335,0.029471765581749416,-1.824343427775293,0.09690342292101642,0.9298562598172193,0.34023832148688904,4.246413763993596,0.381445558867858,-0.3211712442298382,0.042770448106863326,0.65727186427927,0.5765969819858058,0.7922883067902808,-0.005560028418567814,-0.4126672760869924,-0.5471963562287993,0.5860104597471836,-2.6495377239240394,-1.140358437403582,-0.39661062184053975,0.7320485785358588,0.11650416702665872,-0.3217515824004317,1.0821899712682836,-0.26649599441237415,-1.3858671014276702,0.5492276194958535,1.110651675359672,0.32697109815642916,0.20299713442402859,0.5830236107745809,0.16074137951100406,-1.5005092838751881,-0.594267146363148,0.14875289600432492,0.5537244284938131,1.1803344778323273,1.763039450944358,-0.4251726930367641,0.8328504408490933,0.5750189257217102,-0.4943189010328682,1.1476620530396349,0.39633575997771964,0.3497034130899188,0.5844755712095197,0.4116404454344981,0.07535916496020885,-2.2102307282826983,-0.3291667972593296,0.30194985587353357,0.7382464179459898,-0.49254284730588543,0.6171463337761257,0.12931100737487736,-2.394959232908429,0.17883621833167046,-0.6829104420914945,1.950112353131142,0.9177455767729705,-0.7295695599311487,-0.5697949176209297,0.9836203928439088,-0.02553371127002602,-0.5949238530579566,-0.0004778551813828906,-0.07238178799371267,-0.6314391844175044,0.10486059335639343,-0.5963265012657442,0.6346854054848561,0.37276174761714753,0.254399820034619,-2.0163920984684243,0.5558340547871453,-0.6184429409847775,0.577712150868261,0.40156774097737896,1.0393789586521942,0.8725171281097169,0.6417361627401418,0.5872147391458638,-0.5758087495836468,-0.2144458161548734,0.9287292591834201,0.0683428812223291,0.44785605643053616,-0.8282126200678309,-0.03019362392053854,0.5811650910049868,0.268111660965576,0.3783098465366209,0.35684939796891085,-0.3288588269388153,-0.5105378961511977,0.07308684092376258,1.9074445438076717,0.032096646840871844,0.5823739691412253,0.8598784614860069,0.1957217139929354,0.2848761422168481,-2.1385666571611526,0.1416149110225991,0.9904922802967812,0.380494070834088,1.0356876012357141,-0.9044595086711991,0.050907473289189105,0.06628671780348067,0.5543198054442153,0.4260293803370505,-3.6574520126154666,0.21990236193692772,0.6068985103496467,0.5457284171865192,-1.4405666631574452,-2.2362820801577454,-0.46069289169039024,-1.566065211842758,-1.4530906629578444,-2.0722771720141586,-0.60045086382554,-1.5223514016570385,-0.3873779313963918,-0.3149304761490219,0.5614204832868982,0.3198425746121889,0.5249725230309428,0.57573287150495,-0.9166862861963367,0.18416244302911844,-2.918836199466823,0.6006583952958354,-0.733403468624743,0.7679306310249637,0.48536938127581186,0.30996216031817597
2021-08-16,-2.82676548842515,0.32392137467580334,0.6976393617644062,-0.17377679701302298,0.7477825392308829,0.7066855720193108,-3.0108350563822106,-2.0590721532840024,0.47826357443238826,1.31528107013964,0.5113161840786719,1.8197374427932256,0.31418484032758315,0.4339064816496409,-0.86987478189804,-1.2532639996481538,0.5937838257866813,0.4550564566700222,0.29000830735596916,-0.06818392049867468,-0.3203616766641329,0.24111853079212647,-1.338420437382247,-0.5087657391409783,0.7272066171284591,1.0045559218154825,0.7927124398596663,-1.4667949931933173,-0.12076320708865253,-0.8927310022610719,-0.3186221061190481,0.5237058883156961,0.785633591306019,0.5580007450089397,0.28549324883139604,-0.16954592769890642,-0.6767758270259494,-1.5906697008040316,-0.6686374976908889,0.5793495020276657,0.7368261437178761,0.4740153284143959,1.3532188741194946,0.47892658053683607,1.162778308114139,0.6927869464073826,-0.18285743331309423,0.3816296218829394,-1.146343419854692,0.020116652950320748,0.481063827087092,0.4921996392104856,0.4784485726649765,-2.189946563868408,-0.5529902852710649,0.1835559049321751,0.8893972798092663,-0.34382226413457606,-0.0854637038454908,-0.32239413937942174,-0.6547106577844302,0.2533113840017229,-0.5672333629754008,2.969266920444238,1.1040929900256378,-1.168032334740112,-1.1206798417266204,0.70696561134218,0.05298871952816406,-0.33603497088729617,-1.6443007315475147,-0.010263776118678444,-1.1104624125293248,-0.7554944793823134,0.15436224934903006,0.47182335307262524,0.48399699770560467,0.5325935784385403,-1.686736085751758,0.7709618974369552,0.44938501105950396,0.8574065076890922,-0.8966499737092092,0.6475997067191104,-0.5940098391097125,0.4933040691855952,1.5734695593291643,0.23248414040861418,0.3841391772174516,1.0755243542556405,0.12702712997899276,-0.4540534984748979,-0.5541686564869911,0.2238763460243205,1.6083534343865116,0.10683703468844238,0.09164326328534017,0.04870822730509173,-0.5765539072215179,0.3443367092567216,0.43525951769453847,1.711779970823872,0.39858092936665895,-1.0275016519760884,0.43743705640454333,0.4798760939469188,-2.032514943833669,-1.0242621359811792,0.4110260455142434,0.9938870548879438,0.4882392527536434,-0.8124080215005821,-1.1374195345843074,-0.24470791111139278,0.6527768231820322,1.4157776139931413,0.2651765167561229,-0.9224156285727209,0.458437503699622,0.3447915409605265,1.301156271354637,-0.4072098219312499,-1.58070042198783,-0.3576663451313375,-3.1937184837367414,-1.4865931124180658,-1.2451697616301198,-0.6495885826061961,-0.9820891787475637,-0.3059190487211549,0.16272697879891984,1.5691369813588893,0.5808123504702024,0.8262695176863125,1.1002376624688195,-0.4948137304521846,0.4709122963005903,-2.3007011839646405,0.39265280644827755,-0.42298688463591094,1.2135386003411253,0.586831454353479,1.4433626262990096
2021-08-17,-1.8384286332180113,-0.019757798166488365,0.15208058422990303,0.6024761386637124,1.4693967642525763,-0.03726382798882953,-6.454233771449964,0.012971598381252128,0.6642968108762899,0.719501060876918,-0.2357497634858259,0.5913427346905165,0.33756951915786704,-0.32726300323276875,-0.8423412918298279,-1.1419915633296491,0.09160230154739106,0.32362976269851473,0.9470074942656577,-0.9639063150104679,-0.25155452669912987,0.2773665580380949,-0.1993195989444527,0.08743444317608173,1.1606915905529402,0.34256014805548174,0.7791121710486414,-1.0167486999330535,-0.5622032810750557,0.6053322142263685,-0.12561614719935715,-0.28240001480478255,-0.17598135618906305,0.9076843349134475,-0.509961411247796,-0.6836836687387042,0.1973139648418527,-2.3943385258683216,-1.0603492000134571,0.2983597857558782,0.720640819807195,-0.023473498431379212,0.25245087100862995,0.6290898511940434,0.388672700420733,0.887208548813526,0.3477167511970565,0.8279497099954861,-0.9760571561135865,-0.5643328859798797,0.7797977796860758,0.519009719912055,0.34586017026618426,-1.4525579156406971,-0.05535454475083393,0.28145464763870054,0.0922021231577337,0.3166535042392999,0.5268761462936506,-1.1124745767107582,0.25330474590678076,0.2290236756943736,-0.21916622232186428,1.3856087636729189,0.8019963981405343,0.12577808873930219,-0.6346491088944929,0.8926853468655097,0.08333952094222395,-0.8920701194571841,-0.2254625208350759,0.24922214028213197,0.7886916994638661,0.5057700238272959,-1.2970461747136992,0.22640629211508972,0.1762672944963376,0.7602273211181552,-0.23558614999880273,1.0877506361221199,-1.1491111883311949,0.25972024370656516,-0.2957381743611287,0.8270220931419012,-0.22754457616414672,-0.07630032181527671,0.247573158832384,-0.2928824847684485,0.2440246769645949,0.6359161888924273,0.006130041695439832,-0.37932955870738977,0.945334157614782,0.04463211791562636,0.5041631506357199,-0.8613410078400958,1.0954752163153836,1.1877401776886667,0.28357531005235237,-0.48717543624947435,0.7669939187475063,0.23589437160765755,-1.3041100197177404,0.3018800187910392,0.2811195748045196,0.8569468258610571,-3.2569185067369055,-0.43527531882705295,0.2968036886126565,0.26841592769525235,0.8300450327706581,0.2748235953741269,-0.5477780270170259,1.2500011073501616,0.5581848642357926,0.24789497960531284,0.6683664625969307,-0.6948356602847056,-1.082984376375244,0.03934614623589712,0.5764795746470529,0.2641286215872595,-2.4831519232422856,0.22492446090634832,-1.524102349853303,-1.8869030931147646,-1.2072776589680354,-0.8731006353348418,0.2548243865892494,-0.9446335822351544,0.3840983146529605,0.8049063626755768,-0.18870646183047438,1.3828728289601124,0.2482003819479194,-0.05058508400894759,0.8011422502770118,2.5478135791148713,0.186121309435497,-1.507197193689187,1.5464817247858578,0.7181838349523383,0.4207199622038029
2021-08-18,0.1513588193339866,-0.6523504131658205,-0.26347086021123867,0.2212566941397909,1.6403680743529108,-0.624393988349158,-5.455093668957655,0.7297004305637195,0.43488056072703146,0.775510438540582,0.060626910687914044,0.8969443807957267,0.5436141201141449,-0.31228164606431214,-1.4475468902281168,-1.8378079679726627,0.5518884215756737,0.7989221677431629,0.35498865495707166,-1.274429612057853,0.4238989876093463,0.41167693154313106,0.4994144656250755,0.44948325489512525,0.019886724542884173,0.08255653101203272,0.4781731477235225,-0.5219769943265793,-0.7888617538613001,-0.19036248840548722,-0.5912365400589544,0.11946252149165437,-0.2896893416520452,0.6612561548409442,-0.9867434179719812,-0.24163095424102246,-0.026099059805396292,-2.0110360473414057,-0.38670881595239565,0.4042324868833126,0.39328083100251227,0.19036567647486832,-0.8320912114723782,0.9655187511737343,0.5005996277566754,0.4384395836328519,0.790578829174894,0.4628350055740219,-0.6148338156715389,-0.22955376309971257,0.7935240066110647,0.09352478203467354,0.1405847552600788,-0.28303902372022904,0.3737248014100449,0.39001228079723166,0.38695138571582116,1.201562893804066,0.4296714229767081,-0.9874048988564165,1.0973218445842514,1.0712248591944082,-0.16049006584061098,-3.0949252500801183,0.34391756804889223,0.8731871597980013,-0.11625894879420019,0.7983672700346447,-0.4535222160334842,-0.3409036910293574,-0.4104198359045451,0.4384395836328519,1.0135736144362968,0.7497694296872455,-2.6021761015158074,0.24284526076306157,1.0684736286172396,0.7121351453553825,0.3898474469874277,0.4332706822295121,-0.720821386595849,0.3933200902564465,-0.2650061921290292,0.5513601989057245,0.4792411110849237,-0.2352784008064699,0.4220888267887539,0.3411185893534476,0.43694119176463253,0.7435770631431201,0.02734059142302459,-0.381735689315202,1.315293601723762,0.015051640595351055,0.8620689935022389,-1.0549492862938141,0.549676374089721,0.5524496404423708,0.6846753139769336,0.41134847315989165,0.6319253370230481,0.06596245024482689,-1.2914875356837336,0.48782514769904733,0.22905029604569227,0.6764101500734477,-3.406386836430936,0.45123839484080286,0.5624619447892985,-0.2539411074843049,0.6683937059993268,0.2636185410323163,-0.22345733430224068,0.8591656143691855,0.5832427171564746,0.16369218211266287,0.3503615037200047,0.2809486762841254,-0.415178864456635,0.2055597453143047,0.8036470632754448,0.6662645280877735,-1.8092622140347063,0.6066735551030251,-0.8349670075185214,-0.9777864133087172,-0.5517127666413283,-0.5900085063987789,0.9399983452063678,-1.027267930806972,0.35496704991844724,0.7471322827559616,-2.5641631091296,0.7865144698863622,-0.6990765352449758,-3.5195218938503556,0.42227717867038717,1.3336270334791402,0.33128578968668854,-0.7036899501583987,0.4010908403069782,0.8305593072871371,-0.430056313812836
2021-08-20,0.40471416498149104,-0.20033823018943395,-0.25839174751628496,-0.0733768029622415,-0.27720534175977957,0.006573574167247514,-3.0697487737517224,0.7010081801548513,0.20835268163249723,1.010370643220504,-1.454736175565904,1.130516115868594,0.18754317257337258,-0.2631735574770514,-1.1839298982125865,-1.6770384485798666,0.1641190757143486,0.7648405146286054,1.1087742771921356,-0.9326139176696058,0.1713503525719818,-0.47324481258060785,1.2925271419568074,0.09208327672094292,0.23844741120835933,0.34547540226094275,0.2565835117172128,-0.2626374749238193,-2.173047218352291,-0.25839174751628496,0.2562642179832657,0.5158704571366598,-0.27541342003158786,0.2128049653386362,-0.8555772071760944,-0.5778150656595556,0.3069931273834544,-0.5446967042161024,-1.3720138177606636,0.13012398560057714,0.9759992223627766,0.23445339580267804,-1.266724903061626,0.4410246126355117,0.13466855530569882,0.7197267817387859,0.668273123119256,0.34022736788490515,0.16499948409776669,-1.4805515284311637,0.08958911344997206,-0.27259020646860405,-0.5145506344375478,-0.21454639967535563,-0.2684021495233198,-0.20424826000262097,0.1895142023369523,1.0882262752338057,0.42407927020709096,-2.455769852907134,0.4646886446154512,0.0020744081333406513,-0.07629919920938356,-0.45443256148212025,1.0531588176881679,0.01874738362760495,-0.0037928272865481775,-0.015444848755008053,-0.9492234996920212,-0.6338114051735716,0.0645462203521749,-0.25839174751628496,1.669945498733573,1.5425578364060604,-1.6748338694018392,-0.27360278036664043,0.37359835795656837,0.32959715159241687,0.31619260980734204,0.4485433089059701,-0.6929395845038256,0.7738585561091361,-0.3103557257615404,0.6046411074916954,0.8026807060903326,-1.481432765375646,-0.3156420950605829,0.14903039567265197,0.3253869173030423,0.9906987707497732,-0.08453896042461508,-0.2853936652463244,1.4448715931070515,-0.10697589398495758,0.48148785522468457,-2.1673006104014325,2.2058148636662893,2.511359202092773,0.2320967016176794,-0.7632542945734802,0.3708809976560541,-0.7875945423861286,-1.7140053360806915,0.4567139150857275,-0.9406002910705604,0.3282008961219501,-1.2167730922286757,0.00996166730657944,0.849572747152527,-0.0051744940965513814,0.6159924420861714,0.21704581706227785,-0.26551219266875303,1.5843919037625769,0.48730566877372955,-0.40839443863135716,0.22045884171832056,-0.18383219078424665,-0.4066739404175456,0.2672469507457894,0.7537009243775413,0.30304616111667815,-1.6660955012833916,0.5272472513998891,1.2386471954955516,-0.9830970003631457,-0.6655120031641825,-0.864981802323619,0.5854689034669799,-0.9708742917417295,-0.10135574347987267,0.40423004386089495,-1.4164408929746948,5.129745243438126,-0.6350201525517563,-2.0982030368303017,0.7835670730296384,2.2575656343495116,-0.06392495460970052,-0.4838515831206005,-0.0491643317141801,0.5967900673686444,-0.43395246336051535
2021-08-23,1.108457697279273,0.4085859018127147,0.8262212079189842,0.9906163805449406,1.84932750838429,0.03382792442310016,-0.8697905349222279,1.0628050540079899,0.8521612172509481,0.32439209973567784,-1.3340173195887708,-0.10291140732336138,0.13556085078027214,0.7512761583200278,-1.846844144061116,-2.4969448889559884,-0.3102645880888415,1.551277779115171,0.4705507170629818,-0.2762327670939879,-0.5299726732384097,0.7885423992887602,1.664786318904005,-0.21250270902472596,0.06945538139273316,2.6596604370313033,-0.005965517815201745,0.2274972681101344,-2.2504302372471603,-0.1666369281373583,0.7801542432107849,-0.007147400909473408,-0.49874471278545507,0.392045156771459,-1.3502896071532693,0.019424889151149028,-0.12521448385803952,0.2517058903933559,-1.2343958791649263,-0.18569572662364692,0.21825982980100397,0.2676884880150714,-0.6768424957507754,-1.378488757781399,0.3637028294409434,0.718934888672275,-0.10949832725590623,0.7886298480165153,-0.07733819609110722,-1.3283003940428129,0.15550395931102798,0.9805791124355041,-1.3428907195073125,-1.729514913755302,-0.39685686113082547,-0.09074822727282346,0.16941767053463663,-0.15159189707715248,0.2077141417816749,-2.977291356846455,1.5282165576383904,-0.10499503497181276,-0.8233645312755016,-0.7853878424858155,0.7065018682937411,-0.09539262705674333,-0.1504822161201156,-0.16471636406618173,-0.6186057130219034,-0.38980985408307584,0.17465984619788585,0.3987949368165131,1.2987758948117054,-0.055261231573296786,-0.17693637044879665,0.12869030941736762,-0.15047260152004216,0.764169275947171,0.22963635670292584,1.0521038059602683,-1.6050398600385236,-0.03654017555554828,0.8964342209377767,0.9388311948565838,-0.0862753957931563,-0.8679311017929849,-0.07208254988806034,-0.1195062745469664,0.4434658488585074,0.5879154459222946,0.8716749853445055,-0.07928038610350244,-0.260501742637629,-0.5545301253552958,3.3338254732016743,-3.3197953180424955,1.0030697473185604,1.1211422744210968,0.1724147656001503,-1.3911145248163435,-0.20522331203402971,-0.6222234916036744,-0.8895845260095766,0.3060389390126211,-0.267236568687378,-0.21976776724176914,0.47386542104163976,0.5706947616076459,0.3578249144492361,0.3753509173622092,1.1566569575240382,0.836274250869803,-0.1391705929235535,1.1852427336502187,-0.14188973080515546,-0.0800266064992016,0.1879021557592056,0.8700214197736725,-0.6098289939593814,0.0121762123554465,0.5871188878714705,0.7079962855288118,-0.42176220017463206,0.30043939302171696,0.4076973607087388,-1.3798609322696385,-0.8620399781713707,-0.24466406756246495,0.7543509533185132,-1.0723091657137702,-0.08670496464665077,0.6156926433882544,-1.911594168116722,2.4811067773315076,-0.08292476655647053,-2.9262834143267065,0.4099924288471823,-0.2540079293279017,0.11092190759129866,-0.826159557728332,1.146451316196041,0.033821826892084364,-1.4120762731917145
2021-08-24,0.493139473242676,0.7203127484196494,0.24270368316903976,-0.17827018213379245,0.25711876287387136,0.26566523433709416,-0.315909717968981,0.6170639762237834,0.7273065745421247,0.29472963897779547,0.1843503253372983,0.3464407794304257,0.2816452854326676,0.673876127516257,-4.567369921719613,-3.013492331821673,0.34213327563933876,1.1517826688100867,-0.49867079686919047,1.3481389131165564,-0.5109737890464876,1.0864105363916128,0.48563468133028753,0.7003978487548073,-0.9641049863200062,0.27918869762915405,-0.06825957408803278,0.5587203222336586,-0.6434668945328871,-0.4264515281108515,-1.0023993415303465,-2.039134531491863,-0.4932322915560529,0.4265781171335807,0.32138692606969593,1.1102195710205276,0.9264962366104782,0.3828042120333818,1.1123500953066559,0.7133490310332091,-0.4078946555856038,0.3175672080507562,0.6018221831170776,-2.4666768676709343,0.75027790258801,0.4361678291328108,-1.18363487638612,1.352158770238872,-0.7153157825054333,0.35935788839232696,1.3527321242377135,0.6648352244054656,-0.7133353948261553,-0.2871840843912705,-0.8345269330425985,0.6044690009332481,0.9050497545851713,-1.195074097033155,0.059752562909853674,-2.4224154075460627,0.46914301237828004,-0.1938104079249679,0.7708507465416679,-2.330819802803507,-0.894941257948268,0.5876065841076333,0.010506252877592381,-0.2338988595090786,-0.5226164438471825,1.145057448198956,-0.9113077573056025,0.9494877405758775,0.5350309120006537,0.22237776772763646,1.964943302253494,0.855805623568588,0.8101524374683367,0.1690342666000146,0.2866994306945476,0.3018403589460437,0.4518216233949827,-0.006335959483908794,0.6370030914972633,-0.8494802409067086,-0.9798681113239804,0.7949037059613681,0.9738961158376934,0.6151671358892877,-0.38817296720391264,-0.8620740909367601,0.6699660114318986,-0.9089692513766808,-3.457500071394046,-2.372601338456709,0.05588151615232219,-1.8271866697281356,-0.8982383588791644,-1.137242145654892,0.763423276165522,-0.9678998791269647,-0.08219055935078061,-0.03409692324740619,-0.4042587342603007,0.29919991869435547,0.9829585042574586,0.3177788978751652,1.0888072760883027,0.7564294036564667,0.6986241247140849,0.5587956151184923,0.48740593641766977,0.35948873191856456,0.17946624329352984,0.34809963387708426,-0.3815269464338631,0.6525306420429429,-0.3913164929133878,0.6285858600844182,0.637854847470335,0.026559266151922462,-1.05191384034003,0.7132572143237988,0.5314164883771911,0.7319335128859449,-0.5498690291817985,-0.06197555597855414,-1.338223517827791,0.8379067777104774,0.7020961975160771,0.326360105837643,-0.059752221645595426,0.665451338821236,0.38405451324371354,-1.468362403816924,0.36952567694964217,0.2735584798950051,0.4493785835039846,-2.1057064936256444,0.8098071355817567,0.21163930819667778,0.6087519613575468,0.24956532151520902,-0.7620697502429039
2021-08-25,0.5847357263059233,0.6952353380834413,-1.045117866991389,-1.8812889513463662,-2.0703484590035877,0.02783055206309629,0.44968243472371633,0.6172525426825851,1.0279474486699374,0.6155955578945382,0.600641090459116,-0.29705306113669766,0.6812709764648917,0.662736767144886,-2.133592353811439,-1.5071775003631602,0.5499812013492855,0.7441773462263743,-0.12884038588198066,0.6704617919253096,-1.0876573438496135,1.0503748159980322,0.5639873586094473,0.8049795295277902,-0.688675666125311,0.3175248144591359,0.016277356525317064,0.003856635245655438,0.08206643360245452,1.2306517731736861,-0.2522170999807456,-1.8386280774411619,-0.14586764076397638,-0.5655108910244817,0.07314653592601915,0.6689194018646102,1.0220069714238562,0.5771888653842443,0.41909302395566467,0.6431627173223787,0.6984941555260834,0.6457180518285556,0.09059274919317965,-3.7272433275007106,0.5201310920515493,0.17171581546454717,-0.8288559631995561,0.8722284377366812,-1.6259890761681515,-0.6811187672143061,1.2390749618004833,0.6725983503092258,1.7195275057728443,-0.3007454458229237,-0.664764711443307,-0.662887922059896,0.7510066724565102,-2.135944859190899,-1.708305562996006,-0.2716682336872815,-0.944696567860388,0.08511179454011893,1.3838392989090962,-1.7512929021354098,-0.36512585439057804,0.5203060602504223,-0.687520423158572,-0.21712208617836162,0.19974050596179627,0.576038191645812,-0.9185398219073931,0.6791597222427326,0.12169240273469707,0.7419628629171823,0.005247450993490026,0.9613112412146185,0.8717979576361907,-0.714744038447279,0.6340517600462771,-0.10096258963411507,-0.45205344905913003,-0.04776412528569883,0.6413293283111672,-0.9461257327804526,-0.5101392811288378,1.455025511834166,1.2709621616782165,1.313765450335105,-0.5648835019567168,-1.3587164248981518,0.6101199300280247,-0.05256980920631176,-3.4466216931772125,-2.144537822744713,0.13373184722178896,-0.46485480738479673,-1.2372041647701415,-1.4557314362729865,0.6508595931273398,-2.199051419576634,-1.1242890963367718,0.44684636281178847,0.10474925439729782,0.02276055049032496,0.6914383903976536,0.1595724438902785,1.4354172690114737,0.7684798152899834,0.6528294717771685,-0.05600833816337291,0.475652673414521,0.0249270136418203,-0.2599418236546176,0.24982167924818757,-0.16110276045811697,0.5212485939840583,0.1464078821783055,0.6029828351784701,0.6593057322085812,0.1816629035543791,0.43895476647065085,0.728722720185568,0.6793975180977465,0.5858428395525471,0.05977721948336934,-0.6335695229052095,-1.1406149517450561,1.7569331373619177,-0.18713851481284527,0.6355021531223811,-1.3188566852218049,-0.4931586822800669,1.2827757401938216,-0.29123198792822724,0.6787081186246933,1.2623796939031635,0.6225445727340247,-2.4729093572316194,1.2510092550240688,0.3546257534775548,0.5837130054922822,0.7099292327027035,0.5557343710145453
2021-08-26,0.3302691771302976,0.43335941940701594,-1.0188052881352982,-1.8361731019552425,-4.137184283931753,-0.16502795028647377,0.9629430721913411,0.2291923556903943,1.1287055824372598,0.6905195937303322,0.6197124653789237,-0.47169604777943225,0.1341516613985755,0.5511404002786287,-1.543178467441727,-0.700927755926522,0.47718642992645127,0.566834585416989,0.4990140405573316,0.6463359907218043,-1.1636004210559012,0.6005310273760154,0.5295255824763228,2.2384183399027267,0.27664641102676546,0.4123571644588722,0.6304431255770291,-0.6645948593943481,-0.4874087187922902,0.5085252296977076,-0.15916744005050626,-3.3814463144510873,-0.11103817236211125,-0.06849144818611215,0.30255014283192816,0.5901043834697537,0.2232223525103869,0.571635013090342,0.0997502136756627,0.5709924856635902,0.5657657575110537,0.7173111274924139,0.055552749642375714,-2.7745544148390286,0.8841397566870843,0.6483271522096195,-0.056741985906382394,1.1203273749883251,-1.311821561067569,-0.09445255855858545,0.31082202779922097,0.6660263972344256,0.542501309328426,-0.23615121747082796,-0.33501893996340815,-1.3828942150668988,1.0091543267954042,-1.3324349090457137,-1.163563510952549,-0.003864237590668691,-2.8638037141950328,-0.47083889375808385,0.8267245045600663,0.9391277266954962,-0.0020435012968994955,0.4741985681800178,-1.4707753992587023,-0.05775398582784112,0.9609052113975205,0.5878083864238266,-0.6079747980112447,0.8343432476957041,0.4333997006635543,1.2790741584958258,-0.05447828948535441,0.5918787395017068,0.6229567143783554,-0.8921681901620834,0.48737165126793097,-0.7809162909197809,-0.8939759201080913,0.07774441731108095,-0.0035601627157344096,-3.3909071710318606,-0.23198452669894412,0.4228863195687878,1.2022143184674685,0.5965191531299789,-0.29202535526412,-1.694250629681548,0.5759215596929311,-0.22525068240462978,-1.9274887327389667,-1.992156466810088,-0.3106053847171985,-0.10096473508457544,0.5152876735034837,0.5022404495544542,0.8385614354001261,-2.432134433244335,-1.0375786875151454,1.1567420105451838,0.4322122925010191,0.43846474167335436,0.33052484396625026,0.5739225712669451,0.588117633212594,1.1537563356840077,0.9172090083865948,0.015342547161073292,0.11371313603274144,0.3413438907412519,-0.8483814227055197,0.6165456314715387,0.420160837612204,-0.02615999313780463,0.15718032625602393,0.06189400526887132,-0.04110894334100027,0.6099566012662214,0.6050850882227957,0.37876678468238345,-0.3519317415966704,0.5729047830428758,0.5104302501668752,-0.2521371456028274,-0.5784401957915417,0.7738444329945425,-0.2025441643495005,0.574140901275893,-1.3060492766738,0.3968208592603523,0.6016543277579846,0.035848438043263695,0.8475761693457623,0.6144285041381216,0.61585956079054,-1.907671653051628,0.7331416653241436,0.4801580226507166,0.4974914689430809,1.0439969346057585,0.5259055415021485
2021-08-27,0.8819493995751551,-0.8396979377695406,-1.6458356343377534,-1.6524551954680908,-6.435322177296795,-1.0044670977911192,0.6057685360822508,0.4732569621477501,0.23816098346875575,-0.18751935826650926,0.9461529314579415,-0.7023446511269229,-0.009949571693780447,0.7369287292814791,-0.3776214782211236,0.37659011590040603,0.566694604131645,-1.1603940793916205,0.4484297473839127,0.4909732979711254,-1.2957571210032015,0.9116494575752687,0.6625402277536008,0.7888540815561533,-1.231530100523448,-0.13229322202122132,0.9462552265541684,-0.850035832685741,-0.419579708344852,0.8945419793802057,0.516652926494576,-0.9912541031780866,0.09582871435222347,-0.08107801938846776,-0.198956000892194,0.8550364194629817,0.4667503771964891,0.8828919241820495,0.08821289742157294,0.34959661305233847,0.17491827924577413,-0.04042128808516272,0.35906238754533615,-1.2898402394106119,0.910153090721023,1.0595493176616186,0.4788610045585083,0.8558449198847023,-0.8099489266749595,-0.3962805056105745,0.2977680076815415,0.3056530343603737,0.020074929304433393,0.5418597898969781,0.773586288589616,-1.4800659292150715,0.8234473740211683,-1.368939974175899,-0.7837864603780409,0.09580296451749569,-2.9309658825505474,0.17804952323302145,0.8166357355804158,0.7604442888639077,0.2732913934225574,0.861825862223012,-1.5976655806995286,0.9130707635147072,0.8778855187451401,1.2154954729254206,0.38836154813128804,0.8298142716945747,0.6865156557078286,0.8471332181453217,0.4100838998620903,0.8244623229535679,0.45276421075137047,-0.6494764483695689,-0.5225360949792763,-0.6330506455197541,-0.9563332089179747,0.6587061541883866,0.6462250330066893,-2.6881446864105256,0.8092981511375092,0.4349279269980826,0.9045824568509486,0.9911083606082578,0.003988017556987023,-0.7999432622573217,0.6202867214992416,0.41110098540457957,-3.2513723054957713,-0.6961572880493071,-0.45005467785611314,0.7414581470918503,-0.40309650541682335,-0.5564050036371142,0.8713306190215964,-0.8109242942139754,-0.7011433933281421,0.8021840912251026,0.784623377092292,0.1316452042119398,0.6624032205407064,0.8313110731970101,0.8469421299839844,0.8537199058289471,0.3149710096960721,-0.5675260691414112,0.3094853920493486,-0.0823068941614823,-0.16332790191188076,-0.3654701586533283,0.6897373907690045,-0.4168479199157287,0.14011731325268578,0.06445255870046998,-1.5340310099356502,0.17461698243366677,0.16257206419692632,0.5147751260388614,0.17333590159951134,0.23614112650745717,0.46679949376597696,-0.26434866260594353,0.7189197325934411,0.889395458970954,-0.2276437235504912,1.0066710713130338,-2.0910549766534063,0.4929545763557617,0.4548315367425877,-0.21710885492657137,-0.5676072333295885,-0.24321738186853817,0.24959030033712604,-0.7034595502888147,-0.39351635723972733,0.44571126872551764,0.3329427683745508,0.5801942220741896,0.18992248876935702
2021-08-30,0.7023596122559946,-0.9782233292551373,-0.2227762720227685,0.4079005672042362,-5.847616005059537,-1.132796300249766,1.2736266606003197,0.4783290645666933,-0.08822291226633563,0.06825633040621905,0.2466518901784876,-0.08400442891550405,-1.1174279091514085,0.995276363386869,-0.46532811733452545,-0.17081514739922654,1.3929043502216027,-2.331281850714468,-0.41198296465437795,-0.3383371362078461,0.15661893542759875,-0.15998381880996934,-0.6455624208666877,-0.7873504863373277,0.2603236162717828,-0.16254413436801743,0.7443220739400558,-0.027382012233719277,-0.4937967247348473,-0.005566219063864371,-0.624010462686953,-2.038476556283567,0.191358885291792,-0.8850561041018757,-0.15677343881084269,0.03351823048527619,-1.0068834265394357,0.46248362613707755,-0.08148967251347457,-1.0659379277867302,-0.5398600086883892,-0.0876208209207738,1.3706261922850256,0.14524707400016604,0.1460998504569868,-0.5838486971708511,0.40793170544348584,0.21390887990285826,0.1285965982205831,-1.0163325385325332,0.08157708763434779,0.5339987728365737,-0.7359641080272751,0.9906983138878631,0.9236660383362159,-0.5887100097293273,0.2922054466178742,-1.3668162270542088,0.2572364048493758,0.5505437741451528,-1.2009394820278223,-0.006524550637885231,1.0655320646531652,1.3099287814818785,0.22540690762253868,0.715570852969916,-1.5676484146473686,1.101236814548648,1.2737150940507649,1.6491646748357136,0.5178528211827914,0.7934077112103056,0.07600671988651962,0.6509309936180442,-0.12042462747623518,1.2349801871513826,0.2816144865377079,-0.4250645509944398,-0.5668222472895315,-0.9852823576334542,-0.5718518676031901,0.6990753456676138,0.3130657817319631,-2.8423105122890813,1.3881845137317894,0.8944533706476895,0.09736007043375144,-0.6043674416893778,0.6070142085313012,-0.38396676413815534,0.5519165486971971,0.7694817826202738,-3.1050322942963855,-0.882692133848488,0.18251631366646093,1.4718964827754577,0.07531345551336208,-0.07546326104336112,0.6594311327933732,1.2211069171258975,-0.7276354625009765,0.36600279146348197,0.849602049662195,-0.42158470631040645,0.3113336581598898,0.4680190837635644,1.3577231801410343,0.985989249566038,0.6672744461565051,0.014479738553368978,-0.741403355103623,-0.45794424507237785,-0.18821541746929543,-0.19916612417164506,0.13447267184551887,-0.23639306260044493,-1.1710112605908742,0.044228549248472776,-2.426517575867196,0.12628882945301906,0.9932358886174913,0.8700745740222505,0.00512502835417863,0.10940430654919446,-0.6927165714732034,0.695230433538219,2.154246951215422,-0.14072283668188562,-0.07427750737491771,0.7299413088454325,-0.7203066034377779,0.3466196767139492,0.22679510165907024,0.9418240631849025,-0.8022947001234236,-0.33718905592693255,0.3330253006547695,-0.6668940711786457,0.03256026927962701,1.2873970614083967,1.5790117447510252,0.41554523451669584,0.26355967999091096
2021-08-31,0.04082554219273173,-1.0150154595760938,-1.5445982518748749,-0.10978445600177224,-4.543082781045027,-0.8832836825795884,-0.4880289344907796,0.5212620535492877,-0.14971312779931692,-0.061622459458873284,-0.7411106804435234,-0.259798240845513,-0.8161699496982475,0.9620852146503915,-1.5221791158165856,-1.8308814652922025,0.9670999510075482,-1.535208903215168,-0.34493070222523325,0.04504591963958713,0.1470612340462426,-0.40213962886672544,-0.6886482333242311,-3.017121907216553,1.2823225224665977,-0.16074028961614034,0.7372400286970031,0.822236622141919,0.4986747985487104,-0.8286591108497519,-0.9764891875635785,-1.0180128763053904,-0.17635067709727567,-0.7669178784084162,-0.3434377232543864,0.4434254372502464,-0.35718457695550426,0.6135947724302826,0.2337933177895638,-1.1781779943610964,-0.3125684561524616,-0.071956720914187,-0.28951323634634124,1.260489362598144,0.44360977909219806,-0.20694877911484721,0.5129568609938769,0.2434230966291103,1.1128734963014302,-0.7730122886351042,0.5727442266469944,-0.1295979899760367,-0.44149387908750165,0.6327718864762792,0.6406702544184848,0.15123147524161196,0.22460067536281278,-2.06356218343175,-0.4373046198825238,0.4291146365107864,1.0954372525834384,0.11667388139765603,1.092441630935903,0.28551594719960227,0.878374627355668,-0.22629162841036812,-2.155909053046594,1.3504609133649486,1.3630183875697361,1.3281127021993782,-0.9464599265932242,0.26595510477861584,0.7661846399722327,0.6960692436917925,-0.39225608916073423,1.1924777687120975,0.0438650448663633,-0.34297871826167103,-0.5289826338739878,0.21358607529845547,-0.06716867936974484,0.5806023435921056,0.391607212667013,-0.4155314939096083,1.3661969319322396,-0.47449902789659576,0.014474556342576361,-1.1782891860914857,0.5317319050434144,0.29888062894975315,-0.11610180473985769,0.5646117094280926,-3.195746143550416,-1.2063698814466226,-0.4447419465345745,1.8337793051965483,0.6770977576741021,0.5846110851454496,0.4142080374286437,-0.0810369077949834,-0.3054170624670609,0.42802940477157914,1.3687716903616658,0.2687949899050284,0.3314037321449796,0.7218061691350016,2.209320523737497,1.0653627204861638,0.981577813453447,-0.20164310244260072,0.5827158329274155,-0.45303506310432856,0.7175487255032049,0.02722938302768337,0.01749882238778797,-1.237850615914571,-1.2522077212897287,0.1759138194110072,-3.1127419038020596,-0.01991497049727133,1.2489524482286753,0.4422122601922269,0.4425807393622923,0.38309710190133095,-0.6116017618641636,0.0907887510312464,1.1507530692662116,-0.7909645149658384,0.9490990833435258,0.6459472445295984,0.6439999187976853,0.23395996656424495,0.24991538980991493,1.3270554022727221,-1.0838820885359006,-0.4156692925494183,0.45165870669642416,-0.5794055342761194,-0.13290157748352024,0.7300644556404503,1.6746911363472454,0.9069446894626579,0.5020229288897442
2021-09-01,-2.2978476702254107,-0.16239758298972545,-0.34607318557824807,0.35048563126487897,-4.676811762510149,0.03326670314157158,-1.0475123325840503,-0.4751797225812494,-0.5198663682363228,0.3975660041111738,-1.970354984013231,0.13812208223851077,-1.1150251541784069,0.7388816735568339,-0.19245770265757392,-1.730885411611935,0.3818949765929913,-0.32618249750309064,-0.9121811717135719,0.09534381778609215,-0.006400077598819946,-0.7437330134138355,-1.4104444158957996,-3.2251484271473743,-0.5179091318689262,0.3287362147019878,0.3190908031829085,0.8114098975128455,0.6203822661781042,-1.0801381005369293,-1.4160162719071465,-1.5126096386095391,1.3180724316078052,-0.32397358223119066,0.506959818899638,0.27623450886849393,-0.7487992606247441,0.36473478512396373,0.19207208686525795,-1.0663901439817445,-1.3733944610429203,-0.20379340582913297,-0.6438520109318069,1.3585743834154587,-1.7038598934544587,-0.7687938052847825,0.956277289301233,0.12972151938083099,-0.4139979602594837,-0.3603586831637588,-0.988166032825212,0.5215079829283189,-2.172547529778235,1.3755890323602182,0.7330096394826809,0.5072126331090105,0.263769022153197,-0.7068098590402826,-0.43514382151346354,0.533540243067909,1.1172148783414966,0.22303460680071718,1.220434944547311,0.30912169110624643,-0.498409931271188,-0.47836024122638904,-1.792779359260489,1.1354138345815699,1.2122869139651113,1.836136449258889,-0.9234947066404636,0.6430243723902719,1.4658017528485026,1.3660696111062869,-0.4548338389632302,1.113383389953359,0.5405030131611118,-0.7881360488924309,-0.007001200374018089,0.15740015752126066,0.8915717254060029,0.4222259697711821,1.6564973505618383,-0.38111804550189166,0.4504570552039162,-0.35633436857406303,0.40103210576855,-0.5779832942262425,0.6527904148580691,0.8120305699168465,-0.2130597874154877,0.4594527052271208,-0.8545762548765297,-0.8984181922359732,0.36004805608528334,1.1225471797327449,1.2205555492053153,1.1971126869608897,0.639620057706842,0.6141887719929298,0.2720930208170292,-0.33252244726180463,1.3941341138550212,0.326979319874111,-0.16854114025595102,-0.02576544061032122,1.82252146889159,1.0297886056432297,0.8977550199767078,0.12004001477775543,-0.6252126403395922,-0.444402885059051,0.7247621769121836,0.574382043553493,-0.3352169601991443,-1.0375714622498382,-0.22850042511566468,0.20360157877746665,-1.0530766813735344,0.40252800100260605,0.9439154337568171,0.8084254577567217,0.6775594609193157,-0.6379496010003475,0.5333294621464728,1.200844843593285,1.3212028344148554,-1.1691789709741163,0.012613638954980848,-0.13227334738336072,0.7254368435932763,-0.11080892238087943,-1.2556816293185995,1.2745558040101748,0.03905564481437765,-0.7985214829543004,0.21359329668246244,0.4325859553997741,-1.2608079551106492,0.7435850200668412,0.5816898760729692,0.533471306041851,1.1327308312516555
2021-09-02,-1.638310367283526,-0.276717988354867,-0.16959511046590026,-0.04769817483799886,-4.216913025898393,0.07233272261077466,-0.911368694238849,-0.5056948093843197,-0.31136536613427057,1.0386193508546084,-1.1836019954968078,-0.4381083490003603,0.001485957646031789,1.1192797932203433,0.6836446241679894,-0.700465629413045,-0.4294142502761917,0.968695960656496,0.146934812184041,0.5914382612643182,0.1450052670092283,-0.10626234195402877,-0.15917998354678253,-1.7042323338429572,0.5438165581257286,0.587307806276875,0.37921564630010196,0.4909447479209071,0.17055089331694512,-0.00855705227834057,-0.5106093455442786,-1.3599334201655842,-0.07035044138837285,1.0020286769351519,0.8472977643180172,0.30224933162491385,-1.9564019156076162,-0.4522440482449842,-0.3348743073369697,0.44179055825002106,-1.1203365248943167,-0.3545950890273816,-1.0461696577141226,1.9662487569533729,-2.565051501359887,0.16733107334802214,1.008330511390002,0.29879810630129755,-0.45644624245411025,-0.32003931662397367,-1.4022820363725501,0.40046045894361443,-2.3846901169063677,0.8653386180700899,0.5832851828521886,-1.2160583690350646,0.9598187812739591,0.271101740147823,-0.06832178417114579,-0.37457046876348427,-0.050466227755916145,0.42937716484678,0.16376800761571195,-4.908090615448154,-0.5344999671675605,-0.7054581647438914,-1.4003407297446633,0.49429982443685716,0.4629141074892353,1.1164211622601103,-0.16885730151805745,0.7828072598181337,0.5333415102513551,0.7447766027807255,-0.9011732524645614,0.039322077220315145,0.21799505318734322,-0.16584441613412268,0.4894549215724255,0.40591912575401534,0.305717841980217,0.4788374527175687,1.8614312003642417,-0.580398358208604,0.09853355608527492,-1.3368455141362046,0.9461983337968723,0.05734133073562931,-0.2735825157801008,0.9790251013399488,-0.36578446409588183,0.5713799227509068,0.24943254577508456,-0.372705188667066,0.8405167010781247,0.14406217514924524,0.8980588117947772,0.8687796003872382,0.5689239760377647,0.49933043444690905,1.0405076363228194,0.30408111850187425,1.2311316236993595,1.0500150169196139,-0.2089346578141404,0.26356002515814325,-0.2328384498467683,1.0353600756172359,0.9362661133613494,-0.47808215159024575,-0.33668309720860873,0.24288415017179205,0.4743621701280815,0.8073296147054589,0.37386175516652936,-2.806219505205043,0.5338467242517293,0.608168818417751,-0.7325168128721968,0.8903977430789908,0.8040961275432197,0.5837394922336853,0.5890411391278482,-0.20938102015561408,0.6458975221798273,-0.04858371674561648,1.0353031384520357,-0.7335349895608816,0.37649485670143196,0.454340148548587,1.1119332850004526,0.31283681968249405,-1.1856493627855824,1.1667425843237367,-0.13552897000556247,-0.8875350372720271,0.4133543911059068,0.0010866557598543146,-2.255606230482708,0.1935616720167796,0.2600265264793268,0.9107681235405161,0.8632879435943568
2021-09-03,-2.392059045027674,0.09916927821502329,0.8197348161838162,0.39103911914825035,-1.0999664827888882,-0.43216273932850346,0.3880459240771617,-0.7267020575785526,-0.20538979794182669,1.401695991225914,-0.7654904929035622,-0.6327096471518001,0.4827477503928719,0.6919170357960815,0.9333542197713361,0.6188757231351877,-0.8972382459916572,0.9394689401622744,0.017129267767679587,1.0465822372346114,-1.4066215171442236,0.47816307313819756,-0.19875553858602518,0.619920408249057,-0.10462671519363753,0.28570201553138885,-0.18563729417524008,-0.5048941578588447,-0.15681593793923393,0.39199451829282267,-0.27127535411072035,-0.20544118596462954,0.7075134262893928,0.23041115836796808,0.3833349530759192,0.46883100069852657,-1.494762811931155,0.053314455222531684,-0.19694953337745102,0.6585476717002123,-1.5957221026327297,-0.5316486522598387,-1.0112836831704617,1.012891912089426,-4.778337597132794,0.3519203615618825,0.42227231999977366,0.7897213353739317,-0.37423966704513373,0.24515593881932513,-1.0967945588152972,0.3595460759442276,-3.397100858288611,0.7275430530059654,1.0355929633941807,0.12362664611706811,0.05371323992029357,0.5511494413543873,-0.6543046933626044,0.3644349438824961,-0.3316429967351141,0.7303362904704226,-1.1191685987130429,-5.336457064217008,-0.9100104551648766,0.003393139881075797,-0.49808593519102357,0.8285311751190827,-0.5767714544001268,0.7544888927029204,-0.4444264835269859,0.8129209164272436,-0.6190006420665582,0.645279589018587,-0.22308947945991417,-0.4816431584615494,0.03347794039829114,0.4897121077394217,0.5687905249744324,0.7620760137777293,-0.23941029284240203,0.5597863123436086,1.1817376490660505,-0.18704203572987246,0.301949477293737,-0.3463460213876776,0.6624962260968681,1.0480005871035645,0.11081694616561283,0.8933342737022448,-0.3435608942330223,1.0547181019199308,-1.2380828067485647,0.9058147162881905,-0.2156061754219363,-0.05039750456503624,0.6873148205754575,0.6603887731996656,0.5056182230251854,0.7002232358971979,-0.08099148315332808,-0.12528483893896092,0.685891634425164,1.0592635862355013,0.2175309705557392,-0.2888304387320632,-0.0023102047337646326,1.0530584146171729,0.9121929599071222,-0.4615728578109166,0.23737675405012584,0.33240571080509185,-0.9569354401985677,0.5084239980385338,0.5249144477307787,-2.003685126056862,0.6077400936279722,1.0433410420603284,-0.6580911789232935,1.0167006876044005,0.5920450486963535,1.001517308284547,0.8141692314874771,-0.31443582055748354,0.4783222237512871,-0.25647369062744596,0.8204181713410181,-0.9995636939194839,0.46679829116740373,0.007588861810755887,0.919858733328535,-0.11498514225057097,-1.3782299639140048,1.1543598711763423,0.20267452208562578,-0.9708964465491287,0.46308815204056786,-0.26923637270822676,-2.361788909781852,0.12525224324817005,0.2938829160224968,0.19317287293272384,0.9427280800651772
2021-09-06,-1.7841488863603046,0.008278160189135013,0.42932750121152063,0.6621263121873641,1.0306859358360532,-0.7366565524485126,0.8183335458029498,0.08513323076635028,0.23851235225901146,0.7762053676063703,0.43615099972863747,-0.5325608210790789,0.5973084914124048,0.26199454884236334,0.8148643711624816,0.8503746098941654,-1.359160958626619,0.7481192990765518,0.4269775130385853,1.2459351291125693,-0.45621584945259536,0.47043515487031407,0.3420840112658969,1.0550400840435523,-0.021091043025798253,0.4438459538615341,-0.026824939154795058,-0.4517976247208149,0.17750476324486517,0.577783299775818,-0.457665176059585,0.5010900966979652,0.3049583599743398,0.10657988600846383,-0.037893770897016316,0.7919987717863382,-1.527428824505478,-0.8297912099342406,0.2407987334315928,0.597622108461477,-0.9522395642139049,-0.5254296913323616,-1.2745682258155309,-1.150059478766196,-3.608861375282839,0.7456637035499163,0.3074237432151095,0.5402420736132006,-0.21399080005244858,0.3401500465221647,-0.6630621860610847,-0.07108579126623088,-2.065534001307151,-0.14135036873180518,1.0818034366136382,-0.13357981585309445,-0.33621405708279883,-0.14430117195608155,0.2858116563691012,0.12376139496029133,-0.7306242184121584,0.7797601071741465,-1.2289874330271,-5.7166571453884245,-0.05708581797765721,-0.7933361321642566,-0.29862562707994816,0.8764692074528072,-0.5576738460275507,-0.18277268025015275,0.4232622364803831,0.8980776647038882,-0.6877475257064216,0.6633218783337635,-0.6544056805454352,-0.4752971995624775,0.3412119553576696,0.80805016033753,0.5970572321288551,0.5811795266000167,-0.18994984446042615,-0.0077319275012090564,0.707020476238347,-0.8292178440883505,-0.44454408734847334,0.2618815290322711,0.5246591848285665,0.8250410663091212,-0.47495315859114784,1.305171769714684,0.10104621819134949,0.5242161032254783,-3.2612924896128836,0.6247302590357532,0.4677116087899341,-0.09824230407369336,0.707576519578728,0.6858822637050552,0.644183886055797,1.4404870817940667,0.12785200072822783,0.7279688767793063,0.31693569659321813,0.8573806573792044,0.25425715705918944,0.1668614610756897,-1.6557061441052916,1.1095884683391724,-0.43509844470161285,-0.5089239281321336,-0.12529269499137066,0.7781518960258786,-1.8796039636417623,0.6019080709848522,0.6651542657499052,-1.9843134444597081,0.6735464796276692,1.368434456444843,0.32350436030827545,1.0412078086953067,0.4289329927607947,0.9207186948438296,0.7147144798725785,0.6637908332742702,0.42160322256931854,0.0017567705175855792,0.17780699032924774,-0.879165411139291,0.10004662119410711,0.7962422684938879,1.0450198343023758,-0.4697043600700321,-0.4883193512146848,1.2867569147193676,0.166558985391052,-0.11875236870165758,0.39119682974768044,-1.0215817654518196,-2.3651705968921437,-1.8313894781690772,0.7106169403504863,-0.767584911699464,0.6298273935572284
2021-09-07,-2.040743498419758,0.08154789386834274,0.6301701544564429,0.4704341602592142,2.2857243584212816,-0.8760574329274499,1.2951117633499045,0.548179827258327,0.39016408631409477,0.47888667056958545,0.05416946752386908,0.2942565726524372,0.911853462585224,0.2492794856680779,0.3467089728396092,0.6590860324679337,-1.1708444594196086,0.5560899490503395,0.5972391788391317,0.7457791708387767,-0.40995190012224925,0.3247308360343863,0.6453658867649769,-0.32848730309842916,0.17502427460176634,0.4306072584898431,-0.3689220208929179,0.22545043364011108,0.17998384726373073,1.2005514234960628,-0.28159754125140934,0.1863705160388036,-0.09788044144019847,-0.5265087477125776,0.3612939764543287,-0.22358834010009324,0.07106071361131691,-0.228369170735586,0.15558874995683522,0.35899003197785534,0.3988814784992611,-0.010038627199779522,-0.9490152688368533,-1.8590538492409678,-1.618736679071965,0.8291761107282078,0.6250884882883728,0.5770791880828059,0.23177504561339363,0.3671295414832107,0.38966453754952307,-1.0850204473149958,-1.325277902970247,0.08551890961116063,0.45961158588016443,0.2992364350890093,-0.4397653728847899,0.07633472431281517,0.35279121170124433,0.21029055937409613,0.32772993446445164,0.6195221050543422,-1.2879913645287766,-6.191629557035633,-0.9606450584316527,-0.12974497247694775,0.2159335011534623,0.31693446253337804,-3.3751956935826093,-0.008980149884161702,-0.0751921179195225,0.02244188365897171,-1.9890159227467725,0.3910351993399163,0.32789758765658195,-0.06561518849183093,0.3922432314541479,-1.2633558632110635,0.5688149065648156,0.43406381506478803,0.18757220387870396,-0.4936533917958865,0.41418024055848435,-0.9736087804903735,0.46607124157551394,0.21930183443813056,-0.04552687434699888,-0.3024159812122444,0.04383880279668351,0.8496420480839264,0.3617936959322108,0.21138347469401478,-2.5578423788442906,0.47888667056958545,0.7392392670372994,0.018536930912400915,0.6676252119119618,0.6959405844170008,0.44625129843466976,0.0563524955613768,0.31228955883706816,0.46581966654529816,-0.17544033447509594,0.6764791114948658,0.27889531179863913,0.46732986830203743,-1.6798293722741808,0.6919274375682619,-0.28129193006370723,-0.21786511923694574,-0.059813829838073734,0.8650054093433731,-2.135615074432353,0.4649127907383822,0.5297947750816476,-0.47953183607330946,0.3429959498742239,0.8100312093605224,0.2929339408516964,1.1052836666268582,0.6245374395046533,1.138331386022812,0.47055981700317634,1.0344840495560383,0.28687033295297787,0.2566163725174547,0.5056381714693882,-1.0152523438294592,0.43746791164175974,0.8698572686582904,0.9883022824148269,-1.3196558117541848,0.04982365108651454,1.730217877794535,-0.1961879602685203,0.08427634434246174,0.44103549984924,-0.6408292195589973,-3.4065676829319007,-1.0614212769715732,0.7872094319828109,-0.5209940085831783,0.45613196645698695
2021-09-08,-1.147426042383508,0.8592744459218353,0.5594873924787066,0.4781328142274999,-0.0378943510606099,0.31464407714962084,1.1000499080138146,1.2066739527306414,0.45980453206830785,-0.06851811324563445,0.10403823690214341,0.6791136506343076,0.4029991866168055,0.4844099299213175,0.8776995937194416,0.498069789641397,-1.0599298907103536,0.019780699760105908,-0.27953453059536393,0.5973092719050566,-0.5259853829840488,0.5076240330626376,0.7722384776049598,-0.343176327578305,-0.016775854729443238,0.6594252680009726,0.3540175678147059,-0.4466849671329993,0.6897987982853199,0.3609562076825299,0.34244465332592444,-0.053313542132515636,0.2999128437357096,-0.8841027308187714,0.6913827411230086,0.47705552771777127,-0.2026372110775616,0.24391985134864272,0.2148628037439972,1.196494400098184,0.6760193574677699,0.25889441875508945,0.2349355753901252,-2.038354364933802,0.20876938720552313,-0.07929078336068839,0.4253169732094248,1.3759406397706098,0.40766341388018906,0.6372881909398203,0.3806782685269589,-1.8978934572586945,0.11929253778707691,-0.172259112736782,0.22100097298473673,-0.19012010064173254,0.21000099934501704,0.5609163870366572,-0.10380255632069565,-0.0020395987852409522,-1.7697920038468242,0.43611016655572366,-1.5605079057749203,-5.119479173806647,-0.7566492499047394,-0.15003991723152416,0.4607513502684077,0.4136597551296579,-2.4761983927048976,0.47103730888079287,-0.2755285160130006,0.08151758867924472,-0.6179852700019629,0.3174675762184155,0.7730774702263901,-0.09630221210776475,-0.800313874677211,-1.0798903042339059,0.8991333144548004,0.2701859499127242,0.4790684236671707,-0.23356692212647406,0.29274939389143406,-0.19464369023931494,0.18016630205874384,0.04190398884894715,0.5738638287164335,-0.4605398117899151,0.46526876793178884,0.6925625241516211,0.9625106871423958,-0.34256116346235693,-1.431142311065698,-3.8546303270524063,0.7847384795144964,1.3519725903795208,0.43287216712083876,0.42729175000801967,1.1943693115058978,-2.7118033983184584,0.4680027896154036,0.6550390204313715,0.18924161004111034,-1.1811378062939837,0.7688980887399918,0.19663284394947003,-1.7409729636572573,0.5330565552016426,-0.1152278773029449,0.43417459554999915,-0.03183225286691548,-1.3129654211214494,-0.9020431726349376,0.5899829383319616,0.27689012500524557,-0.1779820001836546,-0.3341987215786423,0.5190298520543539,0.4750282511867203,0.39095896230375393,0.6579849613482535,0.37548947599664856,-0.1460626332878611,-0.11445460838652155,0.41305248869432715,0.9861106729552255,0.729139726263629,-0.7650514453609841,0.3217484517696809,0.4767256622241438,-0.08820867200931695,-0.33429407061891125,-0.28416731782556537,0.4397122349172346,0.18862230108743172,0.49733261694771475,-0.18019756658939295,1.5859185631844983,-4.912054233482362,-0.15762357973283378,0.498069789641397,-0.045950251298884505,0.4682789068390234
2021-09-09,0.4534640530719088,0.477803429458989,0.7843045386256974,0.3181315890065396,-2.123474303113993,0.3554032758101045,1.2545160452615365,0.5090109054826915,0.44129168061414625,-1.376365182211307,0.3136839492149039,0.5924112409818665,0.4880061178115304,0.7733706825952688,0.37170745781422593,0.6689297036594999,0.3098596500184206,0.4938802292678383,0.23844934187560415,0.49296728552833474,0.06056101832956642,0.2208537012733013,0.4978497050908976,-1.4538407175331864,0.31949318343869637,0.806232714632232,0.3678824865800245,0.20300725996252358,0.4937172794237026,0.41480865245936294,0.5595428398812056,0.6893465909358696,0.4336471296928769,-0.22160517399201288,0.6640845944593868,-0.3142934720215161,-0.5327697624215342,0.18606737992172145,0.4457453675078319,0.7420837697785141,0.7151860896036931,0.3832708645123307,0.24417839608354133,0.1414089408817883,0.7242395315856518,0.41772422922215696,0.45302682202441497,0.43601812878225316,0.9571010241081777,0.5147787734536864,0.46252195777855154,-1.5925345551245715,-0.2514173431123324,-0.19075628285047516,0.497481572940116,0.3238343241483574,0.5300663926253607,0.18290359297850986,0.4663437910537186,-0.07787120513494737,-3.4298480348811564,0.47148778657682805,0.47816966555143264,-5.98154482925511,-0.8504175247764478,0.41303238550334276,1.2912031901835352,0.44393753354938714,-2.815998864357433,0.5526669035325378,-0.023845745177744588,0.004671086935982885,-0.4575824068894897,0.31793725828985175,0.2052530850680404,0.31461146712132615,-0.6654225274062695,-0.9096558113683288,0.4957426088928075,0.31952842261603476,0.24448775174541446,0.3962410716055425,0.5048881218679409,0.3699922706329876,0.17059240415226834,-1.0269457554927335,0.4863320577243229,-0.126695666304405,0.6650562266008379,0.34495979860405623,0.6925164637974642,-0.02404259934355242,-0.5136870069020282,-3.033928555031996,-0.29844226907022864,-0.20077758985847405,0.47504654474143915,0.469879874021331,0.4742048004450046,-3.3189588736197058,-0.4209193235044211,0.36111907849830177,0.2622305600996178,-1.9329437131859615,0.03786465547396706,0.47921859349236046,0.36815226867211,0.37688032993482806,-0.5684742682686702,0.0676578839179759,0.5266614924120491,-0.9845101465222832,0.37031191795071433,-0.2610866242742941,0.3355961424780408,0.27619038785510786,0.44171560133836885,0.1048048791702143,-0.2238311581678476,0.43738402414342814,-0.18447343104915814,0.44466972333167915,0.18639128811958397,0.1652878972037733,-0.06536733621345481,0.472450154377689,0.4791814613875187,0.19089837331834478,-0.0930039585898417,0.37822205971364614,0.4013265465347912,0.43984158201993906,-0.23570307196029516,-3.234677986334294,0.5039189396547609,0.1173268627118373,0.1866295025628771,0.41638140447121286,-3.2693200886298768,0.3987256659557459,0.2989328130081963,-0.9898567372984245,0.2562797504331512
2021-09-13,1.0555009980806156,0.3481331516528568,1.0901598522438918,0.7251298450669249,-1.4892156890809523,0.6914195696789144,0.6337026667995667,0.6940633956819338,0.80888940025515,-0.22433327972191255,0.0826518719431845,1.0614097691887068,0.6920550378764286,0.7127789235286537,-0.10174314613578264,0.67563963706847,0.8074012332652101,0.5990950496456741,0.6734824699349579,-0.37525389434675116,0.3092951797528812,0.2788190734193372,0.6274393370764347,-1.7073492914476975,0.8289590162822471,0.6710133578617108,-0.4516572456934453,-0.5527338186588325,0.3375509448118357,0.6339268766443275,0.11194136192411556,-0.7317893830141498,0.6726989629632134,-2.1966135668663984,0.16564021752286848,0.07343178212324734,-0.3350209633637615,0.5276406485354361,0.43585677340126083,0.627343904233602,-0.2281238759802754,0.42231450027656176,0.6784011494618759,0.674588190137349,0.2958144070401829,0.6199397600991392,0.29880571005090717,0.8325544986921867,0.8581374575451441,0.06225108935295903,-0.2333460204685771,-1.3950024846868063,-0.033878366143510835,-0.3296604466279447,1.0053453542583795,0.6890795641973892,0.8219484580588159,-1.4443609282240848,0.12190126372429175,0.5645320756062662,-2.78043706172112,1.3383324285107525,0.7373225477572055,-0.3473723247138951,-0.44250777233412586,-2.000613387498088,1.047973937863337,0.6476803817146536,-0.644533747583833,0.6974880863735241,-0.7372068987918989,-0.2120998216936312,-0.5970212829150778,-0.01274207503879371,-0.22485056361578049,0.7020010338578293,-1.4794212780315747,0.14563832486545228,0.6160203209847422,0.10646336835468527,-0.22594444661682025,0.5678951597066579,1.0313300110616825,0.5258705477150095,0.45502325570106883,-1.2928390371880776,0.04527497178024848,0.03170870688351907,0.3790998862040186,0.29716783880006714,0.6417910740149702,0.1364580146072464,-1.8798083656314406,-2.828870653652157,0.24197334546162086,-0.1864408386537425,0.6839046289394748,0.6804284287978233,0.41525665206044854,-3.5299056646907463,-0.8833753980498468,0.539740802364657,0.800530368736168,-3.790850192712097,-0.9304588784331257,0.5726855788150392,-0.22785552284025748,0.3855765758718504,-0.7992512326393881,0.18900321255632457,0.6926933778649919,-1.446825183805954,1.7831398979617583,0.6748759404224717,0.398795297510291,0.634915089605849,0.8059403405165009,0.7405874819761809,-2.1766527986286888,0.2973009956689915,0.15817566670437574,0.039955755206355574,-0.13564386207904125,0.6088633581281011,-0.7102250116496174,-0.18786365380311432,0.684910348451281,0.6410409611904261,-0.5015005830113014,0.19179363781408887,0.1492786842048514,0.6799840492391955,-0.012380565360865119,-3.9986303924469495,0.6924122388213023,0.2631150162609427,0.6208943784304917,-0.8049985963900035,-1.1927206991782655,-0.04525932438846864,-0.3716264280387994,-2.194268199050103,0.6460883500324781
2021-09-14,0.6453330988313369,0.6432406573515885,0.8996731874455512,0.1705343288734133,-0.1868394684589148,0.7837127469962712,0.5650601290124683,-0.28735551864155184,-0.15066737587363915,-0.2856209166262896,0.34147565373493194,0.27308499567600125,0.34090653382796765,0.1589082454478484,0.3627444184665743,0.615623088831039,0.3575521240690779,0.4856462953558262,0.396099194039339,-0.4022590139546173,-0.38771078231507594,0.5260765626973319,0.3228943195124745,-0.5026820003147976,-0.8840397143991264,0.3832643128772237,0.043966697662796234,0.25256275123921074,0.334622728652888,0.7118704276007602,-1.231477597953328,0.15120062376345936,0.48629291222415194,-0.6876523414873889,-0.38267866119023136,0.34568690314945016,0.5350499653839841,0.6012334844751844,0.5352611544931893,0.4852637565206362,-0.1413673106974345,0.44148784527489865,0.4020230628249091,-1.281922392622945,0.5615715470925386,0.44587694534626876,-1.7467196148901372,-0.10296386665781035,0.5820408788227045,0.4472794686949899,-0.09457580787984914,-0.18199832725933066,0.08939371907803778,-0.7046967499526098,0.6946755157743436,0.3953749913260634,-0.056144338474003415,-0.5160559332686866,-0.15119023915918237,0.7186927755727157,-1.0356424811917675,0.581600600360866,0.7084548509804912,-1.81667462168675,-0.45729175209232736,-0.6097356886734202,0.03411419710686584,-0.5519612838248047,-0.4298575912762942,0.662581221646727,-0.37454900214518155,-0.057907752347450756,0.42207117163638186,0.2564885492258932,0.24112861808116035,0.6540545679213539,-0.4602392638200071,0.5312775004368304,0.08447405155864131,0.03248545607450727,-0.4053422319875929,0.5639733320093311,0.5434282757862541,0.410568244008429,0.2859334801661441,0.5641881116178439,0.14652840443306733,0.44106974969722246,0.22133184891794358,-0.8314759423273594,0.48201501872166597,0.4800602811160062,0.02132105963299724,-0.35157328350099243,-0.39314696659791526,0.46194671258180975,0.5020689019875825,0.5052159463827148,0.19236120078158822,-1.0736636464901537,-0.47205680244211323,0.038854715344837185,0.5030568455628928,-0.9922314881346826,-0.4203479384961261,0.34635756527887535,0.5889567821882874,0.3809310377058351,-0.4858291354004492,0.5615295456960674,0.02783386814615544,0.29984083845415055,0.6151530330920911,0.4658670296537791,0.43097910158542646,0.5810452479279423,0.3840231385665416,0.5961188448262026,-0.8998466793321374,0.327726764906852,-1.1177982677699665,0.29357943901610156,0.3283524544004284,0.07852866428977993,0.08069259450011738,-0.20307906860745764,0.08225546936645461,0.24188357468183308,-0.5323228144718147,0.2460204860307658,0.19774305879725845,0.3283072684460309,0.537869774252459,-1.453340295098581,0.8459231138701871,0.2881733093874942,0.5781574196823732,0.3671477409884541,-0.05270597075092558,0.07069921950899292,-3.2957602989474872,-9.396539798733134,0.25993069117920004
2021-09-15,0.8844849502121956,0.5351814653880492,0.7630906047063052,0.004675682270991004,0.609333169417232,0.6522228860728565,0.3826354539757056,-0.2515957748202242,-0.1311315906075649,-0.5346287725963468,0.7058513328291603,0.040908380682035596,0.7156588910090778,0.14413991643425128,0.5668750644143974,0.7939989566360266,0.21684900814882965,0.017561492364544302,-0.3486523016844138,-0.893297065012985,-0.8003259536149143,0.6550279007728089,0.2368926427076705,-1.0277594078779502,-0.4577863580203434,0.4310625076006351,0.22879694057225516,0.7734766504849685,0.6477516952086103,-0.27205774378066605,-0.9772585690317772,0.5325067694892152,0.6903831716016297,-1.4938012155942948,-0.5770792777477,0.5928765146531235,1.081899956221867,0.7620876769352064,0.8196148488086248,0.3062906501630848,0.05764313651499909,0.4669196820440451,0.37113472425320826,-1.0399795207701628,0.6993859317935415,0.28636175549735543,-1.6731923826973794,-0.13343834881939298,-1.3897833760866687,0.3003169134975025,-0.16114652963696235,0.5280638266386736,0.6813094615130348,-1.0547551144895753,0.8059153835654803,0.3925759421097417,-0.09605749739423874,-0.7667952386237107,0.01784582733237428,0.7492857473808238,-0.7712218084342586,0.48315554566569,0.6550426369173707,-2.3511723323537774,-0.43615914639289055,-0.3004086156775421,-0.27878737802309145,-0.8133798044278757,-0.006534396472544727,0.40517180458248386,-0.3999784007746236,0.26594596278124216,0.5912750933544305,0.42455658584913486,0.2228117344307399,0.7664885551016357,-0.10625222207454632,0.6615927791311835,-0.06711347754974833,0.09260831561839342,-0.42135919057840876,0.5539183610085548,0.5425782476400103,-0.07031012340092177,0.28753341412743,0.6839096983279642,0.288793974318049,-0.35556001637237006,0.648124986457032,-1.3550779114871023,0.7516049404887168,0.7639629164791762,0.8812070530126191,0.7205168027335975,-2.0459519507677624,0.6928634502996776,0.30005896179325836,0.251304494696722,-1.611823138577702,-1.1828274141703514,-0.8595789922954176,0.17861203109274093,0.4249090209315889,0.1464102046983227,0.021971507774938694,-0.13570146689424115,0.6581186417054928,-0.01704877372209736,0.017671033399754017,0.7343299700596776,-0.43889500726621383,0.04305929888230215,0.6835958657864099,0.638941760871726,-0.027498841169873528,0.4068557641475248,0.3366366371794608,0.7705249587184689,-1.7347970993705348,0.6438449386108908,-0.4691347165906833,-0.18324432638164484,0.8907229353414455,-0.8828351388696609,0.5313067017186348,-0.5047045015139178,0.021769608715512718,-0.461249322516653,-0.5629092054265673,0.6249251529619158,0.22909784397345673,0.6177192035898356,0.7561691392382731,0.16434625572148165,0.8884185783455567,0.741583076910536,0.5061190027424949,0.1482409988242422,0.032911107103326884,0.25071795124445,-3.4405050101939714,-8.026459974203252,0.20555272582993125
2021-09-16,0.7640795643708825,0.6999355631086841,0.7218165081160772,-0.015883702564314834,0.7392454201384488,0.6958747590524779,-0.10222753176160922,-0.11747238271014893,0.08694036182932174,0.0987096286209569,0.6238633722234225,0.17531221235124872,0.237790626750638,-0.07308301981069255,0.6197553542357407,0.613004883891564,0.09379396361406397,-0.45126089687149323,-1.5281271604477666,0.06991107340495178,-0.34205292452842,0.6256050986382661,0.481547053110303,-0.24553930483474398,-0.4346668019533824,-0.8068049558510747,-0.5318030544082326,2.8202391264325284,0.5982174380433499,-0.9532898297613558,-0.5818200266780864,-0.5840158535462658,0.5106292558504211,-0.6483709576152682,-0.6475585925893473,0.6727971792398988,0.42275209328595303,0.7170665416105269,0.5183500129457539,0.21449586642975443,0.3291024877611791,0.5776765914263772,0.245825177629589,-0.4920802977110867,0.554715703620317,-0.3522708221736659,-1.138926209241292,0.09021309109286935,-0.9199624211091284,0.6756572019804329,0.05429609406177926,0.8246261089129303,0.5675537547296177,-0.4195030986253118,0.429307768337708,0.049967332756629096,-0.40758893460279766,0.21350166108580484,-0.5104598958153922,0.5913652938631441,0.4684263321729618,-0.017168393187111285,0.3732357405316456,-5.341899539595776,-1.2113014595461986,0.5489400884496072,-0.21508837511951193,-2.0551619691314937,-1.741196993664719,0.4438999683388252,-0.4896045563074961,-1.0694271082202256,0.8424572857730976,0.5974315366801958,0.60739136869485,0.5912932719212421,-0.24825066786034627,0.6942604738501732,-0.05824126492327752,-0.07342185954302612,-0.17791783473732947,0.8581686648605419,0.3700136902444774,-0.11789193757849326,0.22184831390158816,0.5473863485167711,0.36601522299120665,0.34501290418752617,0.5773097734708277,-0.5347233074048238,0.5948267394436371,0.42741950619931646,0.5814568336189437,-0.07076563520664032,-0.5924848329110474,0.6842946995754767,0.5603678688426755,0.5544713729085511,-1.066233501907078,-1.2152169866187623,-0.4326303543805443,-0.12610641908049133,0.40681753590154934,0.5611281721422179,0.47041005715204,-1.6889103262394884,1.4738054484648822,-0.13846078269888834,0.34707964219074033,0.8667266764344452,-0.7958690818559596,0.7170947294313258,0.06431524599055016,0.6995978239360565,-0.9175356101976929,0.6004108555323597,-0.3620475760613532,0.6642403908388004,-0.8402832302811679,0.555602743590204,0.06871281976060464,-0.2125268295364719,0.5880856512538616,-0.6704208863587832,0.7363103376277771,0.2002676599950465,0.34609260416431886,-0.2094519211210477,-0.18993819368514953,0.5921134967932777,-0.08421614282212159,0.6023996521407095,0.4464303027512438,0.2916471059754686,0.730512512850812,0.8320738348504474,0.591926307052154,0.11562861889356078,-0.03536100555259852,0.5639184784280751,-5.014572290168692,-5.01809785342671,0.3223754682714653
2021-09-17,0.10366956500394575,0.7922094860630252,0.8152425641536019,-0.13625381247528187,-0.01046777638417857,1.0488865085046524,-0.628917972995298,-0.10384476937649523,0.3371635519323238,0.2701073242596443,0.7236648029671677,0.3422400828046198,-0.2170445767338491,-0.2393026821186865,0.37049948243933434,0.3591968712668159,0.14468002607642416,0.1011546591865362,-1.1406989843067508,0.371736381472343,-0.210617480828117,0.8849962740001546,0.8538003981386052,-1.0457106517774133,0.2713726135134312,-1.4129624014350133,-0.6300138566030673,0.5924567126995601,0.5581766896277245,-0.9231986740900667,-1.2760398612644324,-0.91028347840014,0.3741496436778566,0.01372208743827053,-0.5733886826499957,0.23456750987090538,0.39642664307508313,1.0335746410843925,-0.30039340944860693,0.2437071361190061,0.7943622577085776,0.664561255981753,-0.4537297835225829,0.027014537951469415,0.1460007828936186,0.049973038075691735,0.07173525737006026,0.4249758580899907,-1.1152954913551376,0.7514441593087076,0.12379444266366316,0.5810637029876244,-0.019337462444327057,-0.33600488835439335,-0.246934185632752,0.03177945651988583,-0.6017450149320183,0.6868997555949306,-0.7626637569539682,0.7985342510215842,1.2197739408775303,-0.12719539435095287,-0.057282501811790267,-6.892597980330824,-0.48007112829100457,0.8472479439164465,-3.3196398990718863,-2.3915450994518275,-2.532819128433393,0.4076749519147706,-0.6405566425579132,-1.6804591944882237,0.9788979529648444,0.6899369032048513,0.4168448584594505,0.47270943874562343,-1.8514635604634004,0.4145189890041057,-0.024966747725583424,0.4047634606285243,-0.41427458433583964,0.8796599472298625,0.223677443760715,-1.4798519138440585,0.6644839450090948,0.4066157839887223,-0.12876726479472198,0.7053648714781081,1.2878513028446306,0.028190108844392395,0.6084732695188915,0.9054536104828311,0.9198603307402158,0.4173005465231438,0.218839194821723,0.31104258317914524,1.1337919218334813,1.2058619554394228,-1.6100011860410801,0.04503367049671163,-0.5610837788269367,-0.1734237978212025,0.2318012342288102,0.1799913319908307,0.7300243565630635,-1.1414362570344017,0.26490970203785985,-0.43397003628035186,0.46737988790301815,0.9530943149238564,-0.6605490660968326,0.39748023706919605,0.17056595790987808,1.3972166939209076,-1.0337857965202426,0.5081815614645201,0.1915036462491326,0.6459831610441688,-0.7477129943169616,0.7659981882897496,0.3695059175541074,0.14765427859423672,0.403887113503191,-0.7773235996209099,1.3671258266662458,0.541592772035705,0.2741122039640889,-0.24589307571100166,0.07662963354145276,0.5646214803102367,0.4118095487779325,0.3326986047250319,0.35651927922605064,-0.07482388564455741,0.601321754672819,0.47249354207681515,0.7706098324542636,0.5337087004095257,-0.3075319409122307,0.5268964864238124,-2.108012349460955,-2.0750389081516607,0.40820078049317854
2021-09-20,-0.3411555237836026,0.5693705652566305,0.9237693793058305,0.024887876582815736,0.6159417488647432,0.433654678946028,-0.8534415814132447,0.1629766852500134,-0.2074477881411791,-0.21698476441101086,0.04956212951998735,1.032739256705402,-0.28447324527884316,-0.24312274732111547,-0.6002333063326092,-0.3143311840142735,-0.22068013085716554,0.09047138055399644,-0.05611560227946473,0.18587215839914994,-0.10404244292353267,-0.033946410659147296,0.5527384626773383,-0.7049481423976544,1.0017546825723393,-0.49472391741601335,-1.4372258743130972,0.8279273094354938,-0.3255991558580604,-0.1522944250516776,-1.9017823438993293,-0.552107840824137,0.21078891667185568,-0.11926301066980277,-0.2675811725308761,-0.23934449554200973,0.24447864972662908,0.42000845085627353,-0.5455494894549758,-0.22015946981699067,0.745000450166527,0.3954315250503163,-0.13329441490651603,-0.04904734244637759,0.16012599498835792,0.6636767795787916,0.5999807795580896,1.0739276121896222,-2.8826857507199466,0.06291783722281559,-0.559338622978201,0.3618707267168599,0.612149961665613,-0.6576171813333311,-0.44161243062452155,0.12148027584237454,-0.4239688198433852,1.4753284659633181,-0.02638814945556124,-0.73296763798293,0.8205578438580292,-0.22410644238605795,0.23410885945225438,-5.793447795612253,-0.1464296017069655,0.660429150716646,-3.1807853645793958,-1.3776033937435181,-2.3182929560430927,-0.20730917815258357,-0.009040542695655228,-2.6555982388677113,2.4279588926672306,1.8152239443740597,-0.11799059028509215,-0.17035371973943894,-2.3203727801899605,0.6233854017786938,-0.23088974981207352,0.32665161906311796,-0.046340807889029355,0.2781373020105474,0.22723111312836652,-1.018754229438583,0.17777689969472318,-0.6423168347328752,-0.40794336474711146,0.63525535637182,0.46471996923187586,0.4640813493076796,-0.02877036366254632,0.4697039694388265,2.3445811306718887,-0.12191994034667375,0.3647820269462933,-0.5532166175583187,1.9785133690886065,2.310628462869931,-0.5609691974598668,0.2288807165147601,-0.5726376424969921,-0.24816739209987107,0.10808049992701865,0.37156794139930366,-0.12369452200524786,-0.25166437715520473,0.45830859943316254,-0.31143720477518505,-0.6463040353549662,0.6116466637709711,0.0009491546696481445,0.6582161024268207,-0.44539155002350456,2.0968298274756862,-0.2668806274893812,0.1944142834040016,0.4442739621573592,0.3384082450140804,-0.031647393165501386,0.2597513340539788,0.06822320166012222,0.9695321764092133,0.23996661537265504,-0.2636778171195911,2.6388872188852055,-0.1711843451365513,0.116176178601049,-0.2685012436013198,0.4180970430371258,0.13422905621120618,-0.35637772723936945,-0.20910478017650178,0.32415402907143065,-0.1362505564300155,0.2654313018213386,-0.06865695236581322,1.1532219598036078,1.3226033911938664,-0.05917770173226351,-0.0967050377550076,-0.5815991259087193,-0.41196104174637654,0.3325382956559502
2021-09-21,0.3629451604647584,0.4374739232915295,0.30088322026404213,0.45634401549953424,0.9127137647637463,0.37939292871209507,0.1350559502909783,0.3917201333150969,0.518392685452521,-0.3120103253905435,0.2677556266944958,0.262882674777884,0.41380477442076086,0.9999546768264973,-1.8646991682664047,-2.2402357390240137,-0.5178074498201725,0.5865830893162662,0.40782834896190845,0.38759550788648434,0.319143572172371,0.443680939414299,0.5290037018210935,0.2517392327925012,0.3983245673174864,-0.6009133899924457,-0.21879271748450063,1.179271568757605,0.3789671516552388,0.4661950079499195,0.05667214381963748,0.5865778853704933,0.12857386761980405,0.317668486377537,-1.1211610131521443,0.230243628024442,0.7474268295901829,0.3975117330175698,-0.468362991182904,-0.13656748924910245,0.22057256056892738,0.2950419421057877,0.12914718233646258,-0.5594872019716034,0.8682871507870217,0.4200719352403135,0.4488179945031892,0.2244556454354475,-4.41981751460037,0.4583841842155637,-2.323983779270358,0.31996443345661457,0.43703965258464816,-1.004739828607535,0.4308504014585697,0.38519217863767036,0.8420535839526847,0.3118193158075829,0.6013953364308736,-0.5352750637444812,1.018888501900318,0.4387795968169648,0.2566777070561776,-1.536162542137023,0.3248165819845144,0.3509892675451847,-5.592672663741751,-2.074728505341815,-1.7733022182242144,-0.3883085177027967,0.42295399426701025,-2.5164182668182864,0.1598770900513345,-0.09756454248391855,-0.06441213091303968,0.61694123517883,-2.449673004324567,0.3855471393682281,0.24950179567097397,0.45362169969041255,-0.5481342236448282,0.6317852479176627,0.4604808739504686,-1.7868052894395963,-0.5072178950635983,0.45490661241248975,1.288074153957822,0.5327343467526117,0.6671649056404388,0.28541689250848035,0.7363076987135282,0.4401630489555969,0.1269243946134726,-0.44718972327499223,0.22869394311555363,0.23525590501089277,0.30578325530715994,0.28355550749495523,0.2281835997046878,-2.0602634319163196,-2.2206169017404758,0.7344096090019175,0.30819445557395647,0.48596821437863774,-0.9181775426024505,0.4661950079499195,-0.5766150041576931,0.7456388656910133,-3.173683964719981,0.5221950378356593,0.35521598938299614,0.42453592472589924,0.09986534730677095,-0.04607684816988454,0.4337402276396882,0.5251517225695291,0.43631113931046994,0.30439359048596,0.41005828295875807,0.35580645982982717,0.8016719035571181,0.4372557818318317,0.4431907521415905,0.3458346198301086,0.13874094693266695,-0.02494224790539072,-0.15041235236718187,0.4232069945008849,0.3621764339194297,0.6630617183482795,-0.28791924378815026,1.3803168500081657,-0.07729650797615698,0.7826651768416979,0.44299266964912726,0.05304857336533539,0.2285395991496732,0.21718867382154872,0.43346889039504816,0.23091318363888924,-0.42641316071922586,0.07319779294693421,0.37426467566471916
2021-09-22,-1.7759394060277272,0.15583058378966771,0.5263236652899307,0.7272481827358791,0.3818690951684305,0.09248601220341109,0.45183614600137917,-1.164345122874651,0.2928661672578112,-0.19522166708896524,0.4139726238884461,0.2900173543253091,0.8275326444038525,0.5603031412322182,-0.7912649643095304,-0.8390107325137633,-1.7394649697747486,0.2849393785720825,0.1207928469852076,0.09318830500339444,0.2964423931357078,0.655198544433631,0.5670791832658152,0.47741458444695584,-0.8684501014295877,0.46694752208497825,0.2785061717582642,0.507930067687276,0.5974688880130191,0.22005243403088018,1.2549502596503892,0.9242290137969943,0.20017826932897015,-0.5638765594455515,-0.13852858261831064,0.5935780490100827,0.8386504262858594,-0.3870105248997402,0.4261746397200596,0.4893160845130219,-2.7387322165393275,0.5165810157561568,0.5425996592449576,-0.8990619256157851,0.14279985316597535,0.1800621683146363,0.5974148383149726,0.11959396351445818,-2.996483154129016,1.1995258195837757,-4.356262087400225,0.1792682087617598,0.38682642849806853,-0.6218172536956644,0.9047727677992049,0.5831189877834507,0.6371881798280352,-0.28305246384030536,0.06327393359660824,0.32464952936014607,0.6576245861310761,0.8417850349194169,0.523897950853649,1.4411359894266693,0.5246306214517334,0.8748233440520746,-0.19498342656651993,0.08113704582522817,-0.04249262309884278,0.13354971460876844,0.08832960961547409,-0.9741652610079545,0.06194450504022799,-0.1566172329614876,0.4900830353275055,0.4805196257387531,0.36203515209245907,-1.142007859823669,0.5839095633079143,-0.2605393198142045,-0.4562680855571212,0.3777247114653431,0.026277763782876398,-0.3150961259854863,-0.8504661143358309,0.3545495877149628,0.5586668788635721,0.7780221147165561,0.7886799889084048,-0.13371985326836044,0.13595451773717188,-0.6987565703130418,-0.31855325047215405,-0.24180402848321042,0.04992566865562612,0.7368967491559036,-0.8739805706412775,-1.089365672186493,0.39358670225040177,-1.9757217726176481,-0.6147295455517046,-0.025175991190042196,0.33533339771071685,0.24642185295179467,-0.045374687293220695,0.5658677760344415,0.4934201026145953,0.5764151340997306,-2.6287732041613854,0.6494044241489899,-0.018141604605896134,0.44801617563681995,0.1367028161759439,0.2793839850584252,0.585039591063226,0.8299130087369118,0.06729130037517002,0.5341143104359526,0.3830088629832274,0.318161880402203,-0.5611941647737361,-0.2848166218956619,0.6912835118431793,0.08881766251619767,0.07578486311414531,0.32568836171809223,-0.8218344966758472,0.5966056650814691,-0.2638881315521145,0.3011814575093169,0.044260110474226975,0.5279375430901239,-0.37824199584917184,0.7320742763482961,0.46048279039416645,-0.6931993519571542,0.33958342776180694,0.24114410539485964,0.24618023022726512,0.44128821503146726,0.16029280810935662,-7.022986048983297,-0.016372796398742548
2021-09-23,-1.9963342681260854,0.5946157983013621,0.06552438491469824,0.5985091699696553,0.34211859578805637,0.36368842579832156,-0.2432028581244554,-1.2612248915684812,0.5276263362585686,-0.003598892763702098,0.6315486399398491,0.4569024379430658,0.20525873175062842,0.4808277474458847,-1.4698860560868705,-0.8055607662394462,-0.864389109331326,0.08499493110991901,0.4123948424228708,0.3699062470451275,0.35099641134878545,0.5645811308711899,-0.06211078054683675,0.8143846696169905,-0.5495116310828414,0.6566700087174293,0.4130427156597333,0.7459225539224871,0.8859248132239789,-0.2804476355933539,0.8207709332106348,0.39994927715632894,0.33420764148502696,-1.0751150583872129,-0.2896545868471607,1.0815913908861938,0.44257863027547184,-0.21481997659251906,0.8159319967241646,0.33946305608132343,-4.235754898806941,0.8072450145916381,0.6354061598945346,-0.2530053527953325,0.5264150474409643,0.19301229393137212,0.25734635006350814,0.38881569348382083,-1.0738660045523916,0.8141699359748794,-6.269354257920251,-0.10873200984856633,0.28905298822149805,-0.3211731418579056,0.44627520620027245,1.003390735231114,0.8004757736051517,-1.113422780893244,-0.0261951228896512,0.712277019693957,0.21450095327000426,0.5076749234356381,0.7743945949893568,0.7535537433328487,0.7581267662706153,0.8457565039622988,0.429175372397326,-0.2971151404688397,-0.3155888806367237,-0.0020324092267024153,-0.06979391480452862,-0.24224727141989985,-0.04636539138206979,0.1939601549808092,0.28099386098956913,0.6448438233586014,0.47700124051806797,-1.3711193751733506,-0.11858799704802163,-0.41789126894605083,-0.8147412492033611,0.614802682089963,0.09133510881089363,-0.1495811421773153,-0.8932211199121669,0.5257205707782899,0.7247778348301799,0.8224737849569514,0.7241914592516153,-0.17929618756540078,0.32826445416364564,0.06664381689909997,-0.09655718509307555,-0.09504700830909016,-0.26940685933817493,0.9281551952682504,-0.19040663921425918,-0.33786159166116725,0.24258503325183378,-1.1266837815361423,-1.0862491115303725,0.4470138686936922,0.50944954396939,-0.14477061318541481,0.05067321853775996,0.5411794565080017,0.7967059601875894,0.557640820747523,-1.880116403437317,0.9716376533136057,-0.822583457027466,0.18646750978864424,-0.25111702858605167,0.5972848164976895,0.13111252480490504,0.809496201115533,-0.38249915476778873,0.7565298722256771,-0.04792222502451837,0.5802572528022075,-1.354615026877498,-0.6764806984293505,0.9252922594896998,-0.748832946351527,0.08375931001251238,0.5271018330391191,-0.5553848460729951,0.5038963944830178,-0.921428043673184,0.4171901909585763,0.2010786540593927,0.7652203937427101,-0.3116569508930005,0.8897084157714822,0.7216587233792333,-2.145965139040066,0.5149312006501303,0.031181862871721342,0.28427489827982316,0.4297656758012467,0.7470154369308063,-4.692909667764049,-0.02683375603757423
2021-09-24,-2.513259701800962,0.8155549655383557,0.0583541337761127,0.5776604423110631,0.43813630547800303,0.551674609525455,1.2223610550395927,-0.5498801092346816,0.3124189769666887,0.3979210034583166,-0.571793427220869,0.4957793685554909,0.426472415968666,0.15748543203375515,-0.9504376041859819,0.3239405142034661,-0.7592711729062304,0.46323953633728776,0.685758139653165,0.5336687201597683,0.35331892755792865,-0.28948429903072476,0.21085906903027937,0.0923490052051311,-0.3460639935074071,0.578147137098722,0.41442949469039214,0.5490963799083174,0.5626267067270369,0.04705147758279371,1.0328680772204346,0.5166419023515056,0.14621526807393082,-1.058323438251883,-0.16284793399379616,0.6982331149240554,0.5419305579520806,0.4176558850612477,0.37330695423935123,0.5698186881915865,-4.713326053910304,0.5463877289016498,-0.29220706540552804,0.4688115192061238,0.5395631910702869,0.27665475943898654,0.07209012567752902,0.3420691721773495,-0.3541082818881783,0.8252675016178161,-5.315392297297538,-0.6938753377533358,0.4771086992832185,-0.6797415626778068,-0.32297513723651555,0.5549086586140434,0.6704613039981459,-1.0544301906275413,0.2936340788582901,0.8400011232187417,0.32646548642978257,0.03708763350518857,0.7231702690116462,-1.707098359514334,0.9027533406714159,0.8365620070603806,0.8703064913154961,-0.23888311250469907,-3.4928649529786107,-0.23359061244157628,-0.08884074727886568,0.45742536563488645,0.44391603980853905,0.3535703004682886,0.4795460997144548,0.376208155873381,0.17147658639864596,-0.8557105919344326,-0.32778731055144367,0.07383066046794845,-1.7029963436582192,0.6531014217683547,-0.8408383839639676,0.26137058438724825,-0.6132541105844165,0.6914638160208356,0.057297772921993825,0.44992276348350047,0.5499942758867263,-0.07462640618129913,0.3348706491634783,0.09105090457992006,0.3979280372863931,0.517294508098157,-0.061043447703516635,0.5569135079208477,0.12183559873460505,0.03455854611524979,0.47114634206229755,-0.7683396813629746,-0.12441538302101382,-0.20032477083217237,0.07949100453033696,0.22815709035934037,0.07091182545920471,0.6790965427186457,0.4343448895674871,0.5550612894795318,0.22231229789160048,0.6161155433618063,-0.9164983605071203,0.4260043818378024,-0.29544016216367514,0.44756588602822855,0.42915413708268235,0.8392409820000541,-0.08024743298840492,0.7243446973493993,-0.3101548390295727,0.30226404668643736,-0.6682923743883434,-1.9487619225988204,0.9166579291922602,-0.11852621407452431,0.4817327787760502,0.4471801904723042,-0.49645764223213884,0.4030783985061099,-0.8253968273963501,0.17540715604090681,0.09039832404414248,0.5231787587192778,0.3348903036275194,0.6171759295372381,0.7177937274182177,-2.0961235403509475,0.46672785613668816,0.4216673408203073,0.46339280107247793,0.1737278501526662,0.5426177358483467,-4.720898747206818,-0.10786110201121733
2021-09-27,-1.1996865407939987,0.40506497156934806,-1.4661344135632461,0.2755936925714268,-0.014901975423210125,0.07772355016201184,1.4685455161385292,-0.2035278459648964,-0.7537326265118925,-0.31752791759210697,-0.6137361430729656,0.4953553818444224,0.3742816046080699,-0.8741468213978036,-0.2790317031812476,0.4781647023061888,0.26312557776284146,-0.09645833804555615,0.48581476054998923,0.08271831903606962,0.5582045290441713,-0.14441014863301233,-1.2122081926109982,0.07503120575838715,-0.12549054214129005,0.6481091398679659,-0.6750671549008949,-0.0003907122250038975,0.7168646527233853,-0.32433439915663564,1.0321509427818223,0.4867111670758143,0.4538911590030285,-0.7112935352915705,1.0769516514393844,0.6220387604299171,0.3396747043248001,0.3519027927389819,1.1067997333593627,1.4490477638035943,-4.143312014264357,0.49741933329518295,0.1845704255278767,0.6144007259333417,-0.005508020129224247,0.12853435126246324,-0.5237576142732715,0.6368942554506378,-0.0837710322589564,0.5750819173694768,-5.032113409461173,-1.0668649447668037,0.9316770906117647,0.5878519238991032,-1.0740870720007634,0.6342220464369854,-0.3106309701159275,-0.9377801100450195,0.021171156797977424,0.8643772150929102,0.489442046347814,-0.40502686116158226,0.8944790269344632,-1.9330772453889216,0.6415074602775424,0.7936674206500753,1.2229204331745953,0.2083953185133519,-3.864482320188869,0.4413274788654875,-0.3530209427097421,0.493056859041617,0.5999099301822133,0.9302800686532643,0.7149427230720634,0.4549825256786491,0.04994021761611394,-0.2852178570279783,0.10367469676065977,-0.23037448823716677,-0.35495174820312875,0.2568074133790738,-2.0285153244946583,0.4394029774946822,0.008899247826477975,0.9782718782314297,-2.1211259311635673,0.7358965524664041,0.841879268692599,-0.8722270942844197,-0.5783193471690916,0.43623805139392285,-0.043781407095492664,0.43512648852966057,0.4132599192084692,0.7677609179936712,0.41624906999667655,0.4055225728935501,-0.19018185605266252,-0.4811494476241971,-0.7304350067963762,0.398307896560216,-0.13143437259544735,0.23607914766593624,0.6366763453897506,0.24959209814758215,1.2619256299633117,0.49432254782056473,-1.3304932236525513,0.2571250389239215,-1.588282786309326,0.5580152214402914,-0.8057639145663258,0.43251566136867564,-0.078497936167226,0.4850115333264272,0.49698999015530854,0.7994098925547146,-0.7248706368347204,0.5500715892548113,0.23499313852561848,-2.9231619816839616,0.554351757916574,0.18783187669507295,0.5303843911987772,0.6742809206656004,0.487239315146066,0.41420151309474884,-1.8269209136913067,0.3769333083602054,0.3422184627273751,-0.6274985088987446,1.2821776968406442,0.23338365840236128,0.3055748245117296,-1.6656545643873448,0.28832729380758904,1.03716955516634,0.6458648445521634,1.0556443932868205,0.4737153047294727,-1.209319353845733,0.41954713540102445
2021-09-28,0.2952568813826569,0.4049457996865019,-0.41828734375341564,0.6783123123117052,0.3891031731562292,0.36308733924140585,1.5472885410904056,0.7543725102082152,-0.5356307191572692,-0.07788343652151217,-0.3063240164904019,0.23450047216773362,0.4014970810062901,-0.8107564410899764,0.5286196185189094,1.4866088611573491,1.4666562938038326,-0.018699225040553567,-0.4298547600942504,0.4175834306738826,-0.5738502592529443,0.3377275869193043,-0.013322752552135574,1.2123202601646559,-1.970048185756296,0.16359031970059554,-0.732050463918464,-0.6445274101366207,0.4584833553639718,-1.2949127394524311,0.469033343369434,1.3640956591923,0.09011819771855015,-1.7473253819914192,1.6552368309667629,0.48176034639931525,0.025720646187673647,0.2554578806683663,0.7652695027397142,1.4179211987691696,-1.0504340240214203,0.05929220627215306,0.0043126928387287235,-0.2900038693492308,0.378659035513607,0.40522219305883095,-1.5840625373945714,0.8380319018335027,0.5460680362380519,-0.06322086647930662,-1.23930114305158,-0.7788191537509604,0.8533994293160869,1.0804820664291337,-0.903371307739817,0.3051281441099856,-0.6845073208185344,0.15309102760634108,-1.9771960135287203,0.36748168204007403,0.316342684029709,0.24727640171189857,0.4059602352346807,-1.183281970304906,0.8313841971485009,0.9192452387967717,1.3577976605415327,0.6004837767771753,-4.943703335046059,0.9836526242386908,-1.9537955885714606,0.5049525012331251,0.12728430850290307,0.17690099367948262,1.0166694211646,0.313801833067397,-0.6078710227798686,-0.33005441741175506,0.2876001204864351,-0.7432815470240909,0.8430751982868567,-0.22010965890469833,-2.0460089319541535,0.6271204826734076,0.7742413863136842,0.3594175213852515,-2.761659130759016,1.2857449959422802,0.4342939886879186,-0.6639164831235761,0.10660243816984388,1.0723931427835944,0.3646017225394313,0.10687052767866213,0.5107438579896519,0.5730199528711536,0.2571686772113618,0.24877625698515107,-1.9208732430991746,-2.5307734601376737,-1.474511074293234,0.6628935460068586,-0.5589540194093653,-1.8650308894113539,0.39206084411460135,-0.67756102305387,0.5094840800614807,-1.3620814803973111,-0.6690654049692751,-0.10447686073020132,-0.2263828414365788,-1.3555502261346704,-0.7967116224029084,-0.07516747222171781,-0.002941575887210887,0.5976828270438901,0.6821564879373329,0.39325146982191916,0.2681255930748962,0.064181716633459,0.7813593796010925,-2.4380044921588455,0.8976277149960393,-0.018588541695034277,0.10737862327053292,0.9067469179938435,1.5883817194266343,-0.369023795657103,-1.1792769597694113,0.1503998210584939,-0.2945049954792023,-0.787563273937487,0.36277865308829643,-0.2140568461114773,0.3387942554460981,-0.32239028033101025,0.4928600998371046,0.3169150617480513,0.6586238653958876,1.1401585857102179,0.6648525943638649,1.3612267292709417,1.194463246091948
2021-09-29,0.6155450981693071,0.940096474052764,0.2769845405386672,0.5694332744080424,-0.2158896225901662,0.8921593444515865,0.5808219406456628,0.8115145126419886,-0.33754922191608044,0.37619447397084765,0.5954143592820847,0.3111092707401214,0.8519094461631477,-0.22022709665173223,0.7876780994371699,0.6932577460007484,1.057067496514066,0.5440481479208087,-1.1560477310764306,0.6700589377537166,0.5596655413000398,0.6741949439519183,0.8103767334153015,0.6828459531791504,-2.7257117469090084,0.3263613058904482,-0.05001669841291125,-0.9081936823165265,0.8174384069241611,-1.4007101151348542,-1.1039429718134846,0.3097757683976964,-0.1389358151313844,-2.9361726946666145,0.5407846068979016,0.6162414404963079,0.5106311499900249,0.5854106432537426,0.7437110639853571,0.567947973681092,0.3933501198479214,-0.039332221157378826,0.7358551207845777,0.028622507445536995,0.4767371853181559,0.40326520064061516,-0.20626058223823668,0.13398503434675296,-1.2624454302094394,1.0466051821403968,-1.0872035023971085,-0.3337724341088903,0.6412418537297689,0.5340390462024077,0.496303803521696,0.08644895259487408,0.13702305012212213,-0.4947885321187026,-2.3282327922487513,0.8518651486505274,0.7133970855365636,0.8953517699864985,0.13048312400409692,-0.5774459054975953,-0.5330677847026104,0.5735544604173736,0.7913595270207816,0.8873255035694555,-0.6003283456525195,0.5792263937688938,-2.5891020260716666,0.5902921133440066,-1.5529491426229158,-0.566564020478694,0.48222690183482275,0.5490137325568426,0.5460082993390623,0.5072306003107253,0.8622444552504522,-0.6291827768379438,0.7303578039215316,0.10766948170160068,-0.9819051227102067,0.09665320626989565,0.39111905153359644,0.399454881147394,-1.5384641866268913,0.5914235711331555,0.7172211211852089,0.1708472088490747,0.741533092113239,0.5717375629810743,-1.432331494959216,1.509801796374063,0.1959537391194666,0.6519335450423034,-0.1145544722789672,-0.19627877316302708,-3.078893784933727,-4.62469007541934,-1.1600747511607603,0.9346933019377675,-0.045647395391657686,-1.4846138286359203,0.639936822667449,-0.6195694087966356,0.5983199232096684,-2.8733089081869894,-0.5846545797123865,-0.13848485865606,0.26869057302431343,-1.5333975185108906,0.05659010923307763,-1.0364579210600868,-0.6071797277547534,0.5673507272013768,0.8793735144556004,0.15141377074854626,-0.06020175099573657,-1.2396430444295679,0.5711999656215206,-1.481551513774488,0.5940202886082567,-2.2909770099860087,-0.059135201172352804,0.5770005521932569,0.9827237828311564,-0.29477146698212836,-0.4024624715267267,0.18863571051351677,-0.8379156577963424,-0.1308624843063956,0.5937326092331654,-0.3568180705589671,0.8132930345804373,0.5473309008323415,0.5974098596719166,0.3317750321987465,0.6872552153832054,0.5871309602232798,1.6210942372207755,0.5834480338477641,0.5590585193000742
2021-09-30,0.09696132617593561,0.7197269443212642,0.4977121064459463,0.5547960347785814,0.17089412708142673,0.9365426428233046,0.0824060162833824,0.49722230764069225,0.40370349943948675,-0.6973238633163102,1.1610158868868081,0.39539713195249376,1.0608859843194833,0.48679015636910206,0.04745809294060046,-0.051601558403796474,0.45193139882535466,0.5054338475125862,-1.1492985770250268,0.3198738795427236,0.6622178145890896,0.7912723989063781,0.7667487096623951,0.7476626123491378,-3.455454691716786,0.25926127010472555,0.4332965169010741,-0.49160699327210233,0.6846300539624857,-2.287748454460912,-2.7491022171953086,0.4157546202174821,-0.03753019750727558,-2.7180663118646464,0.49187077023366116,0.6671350502483605,0.412683948442429,0.601787846991612,0.7859918612651333,0.5062698231757351,-0.011215328567513557,-0.074432140816988,1.0257413958472736,0.17337209137025691,0.6663130551433452,-0.8018583849406801,-0.5027689532433461,0.0014308444690565698,-1.3059008497209854,0.4781773866840632,-0.6986338306114733,0.04392678128553697,0.43903692951101736,0.472173439330377,0.5213773127858579,0.5135914034733037,0.5356794553735409,-0.1008293227356225,-2.2743452445735106,0.48621372824541836,0.6197016434122927,0.8505156161281544,0.13925480137287286,-1.4327085762788534,-0.10763039158587269,-0.39139429214315846,0.4860402819455393,0.7932689524989013,0.9815533456432598,0.7129125675710314,-1.6979470556055485,0.7063644909666782,-2.035481321984409,-0.026408201346589427,0.46212794197325846,0.49777204158079374,0.8223267498131932,0.6643862943835809,0.8047339276886232,-0.9971687927040306,0.5029101354720377,-0.07543883582136118,0.3333307869080052,-0.26240332241124975,0.5729052766650856,0.5263179102918358,0.18106251593165562,0.1941865717410552,0.40652311881934433,0.48978248401853314,0.4999388943766015,0.7644877768476718,-1.0563390662498398,0.5671535264184637,-0.07103298586010975,0.61006704248119,-0.1694024743125689,-0.2422667218058051,-3.0661367631309595,-4.690838169445947,-0.6602895874147346,1.0513383687556124,0.3068247326657623,-0.975342735947885,0.7490734533160963,-0.9801713125506444,0.6311299517144636,-1.9140917400327366,0.1467213075640246,0.2625490524730355,-0.13071383722386273,-0.6106836870599888,0.43088023835425876,-0.8084367810781762,-0.12094716960869317,0.8366032735016806,0.5566557467578095,0.07454653126989186,-0.2986901084617204,-1.451168946444878,0.1969019706648003,-0.08765263545314282,0.8205035631802067,-3.552385228672961,0.07365173702337895,0.5513640721131462,0.8130595319624646,-0.52895107223681,-0.09746391933922728,0.5518575408931571,0.05628004812205238,0.37990922961123536,0.21813641682742424,-1.2476726989343785,0.7694205001064688,-0.5209493343141681,0.8648915467987652,0.5249780046565845,0.2607962011834983,0.7544738607448729,0.3955036170973362,1.0411069752731739,0.23477401394335337
2021-10-01,0.7574959057922567,0.729908222315899,0.6968065725272892,0.6279053766483504,0.4403099012429125,0.47740197939565593,0.20739062792177318,0.5707777240209932,-0.14331115745262674,0.18561030357433728,1.111939606349974,0.7001540925079651,0.4988435079054541,0.4767382025862516,0.9369916430667607,0.5089333486175216,0.32481869112336675,-0.08708043729736133,-1.0508142785234762,-0.7996964026774412,0.6829521329542086,0.5010213122664563,0.8989665602972519,1.0358166656120267,-2.7023565853750466,0.11338775848335886,0.5633186517288119,0.058833171691113795,0.7158150312072679,-2.532506730146125,-2.9831069938172496,0.4639910417117637,-0.09455551944460265,-2.4333540866094805,0.22392826369731936,0.2788458682139302,0.5029179223004032,2.803047606139194,0.5033012782653037,0.24471912135479607,-0.041478464050524744,-0.4253373487398234,0.6958828869413651,0.4517893604484766,0.48979388459434864,-0.2949986573612999,-1.1384137034015458,-0.23926377340297417,-3.5039213232648394,0.5694520653503302,0.5251340548029013,-0.08819319506230068,0.6969019359034243,0.48713003164331037,0.7114635678680152,0.1561639817952266,0.4735844083442036,0.24923402568436462,-0.837745690976609,0.4406435708608002,0.5281264696746756,0.8630871067769245,0.30749095331038473,-0.14169948701692714,0.04782116690727632,-0.29810335414416916,0.9925719041425916,0.7160309535303937,0.21831749387097343,0.6854435658623266,-1.3029368957207945,0.61154228288018,-3.119305862798568,-0.3221354204598402,0.40023329744001224,0.455804025809182,0.6842720734966838,0.4983970859796094,0.6151388652677259,-0.010167224592689662,0.505993151466257,-0.264212062148578,-0.44897672449730963,-0.5542669716044515,-1.4994864790616513,0.3809509543195243,1.2120588363081173,0.20769074948834157,-0.1657161837121792,0.653696366713473,0.5361108754570902,-1.179125875541652,-1.592792106486493,0.5358047413883743,0.10098974353713275,0.4146677484847979,-0.2986704736452018,-0.4001257233746922,-1.767427346045159,-2.273583511991683,-0.5775707371409389,0.38666952421939726,0.7299272601912616,0.30382742010802943,0.23342932362667795,-0.8982316098724747,0.4202980462285356,-1.2962324465734814,0.5047675930603758,0.22926463431794963,-0.49756517829623575,0.30706921366036266,0.5012413928614023,-0.9335838262387791,0.08908898467917757,0.46524965437453875,0.6071069091351594,-0.28669077064780873,0.4060329707997832,-1.8066239267495414,-0.8979382608886043,0.4785131458026272,0.9524190172966759,-4.691968287976263,-0.0240856591991287,0.8596858861630179,0.7121677883234775,-0.18118465599113992,0.1664214480492625,0.5598605751662912,0.4214226749827395,-0.33546232450729696,0.04680852549648456,-0.814085728873575,0.35825564077342,-1.1007942048446666,0.46422305491380433,0.6948733815549194,0.3072729662292005,0.489710655685421,-0.4553560942485808,1.2208558826608102,-0.04652608573554496
2021-10-04,0.8770458755079286,0.6466025355381806,-0.7606867505841716,0.5263182248476453,-1.1442040750346645,0.43278639850740785,-0.26747242241006725,0.270078850858675,0.17656283671353107,0.8306734129504663,0.8560355932713605,0.4063241116073792,0.31085170178551846,0.9780548234176965,-0.08995258999567188,-0.05103183641599197,0.8656241828409122,-0.6935634064322692,-0.7925112271631504,-1.3951298090678739,0.2821964707012503,0.36775747314053076,0.5491344671086859,0.8504930983446813,-1.1772523989602721,0.63653621549581,0.8915851321007164,0.49884729024166663,1.1647250283576556,-2.82016791249329,-2.010257021454203,0.4320009102328526,1.3973069517019185,-0.6210235074809132,0.12042742988022219,0.7679840350242394,0.710544559231733,1.8608590276496622,0.48208855261072725,-2.532884846361556,-0.4510556768073164,-0.5233548439454494,1.2469993878086878,0.41080239926441114,0.6314342684841707,-0.9708927345872942,0.028392777666575043,-0.15066185382355762,-2.390538146285647,0.60180671475146,-0.9593548085536804,1.075657458503262,0.19575611548657446,0.7249267578505846,0.9029096458134918,0.8296603565697692,0.754562185175821,-0.975503953302531,0.08640806276815657,0.9161137580489978,-0.09449644904197192,0.8238645350042417,0.3259136598693879,0.13772991850831423,0.45614583247018375,0.1475835198799093,0.8461862791839905,0.5603049684794805,1.3699860459360642,0.7784961719740502,0.34815924118271374,0.8070519738748612,-3.1476429902297087,0.026126253188101627,-0.2334096419701095,0.883826829738612,0.9632618300852155,-0.7457394266227693,0.5849221129770842,-0.008532512203847447,0.9570919902666576,0.357820217460129,-0.8809794224479047,-0.4673404876097885,-2.1598757892405405,0.5431228553194257,0.9094922299323768,0.2819929975382647,0.44851768324674096,0.8021330785846744,0.5241544099930745,-0.7550003377758517,-4.1408156541516625,0.18351385149300228,0.2393833775228726,0.8989388297022193,-0.7899948204271613,-0.9856159455760858,-1.1905875642637227,0.6266586118748194,-0.09700570283550702,-0.2391419692135781,0.9072537428259061,0.7993872435653314,0.5188603539211382,-0.6801567324487738,-0.18803572674698385,0.24137326533208817,-0.29572175896244557,-0.022445754701170308,-0.32902345927125615,0.5594634502785673,0.3664933848365435,-1.6580407794163268,-0.25768416895190843,0.5868686278318826,-0.7403717687816205,-1.0696917964161383,-0.9187725479066594,-0.50522523607443,-1.48181751968081,-0.24806752353769804,0.7533886312513853,-3.9382530564367553,-0.28600222442762196,0.8220724850538904,0.2908782637590757,0.6938530592184474,-0.5562320530867425,0.3091384557703732,0.8987043734473672,0.16156392161060057,-0.11414803293213346,-0.5884872970587602,0.5536375583891674,-1.0229327503836785,1.1478895663636572,-0.7730943457742915,0.26065536531752553,0.5734725347840018,-1.0234593626477835,0.7668877332589966,-0.22775396954868124
2021-10-05,0.3250365574410353,0.6623041728142713,-0.8455319334493602,0.5160094048813981,-2.9800493059998017,0.7094266014955596,0.611485824467669,0.7809706450723776,0.3187302324945662,0.049442398075235934,0.12997819797186252,0.8241053089314734,0.08278709526363535,0.5372166174474927,-0.2301943764982607,-0.2566290986352773,0.5687967542867994,-1.1793949230279301,-0.023029291907775293,-1.0033310912757383,0.2508215856482888,0.09498849717168441,1.1312256498780537,-0.27552108818626775,-0.3902925687253159,0.9624553536849173,0.8901581815756926,-0.2195866594686798,1.0007345968935686,-1.1515211474249827,-0.28787288930164173,0.9031504046303318,1.760288352100821,-1.8134843042306141,-0.11476565916575103,0.8051955783536712,0.5684677119252377,0.8413089632447244,0.9527685272444749,-2.5419306773742254,0.8041241873470933,-0.4235520226831771,0.8598983593410969,0.6025374035788541,0.358527332239451,-0.5985975330815705,-0.8667650658483517,0.09872077446993648,-1.5332420900887365,0.06262471852843153,0.705961316198619,1.2078446777776946,0.1697577107774779,-0.012242187616043548,0.626276304832812,0.4681084408403879,0.8664837856319355,0.1951392557910002,-1.4024913563914518,0.5408598195678328,-0.051534323550254266,0.8453595441315851,0.4005046852484277,0.22600501946715482,0.5777422474181676,0.7723881299305058,0.9930889197985759,-1.2668374358446843,0.5247317545465736,0.40020831073021684,-0.6554121926804273,0.9991037442077392,-2.5335995517176024,0.5014845736922002,0.6531596798994382,1.1476522217785876,1.0558557627632879,-1.0762418191179872,0.5251957555982343,0.30714903947778205,0.7378476854625259,0.3190693658298541,-0.7876033774198515,0.6290105197913637,-1.9001780637673806,0.21705416016318915,0.3674007597136121,0.727110963648884,0.8639874132288509,0.7510027021640627,0.7056469937856608,-0.6798189596803698,-2.5815645290628932,0.4955353600179527,0.7721767221794071,0.9945219681985208,-0.18515227622032795,-0.31459885994492964,-0.5629380779704216,0.8563052107525129,-4.143545701828376,-1.288242022053718,1.3927804654269678,0.6104253975835853,0.22117649926162544,-0.19578184005996005,0.1738519576919434,0.9015738853416706,-0.6733995739071549,-0.06225984718310397,0.25117473212692565,-0.21233062561743404,-0.5370994769617332,-0.9562539593523024,-0.2170806171713717,1.068334037312231,-0.3134892330029739,-1.3930416551363647,-0.285237350728641,0.7115067077411257,-1.5384693377661485,0.28112687944818004,0.9025086321820689,-4.4553138904927145,0.12958687334470004,0.12511623403869743,-0.17556081748717717,0.13188284387783394,-0.6392595223322007,0.28123165803524974,-0.17654262912940222,0.012782799850355298,-0.3029861752314533,0.5928940594998913,0.8254740453358336,-0.795147356181314,0.42441833443104077,-1.5344372505797355,-0.3844668830482993,0.16170540987931245,-1.0899558512176648,0.8001733540446131,-0.09533496616959425
2021-10-06,0.12552599619225072,0.8961828699117895,-0.07330811370600986,0.8809589426307786,-1.670530199541809,0.819355816308905,1.0001073223949268,0.6511980744814954,0.3387483618272943,0.33392386402930324,0.11717290914181558,0.4325190369985106,-0.3114997368212596,0.8700197763326691,0.10884764987929157,-0.22135727675887043,0.5148963400161252,-2.3064380321311853,0.2675559517057992,0.09335645803651083,0.7693701844693264,-0.26999837989244246,0.39657414462160384,-0.3919200503223829,1.1637565695316268,0.9022399581726236,-4.400202870967131,-1.1924975753076084,-0.21523617951273386,0.24817267536392226,0.33392386402930324,0.21126149190267235,1.1694062503905622,-0.8143066118929135,0.07812994612584051,0.2766071633016883,0.7039916830058466,0.7724136463877644,0.40744459740508143,-2.4032136065424448,1.0030684681366258,0.19025750549331338,0.5585776527966977,0.7414508221285968,0.17763071380097042,0.1571487485492711,-1.21361926965107,0.7423731596248141,0.1153437304925855,0.41919939227697633,0.09610866666897483,0.9675359908394866,0.2659117094519432,0.32187169773787155,-0.4948243522744749,0.2934256572586371,0.7942673957024665,0.9761391338939734,-1.576389386898015,0.3359437031978676,-2.0213445104806187,0.4834269691430344,-0.17305334906967204,0.1364934055601495,0.603269417157865,1.0269288454814836,1.116625675384303,-0.5256892417467967,-0.4041948203030463,0.2885380398936309,-1.3752780316676447,0.8764627639025506,-0.8183008226293682,0.8304453701704074,1.3176836045213847,-0.7262496901691525,0.8258590887641779,-0.5675598542032867,0.3733994729991705,0.5980813808215238,0.6473693789547073,0.5038580951040031,-0.2737032258059611,1.1282547844213495,-1.341578345291679,-0.880691547701809,0.14206865467731297,0.030107040374956123,0.4936820795396833,0.5209291421692741,0.5017764253570034,0.027915202452669374,-0.40184518895318433,-0.5854585062814189,-0.31738333869967955,0.7870780923636089,0.311848350343162,0.3080591186119988,-0.2466015929181107,-0.7383844625155876,-5.635167033289969,-1.96561692523561,0.6577005141303426,0.3662756171523375,0.20814899073529142,0.5111327190678455,-0.2361647738465591,0.7822486324261972,-0.7944018271332222,-0.15062308312067707,1.548051703485766,0.26495705472338055,-0.3190498665558524,-0.12698031296885126,-0.10810531401702995,1.1789101423295607,0.14832484143694827,-0.7122273778787517,-0.29313054795657173,1.1313101228987197,-1.3408591648681154,-1.7764663123515716,-0.7253171563265172,-3.0579078487332487,0.5957612183610197,-0.21441878364231898,0.10198268580403834,0.46275995880049325,-0.027612395881910213,0.5180213732035602,0.03531468770990625,0.6962813400475888,-0.032798724533042195,0.7718083675589563,0.496520971963611,-0.23067097730848649,-0.9433930470891716,-0.2801954737957787,-0.12227228656742625,0.30926564218712965,-0.5668431472545086,0.47552330897959344,0.43250456719515873
2021-10-07,0.17099321181980207,0.09304489201028045,-0.49014350772158555,0.5397648102189657,0.16700192234824804,0.5129201844909378,0.6365132810423089,-0.04053863059833718,0.6310120243925472,-1.1454112001102812,-0.4394663634696461,0.5751940032057146,0.6338339040122996,0.5813059907407792,0.591350938905159,0.2533456860876918,0.19363340488136657,-3.560036088946269,-0.11324189059071013,-1.6113274494838181,0.359715331647923,0.19410534594358567,-0.3110245928320754,0.007938189839707867,0.721516037620153,0.6518593447914764,-4.044845090212807,-0.6015398618546629,0.6248727930379046,0.7146343840041924,1.519849435374239,-1.0304911793948683,0.704777201506634,0.5023868679812618,-0.4119134945120956,0.5362527259119679,0.7956124016431898,0.46641009191668,0.7253202373480505,0.3021779012422456,-0.0902179338613878,1.1608388896614492,-0.4084936959970584,-0.5127400523841886,-0.3703498660021584,0.10618224440736616,1.1347140662229682,0.2634527018135698,0.6050572560558597,0.36534114933371714,-2.601710254679262,0.8712857764221,-0.05942556934307568,-0.24788507089939416,0.08841512755821172,0.7415010890234246,0.598238035458422,0.7005878125424163,-1.7513756336232458,0.9319200008444372,-0.2280713657777893,0.1214883916330492,0.31485983090468506,0.8720170087153524,0.2833549735527709,0.6886181796610816,0.6507556789592711,-1.0253424343145248,0.685271738259199,0.26560990234790044,-1.148786554444161,0.6671275920965476,0.6096562241597,0.6384544859988015,0.6441739840483452,0.2935139973354101,0.7832416266596057,-0.11921818984967097,0.34801466732695774,0.4198586777844907,0.37915583829736743,0.6518829330284175,-1.3848011357512555,0.6742322472575616,-1.8036927345635816,0.13812317315413516,-1.038330272673503,0.2526445135207025,0.7184875308390624,-1.2452600902236128,-0.4543805123049931,-0.0023830833325422397,0.6389114636757754,-0.018229422195416106,-0.029346845411064314,0.9168184286239703,0.5127899048660175,0.47746258677166215,0.5619747851341291,0.6976374295103674,-2.602872539640036,-3.939051653196273,0.7222051174581071,0.3766710776750563,0.0050423795330464235,0.7279778723919715,0.19620223078509952,0.6982858237673782,-0.41428091420127433,0.07536154013188807,0.5251328954339379,0.45917971179525396,0.3666052969757832,0.6784371391413561,0.5664214191784276,0.7867077770707475,-0.542350533266602,-0.20164129734860756,-0.11721119368121433,0.3938600027403108,-0.3723546091517086,-0.6404295926606608,-0.4206986478215794,-1.5989733619786959,0.6692281625913379,-0.6181890145945788,-0.28578610246009006,-3.08460529673208,-3.721800604360329,0.7032494047668753,0.11176613447369843,0.5264618911058525,-0.6866094364646779,0.7279778723919715,0.765322367693059,-0.9123900590111268,-0.21553935975048485,0.5796254044001106,-1.1244420432601703,0.2884757448149395,0.2928482381375174,0.9515229140167637,0.7636634210363413
2021-10-08,0.06975005271403718,0.4940624385091185,-0.2850133063243491,0.29511059768126724,0.6279765926430245,0.4549419317999223,0.6270665657133915,-1.0442927739598233,0.465420936880841,-0.9354619228265456,-0.5383455975326508,0.6547399785424672,0.456223367955316,0.5337275418556415,0.5918700121921507,0.5712656097872943,-0.3086441352200787,-4.905023785338269,-1.8270759207260514,-1.670405488380383,0.5981022640703928,0.18162100922203284,-1.260623641546647,0.27844480065605554,-0.7176873193221284,0.575765842737883,-4.36884433695673,-0.040476571238867554,0.625718843319121,-0.012324729913070912,0.8231483674705719,-0.012770274323065463,0.5597526298516714,0.8732917403270518,-1.5923184352308046,0.4574827117075611,1.0875457547202656,0.6189561412360775,1.0455399755904173,0.794889219714885,0.46410133502567236,0.9024661805485299,-0.4389201264580247,0.1406119130718119,-0.443810209034356,0.311392469572867,0.9457692218051501,-0.2997190769756094,0.6077469711628753,0.6174201954436805,-0.6011210227701516,0.5941917464460031,0.6160625853736956,-0.7024949268543351,0.4011867066072553,0.7714693515702093,0.49478778980786015,0.7794264770906218,-0.5066861947554345,0.9824143037989193,-0.14348435179883265,0.1849208480449781,1.4175983368706357,0.6279765926430245,0.2294530494841092,0.6018388602599138,0.2527044867792431,-0.8977061815757033,0.6188301506688862,-0.4386983663935548,-0.324701453873578,0.6120674691636264,-0.00548273650940946,0.548972150656122,0.22863247938838724,0.15703949890262786,0.8930621007323072,0.5186410269118189,0.21419889104829934,0.19417966276141868,-1.0721365446541251,0.6267145102726291,-1.0999575669181663,0.11701878546143936,-1.2562906000244296,0.15933326324545025,-0.6407550210690708,1.1482235645913936,0.8503840384248619,-1.2661724216074906,-2.439510715882813,0.5306829825933695,0.7430614251509579,-0.18161771167529717,0.4269196699682564,0.7287304642938611,0.2310911486120861,0.20659061899918676,1.0120956703865558,0.8673150983875054,-0.1404228489868566,-2.633636609503308,0.9695682010649519,0.6244135748230957,0.2741106680163416,0.23118266404466967,0.5084075727933681,0.6250719020952225,-0.5546793028399142,0.8058638482603517,-0.4300869465288754,0.6077640714346261,-1.045189960011419,0.21888484602994135,0.6070932628705035,0.9750837408700515,0.4618003593949436,0.5277457334000816,-0.9520704926123502,0.3912107184507349,0.2418791733242553,-0.6456149303605467,0.2859766681317262,0.09390772225194591,0.19083217869424282,-0.7113881642237965,-0.6027156126118801,-2.8267841540271488,-3.7585787733617453,0.5896183938412645,0.6058363958008638,0.2897922549914264,-0.5907439302380115,0.34057980671111443,0.7099005272214461,-1.2056632018224829,-0.7591713242146596,0.16276783509099044,-0.9901894718612763,-0.6518722687742977,0.29587364001060024,0.5752249403034767,0.6272517408002463
2021-10-11,0.2582214854559213,0.5105136068219274,0.11474788790500788,0.5966692932079714,0.6955187990180913,0.6332744393752181,0.8000106108363741,-1.7215907887126811,0.11565463155705173,-0.6470999565445165,0.10146241456091862,0.5082973081408215,0.37512322184104907,0.33571103141983555,0.40185371145122656,0.34664044665936095,-0.2620259307610477,-1.8068433868204536,-1.284544783948824,-1.5002361642875375,-0.7957788826866377,0.7623297502433147,-2.6262786781362153,0.8131021143433452,-1.209562847828618,0.5968144113862912,-1.0760231192188618,0.10881901421758762,1.118221245792663,0.298827326393047,0.4015686969390055,0.09589976056017835,0.7864013916771752,-0.48035258115296026,0.7038510010551481,0.4155885524401856,0.7605711519235087,-0.2976737061834437,0.7682912962141782,0.41565004505600656,-0.16916462842745622,0.6988204457979488,-0.5155369686331723,0.5443204111403497,-0.5073941486384754,0.34385406884525116,0.7590244234647398,-0.5754361890488663,-2.4510095425143645,0.5804476759329938,-0.5301527227794792,-0.46083863820020454,0.48340590763663077,0.6287565563508614,0.029636397098043592,0.9923526704457841,0.4464671914918093,-0.15050617954212211,0.11343515146779351,0.7743852068844875,0.6736178823168397,-0.15523146645737096,0.7733847222771235,2.1899991334016446,0.6616838796222038,0.9248397931153919,-1.1441907666285236,0.3509457530995889,0.9190421122914103,0.7106822868175541,0.2780547355148835,-0.2410560978392558,0.4520165076028744,0.3440745836867101,-0.12423052272327972,0.8136772567433836,0.285409953125741,0.5626928939206517,0.6133602974537463,0.41658697833404096,-0.04539239506265017,0.3436230622338781,-1.5170277335230213,0.21316697360170392,-1.0086983766593647,0.13854573992850105,-1.4534058395295164,0.9096019614960746,0.772207864494176,-1.5135634625035417,-1.7532857068258165,0.3475817027345164,0.7768114162659064,0.31902861223396684,0.5523613580262899,0.6893242534371238,-1.4211308466841273,-1.690912532776471,0.17472938452181896,0.8365221100008056,-0.16994222916255697,-2.6589847737047467,0.6904618249084202,0.183627551914585,0.31730781355776483,0.2764930682797506,1.1790480259578278,-0.381723722120173,-0.12154489740958631,0.7573165430180692,-0.1147160197576653,0.41967011643395374,-0.39701820401287924,0.4955486606694349,-0.141686497330404,0.7169353425012035,0.5170266855043444,0.46749631409192344,-1.0209427376764786,0.05714687395926223,0.7732833353292891,0.2052629025113089,0.6507830035999392,-2.1542499591227355,0.01960154249658674,1.822544340875771,0.7082394553122459,-2.0867276130278416,-5.846857736001101,-0.3493780705615872,-1.6028817091978798,0.5135730107095088,-1.2627819148363568,0.5148231460054342,0.8117094553643311,0.14445129967785347,-0.11720130240053578,-0.15674379997812438,-0.8865078637842883,0.13460233180757275,0.7888969252954423,-0.6988627186808524,0.8609638289159647
2021-10-12,0.7780045551119984,0.6647574723592865,-0.15848585239745372,0.7088526561672176,0.77992558479228,0.655947356765695,1.0556548468107705,-1.0495439794790222,0.34569236877275417,-0.613718018030282,0.3201171180140502,0.10779350180045985,-0.017036348753038943,-0.7848069261566275,-0.5719449691278292,0.2847637171806413,0.12659012178789336,0.20131755805470092,-1.2383631245336502,-2.1104959691692904,-1.0083360507759653,0.8873131105600163,-1.6910739368063332,1.0744916919917968,-3.113091067196557,0.8333319781915378,-0.45217086752287505,0.31149801277962397,0.8198078057579272,-1.8843619566473602,0.4037302558641143,0.48884323737875385,0.7795285613336709,0.2850221795959143,1.0042726282388081,0.42557700923332703,0.27397590299028746,0.19353339265117556,0.34809016640466833,-0.10207572569717797,-0.43659015945419527,0.6589234274088095,-0.5647527851048646,0.06343237807723248,-0.05676908890168063,-0.5764708120007769,0.9216192772409335,0.0404009488242506,-2.3457780569785944,0.5937310078349429,-0.5485854453927194,-0.06513821796936387,-0.45124152321889494,1.4880839912573889,0.3866812286445985,1.4785008123540306,-0.26243860906283784,-0.9054659103176936,-0.5525851060484592,0.41572525780788394,1.2834545342670374,0.3913813420439146,0.846728033321369,1.4484613557803852,-0.26332249593681806,1.1984845831639572,-0.9308420285054937,0.15650124557920309,1.3548297624421732,0.8212402142535387,0.7950149529830628,-0.661759560064126,0.0008761376143075161,0.3505293228651664,-1.8933927256961687,1.7343688779617785,-0.005403782934967168,0.48531967128374376,0.6684461400715895,0.4992336870354177,0.4529610991421185,0.12071395765293984,-0.030127640280026593,-0.02466777332080947,0.14644932083267578,-0.5044481407374065,-0.6668214172580513,0.8054280542769625,1.1324690690664998,-0.934395437503866,-1.3030906516842031,0.2519510451295898,-1.0589415328405238,0.4891488466893973,1.2082729166793096,0.12144755431820327,-1.005545507676106,-1.256971783068943,0.3209254802998134,1.4500660393746387,0.22931915779133905,-0.4054674219085194,-0.1711404925730522,0.2979488094007639,0.4885244848476354,-0.3758095105375985,0.8413145361710579,-0.2779095937099301,-0.003586983639404299,1.222314496072161,0.1199399894111081,0.3916423016410081,-0.5307692673007022,0.8078968833893025,-1.124650538943595,0.9305992078221731,0.7497546004639217,0.06275898909296268,-1.9368749321659644,0.29955390097832346,0.8688968896383984,0.5213072711727689,0.8776882275696658,-2.862681708543485,-0.36289288217267024,1.1482024224351577,1.1284141865131179,-1.83435302611168,-3.893661678959056,0.3683036312572989,-0.2670608078836354,-0.3823809990288742,-1.026155666703731,-3.1082027533230945,1.211916430085774,0.26047462421127,0.009309096526780695,-1.9371468641432328,0.07120616479683398,-0.14509811998373143,0.4392939481457314,-0.6122251506809414,1.2723047689609843
2021-10-13,0.644397116638874,0.5509525973801793,0.14930269393217604,-0.06240477721554999,-0.5490452155421228,0.6595300106094204,0.6963898311995546,0.06646395692915676,0.5182122412514073,-1.3301017342788888,0.5637424485635477,0.36221241256178943,0.26687957589230765,-0.23482002690544282,-0.2426747282806847,0.10290730128133278,0.5400344832254056,0.6999996390080386,0.37557800497869037,-0.6322760233552857,-0.06674079297107818,0.5410315085127426,-0.9181981211932306,0.7026610961911413,-3.256606941463815,1.1021394264911437,0.353187607627077,0.1549020807881283,0.5827117231575805,-0.8792139746345001,0.05879279718781914,-0.3796208828636099,0.7364186525257459,0.6861563017579223,0.6722206948960748,0.6253253759846075,0.6710890405557911,0.6157461174913272,0.05928957699009239,-0.07523110665849826,0.33506198533957454,0.4788707848037842,-0.0644364570440782,0.348853563772737,0.31659640969842434,-1.5899454466094163,0.574086937349248,0.460427830577027,-2.126231364972777,-0.15810343331352666,-0.2707335423290252,-0.5535586035403603,0.16083837426609074,0.6663697594423609,0.22630074903202915,0.8076769119775434,-0.06580730327757665,-0.9369283964692928,0.08966899464141308,0.7033137182074158,1.0571933487093481,0.4718107705190983,0.8408622152726627,0.7052186017133786,0.12206086393226971,0.6161145482324702,-0.04719872615602192,0.4436925715940386,0.7740053077246944,0.42333752505835426,0.7304968690456156,-1.0601379538223463,-0.5674948274510129,0.13353729677439938,-2.409509930336179,1.3314931855263825,-0.07877503094943367,0.5280168803905488,0.1741196152688538,0.2387196682184622,0.1093578918324507,0.4777929196950101,-0.9232804296572876,0.4467847950846849,0.47830989259685835,-0.22644539193544871,0.6927927343711576,0.7588062897544304,0.5068287025934222,-1.0617848956735936,0.13187306407587082,0.10705499599547999,-1.5635089576172774,0.01902786946541302,0.8361134490890285,0.3301006284135691,-0.38459478031360794,-0.5500244413207295,0.011564637293184864,1.225003489531294,0.7816682804830378,0.429762705773738,0.34419037749100145,0.37507313651613483,0.5363617373902783,-0.06723705106476309,0.9306652024072664,-0.8330851626253654,0.4053775771359239,0.7481121712427391,0.49688044341347865,0.4014159588254448,0.1450660530500393,-0.5869005358806674,-0.6013954626942615,0.6635768964096271,0.0030876724324571973,0.5477055651606966,0.37643404772346145,0.09904572108424521,0.3979160484659446,-2.7575409802137756,-0.2871634775422053,-4.895000000273522,-0.4169069329308383,0.7270189634203758,0.5909990457950538,-1.1419081898501875,-5.953163930276274,0.2788506251624997,0.18823969748358702,-0.1322006442903744,-0.44061999872432267,-1.6777015727241795,0.597399762158167,0.6992763852639163,0.3113888375736055,-1.6361809099350457,0.14823476407664724,-0.14388970516198848,0.48553615014303636,-1.2097485571500413,0.6883625629177514
2021-10-14,-0.007828277965969993,-0.01040595617019821,-0.9976454738266038,-1.970439793408405,-1.943896896900698,0.4205549772838729,0.9732702631962975,0.6299382189614555,0.8437225990565693,-0.9685064886411446,0.9056098478609869,0.5212971179693883,0.2422382915343826,-0.08176470986821663,-0.4801691184344369,0.6211471907897362,0.7647847909516321,1.0774672748148555,0.48233376514797227,-1.302877219840181,0.3179038582524309,0.2984879451668851,0.20737523453734646,0.8643755070447061,-2.360923814291494,1.1659203322093186,0.6872498443501096,0.4337824808911891,0.5928891529080095,-1.944094531107979,-0.43765042258054127,-0.37522761326297366,0.9021520651772306,1.461698915900198,-0.6645673029558817,0.9379939694068355,1.1202450421965753,0.576639833641554,0.505784242371713,-0.5293198669120477,0.018634821057335733,0.39543375177177076,0.757660117510365,0.4022915448486018,0.8057903791108262,-1.428640742976864,0.46239718789053186,0.9142600867098741,0.062338943579092344,0.4034888729024554,-0.799191383421576,-1.276987513454732,-1.0906877950828096,0.8410413707483969,-0.29087504075119364,1.093183972379226,0.060466605789707424,-0.9983183872350236,-0.4206975958121705,0.7824278617729391,0.84186859793243,0.02185415085346694,1.0253948555631538,0.6756636284608397,-0.03904799840690946,0.8354019464776109,-0.13012594705107533,-0.053051251498598094,0.13931826318523208,0.386089845173715,-0.011114268117763787,-1.4919772914472342,-1.2768113347683445,-0.10748276664480803,-1.6085200285034926,0.8050287639916418,0.09032633694474995,0.830273016383431,-0.36448734011045336,-0.28001408686826174,-0.30261623230375856,0.8667071299433936,-0.5798408335271411,0.794928245282116,0.5467935130985159,0.30783252861730354,0.7430661936640252,0.9774809691929454,0.7991640594049709,0.030107294073736263,0.8282874957833947,0.42166641142429084,-2.3329441017805714,-0.6929600456121973,0.978870290321155,0.4344351783270005,0.22281162513034988,0.17031680874190522,-0.27958166837281484,0.6805300917635014,0.9850552843323964,0.6715076029871438,0.7564417760835801,-0.6668762926769445,0.5525714143898954,-0.6716969229543115,0.8524024354117402,-1.045968776384464,0.5350870859423614,0.5076361960981942,0.9208703361700097,-0.2276845508886007,0.44553429918303006,-1.044898987676226,-0.6138450277597717,0.6175940894926465,-0.33322903390766945,0.3734155811600185,0.7359914343261131,0.3669574335735966,-0.17621436101922375,-2.4078735122481025,-0.3447353221843244,-3.791017272704562,-0.6137394016623134,1.1230248057856294,0.07314657512823178,-1.549927728485429,-4.542944899228168,0.6071940881900132,0.7107692594172311,-0.411609503392995,0.5060728452642493,-1.3211515097600386,0.5116745690918266,1.0414892403489182,0.5908548498368361,-2.568365897656025,0.15963728007158773,-1.3097971057869322,0.7759989639310293,-0.6713786369509915,0.814822919598046
2021-10-18,0.6791874918082899,0.12074616423882106,-0.25136308195254703,-1.4628748607285913,-3.4726199592722673,0.2801431733130215,0.6928026306141056,0.3580699643180052,1.5734026878262253,-0.3440346138115292,1.026972646420615,0.7562134562763901,0.10191603809235301,0.6174366420687244,-0.05301285524992791,0.6433692827248947,0.5431407195770576,0.25813809691763834,-0.7766408208382475,-0.15508809930008252,-0.24545817721897412,0.27962972807903547,0.524870787298287,0.8410384095632363,-0.8326167951433368,0.9824011522909183,0.8355454070898172,0.2868471297230603,0.711196953448733,-1.1900322191802075,-1.2849738501593495,-0.35041661182803985,0.8557379420666211,0.6562295808894208,-0.4942213396661549,0.8479955123311168,0.6444091965876304,0.4044410832253767,0.6522181332420395,0.0970872437974377,-0.10433770170184453,0.7606459139676363,0.866774721784341,0.08542827192824838,0.7310424821948649,-1.1024695083749068,0.27078494713936774,0.9086030396863413,0.6950094639757138,0.8359395803172887,-0.07371219262889411,-0.7355893498394895,-0.1345384836467476,1.1480303267972018,0.15951754389559514,0.5551122876710547,0.6161422439225503,-1.3463922205834422,0.11564380485564339,0.6267746753420044,-0.4405942039218815,-0.4513953064143132,0.06819860313017391,0.7851648525523376,-0.36942574698146335,0.6950094639757138,0.4959987504140948,-0.07739882355110524,0.514923214604079,-0.6695531994711827,-0.3755857753716955,-1.29960407351609,-1.1270825875667045,-0.7175005273753885,-0.046455028354181596,1.0481184811057136,0.4522496321184152,0.0683205520659582,-0.24690501999783868,0.1552410536164748,0.5423382893448508,0.8991094413182761,0.263580870032414,0.39081365141499497,0.3718613120639112,0.621593327952249,0.1862649728609299,0.4796167552152969,0.6076531205206555,0.7631768867031139,0.8352836143687935,0.3946746095569674,-3.480934265611304,-0.548897309394704,0.6716725379949517,0.491962720426612,-0.2072594859780166,-0.28867259357674396,-0.07180868560279333,0.5276723371365809,0.35723489043555556,0.5718408567427996,0.29912695000837647,-0.6950947164560565,0.3195193696873188,-1.8523138966146677,0.9337720171080608,-0.5483559268394057,0.5428053687917407,-0.20874096697208566,-0.019132286082390745,-0.1094008076964518,0.3173272363456384,-1.6274352784969894,-0.20411831031964048,0.3580737945164159,-0.3717673772396787,0.4934884192901134,1.2872460961906225,0.582970442976316,0.0709683343397732,-2.0141418394098323,-0.08942136749703171,-5.0953281123326395,-0.786432039852625,0.6482378722600393,-0.696966716173842,-0.4331030187945763,-3.51326985402163,0.706065573588092,0.5657688695323804,0.08294839319263256,0.9640292290658085,-0.6044250553160542,0.4203317903921901,0.805338842729584,0.46621122939923,-3.7337423962566656,0.06794864419161238,-1.0535776135166752,-0.6408413474069483,0.3396943031635812,0.9489901693575897
2021-10-19,1.0797242178211222,0.31451841284815124,0.22045962305665873,-1.2326808919689878,-4.5688398136752895,1.2140352443013565,0.44358348102834133,1.061608418749311,0.9249352992174983,0.2579319091144638,0.7437096304689116,0.4853798913077175,0.08254458333714977,0.30828758357615055,-1.1556339592225267,0.6601154506357554,0.3535392718160433,0.8947112962582106,-0.22536288252914904,-0.3098508772907167,0.5032782849470736,0.2583779339778147,0.27714647231788836,0.27689888186110356,0.6476298477118578,0.24643592503003064,0.8739136432791943,0.4058245627821216,0.5597800769569736,-0.4173171519212168,-1.3379456136005088,-0.6833846889927173,0.2643544854915879,0.25746937822536226,-2.632848936067595,0.7767811753653273,0.6633306597457234,-0.03994372522723088,0.6562119591640125,0.4474300055153284,1.0837959181095536,0.6834939926270811,1.4373271776486922,0.8000707480989637,0.6363942928638388,-0.009968466367462476,0.6552545487635836,0.44709280350192504,1.0443722846606263,0.5166693724047204,0.7638698049661252,-0.6220324575618089,0.15497480447101677,0.22626085500507404,-0.6869542647621913,0.1311316186913173,0.5388797898086344,-1.3640173741140664,0.4898005210932337,1.2814451584935989,-0.1950226386744764,-1.3277017351842917,0.09475169484745573,1.810221088696005,0.438842821040111,0.45290239457297865,0.2942088434500102,0.014317602673017593,0.5795816858717209,-1.7765869573368398,-0.4505356821850004,0.1617935695581467,-0.43610990342197764,-0.25446286239158344,0.20032626841164786,0.28436840322427626,-0.16983672774038255,0.2815746710795753,-1.4568409043292647,0.18491229598187714,-4.20466095883562,0.26833910826720103,-0.0905209146799171,-0.45917588457815106,-0.5495568953847829,0.5011695334395909,-0.39108246702696575,0.46986360291306,0.2582041712336206,0.9846278903491064,0.680831681747197,0.23480147806438498,-2.3889137200431247,-0.43736139201986746,1.0878227816367605,0.21054091561412902,0.12479589195862101,0.12846505393049443,-0.4973046429414923,0.1792720679089715,0.35972632842192803,-0.9693525373421698,0.2755856160035061,-0.0692096868224295,0.2568272788565478,-1.6985526507377084,0.8177707997077809,0.10641179522115343,0.6081408368867448,0.276717260885818,0.4758033168510313,0.6484670768324946,-0.21202627470094168,-0.31960170688186273,-0.07459806551171487,0.2898534961655986,-1.2655886252090893,-0.39442385119117546,0.5647616117035977,0.35394064036703043,-0.14920330489928854,-0.36190822919649823,0.07664178198999194,-1.452499203093574,-0.1395562325204507,0.24178972173345015,-2.7215528513996916,0.36052202922709525,-0.5256332586568491,0.6032658043387007,0.4959221437121501,-0.08535288737099801,0.3509000027399606,0.10038937358674044,0.5660154871774286,1.060192349479795,0.6490029447086124,-4.561947396848067,0.2466907763841907,-1.5825837451288878,-0.6550959279500993,0.21889902381125645,0.6295875151584397
2021-10-20,1.350721673771647,-0.2093299487090721,-0.5940052404264166,-0.5565754029535672,-3.478934646860619,-0.14834418719846673,1.141656156000291,0.822555273846293,0.1459276395599926,0.6943266999908342,0.06882358031836183,0.4291527625386298,-0.3094801224264874,0.4593684393389831,-0.4609287254321815,-0.09854831152814303,1.2029297848687674,-0.09813491353789348,-1.8321521899677882,-0.1616858844333334,0.2585890503024318,0.9108256087768233,0.6442250354734431,-1.6642393087645437,-0.44820930976899465,-0.0055378219027955086,0.1386825806145955,0.8508921000855122,0.2177914660450187,-1.3016578312852647,-0.24838863881720558,-0.10497925682637305,-0.09687750378992328,0.5171831750452968,-1.9667805097067064,0.3783883554522289,-0.16170603403061554,0.47531463863018397,0.619110467918804,0.4073036989710441,0.04156881578572958,0.251635601662441,0.5713396518433104,1.0170423708772,0.41291205224594635,-0.49132846714953055,0.8833437936232107,0.553982967222073,-0.11648801048777775,0.4326213755430601,1.0665671143532487,-0.152261147096943,-0.007567004169792455,-0.17509655993605425,-0.31232426168564514,-0.30566849280278297,0.6471861190520236,-0.155680417092809,0.6194520710167934,0.8233649245052005,0.1383239269486315,-1.2865186080735715,0.9701373615658626,-0.5410610441102472,-0.08585629561911075,0.35589558008047556,-0.0025317669898838255,-0.40460157060064195,-0.7924322741982128,-2.0749460385311616,0.1284656099267092,-0.10047819611627871,-0.34476747989348555,-0.1216702202218644,2.9466175263482786,1.0024661957246603,-0.1648130515156244,0.5327601653723152,-0.656139142427055,0.24534659144569892,-5.965976281202904,0.16220685864536052,0.34514127769093894,0.04842298105873175,-0.14443767010990602,0.7082582301165631,-0.5996901858500158,-0.027265799748803055,0.5236683845438429,0.35190756746351004,0.1197533775672707,0.33176116574435655,-0.9449642724527141,-0.21064399813252552,0.19436428683712823,-0.006059975289028383,0.4607312060299565,0.5315998248926396,-0.05503651695450596,0.11623261759256058,0.6999034638037246,-0.08463194678685658,-0.11399523456836295,0.44746426079523616,0.6435138780365595,-0.8145788848553687,0.6705678409505988,0.6713568770098097,0.25269621253536134,-0.17715226486280172,0.1393033269983097,0.7330964829058626,-0.09398514665443196,0.5534042100990514,-1.1424381462678355,0.20821810662735643,-1.7468828664242582,0.4945125643823956,1.3841347923742746,0.4231080456607568,-0.08724120456736828,1.3818845695603432,0.570354426736357,-1.2277231299141749,0.19949430559152861,-0.05383444048971557,-3.1739102847183194,0.9211750384976217,-0.1617270937352821,0.9189985984923766,0.7641474225663861,-0.10713004386769891,0.1673317238283066,0.14343359523015753,0.10867142033982984,0.6351756169946191,0.7384079824215396,-3.370702924322764,1.4430479048867613,-0.4201540634104156,-0.8661693084612694,-1.296880274855594,0.5496893473886624
2021-10-21,0.2512454243595007,0.11306692302081496,-0.25775602805821246,0.6091435709937919,-1.478995441526475,0.9107190030426405,0.11365285252810528,-0.008656782209324592,0.4706486775117835,-0.6628867709420744,2.0323618819064246,-0.04452986034278877,-0.3175244373358578,0.4342292865944475,-0.03475638996074035,0.009368705408009796,0.009186600494072591,-0.010666575036164062,-3.1940702086162656,0.5857079810361221,0.0625385304626688,2.4036015467762417,-0.08616392118718537,-0.9699795784975982,-0.23751707293148536,-0.33202719622393173,0.06747513945299098,-0.199236890061527,0.47421692506067237,-1.6100117129354807,-0.441227012925317,-1.4295091134582834,-0.29274065983591746,-0.08399357758052717,1.05701434735813,0.4652793936724177,0.17298971361007695,0.09367495139398488,0.33322806498826973,-0.13618550143124994,0.5300666402699359,0.8058545135379028,-0.03195689155288327,-0.22648666016944993,-0.07026917541561498,-1.6325697359646956,0.4919202714155776,0.23640200762673677,0.27162614165469634,0.5617011995704454,0.4347505963201406,-0.8465530321547576,3.416461569902777,0.32961073298696125,-0.07925242718354752,-0.0004133213830986781,0.8153417912016985,1.4184148357881883,-0.16055875430185354,0.4968017042792395,0.04611843743108486,-0.8107802446227459,0.15044025736755534,-0.25448009877707056,-0.9566612221884668,0.5697834223150235,-0.6083680336685198,0.3030686914242215,-0.016662354775005057,-0.186410873735922,-0.07847905826648299,0.18913245482207242,0.5063711324706339,0.6033449037628467,0.9132007576893514,0.6803141763179675,-2.717676123424108,-0.08825229479627238,-0.4075145969430663,2.6249403018248754,-4.027698833780245,0.21910419323113528,0.10429936769414555,-1.631608042483174,-0.9452642270807347,-0.0619415719657906,-0.08432558596691855,0.003823061732655047,0.860353110982911,0.1165265768119838,0.6461662284834641,0.050773643446416376,-0.07834113866040916,1.0188942191919244,0.1486457167139077,0.09603784255642803,0.8038419949186763,0.9442093367252015,-0.09169305765544662,1.9131902877661464,0.0030515443594087877,-0.09849597878655621,-0.43144411629879736,-0.09031009018714577,1.7695814078594683,-1.6691937261948675,0.40361953975247394,0.06040424875272711,0.21640228925364147,0.2541888478181569,-1.6004729449046051,-0.04922643653046248,1.0849165470299404,0.3152803624341915,-1.1460594559153134,-0.043536966568465986,-2.963646404905054,0.36679959827800207,-0.22919437032874182,-0.02937253518694501,-0.19160868886911875,1.0941155026098988,0.5496555211349068,-0.13283236357315967,0.8301284080056145,0.79254216652683,-1.6366786526732586,0.24683299628900904,-1.9577979544149502,-0.08174562189281402,0.17005711239137816,0.15065504193549464,0.11446501147091565,-0.031162878232648617,0.012418381584876459,0.10028691453277791,-0.010375865088253966,-0.5018710072555536,1.6979449792953523,0.30659636080364816,-2.714608809127452,-1.4762817230415848,0.477744255962953
2021-10-22,0.436279427627767,0.25261010120471983,0.4831084446511324,0.7010397959778033,1.115917382479647,0.21980870878717637,0.8270729593596872,0.6265668611806797,-0.2060264451261258,-0.33633391731077195,0.08840035496513733,0.19986425230946236,-0.8696707625913475,-0.4792532015485725,-0.3049351215551923,-0.011345878234310894,-0.1074388503242907,-1.1474470108429884,-1.7165616754207804,0.4069125870202456,0.39796889725228807,0.5320017732102986,-0.5665279272980398,-1.060181128447622,0.004949115797703949,1.9064725094736,0.2539404724409464,-0.2894629767675403,0.08940597305362309,-1.2178227200613452,-0.015555699377516786,-0.21208052721314816,0.15105025841100525,0.8209210854770711,0.18854923231155757,0.5553510182356771,-1.0690317605120725,-0.287989950884727,-0.2088687602975219,0.15923116546614333,-0.366374770901738,-0.041791501844234726,0.39432045984725167,-0.31472061977404847,0.20834869770068595,-4.69062549398413,-0.21006463480040782,0.568178819027171,1.337765919666899,0.49058916056478663,-1.0772376159683112,-0.27164359326352927,-0.18173145374768132,0.3642803466311448,-0.36863150553521057,0.04856561452306082,0.022742375947115184,1.686637807810653,-1.1128749401879143,-0.18776964728565948,0.47711025639442267,-0.9848645824010726,0.3715547662256852,-0.38299326674457723,-1.4211624392018163,1.0395710554694066,-0.22685045511964877,-0.3240564441118139,-1.1371194041004336,0.576209137712921,-0.16969590725757439,1.1165389500415142,0.6053516652960848,0.19488985719052207,1.5276865272768776,1.9123256442876067,-3.5128827361528763,2.341406756737254,-0.1758426339369856,0.01938461214356044,-1.0625588897570573,0.04624590658292682,0.2273282315918188,-0.2862154299311986,-0.7756181152949582,-0.1875260139362246,0.6792804486167803,-0.06282200511833964,0.5729929386014023,-0.16324687192192983,-0.022097411074859945,-1.1406164672804537,1.713601944105824,2.4466026195575994,0.35124907550507173,0.2863084579463168,0.7446742496106564,0.829214513727501,0.1905294784315779,1.176035183421477,-0.7706909610512872,-0.5897549364636131,0.010806197568658108,0.7426838034446231,-0.19948930941214163,-0.3347078010078305,0.7614871955920947,-0.20187779798591307,0.6497724490566463,0.3437570512463142,-2.6801281027471493,0.5012488361770573,-0.1732058344456544,0.466659352525024,-0.7988023807217071,-0.41057799267821804,-3.140836684535748,0.12147728444207011,-0.19156516583129687,-0.048512838820086106,-0.4129544665270583,0.45037375040556044,0.7580706600744618,0.5394177211160168,0.39082058880875736,0.20171674712602725,-0.39205142071758414,-0.22823640751617186,-0.6294655482430385,0.004265651517505081,-0.17483271897759492,-3.228949033900901,0.40413120613693765,0.352404815159759,-0.2870033208217834,-0.020035141300842274,0.4523875992389726,3.1170364327119247,0.31803652205970206,0.6001440846565719,-0.731139635766311,-0.011816191025030818,0.4511610509931486
2021-10-25,2.47073333060614,-0.051581775458924915,0.1348906808725037,0.33703399678401585,1.6646247127161684,-0.08922962291659708,-0.6266230943706492,0.07183307860909614,0.11590731403482044,-0.15926368972937924,0.6486214489626189,0.3777930650251397,-2.18316523827591,0.2614984847730672,0.8261247475690104,0.16143967152372948,0.880918677229377,0.44410822156624574,-2.4563209537593926,1.0357524432124419,-0.08192322746451369,0.7868016479926562,0.4965317116895654,-0.23149951677047145,0.19197110761527442,0.15930545331099008,0.5568068961304565,0.6751578733869351,0.44916397322284085,-1.8676376694938552,0.6836249758269463,0.9318643499142685,-0.15974608888461914,0.25221078393289326,2.1072689272115293,0.5928633141848615,-0.15402146055063523,0.3879423792698809,0.2523181562213006,0.4240521906237607,0.4010735655929846,-0.3581342120359227,0.5724304903157079,-1.1620750868395102,0.4880461581684433,-3.757699409642378,0.2393926145706911,0.40052437433483645,-0.30705457333408787,0.5600989295808938,-0.0548256205286125,-0.1985247756475966,-0.4476416553683097,0.7339437986593723,0.2401494331296826,0.2688861963420534,0.6527079913152185,-0.1581857184995799,-0.30207415568427715,-0.16715526145582937,0.7814300623271149,-4.9227970700129395,-0.11437323543790726,-0.9316596979893185,-0.7240678989496951,0.44128322773860207,0.16564299240145122,0.08612047869909818,0.6529918043796559,0.1384982162188237,-0.06733577928161749,0.36813582420739327,-0.1115026504149038,-0.19709652476345046,0.1750555593191851,0.6718574013747879,-2.556799814304817,0.5298833429791001,0.04818680758436144,1.412606700314551,0.5986858740198034,-0.3314228893829047,-0.13489848613907818,0.5956230681440133,-0.3154880174292054,0.19471804339651286,0.592834731502301,0.5615449571128014,0.5689193391010519,0.8697065639782118,0.4843072619320193,0.14170617155135248,-0.13614768990621323,1.8213077269967828,0.9009462822410259,0.461030895599481,0.3805943398330263,0.4542683969974,0.13079235731371097,-1.9627865195921443,-1.8068555831601798,0.5283545870799364,-0.010044736601609207,0.06529426534127815,0.18649572943875378,-1.1818622865345756,-1.3430111237438553,0.14794163090114637,-1.8876298414201722,0.6617177388304122,-3.3118885869987653,0.44652447885427987,0.16626489794264532,0.20435603611278838,-0.8639347239610882,0.12181527931011664,-2.381730520396919,0.13554488440940463,1.6480346231830372,-0.1143231637068185,-1.0596965998324939,0.14077632139763985,0.16752188531387083,1.2408624975860427,-0.03771633909512437,-0.04955840569339098,-0.1459746856795221,0.1310322088205594,0.03780875124203078,-1.5577431668067683,0.03131067251911487,-1.5837235995296328,-0.026317275304901227,0.2875306604478796,-0.22927521301794404,0.20788003254135545,0.33977321099868013,-0.15186815530819014,-0.19397671942939343,0.6466468638479548,0.27776655410848405,0.2984795452857068,0.13306085773029233
2021-10-26,0.49358726923758783,0.20183992782210583,0.671069735013868,0.8862176924229066,0.6789947762490768,0.196077874241147,-1.0697816607443567,0.9274385292631622,0.36635688706408404,-1.4935652457288917,0.5923838008120978,0.018623623421489113,-1.3261560806630281,0.6939666739189517,0.6219264799576109,-0.2467119865886212,0.31726438874994667,1.488849875374438,-2.440932908808366,0.6029538805054632,-0.4211654961857385,0.5532545928714153,-0.170495980836826,0.5957664487864082,-0.9832827308147204,-0.7929548570721492,0.3068443064629692,0.8427537005443018,0.5686965508681127,1.2334641698365358,0.6541897099949072,-0.37361658796913155,0.39138681096830236,0.7134238514387083,0.7346106354854472,0.6758923306292786,0.04615095351753598,0.6905917274976379,0.7687171071320152,0.7230894778939009,-0.4458096663275846,0.580530933407118,0.6576986718634354,-2.0663746075222997,0.7091446193667695,-2.2015005799720373,-0.1564106800510621,-0.8512428377972907,0.041435042617607984,0.40722381598662566,-0.5974003537445981,-0.1760406675484556,0.7790848787524701,0.7573897349834824,0.8729604483774159,0.6693777505742108,0.7160753973757551,-0.6280490507847251,-1.0406331640940345,0.9181583781697238,-0.0549631659848348,-3.879274862169582,0.6266812604273145,0.23178109279522383,-2.73249139165143,0.670733450047586,0.4568888598462019,1.5744175176797417,1.7957566246586214,0.8615154865179022,0.33038679966210244,0.6180675346788095,-1.5622996323222504,-0.8055949287303029,0.49178114014067736,-0.5629230457653214,-1.3660077874090388,0.6518476075740324,0.6105029572523557,0.30815844646342067,0.620799761100473,0.4141291841151291,0.5183523750087755,-0.46111335975895895,-0.6277835516202253,0.46446129550535664,0.7183773374700366,0.5867093756994419,0.18340338085725594,0.6006068634277149,0.6852455222785998,0.7107411880220605,-0.6930594898125991,0.5769239234292619,0.7492391635372785,0.044634441426708464,0.6090821273588022,0.605661817300086,0.9684369339867754,-0.3891790204455616,-1.7483480780551177,0.5896566257502991,0.2182184240751329,0.6954632016851513,0.394177697112218,-1.5285898547915169,-2.2951922845139743,1.2661998147563531,-2.2070690097283734,-1.9951202673058717,-2.9683123348937155,0.34064929966920304,-0.04549262259262068,-0.7613479265325921,-0.2432919063633603,0.11613848299701474,-0.7515031422837501,0.7148226721729372,0.7257451944240945,0.7427147428943647,-0.9897586496549418,-0.25685597587243975,-0.16595995122306914,-0.3543355245965537,-1.0968481405300057,0.8904835415258802,-0.5732584752485038,-0.5221297772978326,-1.5419246641993916,1.117763302630252,0.4181461776497285,-3.052707951655347,-0.2791705479481215,0.6537658914174875,-0.20705396618564695,0.6434554533821792,0.004871899407010338,-0.1217811300489865,0.49046715180556477,0.7618311376808107,0.6939820085075334,-0.8665166136504578,0.0600445268281859
2021-10-27,0.5041498904389484,-0.1359247713863256,-0.11047286097247637,0.8875451806755906,1.5634936780666042,-0.05115955853299493,-1.1555177749797805,1.0153424509703737,0.3310211835070676,-0.3971063436450883,-1.4238326032191746,-0.2401992884505002,1.670872360056397,0.6458400795205195,0.8388019569757692,1.553436983324815,0.376106994318146,1.8809273134115363,-3.038529334478772,0.43777135387181865,-0.6186779066248216,0.2863180343536669,0.42473213569531676,0.09407433445792196,-0.4888947407910237,-1.3734542820990234,0.4725188312908969,0.9875974834506908,0.42292304764268523,-0.17728491983600592,0.996736936042404,-1.5843921020900376,-0.4560623257532197,0.78570542174255,0.8884536246690526,0.6719143035954733,-0.17210184783148474,-0.43012464570566683,-0.16004940417994526,-0.5834602192704882,-0.30737794966180976,0.5355674783031051,0.5960023968878602,-1.4792048328231802,0.6375734795410739,0.3140583415053585,0.5557002511966332,-0.4669673655663553,0.4775065472324675,-1.8359624109854458,-1.3647420712613565,0.25446812974555816,0.9438557131467463,0.24395562813554839,0.9128424241069781,0.32063781571518535,0.6661254629923201,-0.03952900275860869,-1.0557723394549479,1.325047708497586,0.14080900075670483,-3.7279067174145584,-0.16292309106820047,0.6785045407881805,-1.8217799559354027,0.6031080758056688,0.6105207340356771,1.0946248762434474,1.5885997528830202,0.06145438097612908,0.6181511726505398,0.17454345388708084,0.10382191647334575,-0.1688347629562247,-0.4259183784793698,0.45585644570702544,-0.11096380505373628,-0.16476595191318844,0.6763473007292555,0.3743389987495061,-0.5568773884601776,-0.017490979092724773,0.7240862715563257,-0.9209890850175829,-0.29171119939040374,-0.4972453207351121,0.24512678887751538,0.2683144443534673,0.523554874091578,0.5501383271449317,0.705980661150146,0.6823028398875369,1.2650083170420676,-0.6411060711759904,0.6785045407881805,0.5225231097571291,0.7333796462474702,0.7462015410313478,1.1961574225720562,-0.7674084592850107,0.30618649009559956,0.2044916184376123,0.16782050408551966,-0.3359325386334751,-0.67711616987405,-1.1886012915849884,-3.3342815751033172,0.7061703887735233,-1.7252125658594046,-2.696349933795478,-1.2116856435922767,-1.0721075111873253,0.5140267441318007,0.38648649052274997,-0.8231131155734435,-0.2764481392284662,0.1589552578815896,0.584531295070747,-0.12964944182527374,-0.023106234395868057,-0.5542386377420063,0.14200094959568121,-0.77638033877301,-0.1648249907805731,-0.4590603277803887,0.6587858111927943,-0.7286659350042646,-0.6459506287693735,-0.20867899779330157,2.3540680814112447,0.2933031452347387,-1.692767184114961,-1.130910314167753,0.6124341275073794,-0.6872285732614063,-2.075020529811295,-1.851025645426425,1.7950819124939026,0.6483459547951748,0.46641985296965055,1.5634936780666042,0.8171648545008542,-0.030273213623365068
2021-10-28,-0.12680400963440663,-1.5517469710457426,3.211256176324403,2.809526998743,1.6578665264326078,-1.6567142963910493,-1.6442579013329521,0.582530576428603,0.16918335049973904,-0.9153425043053707,-2.2838838635016296,0.2408561394353001,1.2317126542309669,0.489494548218732,-0.05434154576982438,-0.1073789846086336,-0.46054518156373264,-0.16408689847619698,-0.9111600925474413,-0.13843038987448808,0.08028968673100652,-0.5423950592450673,-0.15427533694846995,-0.03369713180350636,0.2812652771817851,-1.9688591206745318,-0.15487524667483255,0.5016546428417868,-0.22134795947389171,-0.21173354590154664,0.25429849184109504,-1.1567008789909299,0.07733963703794061,1.3637192720019753,-0.03266163745173574,0.24477425928936758,0.30254569102135903,-1.1146767893600447,-0.7162589285153511,-1.006141549494166,0.30077714499479397,0.4107394947314311,0.3684463842884805,-1.3355342037230762,0.6244071683999559,0.8028125260976946,0.10400266646302224,-0.3462145872636325,-0.014325065667999773,-1.3219572116001725,0.035145537367189734,0.0671763417775793,0.2538544646685032,0.30188343197679196,0.9693026787860297,-0.09396966082622171,0.155975331639986,0.020496612824299782,0.6276685947624957,-0.0007053833893498069,-0.13358482376447406,-0.5293572321024531,0.06693037187715163,1.865165833217165,-0.13658770872843107,0.32553016926709516,-0.10983280219570397,-0.970588702663889,0.2038521323736883,-0.10260419178540203,0.49209292760705564,1.172206413207276,0.8155103732692994,-0.08339737476874107,-0.4455630614273034,-0.11721859480777237,0.8240443317368615,-0.1520791373492143,-0.813285180193432,-0.10158633990126437,-1.4091920044778792,1.3755587543602306,0.014185286164002709,-0.3257637321368537,-0.270176557224454,-0.3289975547122583,-0.5704830747862788,-0.4492460723046274,0.03688214915153362,-0.16269485388299498,0.6865616781345397,0.7888274668917412,1.0775125236632241,-0.7583109236183646,1.6778261864964288,-0.2367374762519223,1.3807441811473047,1.582631339330613,0.89594630083783,-0.45023786149952777,1.4835764080228344,-0.41214067844446384,-0.5215720556885277,0.48002001048444287,-1.1577038670156905,2.073323299299211,-2.021127801404517,0.7409972189908446,-0.34700134698639945,-2.6840704750126463,-0.1102126409477017,-0.19018987162912765,-0.0595762189795117,0.03414288121591878,0.009111117787692578,-0.9435683764499126,0.5566098457197126,-0.12237583799023038,-0.3351245623084809,0.11101577093731667,0.2484594597179757,3.3715244676540785,-0.9419091374469615,-0.2766092397108844,-0.23853943617984089,0.5162832344695277,-0.40426779762273407,-0.0431709025474577,-0.12253220735762206,0.3732277954576002,0.2745136795155543,-2.509732994446708,-0.13667784377185513,0.7164881060356454,-1.8302214280916684,-3.0245011220840694,-1.72654169725809,1.7052054082173524,0.5514286813425852,0.4692495225143315,0.7145632249863813,0.5988352963686049,0.40632858150532525
2021-10-29,0.5748715438864634,-1.563576507908727,0.12654184130043686,0.21451911631294943,1.2706509911669317,-2.340126127153658,0.08145510964893111,0.28140842654399845,0.5042130001990888,-0.2734190754628194,-1.6207502955125501,-0.04987300244891903,1.009587495056953,0.2585509567121687,0.5856396137816183,0.6346710528541876,0.11826922261807776,0.8122200985588792,0.181313155106463,-0.06118601705055623,-0.8891020478316818,-0.36161737151905127,0.12225908401544897,0.488009925104709,0.23685784269753607,-2.10484839853633,-0.3685081541880903,0.5307784058163645,0.1720138973574344,-3.822178101513636,1.0566242167443702,-0.7703467521618601,0.032747495170003145,0.6990028642752816,1.3881209657210785,-0.08588141427741523,0.5125622321474961,-0.7384471386469817,-0.04786002528775051,-0.8277111283584199,0.23061663286599274,0.11360425333380439,0.8475670889308045,-0.9103342907783559,0.23009621903100505,0.39353144796841666,0.048921148305938494,-0.6470079812131023,0.10881696417028322,0.14961189022690105,0.829198930226257,-0.019922734115974446,0.2947221486340088,0.51449929485208,0.5014802426662328,0.4036489131524976,0.412824243717798,0.9273736914666666,1.0662261061705405,0.26135097635324545,0.2912463941926066,0.23868501723166502,0.2614105903243807,0.7982091543934308,0.24825893541664132,-0.29383330586198203,-3.136049124765325,0.3424075895573646,0.4027444331082706,0.9935860043973475,0.4887082124532379,0.5590545767756463,0.21052903705877665,0.2523487823523776,0.2322549848324392,0.4976286883190508,1.3811398273481372,-0.12578107184218024,0.604439958559941,-0.1589782139020904,-0.9429180492231573,-0.09877058658014763,0.269786313636107,0.5580126396332028,-1.2032636407513382,-0.21561757785758626,-0.8000599345511954,0.14276395408962828,-0.6870700469685326,0.26792340445351887,0.40370284949391166,0.6035485404928299,0.840362889851637,0.0811218685603959,0.27356379974441025,0.12588993886740973,-0.8931280126564457,-1.0376487117265663,1.4570645784061327,-0.6586097262252187,0.540104699301316,-0.15326258818468216,0.25580495119680274,0.5401558915355467,0.17394558384826703,0.12659641367064303,-1.2978408029015942,0.421744594920696,0.25962662891684885,-2.313048893292504,4.066139976478956,0.26607446770121707,1.0942553129027837,0.26630871266520945,0.2602600375567599,-1.1231928666396502,1.4945400210947073,-0.20241769047899125,0.10554992229681383,0.8029606594921468,-0.030094572188816678,0.18091826551060666,0.036482017892974235,0.2462869744540921,-0.30326086584028983,0.508518655108234,1.340996129794835,0.18247456900359554,0.021578864920669214,-0.40694454827857574,-0.3035207299746678,-2.3713301812836547,-0.4434035419037212,-0.946187525717706,-1.8633394612469687,-4.774173661497935,-1.4493622842299274,0.18047613815811558,-0.7278433026658166,0.794982858456614,0.24094424807189768,0.17242504053507152,-0.1698752607010386
2021-11-01,-0.9136438805375838,-1.519365870751494,0.12863891665245156,0.16979447781609383,0.786667764432519,-2.2312278742976313,0.2386434706277109,-0.6420790610231774,-0.1572280003517524,0.119487806937827,0.21092091557974965,0.2951411329870455,0.8627822709475882,0.7366949750256587,1.5353861571756757,0.9724904805700192,0.3407901389320743,1.4722883766417638,0.32085403385296574,0.5175667501840155,0.9774181088559425,-0.13823068398203656,-0.46290331596655454,-0.5589934333168161,-1.3280848452726401,-0.542707563446518,-0.7899446290720389,0.8217684957697524,0.9853034367716481,-3.6492858566853617,0.8853122480696776,2.0238098377101683,0.638704444350611,-0.2703100587308344,0.2778679331181452,0.930487494385434,0.41761934001658063,-0.13536533195363873,0.04399208953942423,-0.14864146456701305,-0.22746598869427548,-0.5673536095361048,0.2419731804894396,0.8555998096985681,-0.5476719758503332,0.8626082263450647,0.45216034410321104,-0.1393497454007374,-1.0666199505204534,0.43140548380057886,-0.6486572536553659,-0.879937668892431,0.10009950919337057,-0.5358114538511956,0.5906725738657643,0.5014229959884723,0.7178842327130415,-0.09871744934431133,0.9400889079949533,0.7068874242712422,-0.17729908015655926,0.8448618797985002,0.39566781832327247,-0.9988626915924578,0.05736634280036057,0.32721234504489666,-2.68765395939323,-2.3183526298269617,-1.0930326427900015,0.813766428878457,-0.35237619353888644,0.5553741581938073,-0.5524015350125909,-0.3751787873385261,0.5359942977984449,1.46146713733456,0.7872116902872625,-0.2035572359942672,0.6169712111307192,0.13939985919284495,-0.20428243573556676,-0.4778439668586899,1.5714922884560096,-0.6136015758411723,2.2736935086191865,0.12761094972823547,-0.6726230912039333,0.32016589078642804,-0.05526789745775978,-0.189547497612245,0.28375588860917444,0.5764150208562151,-0.42829098806650434,-0.6497930525727198,0.6651784983691617,1.094082124873831,-1.0948458203143594,-1.3670126397079776,0.8765352709213983,-0.11312735891928605,0.011573908491360174,-0.3204902354140428,0.84500892374742,0.5935476886195312,0.09640398028482518,0.8268543363569063,-2.0218869593128295,0.4736834845600026,-0.43440229121836743,-1.2286022641307153,0.7665076924662805,0.8627585527574754,0.985992975256584,-2.804431824783094,-0.2514053309107507,-0.7793010550505631,1.1351690737973528,-0.4233093466439043,0.8561449093728608,0.6044277231214897,-1.5749112357900679,0.6944184174371748,0.11238438628786929,-0.20167436483864595,-0.848716214080573,0.19088746538636225,0.7142223900373394,0.516792967346731,0.7509531948845115,-0.07396094514491004,0.3678482876629746,-2.170866776994111,0.4582501025760083,0.8182628756940402,-1.6416089447206663,-3.8288962757655582,0.9034171669052204,0.9461931312267768,-1.6264009175289245,0.8691867609037981,0.06002378488129171,-0.6505711315502316,0.8096135840332296
2021-11-02,-2.548767286831028,-0.9803729030831738,-0.5669803100214449,0.3515902506562352,0.2834965992698937,-0.95982733043964,0.8054323557999263,-0.9919800887193247,-0.25382430990814847,0.12925591532354164,0.9047424088345032,0.7229495138596158,0.6565918611342014,0.5608605550166819,1.0064585201101437,0.723141879330089,0.2763824398459419,-1.7486479482132058,-1.042795199864205,-0.4083829301881888,0.9504313266162197,-0.04036328705261881,0.0941175064089198,-0.49712433463663797,-1.4268428375310955,0.03313155889108133,-1.032090762324706,1.0958265576400816,0.9038451880885942,-3.9409446907467673,0.42287513508440333,0.6309469019519567,0.8556726688782559,0.20048896792115212,0.6125711980544244,0.9095189015351829,0.35681044047610494,0.18309093265142826,0.32907252430699147,0.4703150382992902,-2.1161858030527623,0.046868525116103774,0.5788748485406168,0.5334262749393756,-0.5623657767525176,-0.7574785941133797,0.26836231505830294,-0.1642913972177987,-0.5826833338087889,0.9308403183663688,-0.5728817950042351,0.32693781247481124,0.08832944419677834,0.24215798487598683,0.565564690554519,0.3580307014750662,0.6623303670864364,0.8102489862946618,1.819267909612348,0.5084032376618389,0.5804920294660514,0.9395149951786596,0.08885870773741515,-0.6086100691500298,-1.1550139485372963,0.338052289050495,-2.298332859152819,-1.4525659642365742,-0.9320485717331752,0.8152625059853834,0.07429905516318205,0.8073564882586886,0.7416148701827012,0.7133180521456879,0.5494652601978517,1.3579764459387809,0.7783394829472641,-0.9341772304040855,0.16901807601208144,-0.9359767238985235,0.4991164816519661,0.244834686991642,1.304426403364797,-1.8155417892849512,0.7825740026993261,0.9415633160886487,-1.30270852166029,0.7609102122760719,0.014328258491606101,-0.162104530883236,0.41490810570474684,0.6298281563337683,0.3237213426346011,0.8815718693639655,-0.1734678650427249,1.256854749510858,0.1717710659895737,0.07724926571179891,0.14775733455244172,0.8612898408733594,0.14926086336774416,0.07477414971036861,0.9179343134050312,0.438322845028434,0.855761350924069,0.8165726925554354,-1.250221708847622,0.9444687697823548,-0.4301387511098048,-0.5020144492577168,-3.5882830621223873,0.5743727963237226,1.4343061551395833,-1.5066999528464196,-0.6073378021836375,-0.03363526218632638,-2.757554934754474,-0.5359189893984909,1.0676231467848603,0.4368493708918424,-1.1449111027904544,0.447141881023931,-0.2402473740768821,-1.0815549142876757,0.8716462129965958,0.15971742382805468,0.8899508233825474,-0.25791944028550867,0.564450275834781,0.5936586562107901,-0.990014463852303,-2.089932021687566,0.1525428488446218,0.808934459467688,-0.5738071206521583,-2.639846537494667,0.9598579964744648,0.08075901213539617,-0.5837315948129685,0.873402558128062,0.1348224383416557,-0.8426349847734792,0.8991185075898244
2021-11-03,-2.167379178667217,-0.9347350203909751,-1.1909853817497176,-0.21832893199523368,0.47500237514797367,-0.33543160878026756,-0.7077042312504637,-0.7028553627835,0.22586696238816278,0.5656902684902781,-0.08940767798380352,0.8033953845460347,0.7938726542049063,0.9200960233042863,0.9692072555739375,0.2670998957093239,1.1900342032838962,-0.5815925743327324,-0.6651379339918183,-0.4322525697412668,0.8927161797410383,-0.3606576645932296,0.40424878602127273,0.22431084774723548,-1.1751751208552714,0.31157800172870376,-1.2625845998538126,1.0181157741785294,1.3664813168155279,-2.4639670493816657,0.5351242936926247,0.30322103024349556,0.3140617157212579,-0.07594596183466482,0.30737721900809933,1.0818089918808909,-0.6406751117972931,0.8929256261606798,-0.7345701146406132,0.8655073249462253,-2.4795706081376525,-0.36104907192306446,0.7640221172351743,1.7739698556498158,-0.607253227663049,-0.23799889557028076,0.27244464492145143,-0.21980948452699156,0.15763118773769796,0.8669371179323294,-2.2441722899708396,-0.8630700929724403,-0.06970955115879267,-0.12038932932339508,0.9323096155796116,0.25100843963043834,1.126720528572886,-0.2215546905203218,0.05528407130955671,0.5379061267283839,0.8704007060398091,1.4985528866374778,0.5234965415574224,-0.17254121855725718,-0.02245733800611016,0.3868497611190698,0.18961218107853303,0.5427130082153108,-1.5414733695257328,0.6114768643529798,-0.8001063847787546,1.0243538956150677,0.25742730069875047,0.12350838830892712,0.805473253644126,1.0329093191748586,0.8706332980297725,-1.2543623391772492,-1.5401206672652954,-0.6368841638080625,0.5700155217556284,-0.14723842466229278,1.443202632928351,-1.8501047144697662,-0.3314904552626295,1.521607120521948,-0.7376420714662457,0.8388797770880756,0.4875816190973343,-0.13322419315079,0.6511513191157041,-0.30796703381560814,0.12487889941552276,1.0521860020977318,-0.6366102525346571,0.9745048736996291,0.4085287200235651,0.33877709880313805,-0.03855668195653865,1.0781045444760073,0.28582650868463527,-0.7127066990667773,0.8800375679865,0.2752332836203739,0.4724716357983023,0.8996248258223742,-0.9673181484029727,1.1331206142140602,-0.756141923779217,-0.056155788459039055,-3.4154114276705405,-0.010483796870917874,1.1553842227986577,-1.7180498487449687,-1.3446710794667414,0.20892036745989212,-3.92626759407131,-1.6844469768860573,1.4418583878248656,1.2299562210167365,-1.88366570395195,0.8506991835590861,-0.06320570889324262,-1.4280333131673546,0.3526810276309919,-0.09651479590004987,0.5698467617755506,0.21099057362338788,0.7378898720609319,0.8308330209078283,-0.4181675576944397,-2.112797138044955,0.497781130248467,0.7920496374230788,-0.7952174020207894,-0.33362558704215944,-0.15131020777745657,-0.4954391410478551,0.3010200948030717,0.8188375070945,0.15412877021527088,-0.0975686070534251,0.9899485069444188
2021-11-04,-1.717460516627282,-0.4669062722586071,-0.7855946074477642,0.0013602502232959116,-0.6612149209956267,0.1661834430960702,-0.9088735320371583,0.16078588813252676,0.14437232661483373,0.2551550892180442,0.03633741946939194,0.926040404513303,0.7373953281579565,0.23420481032627977,0.8554020941746429,0.19811332084347233,1.106992300391499,-0.6060681234850075,-1.2442645847496705,-0.322365738987883,0.6571774335049837,0.18384541028961274,0.4776909446685267,0.6605439665979361,0.35155572720316963,0.895850284287769,-0.028589833062936776,0.5010890771283577,0.970795879161044,-2.6626046654340723,-1.162477721573269,0.17585068501872309,0.6722535160770897,0.24971714343219384,0.21822700439597603,0.9511013503088591,-0.7480773910987346,0.7986748592074427,-0.5842967856053215,0.395349378198455,-2.0913470016612674,0.5980526869495616,-2.0616178414589146,0.8115669274893312,0.2825781851436245,-0.740833946908402,0.4345939768560812,-0.15783126854800045,0.7002195144154065,0.32870922408180114,-1.4300852222530518,-0.5918201689079248,0.5491431990386191,0.19508530398341528,0.6365884980677764,0.35825386748407,0.5285538181015077,0.3378355893598831,-1.4458035092233652,0.611331402292692,0.8281766435056612,1.2616575981976412,0.6041231532808482,0.08682594921071532,0.20618261926157114,0.501757862589837,1.0070916713556965,0.1582996543572252,0.1008069695456539,0.4880332217367221,-1.1581710525517077,0.17305937697836443,0.4281511997107697,0.4999741743997585,0.18323746816567874,-0.14970752335274481,0.47522955066337447,-0.6802929596966915,-2.4670661673255663,-0.38671898197831533,0.7114145615907063,0.7361941568796977,0.15036681665271218,-1.0462403555008182,-1.885366483872349,0.9833592903109647,-0.10708332187309404,0.9702496904603707,0.6447723446934134,0.6115771314739945,0.6287010557936398,-0.5548475341324737,0.5265953451207527,0.6277823105697822,-1.5760177405396631,0.6794595457605928,0.8593830507449757,0.8078438505485462,-0.260285142876339,0.8840347431462297,0.8013321850446327,-0.3841920736020269,0.5968557586361543,0.08378123608396941,-0.5959975722143549,0.8946294449367782,-1.5624985310511388,0.9701650037038932,-0.3729867655312681,0.037883572715548104,-4.318055311934144,-0.21811814500546128,0.972376634223727,-0.15661964272685802,-0.8061853400348161,0.604847530931744,-5.27718111356624,-0.9065069913410883,0.9383210856480926,0.9094897850715393,-1.2930961942564865,0.7986783773903492,0.660332786680372,-1.4161552439056546,0.583124954158016,0.2734033596033632,0.36720440444560426,0.34847707362702773,0.464865454854742,0.9805870308460035,-0.32191897347283593,-2.062660970306741,0.7241695913062772,0.4487078618258594,-0.26159139112083013,0.060696594895567946,-0.2874198523284495,-0.621120415220977,0.5430827006120871,0.8376106781981594,0.22998038893811668,0.2305478666134741,1.012165548041042
2021-11-08,-0.29823250432307963,-1.1366577994688654,-1.6511444340658916,-0.5182951855549841,0.4203576451574219,-0.9768291644566753,0.2267308293994288,-0.6057711404392032,0.5973607107810845,0.3869103910268944,0.6853820924148294,1.602343082332345,0.9358416443705222,0.33499929626402575,-0.7820960391010154,-0.23032550589515158,0.6307905756907747,0.7294070574524698,-1.1619383555658964,-1.0288239969586268,-1.3120504416206065,0.9246715372350226,-0.7674661539884247,0.4691732635978138,0.16825395073835678,0.825181612461299,-0.26161834943882706,-0.6129333425014716,0.18611149354393622,-2.923255909757766,-0.5076211190244386,-1.124551167569838,0.6929385214449394,0.4643137758767731,-0.5315772253209358,0.29565932159484715,-0.13706999422528496,0.36204874266979065,0.34661874800019205,2.5425895767442914,-0.581290107510414,0.7173687009907175,-1.6280749529762233,0.8922604531853902,-0.09424401738931229,0.23073380921843234,0.5442828360714989,0.008430421681092806,0.004241953735920921,0.4841279079357332,-0.6701694812875113,-0.6212482211971204,-0.15588772452965996,0.68052707414584,0.7211919080622282,0.2849143214742824,0.7435804268366447,0.9166636395508179,-3.61748808996565,0.5862522164567121,0.9917578973930232,1.021204254812594,-0.8805821826503103,1.2694506458264292,0.3131957426870596,-0.15470442943777007,0.9779268329174563,4.48717674542658,0.2115297970678724,0.06259596584563663,-2.135159979051346,0.09158162070024144,0.6769681983406164,0.4497351131628247,-0.4219635870176406,0.9313316660144499,-0.30894194910295547,0.04448823922519373,-1.423293891509644,-0.4678368944177946,0.47838525161253365,0.9909424087570178,0.8422627131719425,-0.1364264869091721,-2.9754770028198254,0.6166257084824359,0.8682881894759973,0.1308011322385364,0.9298824866512018,-0.4942688433416516,0.12526317880789556,-3.114103420787612,0.7692289317516753,0.5938570458090009,-2.405093810215409,0.34524136451642423,0.008994168892016267,-0.10823021865879115,-0.24205905769296554,0.47578951588768786,0.1930488187917044,0.20665869333957376,0.3453017211312804,-0.4365302277331434,0.5017989042216657,0.3581777833075927,0.6039714297926879,0.002936122569394067,-0.6119081516151281,-0.026261720210846044,0.019343787691695633,-0.031089440475600853,0.842714254145461,0.17489323251374037,0.7289935417588435,0.16522929614932802,-1.9044696582135823,-1.200519037911731,0.3324266515815037,0.636081687542251,1.5496598952042808,-0.07161219549388496,0.46531418352709375,-0.28881512515843627,0.3402509390513724,0.7094360042109648,-0.6201295101648787,-0.9825080173183731,-0.33224567095852275,-0.25843667573287243,-0.5048986730414536,-0.16709528152753667,-0.4745277319850577,0.4245469394193353,-1.2721871037036077,-0.1780503221064845,-0.27484479980929816,-1.441564215040485,0.23318468073500406,0.6387237001006273,0.7561983358427503,0.01051581067668084,0.6963249690248636
2021-11-09,0.5758002740543496,-1.014792151250724,-2.907806930657191,-0.6467893770587282,-1.2327042561030424,-0.8660601334869019,-0.35634954669143204,-0.6246101565742209,0.7159065717194132,-0.5816392365063943,0.8713804164046624,0.9994494533748596,1.316947787464696,0.37602608771484114,-0.43313066086592467,0.6288057174624031,0.09181304593747036,-0.07824367041988022,-0.8079057900551181,-1.423708068397575,-2.858924591572417,-0.005190098252803448,-1.6991820668635824,0.3142152222505024,0.7664328505614325,1.026832718042183,-1.254873757749498,-0.45767651854029334,1.140321626429115,-2.1552179708721417,0.018915203159632084,-0.7893793721715807,0.8331950821120855,0.8499812006171582,-1.491647459570041,0.513866503782971,-0.30168516644443716,-0.011863837249818853,0.9896101953175792,0.9683514495087729,0.3372662579579443,0.7947939056659001,-1.8512587230547382,-0.7480290380230695,-0.07416200286889119,0.5897529783800387,1.0531811312510555,0.33241474799266507,-0.02885966327733573,1.060291381306685,0.8117358504052433,-0.9203880291831015,-0.1009867410857789,1.0468605355497473,1.2623839170823279,0.22426814850251187,0.342993827661528,1.3418787148347666,-3.3675991661066584,0.8208663529196026,1.2988249472186197,0.7997928880730926,-0.5684552585128384,-1.0722334614696643,0.03293264711759558,-0.3652602889210951,1.1694894969544443,1.0057609643041907,0.48101127231276003,0.05988733188344788,-1.6868038699451167,0.3525502270235988,1.5253099467724411,1.0145602446627107,-0.6320510807765093,1.0526172899037127,0.1649268138044371,0.25009005882661894,-0.45034921103931874,0.36243541274258273,0.4999608139648452,0.7486846998122519,-0.6004904391111939,-0.434387998354526,-2.857431950695133,0.5351172189398389,1.5450445017595535,0.17683133984250335,0.5593836159760335,-0.4716247425195296,0.9619503502094607,-1.9648294491781648,0.1698832622796314,0.2525457470368012,-2.8375564620566394,0.6711815146267519,-0.6446972705593955,-0.8539203873428279,0.5168820814297229,0.6553457032633706,-0.1926996707697346,0.09068097888482464,0.16988208105377758,0.057024161948084344,0.42780172907813346,-0.039423099065695556,1.4648225742817562,0.6648422500453697,-0.23051451328621864,0.9514284296790305,-1.6475590598682697,0.9767890214750332,0.6237884868711417,0.692156831771055,0.5614547920128223,0.6658248431344513,0.5724206632086196,-0.9528607076165596,-0.45134901069786104,0.6682513500609072,0.9978584503497532,-0.9787720884176526,0.6357717190713111,-1.2602042306803698,0.6511586894744111,0.879102781028584,-0.6711785530025817,-0.3500001935221841,-0.8124622077548875,0.5973728228232374,-0.13742504366650324,-0.4907193349141964,-1.45631043774478,1.62908253039614,-0.6037182660759447,-0.2959035587068914,0.3373650344268641,-0.15310591762893838,-0.09450002350499655,0.7424344701520877,0.8669649614870997,-0.9257897459587539,0.47143251543801773
2021-11-10,-0.5179731207615663,-1.16776321821503,-3.264571487512464,-0.5677686765977098,-1.390516808736349,-0.6279597364919988,-0.2673220110494861,-1.0968087718539767,0.504663076313816,-0.33544882994157327,1.111871549414303,-0.5703200956507855,0.7574046938294865,0.5417198362495927,-0.8439485486438513,0.5004913341869958,-0.46486697523703685,-0.8095739090863052,0.8717695786664451,-1.8309866391294247,-2.5263675329873285,0.040138475889052214,-1.7113714206230093,-1.1013625933648565,3.3110183422176136,0.782816159930871,-1.37223731594596,-0.4201610428192091,0.03731804135874142,-0.6263603265247345,0.5508647231426693,-1.2531701019882,0.7882110466719326,1.38559007193294,-1.2743536363243617,-0.06681462456533879,-0.27939501857136767,-0.3214245938223125,0.7763645876329958,0.7888008173019438,0.44271398246779153,0.3144384826289123,-0.8564673050204801,-0.21427508503040113,0.03078056136669712,0.7916231441702077,0.3935562983202555,0.7076620570121258,0.1960082735914912,0.12461834109271354,1.5019496430425627,-1.0048759295586789,-0.7931324034238787,0.9043730558860703,1.1562541838153628,0.18049761153347307,0.05671391196056669,1.8686712605301992,-2.491237318765517,0.9541886983263941,1.5231760539167338,0.7959318645515397,-0.44254826710993495,-0.8403707810322367,0.09674669854895598,-0.09119115926460915,1.0806601669697602,1.7083188169279362,-0.031395160429590896,0.04626745291938722,-0.9957517136992228,-0.08690060096487356,1.9387489695787619,1.4975602529481797,-0.34418849670637625,0.3934507145304091,0.3581660666647078,-0.35135294903592573,-0.1285350210335305,-0.3101396324423688,0.3519401945939856,0.42747787398108655,-1.9254207552787592,-0.219586291259732,-1.497604825097983,0.7891734619303529,1.0866476770964195,0.2734342524229154,0.6296348854618762,-0.8771325846776535,0.7831891236711798,-2.6700226891243553,1.0127773303179173,0.6031533034932715,-2.0711937168383456,0.6028508029881912,0.2474650825608398,0.17635024128916885,0.7068421003351739,0.39218178995605024,-0.6498825907247286,0.23250866907063716,0.20416164990132854,-0.18451720626472373,0.7805050105256188,0.36573289492100325,-0.7457225000351583,0.7827318759389383,0.6036529714411927,1.1097864104043353,-1.5633799520143075,0.5033409006105618,-0.052253913421774385,1.911190611019584,0.7859929825434958,0.36152632188334655,0.36125646967559744,-0.5369078938810162,-0.1576068139001142,-0.048818760691176265,1.034630041332175,-0.5984742862008503,0.08167333963475182,-0.2442591416122536,1.5069672313382758,0.8772706834884306,-0.8272001653692208,-0.09872261979824998,-0.9344877623442367,0.6664238712337156,-0.9768551707079212,-1.6143514569321924,-0.7633506390158646,0.8802907968015591,-0.29226039872324605,0.7338827891673767,-0.9581545641390355,-0.697011936818293,-0.14901954130272635,0.8024163041278557,0.8036764479344303,-0.19588224398640752,-0.043566011010862264
2021-11-11,-0.01327578899603976,-1.0815824224367663,-3.9305946386692896,-0.3565977189523429,-1.2474761281781797,0.09045947545642039,-1.5398289817505955,-0.7388182959055387,0.6881773194200957,0.09810541512851052,1.0684610967423258,-0.6395543280118609,0.8090014677702523,0.4544074043688796,0.13420263764362758,0.8384171322558241,1.547809026659266,-1.3459349815616262,0.24936309930746114,-0.553658030892803,-3.3570206006619974,-1.1014464284245136,0.31888211541714134,-1.5042835940116508,1.4598582903747197,0.3884422732353648,-0.007207497732139605,0.1558889639900741,0.254660959629272,0.16934103407703072,0.24936796559631275,-0.24710204270696992,0.6537650190052041,0.3058295165471789,-1.5072389092308398,0.2045579146805512,0.4361045870767127,-0.2071731073829264,0.6841639442194869,0.9929364015351749,2.1323469753594773,-0.07283557126821764,0.1306642820485629,0.20283015536313503,0.23614674485985773,0.4057554826858615,0.7586781531955531,0.903816305423711,-1.6780789127699185,0.8426495526540764,2.0223328506772145,-0.03085960004696254,-0.882896843744297,0.6977142846877498,0.5518904922567329,0.21880470949687048,-0.13268676169133348,0.21340592709738804,-0.5068643685852695,0.8390231450199183,0.6897981439816342,0.8995216367961916,0.038261961149354866,0.266111959818983,0.5285484137830068,-1.059269049723968,0.26787962976420215,0.3167432308802971,0.05274159914903463,0.1510511791232213,0.9419873412300759,-0.13927140646782898,0.25164002385250905,0.23562387279420396,-0.4149595576119872,0.9255130489822772,0.401454392316157,0.30608709272647955,-0.005328818072811538,0.31540020802854996,-0.8815872398659063,0.16898231465199784,-3.3937527013612794,0.26724777758129975,-0.16756815860196966,1.0484987080922745,0.7243892773878535,1.1204378703015117,0.465736257365836,-0.04445750895398048,0.9556598080060685,-2.558236444653226,0.3236887750089171,0.1402702860620427,-0.30088294298631457,0.4212202845279088,-0.010113672543889188,-0.03430743669972935,0.5149028170534306,1.1689741109322727,0.21018849502808254,-1.122457379226811,-0.5453328314699208,-0.048684280742828115,-2.0879570080507825,0.3922457773238502,-1.9517865338268996,0.975233286380469,1.7228172950518321,0.5315977413543872,-1.9274485485428594,1.3187589199425076,-0.9858509891087207,0.7400998760566201,1.6824551593204806,0.3939585347439441,-0.41224684712653237,-0.6497223647156593,0.17371995058029302,0.36828823492062235,0.8018349893019714,0.04170532925744855,0.05711428629578344,-1.2070065550886506,0.3199570678409272,0.3160679352395899,0.19425413718289858,-1.01951145737759,-0.22688128333334603,0.10710564357090888,-0.6683442990163355,-2.6686435734069187,0.04339132983392219,0.8144474766562415,0.06390030443414345,1.370777991692999,-1.5710508554453986,-1.0452416774818953,-0.32518760159667237,1.1805536929414036,-0.47948543075835653,0.1734343375592453,0.32504807265129
2021-11-12,0.3959864369648195,-0.3172516324026584,-2.4842471423862658,-0.7522298340208596,-0.09068215910119119,0.5608093362365674,-1.5900028029811313,0.18229998147434986,0.7085166193649926,0.7183009101175544,0.1321312762895461,-0.4861037933929219,0.7480390397587163,2.2192981201665387,0.04946331328628202,0.39287965763390964,0.9999162724011271,-0.6780785800772813,0.4941862996459223,0.1680143786315895,-0.9114769459676532,-1.263017016839878,1.068196785648844,-2.044181280021812,0.5421746760260644,0.6322227477490102,-0.47098319885975737,0.5347621597336857,-0.23025292955392795,0.7815206036847904,1.0035421810037282,-1.603742844344229,0.263611002315864,0.5898852845086026,-0.3607230872780804,1.0863636169352853,0.5353354484623413,0.14876666066717598,0.5376824778093608,0.5826626497035299,0.24481430338089483,-0.06626538023368643,0.30466988781726617,-1.8963753741646867,0.5997862201664789,0.6609221504151889,1.152540570258706,0.09361679470158851,0.534910498618275,2.3222156944871584,0.6290741549416553,0.25522335747687297,-1.5098641725846806,0.34591479079897475,0.5727254279412346,-0.9271206226921801,0.6095160130163845,-1.47820101595831,0.019774881496669214,0.35754464520091034,0.5343276485040216,0.5262129427192681,-1.9404836242962102,-2.2201946541384854,0.1317159553785193,-0.2454635602473355,-3.81195463964206,0.3676497585807049,0.09347437338479973,-0.9398191862385479,0.7479893091765359,-0.2958008611820898,0.7056951096582266,0.14297309620662865,-1.4198771485424064,-0.2659091839347177,0.4844130491183404,0.506778217479593,-0.3494750195999141,0.5218364050041333,-2.9687063938096867,-0.3167531157298189,-2.9161252848948487,0.474795931890722,0.514529303063018,0.7400861096177329,0.5655323822817936,0.4943930987428905,0.5166984848371879,-1.2767230508102423,0.44920508372952617,-0.8144045610203223,-0.7360213480283543,-1.991112744082846,0.06397839460495269,-0.11548513887275383,1.035602693778989,1.0751622128723386,0.6845867833701191,0.27613949645204694,0.5172307816398384,-0.6039080706284813,0.02988769888372391,0.9544034495338932,-0.6174752913739261,0.7352452817132569,-3.307379930852297,0.6484068823576408,0.48270716005879566,0.5894812090779701,0.18715166728639324,2.048961299224547,-1.2327575356392613,0.5563319956790438,0.5668908102921928,0.1723456431062617,0.559490185630735,0.5527066973708054,-0.2055911515166903,0.018534791322355193,1.0565693366771527,-0.07372352500776205,-0.26301888177408084,-0.272288871416214,1.0747819333981297,-0.08407147621196698,-0.8420598288009702,-0.21080835037093612,0.11283373580567024,1.238758258248617,-0.5096821790891207,0.31817888190442717,0.37901535367481926,0.6102705556434314,0.5630553338003875,0.508453505512447,-1.3609492638084255,-0.6326075190050845,-0.30654844823583677,-0.30254225562230497,0.2728981938889645,0.8287933140063727,0.5935447841563006
2021-11-15,0.6572920850735805,0.14781434824052114,-2.1394265165171666,-0.40955882268448646,0.6090055758903974,0.35801019998354383,-4.319497759161725,0.2360920721496505,0.9695319952217721,-1.437675361472787,-0.6188435045472422,-0.354330160481248,0.4955506759572565,0.6949028793341414,0.2314289905537349,0.25827587182978134,-0.005116297272236682,-0.45698522740185,1.063679663350038,-1.1511637122690974,-0.0443365108795048,-0.9731843495885609,0.33263364009135526,-0.3696262396333564,0.7212132588620902,-1.5156476793218239,0.3466033482631287,0.33585045834366356,-0.8771369516503585,0.9106784975263912,0.3590707542711283,-0.22319334248147255,-0.936702694757813,1.921373489275193,-0.6490830803405124,0.35174276008347555,0.5920693993818116,0.14905298290317964,0.19338548510498121,-0.24138343950361896,0.18944897033820876,-0.22117674811804994,0.6253600197659712,-2.412166326695502,0.38868192203545704,0.5565330719040307,0.5915174251065315,-0.9935046571918085,1.506302441654362,0.332913366591632,-0.5032003710945772,0.30372442208580214,-1.1582101073862558,0.22971931783993776,0.21217867313450145,-0.19859587927327743,0.3239276835796711,0.08566513960388718,-0.6535531653945551,-0.18243794263411287,1.6369724614039107,0.33769474979053377,-0.8999911954501854,0.13790318316001732,0.30671624329716923,-0.6480829021618445,-3.4736874303962693,-0.0021108603698868195,0.3713675646931349,-0.850100738753033,0.4102385130278374,-1.2071328505420853,1.2979194043196862,0.40769752908956736,-0.8087172452419837,0.2817399551387157,-0.21010804466938363,0.5089358294124193,0.2252990474353012,0.9115426132368956,-1.8660470629354868,-0.006942555155482684,-0.3266582994162024,2.2895892085594873,3.931325376207349,-0.07533385368242113,0.189194038997766,0.3567557035216001,-0.061335548868563884,0.637817506715943,0.06915346256375828,-0.9302375327935768,0.1532334222961165,-1.0356187489468076,-0.6847319648247315,-0.9099105493030166,1.0856084451949495,1.2190284180937427,0.1831687589608895,0.15359508590574547,-0.592912058496381,-0.693996256427614,-0.07311177209264062,1.1694794979482162,-0.4625709563629817,0.4828326916645909,-3.509908647491842,-1.1404019959194174,0.5832619083100709,0.5293126250807355,1.0402562017579378,1.2475585652713148,-0.22237709803022984,0.8389153035297608,0.5742697917782673,0.3385897907661111,0.3563070147496692,0.934807851542593,-0.6697633890570608,-0.22782673645456866,0.7445189019287651,0.15177481322011205,-0.44415019262077676,-0.09388116355584274,1.586815561240518,-0.46924235076631254,-0.43044796488518355,-0.21798203739373154,0.32440845735043955,0.3485196698295176,-0.5623763175961256,0.04470425327565993,0.34449928996285706,1.6006824487668327,0.3589042769668937,0.8912042500896699,-0.9519197994760698,0.016518559215921456,-0.2883235585395874,-0.21623193372170668,0.3248363869420556,-1.1906986347445274,0.2839015773554842
2021-11-16,0.7356537411251775,1.1494103547840593,-0.9039719840822537,-0.2138029742941259,0.46766344961356454,1.2583327281778403,-4.155593590322047,0.18843071595156785,0.8087712942203324,0.031188762756037602,-0.40215283911667976,0.3044741104833726,0.641752176835493,0.28937665465556534,0.0007156564376814879,0.09836099082504274,0.3968133255775475,-0.5311707938828618,1.1324619979593464,-0.6068635536931857,0.6135758436319428,-0.36342826716627435,-0.9602032578861089,0.28769492899433496,0.5490223740463969,-2.3272806948605536,-0.4890146630794934,0.7769976515507219,0.17203879700130906,1.2187391846279227,0.5543635316302583,0.24985749314717495,-0.193435998191367,0.4460457344148893,-2.3165271690491047,0.644129503491595,0.7043995336770371,0.08029761448262851,-0.26950117910423316,0.21153523422927067,0.1503285700089288,0.30315031616033433,0.15074729190610586,-2.0669481461880808,0.41172442277429017,1.0620026061416656,0.6834101159629531,0.26465260686152114,0.24475907527072743,-0.3041207520223457,-0.23368559513714368,0.7046947059340414,-1.2820321245704882,0.28775496568054487,0.3164155102090604,-0.1641681358057534,-0.6537237896665806,0.6258835423251422,0.8663113397365715,0.1071722543663422,0.19276823781697439,0.6385954564934261,-0.20374847479248434,0.1794208742422426,0.7496735889591585,-0.18751128099603498,-3.650679250691179,0.6858769791492396,-0.4210267202223259,-0.9681145289331656,0.8746294130126738,-0.5608934342004767,0.5960531472803589,0.13538900271719784,-0.9361415919489523,0.34101674393585313,0.055915505675290175,1.193932226699149,0.06025485215037804,0.8023042466619207,-1.8318413392975113,0.45984852663119935,-1.319315426135589,1.0102679561663601,1.6782675359319028,-0.07720725716912148,-2.7479317104281353,0.4981882950142542,0.28850855002323406,-1.9342006569854266,0.05237325883550368,0.5101247389125044,0.093344636938699,-2.2298514756932644,0.010024149072878465,-0.8549432831502602,0.491398081522385,0.5093369554231194,0.8547201291759643,-0.11775898426632775,-0.4445897100486748,-0.8236126678509804,0.21568984395590793,0.8212812929486248,-0.22642987445399188,0.7268803007443673,-4.517066799601703,-0.9757628808299075,0.287346167875613,1.1735754823180302,0.20172299456360523,0.828375204237706,0.7433398092727778,0.5761064391306918,1.0979812873636445,1.3662090762333863,-0.1537726725663955,0.2854193300787741,-0.6209663508962351,0.2690606106826686,0.8727240303761697,0.2216621213510891,0.48196682538463437,-0.6184770673878578,0.7795761822482644,-0.5210355848937233,-0.8403541470587553,0.0991885054370796,-0.8424850877198277,0.33576888020334117,-0.06862613727523477,0.11252910943098915,1.0605276536239265,0.6502098841399568,1.037091054832186,0.37153805815075475,-0.3193158627122266,-0.9351580970546864,0.7501788670297352,-0.3986154678321852,0.2748477693783154,-1.1237980019526557,1.1147167560636286
2021-11-17,1.1900838955614506,0.41727033034408206,-0.041038661197221986,0.1573240423160365,0.8758898468417166,0.2091791425288328,-6.879981300903887,0.39469171673615266,0.5891103458578152,0.15131966363017815,-1.2118506749117197,1.0552631816370674,0.7386804806913906,0.30670283243045704,-0.19856794979767367,-0.2880621762949119,0.5907693572438231,0.02912780522874655,0.09596013089973202,-0.18251169626767444,0.49362496836610315,-0.011779163274112827,-1.0370683908116567,0.5154231518088848,0.12120265571073893,-2.787668048924012,-1.0633681484959379,0.6251046509125621,0.39537437014125476,0.45682270238229306,0.4429353361914602,0.7869789186994336,0.15817813110419254,0.7356427701136662,-2.584851969492356,0.6413481279298782,0.5031466445912045,0.05397669675171932,-0.22009496590926622,0.5956313432693413,0.1271489625781566,0.45379810355798506,0.27488709261662564,-1.2550003586431693,0.6651054823173322,0.25386854440827283,0.2906976097940717,0.9605701797709165,0.7236571163416483,0.1453213934978151,1.0964280219994211,0.6688021965658603,-0.05272867042591709,0.37502205397184196,0.49642058951783286,0.07341972559322915,-0.6544815762532932,0.17524761390897933,1.3211071577970208,0.1153390481020991,1.0135653505050752,0.26942989814435936,0.14799173903126275,0.08706813321902111,0.6130036392645672,0.19781551964359456,-0.7559607480549624,0.047416773063808516,0.3941669977187797,-0.18438809740181383,0.880828012465835,-0.9520530565436265,0.4074632510024647,0.1523255159652785,0.11965228213363083,0.9532279929422574,0.17638004238130345,0.5661881764565763,-0.008117165918175134,0.27001701875482476,-1.0930658012851502,0.8603136157725262,-0.8823827452543833,0.8424851440076725,0.14815524396469515,-0.09647177602604978,-3.4371427531226972,0.49772546813749624,0.32862232622940196,-0.9669581628633863,-0.49086136895507027,0.5778316857021373,0.32816317123075167,-1.2114018227246885,0.25639950324838207,-0.5864543018091805,0.431178373782819,0.4637044315116073,0.04459185164818245,0.05021162140079488,-0.5561599651414866,-0.3620570516316427,1.3233871378971067,0.4299877096971852,0.3073951161504945,0.48592114876945985,-4.107786512513518,-1.6277757134213122,-0.4509056052908888,0.5144261150555436,0.14932854641585047,0.506089452653402,0.8122042516184433,0.3976620642766579,0.11630349650369336,0.6434742418463987,-0.053795160953022655,0.13634357548893955,0.01507989679001158,0.2935643343136596,0.0698658635787422,-0.14594649392056763,0.13484806016642212,-1.3378578302570086,0.38833757483624626,0.09065260534134677,-1.0257388953845286,0.5043713904343679,-1.5990882105960904,-0.41009867645977127,0.017302397850712938,-0.08818672412806934,0.5475996062265627,0.31187438416910856,0.25547085162784927,0.3815730135247722,0.5213220475052376,-1.4610611374364952,0.13898296182945494,-0.19143088677030629,0.27639445248747463,-0.5850428158257637,0.6979540226488093
2021-11-18,0.4154907149042082,0.1883430546241847,0.06536438611969252,0.20342120520232318,0.16387753597138283,0.5211418068162366,-5.842759219349279,0.811810212043193,0.7572832790764478,1.6430768782584122,-1.6486243799892877,1.4178872110500922,0.012070779888931026,0.07965583404379502,0.1452963569850003,-0.06356458284325099,-0.14362488271417537,0.4017710818417334,-0.10854917720599354,-0.10097438405281056,0.9756677175297859,-0.20557604369891344,-0.4664975316865034,-0.009402010082416751,0.5947580236653608,-1.5150105300942383,0.8203323529433255,0.5721598848625298,0.16510705297593237,-0.23588169682458118,0.15700149540339503,0.2691255760668352,0.2676459756938738,0.38778393191059285,-1.2116940033259669,-0.13739696928547362,0.4156252181548431,-0.0004681791919536948,-0.775175657333039,-0.38940365802105903,-0.13655744255401975,0.5213374352316819,0.7933048515206039,-5.638951786325243,0.0013122628676421303,0.7144541844202921,0.9296654633534316,1.2819226166100213,0.18901217074250004,-0.33977082007207826,0.5156806717004213,0.0848724028860817,-0.34393525979199663,0.8581220172127415,-0.4002601783599841,0.04554582891222324,-0.3492703526152548,0.14082812285536575,-0.001597745617051359,-0.37787161896263527,0.2503234171942502,-0.3638948839350809,-0.1401615051225534,-0.3420375485241791,0.42995139522460574,0.25337526669117066,0.6783191150611618,0.1726217473083364,0.23685238538903786,-0.32329531947509316,-0.4313632974462,-0.8976328046569158,0.9929056351127512,0.3596411271174377,0.8214842795566072,1.5271304214618695,0.2479222404919708,0.08291584185553787,0.7578330462411489,0.1947101291037345,-0.05217109909912294,0.18908603433981327,-0.12992236618852956,0.5005250113508961,0.8457988995234669,0.04267454968950558,-4.31387437130959,-0.35630052985146704,1.2260524767827103,-0.4412932698633116,0.04010045416252524,0.5993747953561215,1.4194653038283263,-1.0692368484664116,0.3303399186118601,-0.4838168227445555,0.39470984519307883,0.4689028130550942,-0.41906527018425094,1.0230781118654007,-0.2397909399968281,-0.3818431392947527,0.1597366806818182,0.44299804565009954,-0.6786672576404116,-1.1478772920544342,-1.6914962173030563,-2.0037601985715034,-0.07518110901717406,0.3526488163176535,0.4574749744829207,0.3106028109659887,-0.3813803003020128,0.8463363820791573,-0.9895245040244802,0.4616410393949368,0.04841580423043056,0.25515235548209647,-1.0775070646583573,-0.30512971057602395,0.3195444381650279,0.0814363671259859,-0.27609653270479684,0.14147302990978686,0.8704307222857517,0.21208335283798796,-0.033262392661951724,0.013740263054987092,-0.6493923146313139,-0.35062503704329345,0.6673905927179435,-0.0425632162665864,0.36854318379004397,0.4061978892631102,0.14097109838791444,0.034034887308883856,0.452147773290912,1.8263987910219783,-0.3719902445484351,0.14095412506594585,0.14458583236026648,-0.3752789276154681,0.5094613339896196
2021-11-22,-0.8547156272079953,0.2903422924792762,-0.5159345221772463,-0.21241027196897458,-0.041012969537860426,0.41064135011252045,-3.7845758085770616,0.39388221606322976,0.36511411068119576,0.9243877730400997,-2.2716171714987263,-0.07102282609658764,0.3241685142312475,0.36374276213837337,1.1352829149534016,1.5516090476531614,0.3336432238772088,0.3136377069408413,1.7354291434997933,0.7001837300626909,0.3147123816674434,-0.326347852969062,1.1150892091843112,-2.361699367558746,0.6554991865171512,-0.3920351462920396,1.1459972742297628,0.1982879007899669,-0.8492236916056126,0.7331694693986625,1.3247245975066315,0.6284229058645555,-0.855828269697674,-0.07624575344993892,-0.33138998690196697,-0.825040284300868,0.7631382669272664,0.7876591007102104,-0.8671849222706055,-0.10805119306942108,0.6993720226446282,-0.2740767481627207,0.033155877372932865,-5.527163556562525,0.6776514369395283,0.5793999929856061,0.2814896103551926,0.29992093711477735,1.0732184994946705,-0.4800637096848146,0.31845491654523606,-0.8428499552479446,-0.91865702575647,-0.4630056031680064,-0.4210553529078707,0.07399129096482863,-0.03960001727445122,-0.862944080821968,0.1030645263249874,-0.7787895366927583,-0.10877643977445542,-0.3341356908693474,0.43991850795558746,-3.8436625528266806,0.3476788460781849,0.49162843224790986,0.7887967721262072,-0.7610147377393451,-1.554296619149609,-0.37354128602365333,0.7106052270026836,-0.04189256703662341,-0.6451271692623021,-0.9184667115858655,-0.047375744666163094,0.16483728719698112,0.5694432233396979,0.23805049579276882,-0.1344907974392983,0.47664640606588177,1.0142884727595818,0.418101456906496,0.1783060497046214,0.5220389158359559,0.4482860667242646,-0.6536279994243126,-1.2745117770773566,0.2476413318551125,0.1637089252610974,0.4388498673159583,0.11999534412455347,0.6464144529597694,-0.9599788886419532,0.9312357876542333,0.7108998295808658,0.02922297614455216,-0.7635533207922495,-0.7256048522791766,0.4354098813103108,2.718369516113622,1.2425799701983777,0.29343434037389277,-0.26344147336609136,0.23379668298853412,0.25870618094658404,-0.07956440077562184,0.5610706417804059,-2.3996727998677976,1.4059770751585874,-0.19006091734688385,1.217340026009687,0.025507732990703032,0.8492880338072901,0.335151682765244,-0.11653011998294424,0.014497086699169234,0.1817472129840695,0.044651722370856455,0.376727341955576,0.19620789799821492,-0.8536165608453836,0.6523103546908731,0.11634101169353005,0.8148671873749421,-0.07129811635021782,-0.624488777358494,-0.1319474450381839,0.6109998779406007,0.7449268283415136,-0.3076096248101309,0.2947126443667459,-0.044147393983934725,0.20193228829717336,0.10959289931066038,-0.23500267507580405,-0.8174190650336418,0.5521161743691749,-1.921878403034942,0.7165128017691126,-0.37220424767988514,0.12072394531303285,1.123958675706252,-0.2730561529293549
2021-11-23,0.21758745933860996,0.36236235259299665,-0.23853570493369028,0.07492577119284566,-1.3733765478679436,0.2999466841927955,-0.558492026093774,0.29313110069764253,0.31433550455287124,0.3842642446392416,0.3858483513715189,-0.733655528415239,0.5620809054036511,0.6369235049692549,0.31148147644852947,0.41986907977297283,0.24377529522978394,-0.018251472189981903,0.16224496013898448,0.480600884374182,-0.4411548510023614,1.0677793945870435,0.4319372671747584,-2.5845130722144094,-1.1952184504611525,0.25536630223144624,0.25995954927292186,0.4482450789940104,-0.8133621718231414,0.26111870486541944,-1.3879997187681943,0.3013851878707485,-0.5097887031150881,-0.7537674887239466,0.45145734106766233,0.20217682725186142,0.3345172286381113,0.2962639232711968,0.14665769331466127,0.30314238424913587,0.29470425827244934,0.4485433920837985,0.27949662214131293,-5.091863592335085,0.3771452254774342,0.3460230746246639,0.40119076248006946,-3.6693179266918055,-0.24963715955227797,0.49780811039997624,0.180752167930948,0.31855652332662043,-0.2280303070738825,0.484283293567661,0.5091298981089306,0.40002857391108726,0.55538415535809,-0.5878893077351409,0.44454055826498773,0.42309533708953384,-1.4461365161529403,0.5200551217397985,0.8195026677911057,-3.0911929294558695,-0.007421248775000116,-0.35220858985189235,0.4209334811232717,1.734106608365523,-0.8147978574381626,1.1194015727514741,0.32273208835833944,0.4754899714099282,-1.2058922333384012,-1.861027721997494,0.32226061953455615,0.25766148226728786,0.3480532064135955,0.33422615639695735,0.37460458697590315,0.37100221710841896,0.3449121879592988,0.3550204731068068,0.504163432915611,0.571196020600552,0.6559165688817851,0.22346742297674363,0.5729034717900591,0.228860737916646,0.6208926000477443,0.4938663647944558,0.3810824000595019,1.0379906170835667,-1.3996147906191954,1.1181481402163524,0.30946877473826967,0.3967680008122539,-2.1691936571443375,-2.499103769545512,0.21588897389691553,0.399052919354747,0.5020230561163386,0.2798956519595841,0.43941315763255645,0.4700509130060494,0.6470474948560976,0.2936266565701123,-0.04659159721976229,-2.9138961837763655,0.5370562862813049,0.36931182339535906,0.3311897159882237,0.36571902909741544,0.402202159418241,-0.11346323306601933,0.3522340158230269,0.4502955378994077,0.31648885213120787,0.2802948176667562,-0.7457183642379048,0.294488704158249,0.7694002493748856,0.2492779095851718,0.3933268021369894,0.04959921768053104,0.011532496053999013,0.49084214417029143,0.36315153204005546,0.5815291148430491,0.2885715944678076,-0.31538163507941425,-0.7837660441420592,0.46288191364801784,0.45688311043031316,0.4493347108909793,0.5043138378410325,-0.17519874369112343,0.36883703670793105,-4.786002398239462,0.307143833414824,0.6001434129602008,0.5106801287123587,0.004653609924732913,0.2483257177566417
2021-11-24,-0.73159424234512,0.2819054652781762,-1.4739413755637687,-2.054800380557149,-1.1245924411441497,0.3030042000192313,0.5797513566589931,-0.12358835203140633,0.3438517888015852,0.24307126788625164,0.7690308321768019,-1.1653225851846387,0.44864813261138525,0.7336458237023861,0.14547389155339405,-0.0893662480072819,0.3654904165543893,-0.41479756554969627,0.140411998476984,0.8919175935222707,0.1708249621377737,0.6868613693747765,0.43873727427358067,-2.117847188565452,-0.042289771966827684,0.3683104644103151,0.379257133073048,-0.3467115725442708,-0.16111757180411246,0.3371005905709083,-1.6758867622196125,0.7337282952136663,0.40812436319527307,-1.4757527197277946,0.7788425689426658,0.5672031461311188,0.4052113101119423,0.16711900175653022,0.6665946095177203,0.41322123174663095,0.3477010208055691,0.5001470591399456,0.5891374614933134,-0.4939813369838157,0.3221302025163789,0.13061711926175337,-0.2706408801016408,-3.2700599835166235,-0.2030122064871782,0.3467275706696315,0.0369203059454185,1.0273553919965088,0.43175584755461244,0.10424551905252115,0.34309554805564746,0.5130543508353024,0.5905402957389179,-0.6790722033877794,-0.5325090201753355,0.6444691646036677,-3.400503383228227,-0.1009822863393076,1.1956039131589862,-4.177645468839355,-0.004370601313620365,-0.055507003150650776,0.7992830207284055,0.8553773650569424,0.2220352413407322,1.3498677901657863,-0.3831748424308591,0.9586153487570216,-1.255818933349702,-1.5211330245196437,0.3540510154080151,-0.4702777332481365,-0.3935063804798987,0.3134093016012847,0.46190712387766686,0.4449465087463999,0.8804652332018866,-0.33539893423370437,0.750583745366946,0.8724252985002044,0.9696423033274568,-0.08227757682703285,1.3478421740942959,0.24287127324569993,0.4369657788985596,0.4099146378953962,0.31822892801184405,1.2525749636404504,0.3249021801835364,0.581902982577033,-0.15211886507497,0.37409001521748203,-2.018361460432608,-2.3100116346621546,-0.4763475082079579,-1.0036082831878017,-1.7072249625166973,0.3445374744943056,0.33874015155313136,1.022060051184119,1.7827395595651436,0.2906304036003226,-0.5183351166060343,-2.26788050543527,1.2742288332532776,0.38849497122650517,-0.614899256452252,0.3299057620820791,0.6234059229092174,0.1025769889500287,0.280841445742649,0.11458673091571617,0.26723891061389715,0.36802453884444775,0.21056111248715215,0.3191052642320639,0.4079547260628915,0.3306452260514768,1.0846622390917895,-0.2781659226690157,0.30662245305631014,0.5895226563986014,0.5010812619776313,0.6127358554444097,0.3704137238417537,-0.1580435802538509,-1.9289748164247897,0.8431345742584727,0.7994332555398083,0.24490048990490676,0.8095929574711122,-0.5149199436807462,0.35094350400802493,-2.704841815498161,0.30648160983219846,0.8033638649913883,0.2293690654568566,-3.136618746876688,0.3565553203905849
2021-11-25,-2.505039758781682,0.5075534360467767,-1.1731926447534315,-1.4483718534789158,-0.35372714517477905,0.5085326680753333,-1.4297969147182,0.2068657275169272,0.814502408513703,0.5407461445474359,0.6746813969009743,-1.3227481838520279,0.7902584343173515,0.6897937079557486,0.4109835607135482,0.4307353969411662,0.6080490525860125,-0.867590241152011,0.34461282587780206,0.5754793998134924,-0.26851881279808204,0.8165067195128659,0.7870220097249492,-0.9258731270738374,-0.018247864456208646,0.21100579625493748,0.6669105873390893,0.25338361998919234,0.5428948757802765,0.1815853437353008,-1.2688823433972605,0.8839985054130987,0.25221693299583936,-0.8759450971162575,-0.06178166990481883,0.8518614619211441,0.8508614028039512,0.4077894352503571,0.5020315026054697,-0.42022123831660546,0.12504031055031828,0.5914868676971384,0.7538423878520106,0.29901359494330515,0.5237009328710639,0.3729745305730828,-0.4085873758672286,-3.128218305405462,0.03685296137777055,0.3086563859774875,-0.7591963863670658,0.45864752964847544,0.07670234796433073,0.1019930999963293,0.27730653448818376,0.5285595888779673,0.8797313849475173,0.08239138508149736,0.6406251646347001,0.8917194464987276,-3.6005962771954545,0.5804393681535436,0.7860756789669016,-3.4439539895693896,0.32774510933433854,-0.29721394651318583,1.6142407788775013,0.9115883351155524,-0.6306483922019325,0.42608130277611395,0.4611708588548808,0.3696046684383124,-0.6747642123263505,-0.910777140093019,0.5138380136170402,-1.2783583594110672,-0.5700520761913371,0.5295898923347417,0.7615574245287554,0.5169395773981699,0.3380047953488532,-0.26766144963973365,0.6176019507422721,0.6292175269542629,0.8735977256650187,-0.002881983391381873,0.9504208326544461,-0.17600427329045537,0.7090634369833094,0.03705629306733566,0.5462602357840953,0.8521469505997921,-0.020395359479901835,0.639533298502143,0.4169998386655082,0.3241583332059481,-1.4479800100176659,-1.6865301368696044,-0.14381673324831945,-0.71663595080676,-1.60027748934473,0.07465756817444531,0.5430184290273352,0.6423815666395758,0.7092555364018884,0.5387445864812926,-0.38615794545250004,-1.509405917577343,0.7013379364309136,0.5365228557869063,-0.3865729052293949,0.5272227797354879,-1.533358671235428,0.3605209075807042,0.4801988630900043,0.5269352398542831,0.5004660627833294,2.143493230596144,-0.41940214099676804,0.2655373117120682,0.4779329270171375,0.4646150748471276,0.46044803525524824,-0.7042920063420617,0.48802527420076103,0.5409185442704214,0.06427627165140888,0.34195607852542265,0.18101976067042042,-2.178324495269907,-1.513918078864745,0.5760709289927484,0.6434455457188779,0.5262355623196867,0.5142408154672385,-0.3863638487460531,0.1882381065766443,-4.355229882258396,0.3963253008040782,0.5443398094558708,-0.07118865479713424,-3.06309313725187,0.260374482478561
2021-11-26,-0.4302846298608622,0.3070589382440161,-0.32736530809270664,-0.44956062299461735,-0.4459353858673994,0.7750187390500796,-2.0715393453055135,0.34293311636383317,-0.43120507386093865,1.3884007494192863,-0.4189768359434383,-2.0590459081941694,0.3230513575401657,0.043170781686353694,0.21365741785959347,0.5776049984207299,0.5335464414491188,0.9533981923135828,0.24829061384188814,1.2578366729007358,0.23521895760312952,-0.47056488393250645,1.0182920091097236,-0.3046674420857793,-0.15227083317189952,-0.7492766925462919,0.7452644605061631,1.015866649520435,-0.289413490648291,0.8948281711749171,-0.8305531448437434,1.5615705259330972,-2.9708428304651537,-0.6628650821249858,0.14359990090103433,-0.4384049711178147,0.3938228833711441,-0.29743010650266377,-0.385738311843393,-2.2046875240348403,1.2881622753381126,-1.5421784184378196,0.5454945837920374,-1.6567127003928501,0.21636591735878696,0.4211088102362374,0.3883850061353255,-2.0384375999810342,-0.6504254930026335,0.004849340595713488,-0.16144758325168235,0.49373800952891667,0.5079292646100735,-0.4277742645963845,0.03842181754242925,0.24765342991418463,0.3079957078085866,1.224749398277652,0.982151198996254,-0.26519990487611234,-3.3455849850849937,0.6663548767745515,0.01954919664501192,-1.2187609333348373,0.07384175199587392,-0.5995398394077079,2.2358929810734476,1.319338460206412,0.5646891286072565,-0.3584996361147839,0.551696181908845,0.02386579483912224,0.6541804015998586,0.8075482851053866,0.19869042888451674,-0.4918326427314155,-0.4598942152738486,0.77314319679799,0.6774201109038587,0.7112355450555156,-0.013477167558771283,-1.7279740477849697,0.7737848502904052,1.1427271929815939,0.41744306420096383,-0.4800863956534092,1.108248902222545,-0.5989119854611004,-0.20675569177241476,1.0359477277231195,-0.25861412540371587,0.3513517149710203,1.9360045744291763,0.0038176409755633135,-0.3552992043820113,-0.7007575217478572,-0.44414228582521204,-0.4498326925776096,-0.15236032305639005,-0.7009321291764721,-0.5222238385133525,-0.07267703098187682,-0.27416917942207214,0.6505250930951036,-0.19317914315452323,0.5675549951789325,-0.5106170153826729,-0.7185938284117868,2.922126330134497,0.6288788720034546,0.677535236595659,0.2737116860765931,-1.1572291990470471,0.5498102056485721,0.497623551289557,0.2655890013678154,1.750579460225159,0.34031824203402866,-0.39163697997169056,-0.30572041228892766,0.22597285003082423,0.8011566300481553,0.7242094130022829,-0.3928270230930362,0.9081151467088295,-0.44362692204315807,-0.23348348678006745,0.5704041686350053,1.1157282906016437,-3.0422393538537165,-0.8959064948210801,0.5716973858324116,0.754161837523824,0.15909091407902745,0.24789695707753376,0.6313282233763913,0.06651150987972133,-1.6412909253708967,0.06791213775319382,0.2370313317450492,-0.20876698326233292,-3.7150416087921174,-1.4763881799640532
2021-11-29,1.1056150029095104,0.15060844210732383,-0.17820601005700404,0.6863808620152553,1.0330228818179419,0.10751000393858927,-3.2961401703974826,0.9034799309458015,0.7454998125574318,1.5096882458934315,-0.3146092391514441,-0.3817526929727568,0.4771518717316247,0.22137219706405234,-0.4572731990686339,-0.4746237425751993,-0.26925178086038093,2.15857586990453,1.2779566002412017,0.29426968451415925,-0.089890046473992,0.8091083754098968,-0.23338659542303725,-0.31901166757094657,1.0632125801157346,-0.7116670889461799,-0.4017473708458953,1.0067473192802638,0.0545365295790209,0.615320229899006,1.1965291884652574,-0.078709937007534,-4.44135373784314,0.19295043620875998,-0.3660337010706306,0.08492021165996107,0.1528381560302244,-0.24325028118185257,0.012334721144525662,-2.436151853033007,-0.05273870497476998,-1.5988442697550551,0.09912892265877687,-2.1330212306214884,0.27813456422162747,0.6020436965835304,0.9657945050753712,0.06111451422719085,1.2954835901523045,-0.5455149143875082,0.47529518711631924,-0.134407450719077,-0.3354635364399148,-1.4261922218282592,-0.398931494223417,-0.5378155035814729,0.46685974941030545,-0.399371700125033,0.7240782900025637,-0.19161143787957555,-0.7290076621057888,-0.054947180834548914,-0.09230255981840146,-2.4555988254006635,0.9685642322590675,0.24060571682022863,-0.3498618633627672,0.03168341020388194,-0.4288121903165568,-0.35247918367554426,0.7789448690194475,0.23024034027896378,-0.07067374758747688,-0.074861712719498,-0.06822346920621337,1.2311856989304293,-1.5120418647243068,0.2550541507182194,-0.012722998908070817,1.2300258929562728,-0.4878079042528411,-0.4438545394540688,-0.14255535053696397,0.9514707622776645,0.8003480941806503,0.4819285969229225,-0.16803943202091184,-0.14261365872291798,0.06514534545497504,0.255701845398586,0.5843952382075023,0.14723288765587617,-0.34260648283724654,-0.18587505772407792,1.7810922134910325,-0.0865802911547532,0.029192438901451553,0.10317665563335773,0.5838918942912021,-1.7773233021204573,0.5563636572750895,0.880145009787802,-0.09584082955879539,0.7746275124588274,0.002881242293704746,0.848615444251274,2.221165847950446,0.08415297471589685,0.17778992207011135,0.6219989179139934,0.7888375788317401,0.11335194184587846,-1.8473335289817296,0.15911112554859724,0.2489480844020676,0.40478305518909075,1.181136134871394,-0.519665556569733,0.5056047458303408,0.7309770868852018,-0.2172069192038724,-0.5161207189709741,-0.26477614496350677,1.603749482568069,-0.3309266565278952,-1.2809090647731836,-0.38308149146056747,-0.47422717647269985,-0.34141551201053255,-4.595014823391192,-0.14257017679413914,-0.44099265695549367,-0.326440839607746,1.9866041284597944,-0.2669596732013341,-0.36867317654911,0.6977457272696329,-0.35338056789616773,-0.4389498114426096,-0.4842140442403095,0.8778546612826506,-0.9468362236243133,0.01740971150861096
2021-11-30,1.3277184288669919,0.17153831598707903,0.16612944444212785,1.6234091061332427,-0.011977232457907811,-0.44468352671437245,-0.6206587349224704,0.529918607792214,-0.06685554784491589,0.8225477420151017,0.09099963594877591,-0.137919468554084,-0.003369968363187954,1.0911484570297765,-1.4790235757894161,-1.0425090564591006,-0.23082013449673566,-0.09089045980427443,0.44796699185312566,0.6207899774345996,-1.8686353762946182,-0.11922620184240924,0.3669550182551911,0.8979864576080767,-0.16709077134766365,0.07021569433744317,0.12415615707110453,-0.01182874210037639,0.02694494984984352,0.09344031493371144,-0.14421309968566492,-0.6946667588659193,-5.123722547117828,0.92158268723423,-1.768305693840172,0.5213771778185884,-1.8359700138114456,-0.1836592381634369,0.37950320483288835,-1.370838977080798,0.10088442135748622,-1.085801188981529,1.1044947072539177,-1.222022758122235,0.4019226219199867,0.2541575434839071,0.3292192800856731,-0.6323032144473233,0.03778770015382286,-0.8926437142503071,1.9211494463114662,0.8162907643064897,-1.487352771986536,-1.1978756497453393,0.05981623915882834,-0.11454307621978099,1.0795391808825325,0.6680117079044585,0.3867011591811142,0.3787597720192857,1.3911384952274175,0.4098036355722594,-0.3393810324435626,-0.4115463072620291,0.781569506950436,-0.0016357754130892326,-0.3397019171163686,0.8802157632012471,-0.7672627363570617,-0.6200985729783496,0.07059725706870354,0.19555983186663034,1.5715055105353004,1.670983993673406,0.0523651996337329,2.51381817094205,0.16170192470296757,0.5154777456810457,0.17248978617982072,-0.2495227755724896,-0.7382855625486854,0.6360554066033375,1.115290264443269,0.0638428847254534,0.5031143810282654,0.00015356917840815085,0.7384703776391894,0.05486476147536966,0.145147355694364,1.210397120961403,-0.05844443045659232,0.1286534123796115,0.05473440389142198,0.4779434794651845,0.4478575314288884,-0.20374557785911926,0.9755018365389485,1.1029410203774188,0.011218770111565222,-3.0653879008644953,0.8787723061270561,-0.03731982404247721,0.1209759782708065,0.1534091722713143,0.4020686880328351,0.539848488954745,-0.0412146603380777,-1.660700715408852,0.31516353493359145,-0.004398998484100308,0.02088218371964514,-2.339904538501081,-0.2192965698889117,1.543541829744686,0.6447260580114712,-0.5275597638475009,0.058732019903646196,-0.7486128636215665,1.4941340085024661,0.0462360270259332,0.2380441720525267,-0.43354267926208917,-0.9849586003493696,0.5696021702951616,2.3334259617171424,-1.5622174185919835,-0.2125398554786719,-1.6002046728013377,0.28783817377106313,-1.8807822248844144,-1.6781813843968671,-0.28249519213972973,0.052637892673007475,-0.2131587056851233,-0.2846967586548195,0.26723589771839623,0.7206577944899506,1.276838074011189,-1.4479409478835121,-0.8331531560706585,-0.1878148350291465,1.0579197703438858,-0.8840520596690369
2021-12-01,0.6951286654356297,1.3411822945351806,-0.20804210203379409,0.013318639414392743,-0.43993963703226274,0.6429915011371653,1.6141054391206837,0.19578609300769895,0.371120341286126,0.33808003193248365,0.7767707612515258,0.4293655283107891,-1.2699086155869583,0.6778018820103028,-0.953248007373489,-0.4745771074520931,0.45833102107418494,-0.16677796214198778,-0.24035396102491924,0.6338832336653902,-1.3492130816013959,0.6988867610548992,0.4395870155786129,1.06796232936758,-0.5253798658234414,-0.549122064648843,0.20886840444749838,0.6659228860099409,0.6881748359237772,-1.4219471761697269,0.6037610167830093,-0.7439179323861095,0.37987174869158213,0.08497237004072436,-0.196658421190439,0.8872325173251284,-1.7349723704992346,-1.669365509111814,2.1242393465415823,1.1419084608324863,-0.4575918679027847,0.6738844491237093,-0.03432789579822841,0.45717701496131946,0.6853169010184628,-0.2381863217472029,0.5598549554297413,1.683542813355583,-0.5293034098709495,-0.9254256289260108,1.372993070752524,0.5979574015300352,-0.542455976986804,-0.9209808154586661,0.2872335065985625,-0.46694059522803805,0.7292992573388045,-0.4052451032344731,0.40205865330086377,0.29749942474624846,-0.7622491008467278,-0.04287912123900567,0.012819484054842106,-6.854861756623193,-0.7633248457836938,0.5679557983071558,0.4362234108861723,-1.6485706809485992,0.05053159272838494,0.09384623179760576,1.2183131752947172,0.6042423199910982,0.5948074347167844,-0.5680494724915276,-0.04996941280987769,-0.3860971831333552,0.8979085737278453,0.5831385545245192,0.12558404655728353,-1.1535759784899635,-0.7288392344519241,1.354011055174394,0.7499909444487547,-0.10557266679670538,-0.05044531457571534,1.5078667986105925,-0.3331996329631846,-0.8926794707564633,0.9456568881041603,0.2442173944282563,0.772887590651052,-0.5386141044015702,-0.2851054564662616,-0.2963271979540248,0.15226694213395753,-0.062122604772476185,-0.498156789659153,-0.6784270235105114,0.45440520213176366,-2.330657764039474,0.6961927321550575,0.872284565580702,0.5171194123427673,-0.6888502930431333,0.7360010184477318,-0.43498779588658687,-1.4025842397621646,-0.7731483896105776,1.2919883711601856,0.42113981392981337,-1.9520198289281012,-1.1523934503539188,-0.5168665841682195,0.44482368015662527,-0.5556882594732455,0.24806143313105938,-0.7037632389857418,0.28967052645612745,0.6503262502199363,1.0394074778736329,0.5000481182922613,-0.4075565575102136,0.2734650077029887,-0.9534005351832792,0.5890040484330364,-1.2738821102371531,-1.1213685748994018,-0.2626255273624476,-1.0386463796953995,0.9251800590501363,-0.5885634033559606,0.6861928246005805,0.6553341477816643,-0.2588435824599279,1.0964333794754144,1.1490939322630098,0.4986673523924569,0.3732538116507793,-1.4231866353670997,0.1958312558956681,0.2741081201375464,-0.6181971637178477,0.903807441610779
2021-12-02,-2.490104844235374,1.220211026255103,-0.6266868972976699,-1.3727639880381988,0.005165586082029255,0.44568584082821106,1.2301136193323365,0.32785269538126655,0.4431111468143502,1.2513102922621306,0.6813173577350429,0.23355272393673973,-0.2639197715807021,0.09091400228959635,-1.214462204525704,-0.7175468025972335,0.3373921540132972,0.038411079760553433,0.09288371919518314,0.6043915275660784,-0.6108673777641173,1.0912921851898352,0.6168615413349791,0.9040773075622073,-0.22951785194824342,0.5846307291215977,-0.0885907781525213,-0.12555088887122662,0.664041364568319,-0.7683192485603534,0.48405488675300545,-0.6462862657563896,1.5587527699149493,-0.4060900147881558,0.1263310827670432,1.0247608236086472,-1.4932061427738474,-1.0807572275398,1.2271055659892318,1.2172194992122871,-0.017714839744607566,1.150652480532181,0.34359883016480547,1.242736585646995,0.34349311161028,0.23172885772310325,0.726014128703968,1.191422858040424,-3.111628914969182,0.5334464223184531,0.5460640404720712,-0.07256365171557197,-0.47695665549534627,-1.0311038560981582,0.22187282623924,-0.555967762359334,0.7858688685261821,-0.5219026298878408,0.4966996281493373,0.12320732894797871,-0.8544427482268394,0.9452814434120752,-0.271836184155022,-5.5135325420262,-0.7046714483161878,-0.1493805301544066,0.7905968375687142,-1.4290325588594393,1.2646992567302673,-0.19755693575963357,0.22900135974753733,0.405217311005814,0.22993081217162936,-0.5756409071500689,-0.2029073311033417,-0.8783181052504662,1.1679416873370259,0.6982662258845324,0.6596878025981164,-1.3480352129355597,-0.26893359491848806,1.2216548726263479,0.4570277994391929,-1.0077801143850498,-0.3677949141590212,1.126201798959389,-0.001569767468909526,-0.01885738763006992,1.0128447193591763,0.533457885542167,1.212135851215586,-0.9185229124950514,-0.3257144873346713,0.9340149208965249,0.47109317591574673,0.3173754266391768,-1.1531401860654695,-1.456318531258836,0.6652887146315605,-2.382656027304091,0.6747343209525977,0.9497513672600739,0.31375690854143545,-0.7863108133911354,0.628522578422888,0.05256533223248324,-2.6375352600784248,-1.694543612727778,0.1850834181452596,0.6959998086731998,-1.1534112128547167,-0.42361673118095133,-0.1309737446978389,0.10856751919948322,-0.03416960215142501,0.4935448014790738,-0.16926604995990538,-0.3257785368438492,-0.47626498271935536,0.23404184719719415,0.21222212339621646,-0.5821722970628237,0.8497407944326084,-0.4711271311958464,-0.18666933172863848,-0.7543403130728564,-1.6028540129016997,-0.1274350244476094,-0.6754410207129207,1.3269380394392936,-0.8759347361114558,1.1020727600543887,0.8975163253382047,0.01669643668174691,1.267383437236229,0.8978920171978728,0.546275449191432,1.3946576170729257,-0.9366378165284455,-0.0852750460595083,0.30597741372460674,-0.6272217195255706,0.7722253255106934
2021-12-03,-1.951529967297218,0.781057031010741,-0.09246909604565713,-1.041108590055222,0.229711261342662,0.2782791622696548,1.5296001005586806,0.10674802714037497,-0.04021974520744405,0.582396714015244,1.0601276975455651,0.023761382586030163,-0.1503143915107514,0.37531847605043467,0.16104070092356992,0.36358572977977777,0.345289924613312,0.0986420689711185,-0.25931688606716924,0.6823695301174859,0.0750326487983853,1.208032391991268,0.43784917425513875,0.9618593309181223,-0.22621842440280335,0.49535515714928446,0.32823264625026694,-0.8808124442594977,0.6112237087790259,-0.5373206926037728,-0.17392107559510459,-0.37450882821676373,1.0935316371510178,-0.5032881043621773,0.7324384746814413,0.3970625240233644,-0.5790748691413662,-0.8745533300288699,0.6084244944983321,0.8011862536392385,-0.230967881153883,0.8683519770069049,0.07825946409833538,0.46528956032069885,0.4078116186839026,-0.0630887015537262,0.2422575627247332,0.9443342132099712,-3.253625411300031,0.8114870351280761,0.2934419025111776,0.23334467559579097,0.06887543926664814,-0.21267289780915172,0.483432906067049,0.4059266496896031,0.6087662148126202,0.3108035563894971,0.5068914779699395,0.5578161903583319,-0.31926664950735095,0.7891528347669603,0.13724854320187144,-7.212184954737119,-0.8442935555712928,-0.746664303247067,1.092476776769276,-1.3533261497898308,0.7605568001951792,0.27579244851373425,-0.46927385467045923,0.7770564864825514,-0.46756498430047244,-0.41903965655357933,-0.6015507619432678,-0.905266101820215,1.3865325730864593,0.07067846595857959,0.131615676097525,-0.9706596858360751,0.5433118232291256,0.7954392926789978,0.7404198909355816,-0.644304661386227,-0.7312002848005013,0.7193488439659652,0.4381203306006196,-0.43834779989870465,0.7641002958271591,0.5460715151397931,0.7672709156439095,-0.5174736831901897,-0.4825123630226227,0.7962383491961581,-0.7293380220866353,0.44191552256940714,-1.9563909091077525,-2.298988192712142,0.7805687662734649,-0.16610104926843763,-0.07660898395960573,0.4235727106136246,0.4000885409565932,-0.5838520067966635,0.7623110506382663,-0.07733319184700331,-3.450645720110165,0.6048080745045394,-1.0084431821018858,0.39516076576355785,-1.0779513009702106,0.6164329236714853,0.7997715623250571,0.14586842249763793,0.13926396445538852,0.7135032855696735,-0.1975050987906857,0.07759499185797553,-0.3727613023019029,0.719561371172642,0.4088699074141599,-0.6853671741382797,0.677180311122952,-0.3381021515001182,-0.4234554726469589,-0.3246011293467108,-0.3832188917604797,0.5660417913676143,-0.606914910953458,0.7242557217153813,-0.33296536847519914,1.0564636538281607,0.6158909513497003,-1.2657927648078355,0.7632378891402753,0.25655410469477247,-0.4278270525011716,0.8569777725626796,-0.6201835583918258,0.4304695849347456,0.24529083840689575,-1.2906684883386068,0.45462367521094255
2021-12-06,-1.7197328405294048,0.6908588988713407,0.5052819298638127,-0.9440054173333938,0.15245354279399062,0.2798115428022582,0.9680214864940351,0.1607853742748033,-0.19226983764888436,0.3115288208062682,0.9275425579725031,0.15380868214531043,0.0831124518773849,0.14358357534633193,0.8199371669007858,0.40119412482320843,0.9391269372623723,0.30133267181129314,0.04303884363844173,0.5293876750438254,-0.309368838878424,0.3538031079234695,0.43589402457704696,1.1182705492341443,-0.5324666565817824,0.22988147586575888,0.2679015019597157,-1.3227518323795167,0.5275941889187549,0.03327016094891828,-0.5560596370923319,0.10016456378539657,0.7800093454462615,0.9081859309964322,1.5684618169613525,0.1696458753260068,0.05401182505677592,-0.5370546198534734,0.6656891385241012,0.8936912067220714,0.13653272421625737,0.8633548049142885,-0.14258521804851346,0.17501115043407448,0.24093779656400557,0.08636303574446702,0.4310191253177162,0.5430776544335261,-3.2182790656010245,1.1191760877123342,0.25429690659148635,0.20510746894418733,-0.1054284811756569,0.23118161378508065,0.11850656127945651,0.13292330970626834,0.55880979254557,0.010170713242862991,0.04846547090097363,0.32476832234368397,-1.384933644506405,0.3875400256786628,0.5577330332004393,-6.584766310623313,-0.3734704993115893,-0.40302424993043373,0.45636612708555346,-0.11103859304234415,1.3922605080530848,0.4978595899388056,-0.7468491983288503,0.6448921747054916,-0.978354144912702,-0.5330666935319687,0.004062012691302072,-1.5631121090667124,0.6615842147553664,-0.27422972089642034,0.09260334457815349,-0.21560885535092675,1.4026964289849446,0.6596410897841569,0.657827886176789,-0.6491985032884919,-0.6501914639429673,0.5307125104247493,0.28507708596904113,0.049235355778095395,0.7671747244780946,0.059706635955328706,0.42443208437293467,-0.18202193045068435,-0.08139930187441823,1.0737152829847354,-0.5458150973762564,0.3998467404825021,-1.5793292812798234,-1.8161226594684394,0.8500807633415945,0.00304992662182114,-0.1363254662067386,0.028316912991960114,0.014681107634109467,-0.3880447593368378,0.21286899361653158,0.026049091913632083,-5.182538180740458,0.8279571197964221,0.23599402435247196,0.16567515045534062,-0.13107374374222594,0.15646438000790105,0.7485292945200633,-0.15591038014227884,0.09127387143703389,0.5469977995132874,-0.2085412625793064,-0.38461915538587366,-0.6605335546506793,0.5261522427167752,-0.13051638741317578,-0.47644121221172897,1.244724537078101,0.02664512065256644,-0.8913154184883604,0.1561298963269118,0.11877116228382104,0.6496862378269446,0.02660791078357808,0.5427195627413396,-0.08983751074669857,0.7086960362048695,0.272086251211368,-1.1838102475789554,0.6484406507425451,0.13305941888969355,-1.3710065901148032,0.33724381740182074,-0.08622911976470873,0.6969505360863735,-0.3323115222592658,-2.228104705510134,0.29189171230035604
2021-12-07,-0.6896521311957379,0.7090733249060699,0.6312657564841587,-0.9281459307440239,0.7619315786880282,0.6104730080290105,0.8127087921406444,0.31490307455778493,0.18753047784676083,-0.37404084786409625,0.9566619464115864,-0.034659177342123135,-0.4169661436284005,0.24131556668370865,0.706525508372194,0.24790920218741602,0.7087054512283967,0.20698326829279176,-0.5436641386624762,-0.04561456409459279,-0.3229735455759757,0.3229442112330729,0.7092245718817844,0.8236018086555068,-0.6660100687659767,0.829444725262661,0.7254186663898292,-0.7904193776358398,1.1173822003877143,-0.15058381830207943,0.8230939080894183,0.4769557964276786,1.1207406555163493,0.6923551642591863,0.6713516169352912,0.24870976373986894,0.441429215606246,-0.5953415809935881,0.7464555700377015,1.049113629061187,-0.46133949931518303,0.7902590578106107,0.21054581915144843,0.736201971820472,0.3686711682156179,0.0816859188001314,-0.1558089468720388,0.8101373457751904,-1.8369087731455411,0.6911943302278053,-0.09565786662856103,0.5313075783480207,-0.7806560965779092,0.7195356482185623,0.09169071637441915,0.46855537635464295,0.4009944731220938,-1.4228374245046267,-0.3624229563331889,0.7725174831909245,-5.385921083382027,-0.6095249952039901,0.8291302284015886,-4.668709925884363,-0.584843566541288,-0.047847643701196964,-1.1875201689817731,0.7143795864640663,0.8107966962976895,0.7394969689630638,0.5186070919134221,0.7067463881360682,-1.404945946162762,-0.7090890692723011,-0.3982571517593752,0.17287662893543523,0.03907123162191743,-0.022647938692845874,0.458290885301034,-0.05409120274223994,0.8424005408744524,0.7441700778859278,0.7931373233483943,0.31973690148382206,-0.9000287204939968,0.7724980178848122,0.6262853350880844,0.5043503150340863,0.7009142788870809,-0.31000472867616186,0.7723573914825941,-0.23788997151693483,-2.7708002186054785,0.7667549727616869,-0.42980815548997914,0.6100042462398266,-0.83458412544234,-1.1028707311954316,0.7565542896160353,1.0562931601094234,-0.1805470537104534,-0.1816162851011936,0.037216393910439086,-0.16194679074109306,0.604152516806886,0.5274171753863133,-3.3453581279086406,0.6382377408256703,-1.5211975093300376,-0.0029947855020798753,0.38025618156631846,0.12362068397268039,0.7551823986042774,-1.630335812656413,0.26120210946152117,0.7865118160365522,0.21563084513083755,-0.07223653504082563,-0.17845506359239816,0.7475664020484957,0.39125064926121556,-0.092704506219283,0.6562596363120853,0.3358771337320783,-1.3613366718227484,0.6166109888894293,0.6684661829942714,0.22111706457890648,-0.07313391865374969,-1.1009300347114608,-2.120975895203694,0.7600521333954791,-0.10747993001200873,-1.0704385844390158,0.7171239250453676,-0.2824823167925034,-1.4120853931868347,-0.3599132638248118,-0.4040467821368818,0.7067106878039526,-1.5138883267691263,-0.6269509160393735,1.1613221661055921
2021-12-08,0.9409104977849185,0.15683389307394824,0.013319009444771457,-0.5512223080845283,-0.6895202832560777,0.7696931747910606,1.262189815560696,-0.5101758656946318,0.6824510581618529,-1.5547177791277595,0.1520192350892407,-1.0712571876589372,-0.6843873640187565,0.5735335015264922,-0.34073987053170995,-0.9911396355470576,-0.7478881216174025,0.1091313258422793,-1.4054522743685403,-1.3918876606036217,0.8301890568811507,0.03520924713775279,-0.6465473407674996,0.1492584771227759,-0.4305546850052313,-1.9615202377397785,-0.014576293496517232,0.1246703620529148,0.12965344675053228,-1.1699990341258397,1.3697196518979613,0.7649757811565185,1.2318482306251681,1.2350812237880087,0.8171786581088244,0.6825109403761999,1.5104725910394945,0.012285344211906484,1.2294728540860833,1.7026441367334955,-0.6081788971148896,0.8059005067784716,0.20739487840215173,0.8956526116068546,0.3492174373710245,0.4149268006375049,0.2646793435110628,-0.017679849624992496,0.32183988738604985,1.1148570769527992,0.060162321083020706,0.28664137208816726,-0.16904118069427185,0.27606704788725633,-0.08391947848341208,1.4637406797929298,0.5916457934241229,-2.771839173260134,0.78239156047582,0.9515927327130105,-4.926278600004923,-1.4802380895205378,1.4564041858813466,0.1122077116815368,-0.5663116849409727,1.397584026262311,-1.8646318110409645,0.21267267753439664,0.654103862170909,0.0028579533509305757,1.614312284331699,0.2460304975450369,-2.3510281076472803,-0.993735684343971,0.2620921486153442,0.47238233974744864,1.1346351185564172,-0.19353419336001937,0.3117163249823727,0.407884152662525,0.6973773087858784,-0.12015356180814502,0.42001334197638074,0.01599513218711888,-0.716581374849993,0.632292924008296,-0.675701099251912,0.5314664632301136,1.1974720269602181,-1.169614086694691,0.6072668210234111,0.6605168961662043,-2.792373297734065,0.8600055805032637,-1.2690350688981689,0.8438260567446781,-0.19631574863317025,-0.41578319530952984,0.5371045875540136,1.5834978281061463,-0.2943523366696103,-1.0580284066751335,0.5062876806904223,0.43525832623964383,0.8479020043582065,0.09876830361673394,-2.0725156184885263,1.3376702655270425,-1.0445856336895039,-0.28598825803627487,-0.35263005274314035,0.04786821108653702,0.5310039995448788,-1.902163184958958,-0.8721722135894616,0.5336625951700492,-0.20567296013662678,0.36509343833302565,0.238946612423734,0.33211653378068035,-0.2964811220652808,-0.05808203093425723,0.43721622408758337,0.29155572309911737,-1.6429482726337163,0.6632964202794119,0.2750896011861083,0.40617571518235546,-0.5328646737121369,-1.731501593160163,-0.7212860333706909,0.018783811718687395,-0.09335427365792284,0.7709523699423794,0.38764948814653827,-0.4218785473119305,0.03412933154191941,0.6201036863083274,0.4046978561225682,0.5114468985062797,-1.4087341747368163,0.07059666105102062,0.22884793956594277
2021-12-09,0.43815939543136395,-0.20762898919886416,0.01479680725673838,-0.6537031515087547,-0.13200615237954483,0.6356411131028551,1.6314023262216015,-0.2697543847207293,0.657760536714505,-1.1528004261138434,-0.6156462508568473,-0.7727169185064463,-0.13988276602734181,0.45122526564945453,-0.021662787360796874,-0.9547881143176002,-0.5858979803517933,0.3859931428191039,-0.7030178992131554,-0.8230749343576504,1.1708844801769085,0.47875807217184924,-0.4825010053374169,0.3324492490384126,-0.9183065962658646,-0.1965776072600172,0.17881264765911797,0.3008435302041506,-0.27941062399058264,-0.6995150685141627,0.8844102847819683,0.035495170934330085,1.1642140065301432,0.5671931630170894,0.5988262656169268,1.1277910673558111,0.5667005920393711,0.28875653877872776,0.6214658369220875,1.4125178394249973,-0.25991089138417545,0.5183980742545008,-0.23102680472022163,0.6003766702748207,0.15521156268003475,0.36048512077554046,0.33559312613927844,0.14440172730996,-0.206211092888941,-0.15162756822607695,0.17259243946631417,0.20970996347680193,0.9674312743436934,0.4586535397568148,0.805936040117438,1.2625643576110779,0.07110572166051891,-1.6310502353384484,0.15244849608579591,0.8419989768633378,-3.8398755362373618,-0.958445129501223,1.5480802115199228,-4.052547561319433,-0.7552514231271938,0.7806438067371687,-1.7698253011386913,0.26316856099013397,0.325707807167256,-0.0656457309095107,1.440989284041416,-1.4467924646259729,-2.140327824458565,-0.602199626346617,0.6704897754055915,-5.087054708367061,1.0424884060866904,-0.14364068137786276,-0.6335145942113317,0.1727513063155064,0.9039540989298802,0.15275038167408833,-0.033498377261172295,0.15868317822114386,0.39126168798476246,0.6150295802551132,-0.242795231979025,0.9760946002664141,0.8146601754816182,-0.7632016592567068,0.5789326373938116,0.39627436998607096,-2.231103421171359,0.7984035510251788,-0.4362784140381202,1.0985090402389497,0.5944730318879218,0.5165966465406758,0.920073662461104,1.7514110246103587,0.665838571083318,0.10490234005720028,0.2089560588656469,0.08241006282369998,0.20387925394402784,0.07384524164629178,0.4878699790944346,1.162764147898403,-1.1642972172004677,-0.22714149730282357,-0.20008588874076497,0.019143926174575637,-0.09462719471161901,-1.723207127769113,-0.2172331874524278,0.13288028295000412,-0.0024989965708667244,-0.3510378213358134,0.16575897147494978,0.2772261030477344,0.13592442106346547,-0.057982992186338594,0.18969738668380326,0.6641231871279715,-0.9699437056828363,0.906969279555302,0.19107346337795922,0.9934322064116579,-0.15097247046747433,-0.6279206244977568,0.17338618802663422,0.05153883283787702,-0.32081014780348566,1.1483097771790411,0.37879039198876513,-0.46647014893571365,-0.24364186786477335,-0.22130059250993608,0.9436424338214664,0.4232907288132616,-2.909049572583308,-0.7368749325235839,0.2777274364739763
2021-12-10,-0.21653237217661161,-0.1469472621486466,-0.41360759720731116,-0.2550123331052236,-0.33667279434981734,0.6064112700251137,1.1717094138911757,-0.45616227429452294,0.3673159122682811,-0.8426272336060956,-1.8670014033049267,-0.7356050376995936,0.845917045155729,0.390538882592877,-0.29282254402524444,-0.8869543088980909,-0.664138687013396,0.7576005952852338,-1.2296994966042463,-1.39585645177697,1.5479858833271336,-0.3240092524175081,-0.7690559221617153,0.49748707036026274,-0.5066913585269193,-0.13225460132006084,-0.11657914673070072,0.10210423999555868,-0.3863944561767903,-1.644387898947062,1.1219235101649883,-0.13061212175076944,1.148740763931521,0.9047665830329638,0.24062393721134206,1.1378763365231006,-0.23173475543407446,-0.19971348213550252,0.7384458859028975,1.7010213754287287,-1.806875210698102,0.5090376287788437,0.2016269787010172,0.8096681061499982,0.06814445682698517,-0.27397688858992814,0.01839912297395646,-1.234136781266934,-0.10962228508921763,-0.805759849716645,-0.8814562350434922,-0.4069573048512373,0.9889132021229367,0.659337623366567,1.0905183218760623,1.145908862293824,-0.04120580022999521,-0.3155232855650526,0.25216687756491857,0.9427813075883492,0.4837718054916515,-0.3337166285577031,1.29542075452487,-4.0505936782523015,-2.3590775771547183,0.6169859478388112,-0.22817062878165495,0.3157115147813954,0.5636496994818961,0.013061817496617088,1.1594734326635263,-1.5681905114432404,-1.8718135740288189,-0.15542614309282157,1.0158149135099164,-4.827169999639971,1.1415096713297224,0.00776902786698095,-0.5136412206729252,0.25715620865417377,0.8407736014516892,0.3001555022275483,-0.44430774520888,-0.4545031388728666,0.3838900574849632,0.8482298695713699,-0.2781756838371095,0.1534402816484776,0.7335746199790821,-0.7760972414064887,0.8024541458074748,1.0537709976030938,-0.30260953571604987,1.1911274354829842,0.038576384907359984,1.0837242157279192,0.34545055103856714,0.2772609259992058,0.868167947078637,1.894489257946857,0.6029234139326031,-0.026202434915368833,0.3712732384266922,0.8891865440371756,-0.8163355890114005,-1.152528405297564,1.2065488083572502,1.163682949486212,-0.5672854615787307,-0.32779769143987125,-0.030394206241061206,0.56924397598157,-0.1487234245507161,-0.7942189062388656,-0.47904512221577544,0.13158677544436617,0.015675128579325816,-2.823846984611027,-0.06475656106244529,0.17654045682210193,-0.29273061395801064,-0.25409265818784593,0.5780244054281817,0.7140249075702846,-0.1981380268118232,0.49746714635520045,0.3902112949946728,1.1421894125754246,-0.09651190249133379,0.6692222445493684,0.7357127732178321,0.17475865915937971,-0.6296403875860183,0.5016586138148449,0.3259191418416731,-0.2486670100095024,0.4948271893731503,0.06174462141317822,1.031842886236372,0.7184810236970627,-2.897103860032691,-0.5734299040228338,-0.17359850243824873
2021-12-13,-0.022241464625477738,0.3045098544448219,0.2624793022594262,0.40539184042542714,0.16744959609816193,0.11224924855158465,0.765260534711419,-0.4994027718037201,0.42019906891806813,-0.47186409474830965,-2.1104209477008955,0.3063648973637404,-0.505526737831615,0.5221740516742426,0.45929226534956324,0.4196110256866503,0.051025451638235124,0.15716978568408613,-0.2853652071945462,-0.09626114872659859,0.2041183782229135,-0.3174813886128566,-0.8408807616918247,0.5192940222341142,-0.4923035807486748,-0.5069840913600742,0.19429550745564442,0.33033805779837694,0.13883909709650127,-0.26581789606109285,-0.062196027948096255,-0.405270639637435,0.5545893533582242,0.9975973172788872,-1.4370374809160051,0.8987913265147761,-0.23862261843271748,-1.7485845470338863,0.15456931087591452,0.5264399996570076,-1.4490168437378406,0.17668554733879993,0.48226573897343433,0.5463297429105469,0.41293347652391504,-0.3155447248023355,0.5141037384175982,-1.7712515586854376,0.30258817618689765,-0.7953096876287657,-0.15538743605638664,-0.03194568727777967,1.0991448763000122,0.4994229302696198,0.8606810035886001,1.0654347229274106,0.3769779773508308,-0.006850316574810559,0.8684491217017983,0.8585006157613877,1.4079335009593297,0.3043776225046399,1.2432400557616348,-3.1027329202363125,-1.8769545549530628,0.3802953570748975,-0.16945738550959313,0.4567605279779694,0.5588005584386948,0.397984406745615,1.1358319253302553,-1.535071354576301,-1.464324910850742,0.43710953057072904,1.0754675947378276,-6.03026641016248,1.052300495307182,0.44750737548452674,-0.4829974346560591,0.5053105596233011,-0.63794561188341,0.38167984587465437,0.27944921337481565,0.05400872545016339,0.5978678347423346,0.6232198329520914,-0.31206299198418497,-0.5829393262363273,0.5700402137668773,0.07996624756940347,0.5528806201399405,0.6078826778872176,-0.2890177916635615,1.6407189916478584,0.34047457228378797,1.1482954983225309,0.29510145992919273,0.25268930650017607,0.5425520404554929,0.7842609941191476,0.5727772604901555,-0.2956060071467672,0.5558272709965353,0.4902338599055566,-2.0155554531386746,-0.6814342305081009,0.28386601832633435,0.26785320085177783,0.3006960534256057,0.09451412330456799,0.41793640075057314,0.1908030769509601,0.46752301788629674,-0.7958568787603972,0.3617878923103353,-0.06923687188666797,0.4980280753687221,-4.735483439970769,-0.12183874614198369,0.09300224731264614,0.4055282888318504,-0.17352500070570298,0.9052794674776241,0.003162616513735603,0.4379335853585009,0.4280822556381277,-0.6158572731430672,0.5315565349254592,0.20731655238947302,0.5750421147420425,0.6612787091535476,0.44995228599731396,-1.4280618892175958,-0.5029921113399078,0.4300121223428479,0.1305278714055905,-0.21870483421884557,-1.1862435880761226,1.1050674005586991,-0.02995727374131322,-2.049417959242826,0.25024863705773237,0.02969842243441874
2021-12-14,-0.35299033679855624,-0.2225586735375286,0.31479088389814275,0.15183242283798523,0.4608939445047631,0.19642856361866956,0.34526854446400357,0.1744033453093202,0.21413073305574082,0.4276861935271966,-1.8199397058424516,-0.302942390035763,-1.0214079655334234,0.5312453840252627,0.8622723949325943,1.3043746873054463,0.04019197899421783,0.3446936989185144,0.27054048180732465,0.9887636569146354,-0.30016971227894923,-0.3597847934206697,-0.5062721401320388,1.0748537861052898,-0.5774221279085718,-0.40800897193325125,-0.21820944622055216,0.34397071071729113,0.34448409060900975,0.2047186301275585,-1.1417541798629245,1.3841854006015823,0.22235124174753854,0.3874352476808266,-1.366621984616112,-0.49683680976682537,0.0005424511240605546,-0.6868142715611549,0.13715460046507552,-1.138507285901925,-2.0506743360788304,-0.3151425648722544,0.5169605462502208,0.4998138787208636,0.25958946655454473,0.18410364813924018,-0.34406415111716715,-0.7443624857659347,0.11839216584265556,-0.10750234192859393,-0.6413944587573608,0.32003591322923824,0.9170440376622802,0.32046940539379026,0.6093832701806255,0.6725476312280578,0.48076700883022283,-0.3644782357937046,0.29152354610625797,0.29124372856092223,0.8924324795214632,0.016605741324805714,0.1988335832085754,-0.3167797246325375,-1.2175528043738062,-0.849357270523913,0.5594953733891206,0.2112197767059912,0.9489209945609934,0.3100089933722516,0.5279737847451756,0.18411265610791877,-1.005408973305537,0.37237305995792047,0.31451295155097725,-3.228355088223155,1.1241098892975205,0.6937898439574645,0.023570955243410102,-0.3035808241507339,-0.11566638785161086,-3.0273988943763155,0.5576554854697814,1.1003506175177493,0.5802360425968799,0.9352080065594542,-0.1359917022427578,-0.6194167391541133,0.09910182961465351,0.9248208382456191,0.3096274117686792,0.20998681530845512,-1.276740755257292,1.3631493896492424,0.7582634015690061,0.21137831654037215,-0.9312693734380338,3.281797530714781,0.20661536035242029,1.2153859292397127,0.284705417840233,-0.19607045697354328,0.7450195049293502,0.07280043271944463,-2.6409308435054766,-0.5574592002447695,-1.0984596842275436,-2.0315177898509886,1.2024363437954328,-0.18144049577370244,1.0151021424903686,0.10891595010743033,0.8915013531482733,-1.1144435664374823,0.3396691569357763,0.1405338684516456,3.221182489535124,-5.075610183742783,-0.24837891081097524,0.4419951198185402,-0.09646433804322281,0.2468666189834039,1.2112246771744928,0.09446897390286146,0.342569117340891,0.12176825830766828,-0.9253419360165822,0.20531077597583047,0.7538490038334724,-0.2707600665082748,-0.05767633575985245,1.3480311016699527,-0.5439916855395751,-0.33808808763392817,0.5203682095163408,-0.010584567447536521,-0.4722108202987375,-1.6835720569955244,0.4475425564012287,-0.13599628260243013,-0.18588013272962312,-1.4601980363104634,-0.25603206631250014
2021-12-15,-2.831525353828516,0.24831726341174065,0.8932914388222386,1.098006114589432,0.5923203694634758,-0.3382999261387673,0.12234452529972024,0.12619987375269728,0.6434311785393066,-0.1003800859254798,-1.1267029798196535,-0.035156834290047186,-2.3650740070040035,-0.07214916655061673,1.7921146905224794,2.0317080038168687,-0.2507167873300054,0.4561981668022064,1.5499559895198054,1.542154491089594,-0.35937544814795075,-0.7541049007268503,-0.14490772544419886,0.5385109463070297,-0.56269129193389,-0.6359228678267094,-0.06542760727939496,1.2932427087477967,0.656524542438804,1.2137457144786097,-0.4804887208442182,1.5513708414013765,-0.2748759652995457,0.30325222029576343,-0.19242468567578006,-0.8114479132324613,-0.062445685254370636,0.4844040797721082,0.46370574770720785,-1.20408651112014,-0.5616547007365787,-0.17141974790316838,-0.09859953693668852,0.1882077947488458,0.6244731180455821,1.0597959605587344,0.6699173103344178,0.5899558320083643,1.282621024745377,0.2618985947635484,0.981648307165859,0.6294839196273557,-0.00496438086184389,0.5322389042844973,0.047396530427797894,-0.14210921911816207,-0.5570628915722893,-0.5697006106492262,-0.11160748997722807,-0.25436749243749235,-0.15778515794279116,0.09578407611629285,0.08771107080795269,1.2776053996562728,-0.29142127001246976,0.4507702761276648,0.4397241213938922,-0.05919067672934375,0.17944489736400165,0.3422322829899028,1.498441755887365,1.2813991965706668,-0.34314166194922496,1.134553670702626,1.0412057672235862,-0.9641741730983379,-0.2999879243432547,0.5369545482880735,-0.764924308231267,-0.47091505542660783,-0.8558973786430727,-3.2193024278054896,-0.48725728252361555,2.1482091924564033,1.0722255046605682,0.16792749554442477,-1.6335207463036319,-0.1833238533309612,0.5291941533584997,0.06950126373027612,-0.10274782767637393,1.1650185187410227,-0.6154630155077293,-0.40124512689989505,1.2957314481496278,-0.2517153459786392,-1.3608713835102515,0.418921795566458,-0.5192528623178525,-0.08414086567061997,0.8663929378065028,-0.20161926808371566,0.5785273336917226,0.34908514230975873,-3.3308331632140273,-0.16266000803644382,-0.30537036242928195,-2.8087387976583282,1.5937772852427226,-1.221444797325882,1.0432183807470494,0.5326681981560817,0.13516536142962976,-1.3672691980880252,0.3530432618425393,0.3345280436395379,1.2287462537968439,-2.511425950530686,-0.5771292477714457,-1.7877863449883606,0.4933126685428869,0.7755092599875631,-0.21169178918753723,-0.07015463401591279,0.6298456166778373,0.5266829604375896,-1.713475118242062,0.40534905271821603,-0.13545091080134403,-0.8671718435220139,-2.9818921133779206,-0.39657644070211634,-0.766598432394711,-0.14548213330086213,0.07682049046822596,-0.07906017372515713,-0.11550259936097679,-0.9401803772226685,0.9908483457079812,0.13297375925107224,0.9097839337901678,-0.4763572115525882,-0.2774311317705015
2021-12-16,-3.5711266782377704,0.5543812179830286,-0.14291511730699627,-0.034905306093379634,0.663641195473741,0.31564429871503774,-0.11170004006158284,-0.4326302541924059,0.25552485952729886,-0.08511545097384346,-0.523128878970284,0.9348947393363971,-1.2260830015639783,0.8196893781976431,-0.11757697532021416,-0.5451301143837588,-0.3672712683033399,0.5907179166919249,1.39929086785571,-0.044525632358913936,-0.21765885465569618,-0.5851503854049477,0.13461723860849012,0.3715864526424137,-1.0821545904627887,1.7808214612516051,0.8115541341087926,-0.408097012548308,-0.16885067015052405,-0.16292819639701406,-0.2901330473598388,-0.20245213136317802,0.7984010229636586,-0.7023754489997315,-0.7718176799079683,-0.7875682517124749,-0.7041893877397158,-0.09450544606949064,0.3273936201591775,-1.5996929804207731,1.002453807088169,-0.08593827414019059,0.42003878294374586,0.49203326616052817,1.1606563333273652,0.5169145139582695,1.445907830849042,0.6458964131656124,-0.2871723504296614,0.8050518448935103,0.46154158248268784,-0.20925232881460348,-0.6679255938982238,-0.28508798361908844,-0.06978526332856773,-0.06978526332856773,0.3283111543996606,0.6884686172201016,0.44530904155279993,-0.11118340785246833,-0.1523365059895904,1.0423778094454155,-1.7077192122258924,1.193130195068262,0.6772914867089976,-0.1108331888808863,-0.09623092891037813,0.750164264599652,0.0002840223420616298,-1.5913574415970857,-0.06978526332856773,0.3153777499169367,0.014814086112387536,-0.17212118256179798,0.02118797026342581,2.318595630931995,-0.2728189028836429,1.2835077435802253,-0.517584797549809,-0.13940347797269553,-2.524497728852934,-2.0651888916791075,-1.3153472894627547,0.1380060733730195,0.1264375377822858,0.4840632745010381,-0.132450501899801,0.13168644051314704,0.7602785664637658,-1.043153213294701,0.42207685424069763,-0.07739173310668476,-1.147671898005063,-1.038020448099472,1.3148864091512633,-0.5344851588896822,-0.32652435980694483,0.7837713913120422,-1.0315439585692376,1.4074489775261272,-0.2492892753029967,-0.8220468458386255,-0.15596466414220492,0.8128849516253744,-2.6278079379816153,0.5896089869788245,1.2352071087519778,-1.961551515344538,1.7075410795511239,-0.15513877258423575,1.179772435412136,0.6332187975189465,-1.0387810413318093,-0.6013780917418645,0.49354616279868346,-0.1505830077047757,1.3799952155879334,-0.3039800542408768,-2.8787208683225476,-0.5749184055346305,1.788651109379238,1.1502671034270047,-0.08882874678452365,1.9213981628756474,-0.0017509720287754917,-0.12809848756700254,-1.3020123905928094,-0.9022406287341895,-0.20955611056211787,-0.30154577089762996,2.4814670948773734,2.6773236777025713,-0.6383332932799802,0.3169825958054802,-0.449909401422543,-0.13217799689225315,0.2888540242320807,-1.5093864708322902,-0.1620150106536805,-0.9896523387804813,1.8698266869555056,-0.7729878528996045,0.05826203306756137
2021-12-17,-0.5898711949308407,0.13282303573958013,0.4728851536417745,0.4199056396335504,-0.37272739989120657,-0.053381045913346414,3.0411066958071276,-0.4538176992946776,-0.241257348473009,0.15566958424506866,-0.4367338625677915,-0.6781404816350168,0.07209534239704252,0.13363377398645093,0.36740277166671986,-1.0486082467813889,-0.2480742660645439,0.5224332028226578,1.331255180298784,0.5481102289766053,0.40938897712194894,-0.8201038939781247,0.7581173573824871,0.12533411128103947,2.0204741050969135,0.36048043651186773,0.18730019491138694,-0.9767345043175943,-0.8902676930927926,1.392330171910532,1.472079528393609,1.9518523346108483,0.17889348760320206,-0.4435146030977054,-1.4666236717079209,-0.9857760459712951,0.13731453135189325,0.1612545614506767,-0.5031270582999137,-0.7646840752882771,0.8463524054427377,-0.13466309365808135,-0.7297079700183675,-0.5584666733452635,-0.03212611254262814,0.921556104556535,-0.9630537092003517,0.5437980738077701,-0.10854035434996072,-0.25387416075332364,1.8910097122592524,0.13135548043014744,0.16406096251161612,-1.6857171269477684,-0.09740209473480296,-0.03521826721583389,-0.43034696423846236,-0.9263345341239213,0.9691816233157383,0.6060324298354445,2.4281825357670765,-0.12980443559085716,-0.07607888069128513,1.2217838768548437,0.6586543621588103,-0.695158463484702,-0.784331619034149,1.4597577799687815,1.4048029099865529,-3.5012444858053877,0.5225630076909002,0.11425265898185237,0.13181389205686017,-0.9943470387358624,0.6318615287839733,-0.2662073468296732,0.2638035107263434,0.5687112719893286,-0.594878781841714,0.7564923673308311,-3.532783055586133,-0.4691189107614337,-0.8357367481703456,1.2685094820342195,0.8810406798556767,-0.09942053559328841,0.0349817253359557,0.5540103624854298,0.02268527394559451,1.0105244812684822,-0.47594005618793644,-0.6431134555908026,-0.44016533919970646,-1.0720705714919747,0.3441273305757581,-1.023695195900872,-0.6732851220285878,-0.35536486138211676,-0.8690152688484332,0.5471375597784179,0.5751365965605889,0.29480861305812034,0.18880250408578517,-0.24450332221335722,-1.1713983629834563,0.7761150547540259,2.3329221820750132,-1.6803442864635751,0.7394858316294429,-0.7051719430515284,1.0902551927444872,-0.0760659551114946,-0.30046144665603947,-0.6898274690216655,0.3846771551480085,-0.915422150945564,1.1873793233369911,0.11745355325060734,-1.2352329874293417,-1.551115290487574,-0.3044039190559136,0.28227023891218916,-0.11062070837204459,0.37188252315767373,-0.059099323330129704,-1.0454014583472169,-1.0360116237123658,-0.07771956701596758,0.9624585151408306,-0.9871932330938263,0.16024146288940536,0.651940206609248,0.0196247768314191,-0.21343299896650683,-0.7442161777590526,1.0751368104805141,0.24434397201465125,2.1359018552008804,-0.4309840959694899,-3.434938543984266,-0.06521901823587864,1.2031133928066624,-0.5056953498661718
2021-12-20,0.7926768234999745,0.7293692293966703,0.1802290858284122,0.037257025559264294,0.0015855207790568373,0.9752022352618096,-0.6175152589513736,1.0845830032386825,0.6665934158343314,-0.05830810511087705,-1.3513156471947265,-1.7164903757201713,-0.4256061304252094,-0.32520650773365034,-0.32015407620104464,0.06901538977549353,0.5631222763863855,2.387060738707981,1.578607951859021,-0.3316475412179028,-0.007818898899655324,-0.5587022757979112,1.1195511639158555,-0.8699388573064857,1.1132621722192197,-1.0922056724328872,-0.10637574654982077,1.8537521885675263,-0.565876777577788,1.5285235795892476,0.4155374367597651,0.21560337501316026,-2.4947675585081748,0.4543751947097724,-0.2653511270641138,-0.988568595593183,-0.1677319320114715,-0.32073243947131913,-0.8752130613882216,-0.3439325236207823,1.5162618947701223,-1.5182963411596493,-0.4136917625917943,-1.3734651440485635,-0.07243086170291886,0.9277858599868495,-0.015236147196207509,-1.6077502158999746,0.6024251656706118,-1.0140163175392205,0.5754589708211225,-0.01672516490906432,-0.34151207298881536,-1.5254615449448843,0.10762729453566164,0.24701771957178556,0.3702395312885396,0.38711620033426347,0.537528521476153,-1.6067800984624152,1.4551504888675497,-0.23052018504741176,-0.1499308050592135,-0.07259253502982757,1.0431368984986698,-0.30214869747976103,2.0304483932197117,0.5810124458082766,1.3742161524754415,-3.0091770346440807,0.7720336579412308,-0.21760743660378506,1.336046539588892,-0.2809371473210805,0.7427513165644508,0.9244706511707841,-0.0663602022450121,0.9710255091389256,-0.19897840194770297,0.02874931586399596,-1.9327574046489067,-1.4151625768993414,-0.27243321569978274,0.4160165935121406,0.9021157436540787,-0.9454852857014207,-1.348555058437968,-0.8220757209862036,0.0987538963552401,0.9610101102221644,0.29162898137804777,0.10470971130434202,1.1812896579342114,0.5652535396662685,0.5852077301077308,-0.9273323545929629,0.14647747216503412,0.3625129928369842,0.014543744539134573,3.2383808568222627,0.4314956373926934,-0.6731037073937493,-0.5570577989591473,0.2273316955262042,-1.7587590742703707,0.13619756816163356,0.020473330746054133,-1.5040361259856976,0.7267996512260865,-0.0005204490268601094,1.8195911218463665,0.34666338960244325,-0.14652289199445867,1.0980236821551983,0.4802881330238858,-0.05803610859418113,1.376072354947204,-0.1318469762466434,0.37669075547242986,-1.5293459520121986,1.0703835712758358,0.8257871420862434,-0.3292548526962569,0.05248625468066284,1.1852202049332115,-1.2385080453663564,-0.1461821043088564,-0.5738484531685041,0.9559440978408666,-1.2102235951138263,-0.8076570818248661,-0.7754223182827902,-0.7967368535210961,0.34573719831090255,-0.28529145941938205,-0.34962355194885325,-0.9406151875474357,0.010907796123950306,-0.08930345271906152,-3.408506298025006,0.021900769442439072,0.08291187069653978,0.05606359050704518
2021-12-21,0.1911783485964138,0.29131540060020816,0.1258852881606753,-0.33442873524831557,0.14941686952106076,-0.11181235803513302,-1.0835894595713214,0.43345140188226083,0.08693958954735685,0.061355285287615496,-0.3647940304005035,-1.0569965542703565,1.5182868639896436,0.33915659499920503,0.49455029966395936,1.167474462779024,1.235278634171636,0.6152579270254803,1.840942855636801,0.4117404126456591,0.08312448475519658,0.39608232597969073,0.23168262786480193,0.12764374698634512,0.39789877581206556,0.5134400251322241,-1.1815180495182327,0.26379392774911176,0.30993719231881495,0.33239866541560126,-0.31290468481511435,0.02131635318457348,-0.609938381700649,-0.037369617230459465,-1.5442328900694944,-0.7597996619760091,0.4796307606439902,0.3354969989018318,0.47005716327921887,0.5517804226111561,0.171209979909046,-0.9793910938404199,0.4180959424939565,-0.167772399292073,0.34313889076692106,0.9962195794851731,-0.005886608785494252,0.2557226160711196,0.4271827934640283,-3.687754055200715,0.3696563414768749,0.2591220931277818,-1.3479683013945578,-3.4136926338000495,0.2784859080854507,0.3416383202804702,0.8288735372097298,-0.0496576216318599,0.12845141824541453,-0.002250691691667411,0.27961081475705213,0.21477351337168196,-0.3517742237212469,0.07411442299775906,0.4368432616993902,0.034308572649990154,0.285053803983112,0.24439192441234878,-0.7390097580790599,-2.105818443620572,0.3322764934370857,0.49126484074823057,-0.2296191560316703,0.02746788384081376,0.39128028109193785,-0.24682165747019266,0.7748418764892151,1.3218936696476238,0.19501049049681002,-0.36260625036616967,-3.0990213130607938,0.42710153273338425,0.7079138053999059,0.9902726286218325,0.6810924430119714,1.215592337649231,0.22255945982746492,-1.7047748489047223,0.44214966398540007,0.3057818863722825,0.3711925087201917,0.6125510460594922,-0.5178351370318117,0.367561388491907,0.3412468656791339,-0.4297950793227858,0.08406814091517234,0.03208800069230252,0.42880726434765654,-0.6709490854266213,0.20164062486837495,0.11623655488319469,0.5020923564755005,0.31990788883191296,0.20316486459870373,0.39679619823892315,-0.042858104416198944,1.1330347260410796,0.18226923946779625,0.07687976463662365,0.331344355500736,0.3873592783969592,0.21032100829026856,-0.24430657450385235,1.07324138339466,0.21933815584211758,2.3162812450961283,0.47108360470099314,-0.8973916451564491,-1.3127803522480583,0.27905034277948526,0.17445649672340788,0.9360566393563201,0.23912526379592972,-0.09230778318513125,-0.6186231876434588,0.06902332652987671,-0.17036421817054925,0.21533480738740013,0.4664774290401917,0.5910766832125565,0.2560415972579451,0.2859025647267732,0.3394140956576677,0.0498808263223057,-0.6241032755296138,-2.1419446741146344,-1.4438111000598586,0.3410606694827838,-6.423434809939113,0.11938131980790266,-1.6781640539122495,0.06917730115474183
2021-12-22,-4.297873703196976,0.7712705984020586,-0.3435500641993558,0.8615351487971674,0.4096694646225876,0.4732098621895099,1.0318294372678871,-0.27574181558692423,0.5271515869910842,-0.03570792470061568,0.5377514478840736,-1.6792104220330486,1.1442333658887358,1.0134272237725783,0.7808001183034139,-0.06277772861095678,0.4789094479508419,-0.2647861402918804,1.0592001145021843,0.5695729449733345,-0.16501537306748007,0.92102949154754,0.10727935689031357,-0.5346257040610611,0.03737845252293052,-0.31501544472368787,-0.3995203550559919,-0.3247359819678459,1.1213091785727,-0.6694241925842439,0.09853959955689745,0.008681651427538972,0.3555258100200705,0.5842885518784847,-0.45414261845583415,0.6716214465004192,0.6899392139849725,-0.40869455708157776,0.6707714381268908,-0.7998627900115697,0.33414720136090525,-0.012816556312524922,-0.5029419237716461,0.4301204029471858,0.17022575060674128,0.9525196637588784,0.3302603104210352,-0.03564263488661026,-2.9536161625928745,-2.5206593510046185,0.044499210292132586,0.984821170761986,-1.266426495127564,-1.8214263634181969,0.9354922441973609,1.005356594797833,1.1985086576754391,-1.3801833516969222,-0.5262634627978325,0.7842765960186667,-0.9222388634055758,0.03943466718292002,0.7114420935450433,0.994160534903454,-1.6465681585894616,0.44683900417970357,-1.2849211267213028,0.07419163771083366,0.19738179881344534,0.1980449432728714,1.1649596673451617,1.2955763256093669,0.4812212193342149,0.6860555872664357,0.8447072654583926,-1.9312024809234876,0.5018542150989574,0.2649489582880226,-0.3375661942562365,-1.207625605433742,-1.3296131476965316,-0.5712459229005664,0.8594442868832147,0.933302970849177,-1.3110410903341518,0.5667563914829575,0.1824405217788898,0.7108070839482048,0.8698038222297928,-2.0613432770813795,1.0152922053240172,-0.35671679497168496,-2.0764658324876564,-0.06862214446452242,0.5550314094906806,0.745966756993511,0.6744009874485936,0.5663064673698597,0.9945576394778851,0.6267785245511213,0.7268073790749519,0.4227465295611236,0.9955646389333387,0.596493189026604,0.4412443190679162,0.35251509305859224,-0.8041542341663374,2.417245346681738,-1.2469199925899213,-0.46101500072756735,-0.9731942412243763,0.22842713556167704,-0.32672671110476714,-0.2974066893535195,0.26507075839523425,0.23302795742153568,1.2559156946204797,0.9559994583663092,-2.860987117150492,-1.2393032623894242,0.22705045599227597,-0.7153034069718761,0.7009581146118958,-0.5912717486506874,-0.43206441361029313,0.3294421800537337,-0.011422936233199498,0.5008380823438484,-1.0730239588440067,1.0225159474532435,1.350850461023199,0.8178940316473751,-0.001595889568245919,0.7912886651286374,0.54236574199708,-0.41879563007145504,-1.9241293390265093,-0.8725273019017981,0.3502185368719655,-0.8471369948325098,-1.8107325100264715,-0.23973048736464286,-0.5180658358286829
2021-12-23,-4.036852595659059,1.3175844294813968,-0.3689014330345069,0.7645158467659996,1.2733676726753713,0.17189894709271242,0.3894308436071958,-0.3617674684514284,-0.043766096685463926,-0.15820687037927764,1.3254870736512558,-1.2726623890968911,0.9028884241911181,0.889523213376228,0.5535389269074312,-0.710504698952182,0.8757907819869084,-1.033233205097068,0.5604847017176587,0.4572616456512829,-1.0857993828463146,1.1571456087861647,-0.37380972233324106,0.5516780146573879,0.18352681036389934,-1.8796609149921362,-1.1396588217897659,-0.5235509526295883,0.7484163032637636,-0.9144900365281602,-0.2632443556354541,-2.215656187513861,-0.034560743034785193,0.26015105219906076,0.6591036329957485,0.2353951070519029,0.5226169557168221,-0.3616298671420256,0.6976794552844883,0.8558379512050357,-0.04965229870573895,0.009206671523156362,0.23528994453714078,0.48577874322230624,-1.1215765351988076,0.922920209452122,-0.29248304611509457,-0.17967230752727623,-2.0143414306817466,-2.2781398254292826,-0.08695647780780191,0.8200211495166517,-0.7218710932441522,-0.9867138286634993,1.5515431008994354,1.5183119067363486,0.6519982830530698,-0.5330125283000042,-1.3524205299562708,0.7789069405367396,0.03660134329500083,0.736761636347278,0.8176755660933458,1.6439450669591937,-0.6371391076526696,0.8040843891461138,-2.2108419168111793,0.6968785396672774,0.8208480509118032,0.25469256749182345,-0.25158006578510705,0.4371104604241651,0.22380004819465038,1.6335631467140743,-0.2980874969374024,-0.7402443714076585,0.6501125055226106,-1.0150989656719254,0.024540512627279562,-2.561720189584549,0.9032258598340327,-0.6043904758314209,0.8603710288283108,-0.7113613743802863,-1.7478425723647002,0.21979435499932432,1.0434772948563706,0.5927481268580141,0.9517122071755924,-1.1747361044777829,1.1915078267939057,-1.6196856194083906,-1.7837077562693047,-0.5399143721074157,0.18430271119581979,1.26280622480753,0.8203329447738609,0.6826904871207998,0.6339480205516165,1.2772977967091468,-0.22919747132445997,0.1118381987952876,-0.05702569952938618,-0.40989938811930393,1.3235993284962408,0.10865500634006428,-1.0011371760793188,0.9876909606424862,-2.0397761509347645,-0.03129501817063721,-1.2411248513087623,-0.6277826150760007,0.2792253301084492,0.9475256438994218,0.10740095856556302,0.517566161928522,0.009095167563676386,0.19173673777693917,-2.621626308208179,-0.02286627210001703,0.9131634605526571,-0.3549741938558167,0.3352961638140854,-0.014514573442383646,0.23461837431832117,0.4425974459197975,-0.25418000594263007,0.33362843289146343,-0.69083769812888,0.11418934336064951,1.151817319364761,1.0997582286735181,0.39218668205964186,0.28940425686254,1.4022681423620973,0.14346966735618083,-1.3497783260598106,-0.6273043821980083,-0.03470034279910699,-0.3023530445094064,-0.797831130280766,1.5420415759817887,0.2884490265499597
2021-12-24,-5.7655850685012675,0.9561197604159106,-1.6974939751650362,0.6942047643174013,0.8141152745725808,-0.2853546572380265,0.09040276710519429,-0.010544313727432307,0.1496171392650757,0.5340474288277515,0.6313464762918441,-0.24086721746772136,0.981369830284084,0.5535711359621545,0.6995050520462531,-0.8008043557383145,-1.27247116635137,-0.8341768236349868,0.9311098118272442,0.7035950229536873,-0.4270093445605829,0.9871638468644417,-0.5258033383671435,0.05271755480273975,0.9796943704209007,0.44222191298509045,-0.06678021481976082,-0.3863430943432921,0.2447340768931017,0.3730836057182148,0.09895023750138685,-0.8358289539735506,-0.15012248384270757,0.2492967255351223,-1.8136125788676472,0.14281073097949656,1.4592124542880087,-0.06692139818613066,0.5434639216229195,0.5232570339766773,-0.1385719530407826,0.6561877925052343,0.484587914355207,-0.035340357653663786,-1.1331388964681948,0.9475490449248172,-0.10263962038681293,0.47935273450359156,-2.6303059462655285,-1.1754291475966618,0.6225363015292903,1.1602325583732993,-0.28729860121645934,-1.9917979427029415,0.9078592735982173,0.9439496148891704,-0.04276140335460958,-0.8939731934384029,-1.3148737689022765,0.4151952200191407,-0.39841363419819664,0.342509468058581,0.07757435969312133,1.008481229074108,-0.37126247170506926,0.6733665457115796,-2.7028201925498077,0.6155689390189596,0.48160565756705626,-0.5935758112148622,0.22083733677716127,-0.4224798497540323,-0.28008463244361986,0.7912471870126268,0.5965003552453388,0.02014442485036447,0.7861017580968643,-0.5132448206645749,-0.09720491988853121,0.6733145984479916,-0.8140895837451166,-0.34271667907851466,1.0024078802571597,0.733766106609768,-2.2716064410183807,-0.20413672367536365,0.951072354311537,0.8368837700517738,0.823736023820246,-1.8554741242659487,0.986542732252261,-1.4485397498513386,-0.8185581805375197,-1.3221748146361483,0.560162677085187,0.7346287160435953,0.8347827283126888,0.8096899782870579,1.1893932809812733,0.7340538348139569,-0.11740854361413132,0.14287496014227177,-0.07921103630735299,-0.01920505308381575,0.9839081301640177,0.980916264449188,-0.192514412770848,0.7971416933536489,-1.0908586601728212,-0.32500588039824624,-0.32046768027790584,-0.8055728378361848,-0.5713697777571063,0.7766253077707566,0.0015900538661661025,-0.131444434553988,0.8221917488724646,0.6337523389388391,-2.84501011728896,0.3263107487778424,0.961643678268959,-0.15909454905825673,0.23543792953752193,-0.3726108046417601,0.14864949787087242,-0.08026099292052195,-2.15462135795754,0.02823870634393681,-0.7885403224012245,1.3195630122432125,1.1483031139611195,0.9473993343986586,0.4341359178291579,0.32853717953758,0.9114002895681781,0.7164522131479223,-0.3318737262701462,-0.9776530278154753,-0.10754786882112673,-0.3080383338243416,-0.23315573094911698,0.9986939805893011,0.8124981615919507
2021-12-27,-2.322727944255867,0.43241105687553644,-1.704152910586208,0.450848623486441,0.12196020986360304,-0.3747338884059991,0.3532229643240713,-0.19962349660034973,0.36672657738513476,0.4474924713986235,0.4544884735251984,-0.8661974323852657,0.12806535194460275,0.19426545632714118,0.15308586781298103,-0.6086985403844865,-0.8101016410227506,0.21322414969316475,0.15487491680951346,0.45965608119576595,-0.5245757790443458,0.2645026707589684,0.14533908849919558,0.35680867505272573,0.20779910521781478,0.11487749848228439,-0.0839713450467762,-0.021231358445743184,0.3554331772921568,-0.010804147195916486,0.008206146648805637,-0.9034080664941339,-1.619334852754456,0.22137316474214272,-0.9904407825459777,0.06579459593238965,0.38608620336082905,0.2500342325152757,0.4399931789213164,0.11620486437657088,-0.29189832991524817,-0.5402850083654124,0.3765843159987135,-0.2765785873006866,-0.9742177898518533,0.28110901923824133,0.24174353905105994,-0.9721667150020643,-3.7369725097533624,0.3002991447817513,0.1394472554267538,0.6771685255529055,-0.14589422708839017,-1.3166383923536007,0.16565752272845655,0.38476156358740177,-0.6229279214561203,0.32563691541114126,-0.2415964546424092,-0.02988781197308386,0.3592332937182914,-0.18128176960299242,0.3931506172180934,1.0443481581903469,0.34674597125927487,1.233022339413361,-1.9522858380443004,0.56630067300035,0.7630332345388087,-0.6411484226595816,-0.25570897875891235,-0.6403286289030131,0.3015816955131909,0.33727331363657215,-0.7936541093396453,0.4064482892479297,-0.25412687772788933,-1.4976454425404524,0.14476963500422205,-0.03207647423211266,-0.5722221819383696,-0.7166388839291084,0.13239604102431857,0.05035315175484545,-0.5414600520651871,0.2106171262214648,0.6133361108590252,0.28793372852607646,0.45902743818145086,-0.43757242096940857,0.36051199335042367,-1.1156372848110365,0.21067429285532793,-0.8482022715905434,0.3482669335733523,0.23972764936627003,0.5083833562588684,0.5272487651797618,0.4329828469156634,0.8209273061110842,0.22569017103379702,0.41148924227982253,-0.4334009553703888,-0.4461497753500833,0.6665559487248871,0.0732698292637008,-0.046716598172889576,0.1402512715147975,-0.4104050225875353,0.3781891039793005,8.036181661440526,-0.5301373441528606,0.16460451199295711,0.6022688912328803,0.04762651127225121,0.1730335173393704,-1.282511275983851,0.5739883251563949,-0.8289646356358163,-0.12216077527940451,0.6854562439491448,-0.10554492688957737,0.12058903558040586,0.14561372467227207,0.10137680595728875,-0.4171264431512788,-3.0483397907946364,-0.21187862746559602,-0.16112015428376703,-0.7385565208544316,0.19388572208917387,0.7837935589680765,1.0143522500463944,0.45393037685861803,0.453193548048319,0.5763601356608422,-0.29721830772017865,0.37308424658762196,0.10740025512829551,-0.19279006028536327,0.33589680157394897,2.1343434642241053,0.11617506424820453
2021-12-28,-0.6072872708732994,0.5439313513534368,-2.2186673246593807,0.45843416080548754,-0.24418804633364943,-1.4541834894297379,0.8598266176765785,-1.4033097433057553,0.05243267041507506,1.0465546173521283,-1.019598751496605,0.18832641254525115,0.40775575439263007,0.4817112374470798,0.3805468297593422,0.3018280745354383,-2.1895367602865625,0.8666236984655213,-0.03157118686690887,1.0599222368918755,-0.002126050985542378,0.38602578852565306,-0.5333253099330203,0.7647667178868546,0.23787863207338183,1.0595467504936977,0.22478422318907068,-0.526819549881776,0.26740897736298047,0.08423019449869204,-0.3549948420812484,0.5004420957972797,-1.1735063861971025,-0.406925947125467,-1.3051965895235917,0.5450965848158206,0.5416470932296366,-0.47238351903249776,1.0958987752757035,0.17705864591837664,-0.16748301371488372,-0.4063367840160431,-0.13069491693655147,0.05180965486874741,-1.7831274671197532,0.48473757013695457,-0.401969441451022,-1.177061961594693,-4.849583043271898,0.3367775830809821,0.3919093388521635,0.535451325770361,-0.5021092639526903,-2.2120335409363485,0.21125660738170565,0.7704626919342141,0.026238755353415386,0.948179177011119,-0.009613456859017868,0.6051259765052396,1.0323897155366017,0.5809546315406451,0.49113993655102767,0.36276457182799415,0.1779998716413354,1.733015413988032,-0.5092606580556313,1.3044365028552813,1.1947342826970822,-0.3389450724429516,-0.7572575610560802,-0.15962241153382248,0.6531966350939937,0.4119125861278179,-0.45591879840768457,-0.6436154529880403,0.4792764673861237,-1.9787515799879194,-0.23897097810533185,0.5980144044124136,-0.5648211628126701,-0.112386872600572,-0.7750662628983772,0.08369833030468062,0.23992222040746794,1.0956097629381691,1.1061727711968177,-0.2712639926076183,0.25800362857177,-0.04407656912916874,-0.10541316275288264,-0.12106938439189308,1.5672248028924698,-0.24280253897603196,0.0818595561069516,0.5380696144910277,1.054958965231243,1.0106539564458679,-0.3024337888203708,-3.043515283790139,-0.09746170295254247,-0.15411399817831928,0.4519456441751283,-0.2828147649345231,-0.8387663427650964,0.858978939302748,1.0357391335440702,0.7608941946829526,2.6875420410936983,0.8488932506306222,0.6359540588048946,0.4226084708907432,0.11205258697249934,1.0744264023268582,0.39930183790449075,-0.1096475626030096,-1.047985008183017,-0.13792980581731615,-1.2256524625116165,-1.0798950477547185,1.0192887511224573,-1.285243722681609,0.18616826372446163,-0.34552759479113604,0.662150456817598,0.11113778314024343,-4.210756592540365,-0.8946734698899799,-0.4686170555066369,-0.48544483167783725,-0.2726988446523041,0.9916845830799603,0.9960860544656985,0.8804510175333244,-0.5408074198195885,-0.017887967228629505,0.24634723397898298,0.3983772630564369,0.349131699977001,-0.21293402602087136,-0.04248397823797762,0.9575191429515231,0.9628531279463327
2021-12-29,0.7946781111193123,-0.01653157382043364,-0.08279084549399511,0.7590734853007252,0.4028930905484058,-0.3080969510947378,-0.8627493786585203,-1.7525643810969087,-0.4612746746512356,1.385890129022853,-0.9499441456313797,0.19538686626342971,0.7110464710906017,-1.2475373843486237,-0.17773046542088358,0.5210307323084552,-1.3438643742973073,1.30393597732245,-0.20775201527996018,1.0441325350870168,-0.18220000435685488,0.20324220034197854,-0.23251909732555454,0.7453405195777919,0.15373905882182365,-0.23358873144784983,0.4757810721776949,-0.43243979841955116,0.36047425032982494,0.25071527442316605,-0.6297395931991999,1.0208562926972604,-0.9134707206051664,0.4653039280639678,0.07251950517094692,0.8029543576448629,0.11396582257790362,-0.49332537727628906,0.3028469548202057,-1.2351990631360146,0.18755993734563983,-1.0991751738796243,-2.1361933640969974,-0.4244982445879703,-0.5292620356591533,0.2141026697969102,0.07872561895594672,-1.0309776985914227,-4.991833335531294,0.6922368186586108,0.09225045086353896,0.7490873313098514,-0.24334672972539026,-0.8306575131144353,0.31615078747351205,0.2533729784061603,-0.28216765348039236,0.7264800473079356,0.5483108618252379,0.5838428452518267,0.8447486265841172,0.3362434131288249,1.1423747657743888,-2.7336862691570345,0.0030789567077911667,0.7649024495559321,-0.4012263836641786,-0.291431497717049,1.2956130469007303,0.023434114391062476,0.19253456486534612,0.89332934939056,1.385703026527378,0.3235465888342242,-0.18729105305054128,0.6062958698733503,0.6571019639224355,0.11950154172712353,-0.18827248176286399,0.5718811027470734,-0.2556353826307262,-0.535762012292399,-0.34308551427689776,0.23353555091542547,0.95532355747319,0.6294283794233559,0.32118111553537293,0.3346136949784809,0.16822142611448546,-0.2238356122333883,-0.9934886729768186,0.40499913508490926,1.4478067388691427,0.043244662143091125,-0.7909921783092057,0.2089754998882811,1.1679660292174843,1.2211302898718175,0.07094094384984044,-1.9966845515962046,0.5025196443897101,-0.263964304853637,0.602446112615651,0.5569366018224136,-0.276565174166266,0.6682078444526023,-4.758650318387822,0.9576199068528052,1.6908477171232892,0.6772601979035985,0.4854615800032415,0.5945989057277278,-0.06663620973816511,1.6925514320127406,1.035094954193711,0.0694539056588914,0.36508264326192413,0.5060248824602146,-1.0103976073970544,-2.6618864291466484,0.7403425409923752,-0.7473805985777691,0.11673421217861164,0.15881102273271777,0.759199961784941,0.35050280060298694,-1.6657348120811841,-1.0976301642309358,0.059771176358639926,-0.41659953059759075,0.3398643765818012,-0.5599675824187844,-0.1736934197468427,0.5377928045181857,-0.6944957225788688,0.3767924045536719,0.3537198830606858,0.9128707619110596,0.5194066126514396,0.24679622889807437,-2.0927577603075105,0.7649024495559321,-0.778015382938657
2021-12-30,1.0077046371712473,-0.18494507155608383,0.523771677262681,0.37116356269130235,0.40427022414433933,0.28926258544697137,-0.8188589103767109,-1.5291570694214054,-0.18057361498896768,0.7227809835265143,-0.762392810751132,0.27124656611694337,0.45962297974488114,-0.2574864207699666,-0.05670741446299101,0.4506689512652911,-0.9253661018728475,0.6894735282200883,0.21816598036729132,0.44343855176248836,-0.3797587516760513,-0.46685971720787683,0.2067033151544331,0.27909444470459194,0.5149929658290874,-0.3179549376420899,-0.3416367949050113,-0.08256090306785574,-0.056392518410963995,0.4246973834646618,0.3359388057194038,1.1580563558860202,-0.9353978468240954,0.4135460348807944,-1.406980160050766,0.28500855961783594,0.44150377743416735,-0.22358080754365856,-0.33606689824120545,-1.252592600039144,0.5221815378819064,-1.4360577579413,-1.8393042501915908,-0.6699553316967465,-0.06363501965959041,-0.13016798760804407,1.4631467106912996,-1.2446512160162955,-0.8100314571577372,0.6740386413510571,0.40166954034318514,0.7035240660307958,-0.067095884264154,-1.4333293461188792,0.026998225076846148,0.35233227173688403,-0.2037061225723627,0.760894407652634,0.8160646759076445,-0.061126887445384664,0.7927461122611266,0.3626314496724854,0.6723804105940135,-0.9170237867595796,-0.25910976134150504,1.5812855165207407,0.4193233022385925,-1.2571338730453396,1.2306286722599102,-0.24150256823716218,0.4456859324200021,0.6194545070060608,1.1356354346433128,0.821514175740204,0.07543207203689803,0.6822913889094121,0.4407265554744527,0.3109895819069366,-0.07484605240649307,0.8218359672255341,-0.3053287268408875,-0.8643141254299023,-0.2414981439097051,-0.03712936508859693,0.9240881326041757,-0.1313061228891713,0.519803437908838,-0.9583114724123045,0.11626391627172795,0.46462196116516125,-0.688551894936622,0.43478757570574755,0.9122560847508576,-0.02914848278202612,-0.46707392762095906,0.1708211687113183,0.47986530445760184,0.47986530445760184,-1.5630684091933584,-5.754647706824201,-0.3150416398445113,0.25684210497441046,0.8047717223668874,0.5011130742066691,-0.059901375544155845,0.39930035367499206,-4.812497079889312,0.4432024860670633,0.3818125369427482,0.44880174263089906,3.6259008070125263,0.5818891836189419,0.6689645024093721,0.9567529564575638,0.7196541711231672,0.27919902927846485,0.30619482090044814,0.4731560435316786,-0.8795534874809957,-2.049455761900051,0.5826525066873731,0.16275565160666636,-0.14986416020882806,0.22495045382946607,1.027231700022663,-0.10850855849185952,-0.2900849094030558,-1.7497269107751816,0.42102633607420803,-0.584663341946902,-0.6133547978924848,-0.022640826564174026,0.37877880305789313,0.42565477839512006,-0.5789958670853823,0.3275011486607858,0.49106770302957825,1.2761738502753066,0.37738398589812266,-0.554253513903691,-0.6673574518831232,0.4557232114701572,-1.8451268632164193
2021-12-31,-0.8568076482897514,-0.6851092706804552,1.0686380929603374,0.5640327319802935,1.0095342130012024,0.07625007618939753,-0.897085090912168,-0.3147060628604353,-0.8485900498850044,0.4693971737406847,0.5173078055861557,0.38051133101145784,0.41199565720905684,-0.29030190852820753,-0.0319682493316808,0.3441788763199026,-1.2420031531755547,0.4746472302007476,-0.3569647242519892,-0.6503602455868258,0.29448320156286356,-0.4656392288001855,0.6980366845244252,0.5251672824467907,-0.33145257906334624,-0.220027846367513,-1.133347273260371,-0.20366816738828952,0.1038265584592013,-0.3597552484971764,0.1497053933822545,0.5994326308199482,0.42803828774419644,1.161672726073194,-1.378795057530509,0.1257052768235601,0.46531063052416644,0.3901521244728414,-0.7011290109147761,-0.9570116801820547,-0.16448648787255454,-0.8745526053733208,-1.643853845120331,0.1496865852997319,-0.10756100626625092,0.2620941952257382,1.0038801655716403,-0.6736090866545704,1.5862638812432792,0.2639902978508025,0.1407629941515285,0.3569792377848084,0.6237296752924781,-0.6118879586542455,0.0866250121675892,0.3317981845665772,-0.05882041585253832,-1.8227503121217605,0.7031293126997772,-0.23724288381101366,1.0007805779586327,0.7967067909452253,0.4602512419114916,-5.402980221685812,-0.2821485091508447,1.0532740355094028,0.533443334472345,-1.1225170770450554,0.12265184994823974,0.9661617412332535,0.6252953871017563,0.7496887313959638,0.7899708145733362,0.7591127592869996,-0.07403008565595469,-0.4096804237187872,0.023042886057207185,0.267469821663257,0.710216393623326,0.9351096971470655,0.4557033380685988,-1.0206440305330875,0.4365545666546484,0.24742640565920332,0.9367092224487086,-0.2332058107671853,0.03040110727066153,-0.11264076299661868,0.5131019871903253,-0.76196457728318,-0.4429436100022628,0.7578365987563399,-0.3766262565297276,-0.1933351997192929,0.3074263287943607,0.05024784882601291,0.2964334882435784,0.18076226329581255,0.4248404693148134,-3.668036654401021,-0.4653776270513556,-0.4335065022866541,1.0430046858770474,0.7561394202478989,0.2753281300453324,0.910486794835723,-4.647013867750644,1.2103164122560834,-0.11897309950152408,-0.048039819471695416,2.5175301973484796,0.11516897501987389,1.1154185202737597,0.5670978188762799,0.29288235218543374,-0.18254020334338666,0.7651312549228256,0.9797890151399803,0.15885606424326176,-1.3362268620871165,-0.20387766495237394,0.41085844529048166,-0.33958197031456905,0.39240752216269875,1.042692013005266,0.47107127532093285,1.0227941448759743,-2.502567438110144,-0.274809816108309,-1.2631991044206878,-0.2891523460052502,-0.5219473826770898,-0.42551839066401453,0.7700387472620747,-0.6318247030047922,0.4487092261000459,1.1540493478489329,0.5865891466610857,0.11804358252107577,0.09731038736557478,-0.1675958881397312,0.6207314867618362,-1.9680351780738965
2022-01-03,-0.4736808915302219,-0.8982089667566605,1.3021661031862828,0.5890240462179506,0.7083760138728667,-0.3244899159285588,1.1102667336110998,0.47997858306317037,-0.262823831068112,-1.7724793095698936,0.6540005188672208,1.0587100097424713,-0.7180299355215304,0.10013870304931183,-1.429824161733402,-1.130723840971164,-0.2944788112930134,1.0390036766787032,-0.8715374251985069,0.1968223021689997,1.0699505017316011,-0.28133875430094774,0.4421568324448287,0.5355165383637944,-1.2641125163448708,1.2576446735142712,-0.583260828003429,0.5876086942859534,0.6312363179273236,-1.388509751790937,0.5966671878467529,-0.893327693402812,1.8422069019641252,-2.087276153056125,-1.7248687070501953,1.538607868919049,0.7123501702673581,1.375012192063249,-0.005622417926140567,1.0152804490703085,0.010098816655988618,1.1883445728284265,-2.481268140917873,1.3920102599735344,0.2755041715494599,-2.1724470105583706,0.35250187887852874,0.6999519667376006,0.10837692218959723,1.5912280225871789,-0.023497504890023373,-0.5891996744448807,1.0650408563614464,-0.04199860841142014,-0.8472888057403595,0.8538183277357012,0.4072706749767595,-1.621336263270167,0.39662154029614327,0.2611145726381595,-0.5284505928144544,-0.7389793806495215,0.23481035594889332,-4.897129816851341,-1.2121901160899489,0.9818130852248531,1.1374278562137783,-1.522764382913406,0.4536482305154192,1.3125860066934634,0.5348535897445064,0.9518779703898121,-0.12149342465096867,0.4245331390532715,-0.689388990144521,0.4133073878703567,-0.48818674230162584,-0.8156321110302105,0.6952694261579453,0.32074258921295845,-0.5435579735972816,0.45247487770439365,1.6804250539957342,-0.579944442942702,0.2536094025613895,0.15068005729082468,-0.263973551748762,-1.430266116524133,0.2919610087857172,-0.39510220208051583,0.5117884431584997,-0.42000870637272814,-1.2308306368212907,-0.22080061159376327,-0.02449066589786393,0.7553517972728501,-0.15666716990048096,-0.3852302709181982,0.6265410700104221,-2.2518444485727604,0.03432634721431928,-0.14656613236559338,0.8663159305571019,-0.24653589121926162,0.98863280843551,0.24972804905091445,-0.34132532032975565,1.5475240557972703,-1.6569777187717083,-0.7260253815351527,0.35750450704939263,-0.0017294395523738103,0.6876575882338415,-0.6079770806856815,-0.6146864191641995,0.10871141301094488,-0.4456409197432858,1.5042699606164778,1.1228105108098194,0.3032618378716294,-0.18340937188724613,0.1478954818366271,-0.11805042966592459,0.49349871781547283,-0.22720337738456414,-0.21574397034172632,1.7474903497851544,-1.5110665248893163,-1.231678017197087,0.21097452207309816,0.4244983974159012,0.206233488744903,1.08594338211892,-0.15964765784937834,-0.9599158951380756,1.008762465718487,0.24844149074514035,-1.3205789370266598,0.004567854353666837,0.4766044027497891,-0.680566541493832,0.7209767354946807,0.3189480527673062
2022-01-04,-0.2578300965204948,-0.05992433040107999,1.1033337137900066,0.3270004174821987,1.0512730911154904,-0.7709973835894951,1.560293986268046,-0.5453589714271877,0.2521603472708148,-1.3951184039676718,-0.011702102475564023,1.5826734055891913,-1.621833511383274,0.6442109064293859,-1.4921065427539106,-1.8894346850618875,0.25404202268061,0.4517311920118087,-0.8135715582811776,0.5866488080125593,-0.12982768099599143,-0.4072570360422645,-0.07752632914418885,-0.012599868714551741,-0.5320672574369162,1.0669871973460079,0.21718203146887802,0.634125049921325,0.45037328299852897,-1.5095325194665032,0.042884599000702836,-1.6692335029201084,1.8115725972294088,-1.0429608847820804,-1.1693743974481716,1.3323465291149434,0.06473443970321885,0.7965935441106294,1.1582149043426495,1.5036926451684753,0.05507445463432842,1.4986466686789666,-1.5191104963018716,1.5796260677215543,0.34688622890005055,-2.576285749253123,-0.28121117330632406,1.6007321251884952,-0.5371066816899577,1.535075279579409,0.4350854947107025,-1.5055487829339742,1.1452029067528469,0.5900379701258489,-1.0465919751091972,0.7055580706312855,0.265449835123933,-1.2157453038105834,0.16320615193917412,-0.3764027527239211,0.2778977734132903,-1.2295495073765526,-0.15239472780861918,-1.814805363342754,-0.5953785054108082,1.4167875855095025,0.4101773731720083,0.11561061637589971,-0.969954822366481,1.1494144049196287,-0.2045949420960542,0.5546775013449203,-0.43847435800267415,0.10264351127842661,0.5369110017850386,0.4705174286384265,-1.2644707628766527,-0.6912438635740465,0.19700556348019446,0.2889735710986209,-0.5651029327336772,1.4703929929341155,1.3569625193166903,-0.7372314259424954,1.3104107576172983,1.5028060498691054,-0.6842975582924753,-1.3024124928784564,0.5538317606310728,-0.2929721453266519,0.37637944541847074,-0.08011606633558736,-0.5358923082872495,0.04934188046687274,0.28424756069661283,0.1223161665334807,-0.33855862331799885,-0.6393436313514569,-2.2400684641366055,0.8153086302997189,-1.4288056077161098,-0.0591494978603942,0.9132320076087512,-0.46649827976659203,-1.826816200530008,-0.2812332917034673,-1.4182111467557101,-0.16447789502512009,-1.6983828545620243,-0.5155746161215072,1.1301912022984812,-0.3498467032784707,-0.6178010365713443,-0.4114426689158318,-1.9821250084125508,0.7040944126328457,-0.4906869728235775,1.4909555957275766,0.8468503235477101,1.4598143658365634,-0.04382297468601723,0.4436805109644534,0.6460379491938549,-0.2726563806118203,-0.5174333065990279,-0.8207690711272378,1.3954783201309784,-1.8584935636643725,-0.20491265823571944,1.1682854231660955,-0.8061851363390544,0.7183032123233305,1.0420360084751927,0.2735899433255759,-0.23653094370277006,0.2977160774906341,0.40350497122701895,1.431134352354847,-0.5387672041273601,0.761158186876105,-1.7511564549598093,0.7492540532304447,1.9543149772428314
2022-01-05,0.7328487101802542,0.3935710201727241,0.838173469710565,-0.33361949587891276,1.0194526815773315,-0.7467272174046446,1.0094615150556263,-0.505183088887061,0.8395879190520417,-2.026560365123411,-0.6378996393498768,1.0819038903041154,-1.7391274301636974,-0.38279953876804046,-2.6002573626128127,-2.688804417765851,0.38359464076530875,-0.754796971737971,-0.6794243286085008,1.0980439684068295,0.4182014915774381,0.0002408046833907278,-0.2940147912541545,0.05901035248888616,0.22018627341174693,0.943416966352407,0.622844716512226,-0.11766274965438422,0.3797883225773932,-1.4302376745480052,-0.0295450482687583,-2.4917330906709974,1.0023861235345024,-0.920180904751949,0.6609347729504489,0.9637031316639535,-0.06822170241409478,1.146769594724062,0.4224733516531966,1.4854156843326292,-0.3440015910049163,1.3414121405542003,-1.7600111146554243,1.2316447882621542,0.38235639346776884,-2.1762087334621985,-1.2068577719220692,1.0032375131046691,0.334804969920942,0.8573944457490622,-0.11408097765498748,-1.9609127365872359,0.8938575716999455,1.1940205573136708,-1.2437654582019078,0.6874473653142698,0.2062224006809102,0.6052885694613391,-2.191018976567037,-0.0005085444329470919,-0.29635026950945265,-1.4470593883900373,-0.08940483106218705,0.4544145700677057,-0.2669537936385489,1.3808873243132336,1.0688283887952632,0.3131278776062891,-0.4751794029660044,1.7903256225816775,-1.4598636761358053,0.5110839997601719,-1.9825956376396285,-1.3072168924663907,0.36668945420201754,0.9222559775662927,-1.7649870111418953,-0.38360718852680903,-0.08869978710164188,-0.5260868407697545,1.0125788429193037,1.0499270959385865,0.5707262620416749,-0.5092497142300743,0.3896436150287019,1.1005002187768043,-0.9116503964986832,-0.1962599704879776,0.2923164158402729,0.6095465281915103,0.5233700926574907,-0.03506869137192307,-0.17615922971538814,0.5962977424406416,1.0338431861610942,0.4102097815595789,-0.6063783464715687,-0.873212160297085,-0.8834172142787821,1.3733832881053996,-1.1981631650188376,0.07659779723919923,0.44537286965749334,-0.3918013222241531,-1.7155598302888713,-0.49615895242920316,-0.3584165938153394,0.29381399063755775,-1.005308416800648,-0.09703175411076691,0.20453748051510004,0.09385790132599395,-0.6396579726000584,-1.167656199204169,-1.7092488718917769,0.4954938219459378,-0.13343753819459445,1.4578510003886578,0.9416930067808463,1.0333326730594656,0.3222296970666401,0.02802521365502971,0.9780586284963039,0.4878919833753906,-1.3569312369884412,-0.24534581092804694,1.9275989206088693,-0.06376852396469304,0.2403553404634905,1.0169920581973952,0.07840202887354475,0.16172524387889292,0.5769820122494466,-1.5300997487150794,0.47709906969172317,0.9109459468806789,0.12003354125895152,1.024228595936178,-0.06681264625593594,1.0671417523756495,-1.2594560579594545,1.015678637396194,1.4528251927165972
2022-01-06,0.7937297887050122,0.6601438340833498,0.7368617822378308,0.4828015630497188,0.7559591466042919,0.5276831381792546,0.7570543703102106,-0.8204670914796408,0.8017122407608195,-1.4046993257550633,-0.5350170491010404,0.9250940830656471,-1.5712664979849051,-1.1863774800727314,-2.0656890545359508,-2.6232795231860866,-0.13891108760464146,-1.267521507892696,-1.064266776173003,0.3228564600701465,0.5443207297781104,0.45784046048063815,-1.7038832334913896,-0.5579247748085551,0.36425294960384735,0.9973770270793911,0.7287069486378664,-0.44364425743109503,0.01795248478156753,-1.1104438853272345,-0.4315010738309894,-1.7321128838158755,0.8444165759994927,-0.12537194724259274,0.6948328585005811,0.9276321736026932,-0.35044443734272573,0.6371088765352771,0.46817872276007017,1.3155258122299307,0.15402340628231295,1.146009221743151,-1.411625105081077,0.7501850444147058,0.42730031238067256,-1.100713671828572,-1.9503165316856337,0.8931951105859065,-0.47294184686383056,0.7807851597222282,0.35250132048252963,-1.0043504371546752,1.037051882466616,1.4852049452315974,-0.0750257061338771,0.904447174801199,0.33472001649285993,0.41644255049869244,-2.1553197015915178,0.18129656993158522,-0.018982357308099787,-0.7019442866760489,0.03657990749588415,0.5190448404245388,0.12817191509333561,0.6915930073500095,1.0814254852420668,-0.2719557874299007,-1.5207791943980453,1.2913622797882156,-1.4215132490255613,0.729609240623549,-1.3549023377282938,0.14281880557197194,0.8673353413809766,0.8825656316880658,-0.9952206411640467,0.4799847873843844,0.5902114605349658,-0.07914165494215535,1.3903129531339662,1.1054215424500076,0.3022401116714541,-0.38719423836428524,0.10208630141222323,0.7162690433492113,-1.4151730925923995,0.32653885137967587,0.28424993205151944,-0.9859750365758972,0.2710957970786993,0.5322614695674657,-0.5480613897030866,0.7884830486639566,0.7172603328902302,0.8113050680907038,-0.4695192644144125,-0.6808262337028792,-1.0508970391627288,0.4570995626809843,-1.6085984770091244,-0.5710328647192323,0.04761091444824218,0.05326845146238025,-2.227710615508481,-0.34464633544557,-4.479443053749111,0.5187504638015467,-0.896676178949925,0.7240333773884062,-1.2700104116658026,0.14682511583476554,0.38575354397754624,-0.46601574438226917,-1.3607126217025705,1.3381132454779838,0.7783113904966896,1.2634814843408926,0.7860341425350093,0.9962718137333456,-0.08008144108972833,0.6562338537843081,1.1631819575823081,-0.34282233842570564,-0.3162055488848889,0.5914967689483625,1.7474416037049898,-0.5066917062230736,0.6374843947693408,1.2275902190210783,-0.32895853281884413,-0.647536318403026,0.3734054903695969,-1.6741938023109668,1.3998973480012162,0.8105189079393661,-0.6295564821709883,0.26545157229893646,0.052275034655187,1.1540573477976752,-0.10254348394707842,0.18381310947610296,0.8868036370770074
2022-01-07,-0.7965400928348693,-0.3381747303867159,0.9756129558134926,0.7279776336195758,0.500186931085457,-0.3529227819741842,0.23583692597389125,-0.7685722315758321,0.9095930103294998,-0.8073149127399931,-0.7267683858597382,1.074520971907249,-0.6478762882105801,-0.5753212743712323,-0.8073196461237608,-1.1439566023086498,-0.31855968570460136,-1.8668405236872034,-1.2063845287947579,0.03809256558534061,1.2044478801266503,0.13371613987427716,-1.0842340427943318,0.21000026159391105,0.8717213365425033,0.8756214984468036,0.9786353539857507,-0.40669371383519504,-0.4303231362120221,-0.5428892492066125,0.13031729190448466,-1.483858313235497,0.9667313359417923,-0.18800913689074839,1.7074877425979715,0.4960169503929143,0.028752688200140573,0.5148522803487593,0.1609061814763647,0.6553555131094486,0.09800297691914316,0.9225210563699846,-0.874486428880892,0.7810453947048694,0.7832819533822979,-0.6965354518258199,-1.4971762410708667,0.9894919391243157,1.784676408559681,0.362372680419078,0.7003719349966215,-1.8546685867610406,1.135383875506584,0.6695363401125478,0.07345572007406662,0.04943446185342672,0.43336658488806873,-0.7590304705664208,-2.4846071888859855,0.18110303952646692,1.1029951959571902,-0.43818057494632845,-0.2538299961573097,0.7055976086983046,0.7725648296111138,0.32215557121037036,0.06444937179778101,-0.09554746590519933,-0.44701030361660876,0.7691579649854998,-1.2879167350688452,0.7492025222624913,-1.205759860692154,0.5146238352161129,-1.085808914221109,0.46316906421039683,-0.5332458648685056,0.9924906498006814,1.0160676148767644,0.34432707482658625,0.6893647643865255,0.9609656520284923,0.7373929020050366,0.484806824952545,0.6410328898321186,0.5103933059542524,-0.8422981177814799,-0.030109157305479063,0.2766567692396745,-1.7585564487339012,0.5024193639209108,0.8653867478006725,-2.183686734044582,0.46806303407635086,0.4664221872653878,0.22554922245236206,-0.17067854623474252,-0.29222988960581275,0.2572205821907551,-2.6624969452768505,-1.9786449443452565,-2.221536311354217,0.04229856115052167,0.5226462712020364,-1.5512965861139631,0.05404906808713001,-4.870993076532943,0.6973798153771099,0.06382636694886228,0.4132367021119917,-0.12663492684244662,0.5928727265752886,0.33312488772978777,-0.011459888441719577,-0.15708333270333708,0.4355215953813523,0.7259274355323847,0.954633833045426,-0.8209847478272696,0.7314328427267915,0.5218129501007943,-0.14235171404076552,0.47561280174254883,-0.42707512517417573,0.23487088086239724,0.3014977428701979,0.647541447075759,0.5491954260825175,0.6068417735955378,0.8975880784357831,-0.06966331357045509,0.009171939971514508,0.2986445826884361,-3.683584961974136,0.5972673556106078,1.1297712378973395,-0.6124479061834622,0.28767807167509135,-0.1972347670967471,0.6394751577740795,0.941783076003693,0.6605080658565337,1.1882967424343025
2022-01-10,-1.0276041195366827,-0.6630419649493179,-0.06159734061307873,0.8094790045871927,-2.245364945634403,-0.05632902499880937,0.0968475119825656,-0.02469835465935801,0.6743425802235432,-0.13647780080870908,0.3139455128972258,-0.22066380367959706,-0.13811478618713563,-0.14124174100439482,0.4891923825250377,0.19151456801215125,-0.24663450576160745,-0.8389418506300225,-2.4450424877934913,-0.6632765258787853,0.7365366676168869,0.805277962560373,-1.4583219380868457,0.548713941547285,-0.8928960716269826,0.8663263269909667,0.3559612138065288,0.374604982011262,-0.27825881248208234,-0.9285561874805675,0.6846527616509216,0.6367461671328171,0.8254163905319937,-0.8235049551350795,1.7717372055605622,0.7868714445576822,-0.07901735721467308,0.3298249033003231,0.31304441090433727,0.9930098151676922,-0.06670988554471502,0.8974494190969183,0.15429800718270037,1.0288549809514793,0.5372244636231316,-1.4276743643650265,-1.171427712516995,0.4905654512830751,-0.2775350717414426,1.4132949203665506,0.2510123602076333,-1.674176370988745,1.2075891436221708,0.8186994670856561,0.32024817633484715,0.21636381853461947,-0.43024447069821375,-0.44368058549766687,-1.138847322064597,0.7169698739135973,0.9355500761154727,-0.4556106284606406,-0.139938868314721,1.338859217272064,0.44827404947401644,0.4667955411684707,-0.6285250442742798,0.16817485282326763,0.11706433241825379,0.15997467720413283,-0.35394656294123544,0.05618977577460832,0.43736657365513837,0.8183634453069788,-0.9595679840954615,0.5174871178962355,-0.38484913914827235,0.6728632424956563,0.2170145569012387,0.5864109987361059,1.205092853270337,0.17942622800742958,0.3651671078110384,0.5018313659936186,0.04249982008215555,0.5288018950828455,-0.9015042566565488,-0.5155537462433498,0.24129264471539458,-1.5491780538851494,0.7057573130728301,0.6525886967725293,-2.2945752272614133,0.9176331795253404,-1.056661031511269,0.8145264559599,0.3288575493771675,0.29414694670865443,0.6705307295580024,-2.363994297607538,-1.1542568344957806,-1.2751634473088531,0.12608842553431368,0.20099863371054247,-0.2483840452081081,-0.7093204930160752,-6.684616342885072,1.0166533218936369,-1.089028960149103,-0.0807777889649773,-1.4425664912625893,-0.16575372017054724,0.7471282188557755,0.8643571900168798,-0.19447431530254772,0.7219174729647689,0.6270595566908724,0.4216995316584992,-0.853791629354211,0.9183068902841788,0.23446158536293069,-0.3977093663779387,0.7717689226065709,-0.12874366832458592,0.4819532582342474,0.49581945285255513,0.5176895473158096,-0.3126730538222911,-0.21642780308057033,0.8282031751760808,0.3875640568487144,0.10635269666559684,0.302051669100078,-1.7692546629251418,0.6060145692838526,0.7433392712801616,-1.77547590928762,0.345831454397692,0.6871754646268908,1.3630565970682054,0.8106006965440586,-0.052893592681828354,0.7838485846752876
2022-01-11,-2.1411525611786364,-0.2884778912073351,-1.7745943835377167,-0.5844735967438603,-2.035475419425384,0.10736019837157927,-0.020814236830754305,0.04267431306229544,0.46552296092964035,-0.1836549346822403,0.4004555791271078,0.3820945222374802,-0.05360165831269836,0.05429462778111797,0.513806663663855,0.5214170527800281,-0.23445561050875557,-0.9726825503477261,-1.7028606036730487,-0.6801105571116063,0.4571620107544035,0.41270288970536656,-0.5802943691461931,0.49851112957023164,-0.580239624408481,0.510199684772105,0.43623668500792007,0.7686809645136267,-0.0764001305779306,-0.9444108407345181,-0.1546081072919696,-0.2994739808547508,0.521376756631537,-0.2956670935911107,0.26774421823914424,0.5708233864458482,-0.1274802406646912,-0.6325909249190977,0.25848386976884924,0.30385466061293276,-0.1378082185689915,0.6918439219841906,0.4938545598813899,0.6792441301001987,0.5091536025400669,-1.5809493386984537,-0.31767024840970964,0.16402113381211234,1.068715043607257,0.9746557310384042,0.32837913997931945,-1.2811632819354455,0.5004293931160388,-0.8004783019467767,0.17303565483043518,0.24311503983355146,-0.3693787558446697,0.006494408870528822,0.04048370181749594,0.49728958770546794,1.1902902685343282,-0.38061119705809987,0.09930892739396774,7.107023845106086,0.5168072861706821,0.49951567227215443,-0.42849947174726616,0.4326871578740501,-0.33935538165635554,-0.13024784211917412,0.08001291454713536,0.05743360427598796,1.7856405665609165,1.5701195242969166,-0.9752611523359527,-1.6300602224860203,-0.04542668574629399,0.5643797310146501,-0.12830231415295565,0.7386856678807954,0.46710686085186137,-0.2879814744855331,0.37849512848446354,0.08743273174036915,0.4820654995753954,0.3758712512113181,-0.5760229922754676,-1.0571331854048152,0.39668845146787257,-2.046762240849545,0.4621224574350248,0.5388869438595648,-0.5948735335813784,0.146036693207171,-1.7269739470112153,0.42347967265581277,0.9306614276617904,1.0069322056219405,0.27966858066119943,-1.8200719964713463,-1.4854208095125068,-0.7439231948754647,-0.21611783771050722,0.05519637594985853,-0.23797040454236507,-0.3879938509557669,-2.9155626460576314,0.5467495349999554,-1.974539260891675,0.46132307852521653,-1.3320761160494077,0.17321227937884054,0.22638665493269527,1.833730308773257,-0.3718229469409771,0.321605030314991,0.33732750782855925,0.1891592664141654,-0.9455133818040549,0.3806814406392817,-0.14019624377061346,-1.4075139188773336,0.18224379264607213,-0.2399107662803761,1.2390090209054805,-0.05196687292931415,-0.1339331697633498,-0.4040327347257648,-0.2149249325360232,0.6493816829743043,-0.18152035419219792,0.4247888660850773,0.07887383439676922,-0.42995565435630284,0.2443844562708071,0.6480812167675772,-1.0401705854498113,0.7617747369790334,0.5797046901589704,0.5231692316134527,0.6212459870855365,0.11324167904667715,0.8008758146162009
2022-01-12,-1.070708203876325,0.21390264408403642,-1.6649331361539697,-0.38234417272424026,-5.479860148971884,0.6584276214980684,0.8470585747221255,0.5076696024922682,0.9077011739470577,-0.9989849064733478,0.815692138841784,0.8497212607652644,0.061946834061638804,0.6134018259972077,0.6062695289134087,0.3814460472990853,-0.20408907357078432,-1.0155149250460194,-1.5599016825586685,-1.3997405503669145,0.8075306401286813,0.6454504549958714,0.3182981200171679,-0.4691820210456031,-0.5524705947645144,0.22976471016917135,0.5412975743674026,1.1435087736647713,0.8722020428492492,-1.0471677508310118,-0.14978129653079514,-1.3414954813938615,1.2244709802806404,0.21120660462389745,0.4644820236707059,1.0394194048243421,-0.3076931798844955,-0.3341822933039723,0.9285889345720095,0.8517343357664875,-0.7112871047559329,0.884993334838218,0.860826535542944,0.8832355716170031,0.5321150092666371,-2.0501604296894813,-0.3005952655423919,0.8352917151668745,0.8820143335631998,0.8411881167762508,-0.18563259376218913,-1.0114334503164097,0.9010717241536592,-0.9667676298958066,0.7184914171084997,-0.09360796393558823,-0.5356744701806466,-0.1108930668089509,0.7480272649111043,0.7299701669723859,0.9214098841376079,-0.6176260189815256,0.47126078916526243,0.3077481497369867,0.7500503706206243,1.2779766401830257,-0.8279079000358809,0.031776741857003354,-1.1683091832309813,-0.3457689473503126,0.5432634756515252,0.19689327373991816,0.7951542983484481,0.7891992310179866,-0.9974647946157307,-2.180941820791314,-0.18251793286607593,0.3162791419436502,-0.14859046372146617,0.4209560307431293,0.8517259111173818,-0.36615223884636705,-1.0001228186749915,-1.6799671336389628,0.11003556083522593,0.8976208696463219,-0.37909882149830054,0.08525865903089958,0.9105982594259864,-0.005911579307090333,0.2954793468880101,1.0686419898597606,-0.3389424075058844,0.4833909046205607,-2.515459217947556,0.901784721667176,0.06076122715239281,-0.04472640646915204,0.1603865963902382,-0.9761259138029295,-1.2550465476064292,-0.043137263508350364,0.20125472711975145,0.3756097756697803,0.17404910387228964,-0.18143984380337622,-0.7064592141873797,0.7361743086156175,-3.5507654116560947,-0.04195863953457183,-2.723783914494786,0.2548506959749834,-0.470438633144686,0.884408869601302,-0.5192966075751526,0.8703576877587816,-0.00018468379148581067,-0.08816222772295076,-1.1837104413428212,0.5615915577048107,0.7493824319850269,-1.8791790816396783,0.6309615262252284,-0.441878587810568,0.8049006162568701,0.7658861483855576,0.2534076400712469,0.5974867078934355,-0.39940011881832016,0.6461896956678835,0.8637254781684645,0.17490996940390716,-0.5470252699960312,0.7513431794503919,0.30277487561172334,-0.3724655587038149,-0.7434782963635158,0.8844627934602292,0.1177984261451293,1.0239114868554267,1.2711228458615236,0.6713105365941756,1.0936051327650578
2022-01-13,-0.6387929157061343,0.568143756511269,-1.7430958142081376,-1.019413230623909,-2.7543254866304547,1.013351000319428,1.159033075251064,0.4475627194332163,0.12302325533621658,-0.4625781676012954,1.7878659209452323,0.8077398836130477,0.8153779362022154,0.6217711723882355,-0.12525897450442566,0.12667860909644713,-0.2904446369220197,-2.261369251025634,-0.4359743755222044,-0.7110241791071085,0.8731091913897647,1.0299162833839066,0.3601466708665164,-0.7285559783526345,0.027176916540028878,-0.48572469898846565,0.5499308609501601,0.48688155270829653,0.7095206828163809,-0.5529257658858482,0.05542716215067197,-0.3703318387670089,0.40594665697813176,-0.8351371091265587,0.7073833177779577,0.5466976126490428,-0.8093396720635986,-0.20610920722211276,1.047411348973162,-0.058895135818259,0.4682840165223704,0.5847249147609697,0.5997812093747225,0.9196427375932783,0.42924852113592404,-1.6721726729983175,-0.23512424670872428,0.34792542565893236,1.176974252747535,0.8472368211005904,0.45200413366339226,0.30683881074462294,1.6005255362451476,-0.5389927479184334,1.4641912259948808,0.24023261369820045,0.2372937008188467,-0.46011809312716256,0.523305767264848,0.7923765149041302,1.3027565230215588,-0.010324305996244473,0.4020807183579769,0.24061693115324392,0.47159497537635764,0.8292491080603857,-1.4600258937055908,0.6086118073234054,-1.4450375886881885,-0.31623866403045253,-0.2262149609355157,0.39396603058641655,-1.6611370757099213,-1.2055419983936917,-0.6552219750527181,-1.9717373253896553,0.8346581535160347,0.44509933028641385,-0.7176300984635109,0.6976820352675952,0.9006073781863754,-0.22949391506883052,-1.9019660869528106,-2.4761458531547813,0.1981412027011262,1.175404165257982,0.748163927999079,0.7923222106944924,0.765783287956682,1.559264576103178,-0.0660944814471938,1.4223782659883766,-0.4129396891294775,0.8850897657328728,-0.7707393559399566,0.9233439671833449,-1.455222152487019,-1.7393424482599276,-0.11978202217241686,-0.686561459115591,-0.6728674803796413,0.18038340204717587,0.38268344401471177,0.21533457531575348,0.6961341606045535,0.4190823909809534,-1.192323971563904,0.05413277027948422,-2.6929412671781288,0.9233651502620458,-1.653694552024186,0.1775829903295036,-0.7795054602905785,-0.3869782410212688,0.04975170443343399,0.8905110410768151,0.008148250457092384,-0.08600682205847822,-1.2705897025465116,-0.9681356317799554,0.23267883984649124,-2.4560956423495157,1.0184630829260093,-1.595510199032516,-1.9731274830909207,0.4878400724688962,0.7978919365791074,0.6927633143997599,-0.1781050556167947,0.21534335126308626,0.6302695330788204,-0.2830051872470247,-0.6034770374904701,0.915115702122957,0.7782066573555696,-1.790234934189486,-0.5225483936666168,-0.09695650075656131,0.29030534210332287,3.219941408810253,0.5231116280623025,0.728045965723737,0.7406222474003978
2022-01-14,0.37558263625532134,-0.1431827006426079,-0.5573889254596541,-0.4634800703060476,-2.3996107361629018,0.1504113278764359,0.77583830192495,0.748861418949314,0.35544627798764133,-0.18125282556506228,1.6439681465694878,1.7800941258887626,1.6107246284419061,0.732404860477745,-0.24899217897245185,0.10164693516503912,-0.5202604057144721,-2.147116047132571,0.0139169205344111,-1.0057497521813459,-1.184480428711147,1.1793498535964435,-0.10742979868815986,-0.23248363223890287,-0.2526087248633387,0.7549579276623999,0.4401874195123254,-0.15522800464329997,0.6847686272270063,-0.6223074071162955,0.21230960283167158,-0.057406543649595965,0.36471655970546474,-0.7344651660851312,0.550706365015964,0.4178396714101277,-2.1275924298027475,-0.025656682270732336,1.0025138064693766,-0.4814396765956155,-0.17545623611835734,0.6756133892361744,0.5844395697231576,0.44904185567704025,0.02986392769691574,-0.6731897569404103,0.14273911098543265,0.7012619953529563,0.18509271857053114,0.6776433680998452,-0.25465004982637035,0.4361421768194585,0.5981044343450461,0.32333920833378016,0.6170159909139759,0.11082322829739623,0.7070532834489912,-0.5318411742086927,-0.14969064039836097,1.288975715886233,0.9471688729570423,0.22962099420836374,0.43191801358149357,0.07612955277108613,0.7813963500950616,0.6565233999596091,-1.5395282102889438,0.6925332421831639,-0.20068780917522286,-0.9405564588390543,-1.0838908260615632,0.6854192110720329,-2.298865360166716,-1.0330832372053744,-0.6973328362378489,-0.6652090229072297,0.6351772020036293,0.6336746094236129,-1.0662017852997476,0.6905021474232483,0.8335449079323791,0.38473892145144073,-1.1939499801489413,-1.6745074862871865,0.6084602475470823,0.7940147588055728,0.7044644492848519,1.3640985489959898,0.6371551386461417,5.223858050150181,-0.3216768165810051,1.01548198007001,-0.3503510669282302,-0.12342678890193717,-0.6444559081646793,1.2539792986293286,-1.2468499658823298,-1.4801758993301721,-0.27791899432287687,-0.09840179418473445,0.5458544762242362,-0.21678446845590357,0.5626124841236458,0.22158834399111949,0.820720565598035,0.5370413101967669,-1.976630921499622,-0.07834861358083517,-1.5246888902714129,0.9380397815379296,-3.0779437798447447,0.6220925421573099,-0.750321314965564,-0.6130786884583782,0.4719429887531118,0.3163052711540676,0.13228428973278777,-0.7151526300132784,-1.2242483697316435,-0.7020024898788693,0.44225032832683514,-1.9069451330309097,-1.020553339417587,-1.3080550985679058,-1.8214792146236183,-0.28041849361126553,0.22509799415482723,0.9779713166282683,0.15530090539755062,-0.004026114998992952,0.3913434789816437,0.040286916700396316,-0.6299218808467157,0.3805865214064076,0.3862649198160653,-1.5693226636212616,0.5318450396378319,0.1893891421072753,-0.9651759347567341,1.245316060526145,0.16533657662365459,0.9400094252206066,0.8123923183067322
2022-01-17,-0.1003194042163629,-0.6389293124614748,-0.16949349623955973,-0.10522157591227278,0.17583878010828563,-0.48174391881120066,1.382980555348515,-1.650855587781821,-1.0518687736846655,0.02714248621948108,0.8080966157920693,1.422727071818909,1.3836170482049206,0.04844571747041115,-0.4638134668686131,0.21254425630123258,-0.5938748197095824,-2.4143472754421866,0.1764018888690553,-1.0186788977806243,-0.6412235666624772,0.7907387955500859,0.24517756821444156,0.031650774318149937,-0.45032937653291233,0.9225277289998696,-0.0870216590540713,-0.5095273377252739,1.2523884619234327,-0.4506500862316639,0.30457960656027455,-0.5314235375418018,0.8062451911154437,-0.5726117468677748,1.2983715886864846,0.3659266108301851,-1.674244966230313,-0.561250835517854,1.3076990699714865,-0.48675487691221997,-0.8004172181026366,0.8449425479151702,0.2506814136822987,0.6371542007832737,-2.306248202722943,-0.14683969296657082,0.3090979355408627,0.7429410016003062,0.7822434624919012,0.45975590291032653,-0.5065212183862777,-0.8879633246642663,0.8352957443011565,3.362111445765246,1.0282248875311422,0.3680626068881861,-1.803103397370637,-0.21469578563879813,-0.7229579641979414,0.7390488370544591,1.362825208055556,0.7417702855111767,-1.5632452844313949,0.26638355008233533,1.0230165510460938,1.1834490473641317,-1.2480224823804738,0.8027819198572291,0.6981207400257254,-0.9390744159537358,-1.5758710788498593,0.3621378698309299,-2.838551510864818,-2.484822318878077,0.6171476565326259,-0.03885367271018884,0.7782452711813062,-0.6963899503174782,-1.620054186775362,0.33633483533559105,0.8159143420277033,1.0076048181582857,-0.7783018905137383,-0.5259840435422767,0.7837221129591292,0.7958461381829608,-0.30415511551049584,1.3158003341172009,0.9594110773067264,0.633627411572642,-0.2759591379924342,0.7725135258963193,0.6806897534190276,0.5884875735971128,-0.9278706448173017,0.9994095281918478,-0.7624967291357009,-0.9928575928341815,-0.31951320077879064,-0.7789827961882687,-0.6885203803180329,0.6042205237310578,1.3606685077886262,0.37834212147775953,0.7242750454215472,0.9494585188740909,-1.6604666522207094,0.43362673926890866,-0.4608944385583596,0.63000755193026,-1.7900801843445533,0.5179747272726896,-0.05510767287391022,-0.3945710354096532,0.22840519360648387,-0.5112329505265601,0.7213466425813457,-0.012784101977854581,0.19849621859330083,-0.23658511022437448,0.7884117999655914,-1.2014271631426454,-1.2111181478724355,-1.4755733327735905,-2.911462342635147,-0.8246836447443193,0.8302149967960483,0.8328875599937294,-1.0319523589256805,0.23063596694935573,0.6266811776272002,0.4488496979701976,0.05615805695461722,0.8522190338985182,-0.8984061446386655,-1.2758592958403954,0.6670975386649461,1.5763944121343985,0.052413083242557695,0.7416653570855253,-0.0010114706463126228,0.8182225411928925,1.2391014363404325
2022-01-18,-0.34534444195435926,1.0965582070499922,-0.3980198091027448,-0.2796438559953169,2.6656911485359527,1.8490798999537412,3.0416708063657745,-0.8948103015441833,-0.9563289750185285,0.6034187671676146,-0.357029401219251,1.0121770619062043,-0.8008915076969938,0.1692466145540681,-0.4783342326658994,-0.1177458618168565,-1.3859694266419151,-0.9603436858068435,-0.013258292283193094,-0.32585098441237836,-0.01883208171036591,0.38189807051022123,-0.3320836542914379,0.1379592893745539,1.1491101235302266,0.9424688597204668,0.30972964089322014,-1.163219054068543,0.3053633132100896,-0.33729653389049635,0.11238562004200157,-2.856616274688608,-0.08545018742871067,-0.43912335552042303,1.787548794174256,-0.7422573783300097,-1.6351241928456302,-1.1603625355693576,0.20922915446763107,-0.4200785965242293,0.5750419569024391,-0.42703844576963496,1.2057239608013122,-0.33181277897679423,-2.8845059401469,-0.21418459920665392,-0.02979939194026864,1.8131050598975338,1.0687663433612395,-0.6859468331353954,0.41904602138858027,-0.19012461169118833,0.13560103237718937,1.355955046614257,-0.4272024872401761,-0.22291169289408017,-3.0139610284761282,-0.1147048855258482,-0.9042922086685159,-0.35298012880206087,0.6727292211432877,-0.5789353781387969,-2.234716526528121,1.6376142289993691,1.052000662413952,-0.1589506022476743,-0.4652037000524409,0.8683131074462538,1.6634381534753202,-1.2703866222286682,-2.410497247796519,0.11855197031748758,-0.7118736200006136,-0.7671110416507287,1.1573439075547103,1.3906114450384666,-0.5544650783763524,-0.2783762452460806,-0.7306489095452774,0.2807684516400125,1.2735513238044927,-0.3368644340684747,-1.1350482087028404,0.08280066194963129,1.3044199294798782,0.6412957598719577,0.7518321877227133,-0.1920313620070703,0.39632590973398213,0.2382617766426986,-0.6976185607047499,0.45327801431847126,1.224534668742526,2.0830150261088973,-0.2519721732036633,-0.3533604339181314,0.14719857145681792,0.20263212214732992,-0.45199796199106146,-1.43578975949708,-0.5500715991822887,0.5442588768786413,0.3633936517810039,0.4188815061769861,-0.020111642514311096,0.6865957262580856,-0.6717403967656117,-0.3339720826635647,-0.8335851862757568,1.868454450831186,-0.3867940712731439,0.7300497417188693,-0.3247051931097537,-0.3644662580919811,-0.16049118159278628,-1.1132090349671298,1.2036568768625702,0.22844626293274972,-0.10129546650001588,-0.4834787973167912,0.2941590001151575,-0.4896713785334183,-0.3426648670533438,-0.39491459492040115,-0.8638057656767179,-1.9685607153310736,1.5433635118779276,-0.4219704354442519,-0.5091469066970816,-0.4315587001455618,0.3653868024761532,0.6249369213705427,0.37781097536831343,-0.4811693109868764,0.03240173312506407,-0.3616114662503315,1.2082113167238488,0.2561516495111071,0.019700784827258764,0.21115660513937878,-0.3683910824674425,0.6651180455402457,1.6672873208453511
2022-01-19,1.5873284204631173,0.5003547127052627,-0.11882167142942275,1.398736575080884,-0.5910050729580175,0.8382779822367884,1.220929864342374,-0.14952329260178696,-0.5220352143720947,-0.2712520026834335,1.4224758708219678,-0.09025104991814537,-1.0127420492136128,-0.2729880538448341,0.1886514259763184,1.2789848655839957,-0.5886443565786038,-2.068847078783363,-2.1147601279079025,-1.8295924643046215,-0.012176630494772337,0.9260476299613355,0.15914142893827227,0.8187601543811903,-0.3333314367390786,-2.393942815938454,0.6933094229626597,-0.03744366040176882,0.6919575470338079,-1.3118296596597014,-0.07715001692671801,-2.801459467953423,0.3646628047132645,-0.39854355343527453,-0.027058049129848837,0.5895068977310456,-0.08189298593844573,0.5977537325309868,-0.17158280390062813,0.5335167866402258,-0.20727499373752512,-0.09216308500250868,0.3184281799461184,-0.3146962623834575,-2.624590199287678,-0.0902706797113507,-2.0960729980891286,-0.13905763148108086,-0.2663752140304597,-1.154355050539075,1.5609607768935718,1.4056461539000957,0.24141530291509897,0.9341803431505212,0.06778313026337247,1.0930224893542322,-3.129748335238918,-0.3049520220234228,-0.2885467197344808,1.2889858685975735,-0.104726632689928,0.7091389447708283,1.649223650767296,0.42870470887124945,-0.4070212035367466,1.8915679448765916,0.8541960414678177,0.3593330953901746,-0.5355347674407102,0.8648754221220716,-1.6222733957408113,0.052150267325214036,-0.28627781249339107,0.42053515396425956,0.6512002880834099,1.6790713335842922,0.5724937900136748,1.146804999789844,-0.07153905954580306,-0.016944513585114482,1.430749040651184,-1.2539086300665714,-0.41143561607905405,1.2887909974988045,-0.19818187524418374,-0.16594068871349227,-0.2344980424192735,1.2499009246755404,0.09971695075160371,-0.12401333668677862,-0.4555109615123082,-0.1694880486013548,-0.3313852637946416,3.7091019836238406,-0.8673744492129827,1.1518684876720553,-0.21146880761069822,-0.22100148526967217,0.0104388239368015,-1.2166775503460125,-2.9956179038377866,0.31770055192556124,0.5196222855092231,-0.10435527806088543,0.20074228590174586,-0.5839228858308053,-0.19467906421078948,0.08084801713889568,-0.9650650764580507,0.4672918871834796,-0.9135663774382103,-0.20703088240829212,-0.04891333677264172,0.30435552690025297,-1.1378343268579745,0.9355119161906138,0.36831455683394015,-0.8818710630370795,1.259610553307053,0.5100564878581678,-0.13842937335861494,-0.13491339953445244,0.9547434984232773,-1.5500214315868055,-0.2321654221703929,-0.1153768600390042,-0.13503880229052764,0.032020056396997836,-1.4663897778414827,-0.33239932224033997,0.13037255755394242,-0.01783677330799399,0.3985687372297937,0.2302729648120123,0.8884374640731134,-0.147341147141228,-0.30404292425173557,-0.15438610941600264,0.30000435579337975,1.0725713841678917,-0.053710189859547654,-0.09680482989108823,-0.10983489935756738
2022-01-20,-0.019058128302080223,-0.07474893666269705,-0.5460997523036355,0.4878101923311831,-0.37603241793808617,0.05731788907409564,-0.5964867639158666,1.2538256008788997,0.5379111716280991,-0.8710349003189721,-0.033087695381766535,0.6432293150243418,-0.7106781136274829,1.4670327154876122,2.4485793388036026,0.33260058735858644,0.296812907713333,-0.7006880695846841,-2.3115552784092332,-1.6353470423092096,-1.1407799115780795,0.3166766986194752,0.6115501044631612,-0.21349305578909214,-0.1480791419449959,-1.4484478553306073,0.5207137901534374,0.23640092510249666,-0.0370973350675205,-0.43052066873026523,0.3715654118981584,-4.902591845491949,0.8230660387101874,-0.6823578429598742,0.9882845975359159,0.5192868366447981,0.8835473305108017,0.9401773139263463,0.4291730273460687,1.8267197653579788,-0.055967123447691926,0.9520930512141762,-0.003692698154023397,0.07379524737262418,-0.20292919187213038,0.29676473508838325,-1.4480970444814103,0.011387808832772123,0.1236437513317304,0.9562297261765138,-0.040615000873187326,-0.10237040785440599,0.05083055927821134,1.0852715905667878,0.378686445244473,0.576311407267989,-0.9269018770434001,-0.11896428702118497,-0.10557299932454575,1.1342322300659544,0.05825714816022016,0.04010967084614267,-0.03528830090458074,-0.03855467539360991,0.06568997691985567,0.44660324126582407,-0.007874329233464598,0.9850322646104653,-0.15828537168344506,1.2600534888429578,-1.0401827020012435,0.437488557158371,-1.5142571291500655,-0.2481169744271356,0.6911296822626086,-6.02888385561155,0.4121494969013281,0.6474996254204989,0.5020658441634688,0.22642549328291384,0.7547560518628613,0.22880872451540407,0.1056356279028914,0.18643198066364294,0.2980231570142939,0.3541340215374921,-0.2528663013717638,1.2493455918828975,-0.2596921236086298,-0.37586509884912367,1.7056554948817508,-0.02169052948575467,-0.9963661642150731,0.16603130975079394,0.0987247714070828,0.6074683652965088,-0.7936652125719198,-0.9409541470229935,0.056378278918539436,-0.21223751883910558,-1.2490728989772915,-0.013392292478896894,0.5449432529674096,-0.2295048172688039,0.05348524987583274,-0.3964380720483699,-0.6315552019679699,-2.8143954457298186,-0.006620186778347138,0.6464761341898587,-0.31998770421282025,-0.1587304877540135,0.9614567919422173,-0.13076919839981266,-0.3469671880065758,0.7014642667225947,-0.8987971701757015,-0.6645006841011549,0.012611575770626875,1.1992870070164128,0.03851399370784045,0.4634083147578575,-0.034513562988481156,-1.2755821325921617,-0.05731105714401688,1.2225194355103508,0.01886246301948949,0.5477122408559115,-0.5499127903119292,-0.22122352164360387,-0.8282720126735926,0.5909361988177552,0.38241207415034945,0.565649403935683,0.013360990679502126,0.457524837864592,-0.07928133372329639,-0.5566955830965854,0.1157876103400219,0.5571537405953109,0.06568997691985567,1.3928968249964486,0.5040208010476764
2022-01-21,0.13530659877646167,-0.17690201342769699,-0.1916394333800439,0.3224754311197889,-0.49576357384894093,0.2139113321172325,-1.5146316886074507,-0.0257251331723576,0.7903220155684053,-0.96979284840595,-0.4033957632718229,-0.11449113660268578,-0.4639782279953682,-1.030905613642831,1.8363281736853765,0.3852993344067084,0.10620058909650289,-0.4812047600676066,-0.5259138321369952,-0.7120148459462297,-0.23594513702298622,-0.4725715012215263,0.06769979629012407,0.02352703040721582,0.2465384017224147,-3.4059289555760563,0.38724494263334125,0.8149136521133592,-0.7412003500773134,1.0647315986527153,-0.42951953468944865,-3.9302342315755467,0.22855122928891133,0.05215306485471918,0.3908872027529235,-0.5460208225192228,1.936912380165678,0.7125829319691883,0.14167887851060654,0.9958195334666055,0.4365624417128429,0.39213109655651507,-0.3581466686944124,-0.7076695637862536,-0.10170905648106067,1.2444816287654317,-0.5125338839105463,0.5627760209795796,0.5406424518626198,0.05643259703930822,0.7153123154387485,-0.14442641086973176,1.736741707098227,-0.21395293544438354,-0.6429149579013163,0.03650072980813153,-1.46825398489489,-0.9538974056025739,1.4754346432183976,-1.0237397740697873,0.04132478433553892,-0.2645491319494189,-0.5388288293060775,-0.12811540143885342,0.44517903872406495,0.5068311988662627,-0.4963160177311739,0.6313939650471836,-0.007116375278234908,0.39604350539850613,0.3656214579201182,-0.1573322503818049,-0.541835743796301,0.042057544517577254,-0.489800703551608,-6.011572090390509,-0.47876830056118136,1.3041931369281092,0.5175956055807123,0.9321528448147769,0.8849870507860608,1.1585238346820812,-0.22538725365695508,0.739417193453889,1.38219638250996,0.37308858763490194,-1.6812858246289855,1.226631454012327,0.0730731343277488,-0.08373200073073957,0.10639973716311348,0.3963522179475767,-0.5813657130372593,1.627254581075701,0.8003981258397331,-0.6833951908376452,-0.38494419824670195,-0.35237701410654615,-0.2595019003492391,-0.001966677205114957,-0.4186506982832899,0.3434545818399441,0.1515576704030489,0.6038092842162138,-0.9471648144413118,-0.15866978101384788,-0.49269152837992053,-2.9048355237123085,0.22040735734214195,0.015734579194015098,0.20888824098906147,0.5918911301028621,-0.4742996881822009,0.36329295934326145,-0.13966122455668414,1.215029436793471,-0.5002433108645802,-0.556294675592216,0.8474889116992549,0.09522205429350264,0.5415927008555196,0.9253937636399828,-0.7740215861772991,-0.59277343994761,0.44497782695736104,-0.49107192070623473,1.2796178687949304,0.11108549256702553,0.2599086623394891,-0.19272200585450194,0.502375967471334,-0.14594950548005395,0.464261785899284,0.25078630832209925,-0.04678539145673434,0.03351237872994276,0.16009877703731126,-0.5001066117343719,1.6312398125129934,0.21552775407595684,-0.3241422364060796,2.222226222108263,0.3231019456448863
2022-01-24,1.8134788384133727,-0.3339769968934312,1.3049808414971618,-0.022102937973397047,1.3986311308082782,0.5161828801259668,-1.0266483770236592,0.861711484343349,-0.3588171472975002,-0.37772433949960893,0.2576553225824805,1.6598089773520632,-0.7524512869671459,-1.3810260081448966,0.33491580856409014,1.2507409796874485,0.18912095182513217,-3.079157414565779,-1.2153067263056163,-0.21563547455870818,0.6919833823328695,0.4797642080765417,-0.04588275774208369,-0.8831194578506308,0.3752000289627184,-2.6589131873239222,-0.20896329952619103,-0.2488643879463255,-0.6206300732961477,0.14458261952068538,1.4226689096583416,-3.4539544401495523,-1.8503640436052167,-0.5787634671579859,1.761224420241039,-0.3579152669254909,-1.1117070015977135,-0.11334457236361438,-0.7990214433977346,-0.03209310410830558,1.170736921749343,-0.033072348672890446,-0.3979439871073895,-1.0916825574453999,-0.49895877828286966,-0.39566133727036656,-0.5993905211925116,-0.2953012818950486,1.0470246674911294,0.1585572631154001,2.0865436465801404,1.0905916185414746,0.7969001636471122,0.27020681308772265,-0.6067173928938069,-0.34214278498754386,-1.317435820134656,0.21424109561489338,-0.20299439790953694,-1.27050727327749,1.388622831005411,-0.889830573539909,-0.7936359893009927,1.9302274991617492,0.647790599844847,1.560208260704533,0.48000049407092604,-1.049671753729476,0.3672184382430801,-0.112083481813865,-0.6578020812427267,-0.23752442911712723,1.3755408462449161,1.52560293461302,0.9263606395831229,-1.5746782547276548,0.09745366606638738,0.40598580935306106,-0.059209838048114465,0.03715370782818512,1.5128942258044613,-1.3668246933063186,-0.269696301656802,0.1370760042885867,0.37058257229346475,-0.659074521867754,-1.508933909915391,-0.18072999184923982,0.5161720539553127,-0.721931963130493,-0.31491688818085867,-1.236169849716254,1.024588148021914,0.9619424737694627,0.7350750672785721,-1.143903184749037,0.4603009328780469,0.6680173907025788,-0.7486649093670223,-0.4978049768634921,-1.7124403373713615,1.3087152050124657,-0.4997238418470561,-0.06991709419584073,-0.7038442405222574,-0.3779405555048112,0.7274425410575367,-3.1990065882148104,-0.7536002316023275,0.6568617240014224,1.2931541004612346,-0.10414998597052606,0.40622380329350666,0.8426286665446748,-0.5222645530184714,-0.06307067118328998,0.1578270674181028,0.41507602167680246,0.5319569972802617,-0.8033806503006686,0.3157496691073811,1.013632883700518,0.25711632368570114,0.3961800898627384,1.3306005238948782,-0.6230173025217246,0.8709645992767294,0.7913533692365695,0.6710860713125186,-0.6028239944682261,-0.2153204668457969,-0.009393134472817826,-0.12083740560616282,0.41935681941733194,-0.11117933653650722,0.7657900897428208,0.03023290585423667,0.17235022173801254,-1.0234322853944395,0.9504311364608479,-0.3331991141902475,1.8190058596204823,0.07981681599395286
2022-01-25,1.7373976953294628,0.27672986946124256,0.16542504499470811,0.19733437996658515,-0.1705392920814646,0.537219060222938,0.48129768979306886,0.3446237676304437,0.23557803041901942,1.092881367715079,0.47386382044024294,0.20441068255189088,-3.040515842055029,-1.4643354461705755,0.9136516528798134,0.2854835176104399,0.7997708687306032,-4.431035775137923,-3.606649569873801,-0.27719644313652897,-0.06979294705449932,0.1162345217049433,0.17145441893129593,-1.1849362481457861,0.272503225948392,-0.9027066091400351,0.1883084505438159,-0.10924519495105053,0.29363097147380957,-1.8629089586597396,-0.05202559398894897,-0.27213815510481454,-1.4439330020987824,-0.7674731848127317,0.7864317287751195,0.2290824432610182,0.4668162327956112,-0.5253116704948082,0.6477970095452283,0.4377904134029326,0.07963965645453328,0.2395587564945944,0.18424478146423873,0.378158179424531,0.19596456591505898,-1.1532141513434115,-0.05525401042899131,-0.3256599742758144,0.2099982768501376,-0.29644392276612,0.8583139989464709,0.12787831217609077,0.30113929902053516,0.40027326651474376,0.33591327984656405,0.28489334445241665,-1.4280704112009233,0.16070001041720183,-0.14826438555347887,-0.9048432848295853,0.33963062734660576,0.2982427351512566,1.3952496755919135,-0.034908955231253744,0.16996926486995445,0.25785533397523464,0.9879063459445908,-1.7972810199742957,0.104041384853957,0.7676757802003843,0.21741325527181357,0.20430538811648605,0.39999546354793203,0.1646142657346233,1.055902956816774,-4.902312270899365,0.18941482769012158,0.23249893911813235,0.18463519552718335,0.3306854675414451,0.21442238745847725,0.17835198528264265,0.3590902039588321,-0.04597508761065518,0.02482990158492965,0.7595481588193945,-3.745806858693055,1.712246012548273,0.29031455563924696,1.3571495961614266,0.7026409662952494,-0.5930736197599853,-0.3485573950319371,0.3201981755695207,0.9528788122242783,0.1464723757702343,0.19279291479238622,0.1819964445590231,-0.3369112628216944,-0.8554791540003153,0.23840507316431786,-0.07230850482242285,0.1988055330605252,0.26269145863247095,1.3125080186492932,-0.8391545111469547,0.27804627304264745,-1.5937524055754209,-1.0162172023471532,2.418806035200219,-0.18837791825150849,0.13475333293365804,0.4435930545957995,0.32853450065290485,-1.291102587415004,0.25851975446418013,0.2178927111117598,0.09801392823330114,-0.15625856134729332,0.23751150737075366,0.3579030256461997,0.25216348710670683,0.06315592202483201,-0.1307475776772538,0.23330141827425457,0.3665267811455247,0.7675888234663769,0.8993023938717083,0.042274478449511765,0.17878488323230718,0.25508806348895247,0.17844341798321026,0.07687906468854387,0.2185765780114667,0.7486508885106375,0.0709344497580111,-0.3618430127515576,0.09891131266424937,0.31176056821416753,1.2337985871899457,0.21134663089040143,-0.5372901100859531,0.5410181429529123
2022-01-27,0.06779649462116265,0.08994719408129209,0.569665373853987,0.027000160651983813,-0.1020552645036267,0.08783215805376675,1.3177513044739497,-0.014530055688298418,0.1860297649553662,0.08533751750185292,0.35366845310219475,0.1309158450083891,-2.6724290133826614,-1.2059179113632197,0.38981313470497025,0.44840008573904455,1.1210658688529378,-2.3642430497249625,-3.745831000065337,0.007343687187170841,-0.2624869769727232,0.08387984769158079,0.08978577925486345,-0.5371939700615609,-0.978964741432712,0.4537740795648357,0.018223009950258228,-0.12132545172278979,0.32178306916926974,-3.935314317572832,0.43202487188861655,-0.4976290672982815,-1.6759641540940986,-0.38899324785239797,2.4537859489131333,0.28473403056903673,0.30856879304323703,0.012395263359583655,0.7972128542310113,0.8451873781186094,0.051680334247644295,0.7804809179933984,0.21976429404205025,0.1391891543693633,0.06529348682884006,-2.1428253256897873,0.06767306130672535,0.027959574488294642,0.08223629892641031,-0.05300373675022199,0.5803752125231646,0.14977662845010925,0.9143459319100403,1.2496752109966758,0.3045079701986412,0.3575296787612197,0.010279919869692549,-0.2475612591585746,-0.02829323629190376,-0.13590634183193268,0.897077990964199,0.22071879610217815,0.7360954932287731,0.8564451662298204,-0.5600011696803673,0.32590067895305963,1.6099702864547765,-1.2319119159195886,0.062143202989026966,0.7959694344324486,-0.4190814692926436,-0.03375950470199801,0.16674158755950222,0.04405857389188822,1.836284302820538,-0.3779000959768161,-0.616987296233975,-0.40029466649110707,0.051788551316304596,0.3721269555182221,1.1476343306282424,0.5590314493571488,-0.04351222423726972,-0.48073762914181173,-0.1530018636724919,0.3401149318609247,-2.8797838510072653,0.018921151423398435,0.3360302073693823,0.396274660010351,0.07701701083393675,0.07747609210278938,-0.23197237442034044,0.7865378094997287,-0.46762475306525314,0.581577664555613,0.07807180608791128,0.07816180347643555,-0.21130078101876723,-1.310538582115352,-0.09102004627615991,-0.057284909979802484,-0.04316618237649335,-0.1521006589197004,1.5157099292169014,-1.9790813482047172,-0.8763657061032221,0.03683092724768401,0.02083394067695421,0.57281042192901,-2.216661255377047,-0.7486206081117792,0.4993214388105099,0.35861177349847234,-1.7053571238478755,0.4981028091480277,-2.009314362941805,-0.07486540172946,0.32968965019743146,-0.13897271900515945,0.15654206372281448,0.12803313535836378,-0.0491206181641021,-0.4872077928961454,0.36295593519453195,0.989439293443844,1.145086758919238,0.8726623773135326,-0.34048943772304835,4.490028098889749,0.12621769697515944,-0.49459488380736133,0.3901174809615974,-0.15638592244965777,0.08848187731371414,0.5184388482958837,0.008136175775274009,-1.1661754069565617,0.1342950459438772,0.9812213236550736,0.04057807212292897,-0.27161892669399457,0.8862749542661176
2022-01-28,0.7336540893897067,-0.2500974807310341,0.657913187324721,0.5514443802431802,0.4505253007114381,-0.3968360149400891,0.33545346266149456,0.1196934511952865,-0.25601750718058647,0.7247160285235135,0.7652501534571752,-0.304505721533464,-2.3590676355726403,-0.3590492383482575,1.0664896265173973,0.6591289587207283,0.683593347298881,-0.8892262869220754,-4.126193319120519,-1.853328654521282,-0.22174614354198585,-0.04374762114671728,0.10567153648718222,-0.6154473448609457,0.5315365793647059,0.5848919233156261,0.43697525893208417,0.38813196071795897,0.6586980315806549,-4.149257652981742,0.6303613586559724,0.8790370845172335,-1.4042586550116831,-0.20120128809012403,0.12074838821417992,0.6515019194340265,-0.28248709648226883,-0.663782949110431,0.6173240922614407,0.6952067154530234,0.16530128087833193,1.0081768497530208,1.1351399012292884,1.0269522051774629,0.24356795320163024,-2.19995240305308,0.49552803204075474,-0.38395902412475785,0.09695599844572166,0.43712277663512134,0.5791303252089697,0.5163488270041466,0.7883864357268847,0.6753626623685941,0.9774394728776847,0.7559138675757725,1.1570599464671019,0.1591494304412184,-0.23537913448366782,0.7130664006603106,-0.9193664901816151,1.2978871917113093,0.6652078856325975,0.5763716257932816,-0.7296766811150409,0.6618412189596864,0.808490738500686,-1.708590082058507,0.06010021541652886,0.6579090438327114,-0.5535728390938344,-0.06027283916834789,-0.01392613756174204,0.5026542132870772,0.5353314099294192,0.16224436262757178,-0.4108818200738412,-4.234796754776388,0.7401349628116277,-0.20581454715480754,0.45325036552987125,0.5845486290457871,-0.05195335240035242,-1.466128745963764,-0.6444794658498121,0.2500841091014362,-1.2788318945966932,-0.3015294092133569,0.6368005874049315,0.43492138018793475,0.3049822314365593,0.5940618463668859,-0.7257366832557343,0.6773512837540886,-1.910249026129984,0.7008633945972643,-0.5458546935398886,-0.6934948430529713,-1.2718267074521525,-1.2169965730895487,-0.3242552268170768,-0.56443044374523,0.011462249110849563,0.31861263137280676,0.6444250451441406,-1.6519241006116558,-0.8759686442642607,1.340031106007238,0.11784242660681046,0.6434672637569128,-0.7165847225014023,-0.6271544839587461,0.7298691372120495,0.5677627730926805,-1.1674915192054616,0.6383954383519326,-2.0460966567088983,0.4803169593907971,0.04959639982719363,-0.3922607569957965,-0.8041809856834541,-0.7828132741606827,-0.20193468363070208,-0.5671435730685603,0.8294073279190846,0.6009859383777775,1.5778410803762792,0.6762506474623647,-0.10501793675170037,1.0358825760955042,0.2769580188318596,1.2890493927837892,-0.12641008592049627,0.6288266438661806,0.6382837863555364,0.5664530817123151,-0.41216479373145776,-0.8287548272280291,1.5503061931700117,0.5814996716537313,0.9574888959964264,-0.11226054296033482,0.4117674343596978
2022-01-31,0.653088067376355,-1.0567598981593773,0.5712368513057126,0.6294221039818939,0.6953891270180811,-0.4369585921165756,0.8202831075486755,0.3005519187038629,-0.1339975514557943,0.5627880437985314,0.6431221885192248,-0.531981801455158,-0.5316454387136663,-0.20742781971914256,0.15648862033304725,0.3104960829140022,-0.3626421900762475,0.9274782976610029,-3.206575094420693,-1.1863026716614575,-0.2670637367723657,0.6434318812495968,0.21009805606568963,-0.34956076328082003,0.7907890216981609,0.679280756854009,0.273662779249562,-0.7358915143655135,0.7895668759771491,-4.959017494158202,1.0161150544151614,1.7030563949453439,-0.753107534846867,0.9491334301681825,-0.29755717059991915,0.40594353349986306,-0.5832559510630199,-0.555625250613898,0.8357882084824414,0.130246015287064,-0.72943975312753,0.6017153122643796,1.002518726110283,1.0583588195076954,1.1027031729683043,-1.1925904661567945,0.1698057523845937,0.16867820879563866,-0.991060022866199,0.5319441043082939,-1.0286145142937169,0.21313330524281154,-0.28886589651555433,0.3826227816635606,0.7644824143346121,1.0554177893896801,0.7320667910679663,0.7208067269399496,0.12272213073894558,1.280682350056522,0.809267551758094,1.0521924752230314,-0.03843988300038186,1.134452303255333,-0.38956863905577466,1.1517270532924357,1.1335387235619563,0.9316686060963181,0.6038086452158558,-0.12400756559235496,-0.5042600869744419,-0.09697115548066775,0.07311582772423471,0.8842904667413416,-0.01906635492537899,0.18723479106837718,0.9666181891850344,-3.8981955597508913,0.9174289815485862,0.14225116893820286,-1.5166367364904774,0.6356817040669952,-0.35643975269610056,-0.9083396270146514,-0.33119028906542036,-0.26293911799315334,0.41385613740006727,-1.5264143748071417,0.8301038237463846,0.24447459252451195,0.27390156791713416,0.5592354816214867,-0.27336202518155733,-3.167083847056019,-1.6758846482814183,0.822139521324343,-0.3305814180417,-0.5629325201065493,-1.113654844921132,-1.7592170151669924,-0.5943261490336225,-0.6642962293735271,0.6136148637960217,-0.12018963472475744,1.195224766991148,-1.3462625503274583,-1.481112272847619,0.6996206046947101,-0.34367943587217076,0.20242875404929148,-0.45268719737240376,-1.1858373076181914,0.2653453452694913,0.5787563192023466,-1.0518080343175182,0.8286548946459293,-1.0818200842892198,0.0819954225086562,0.40795066099445354,-0.2829248942320477,-0.7295896978359142,0.14205838325213205,-0.2777221399534959,-0.4340360251494205,1.1261821177363984,0.5174215808727141,-0.046466580965555504,0.31134519206789696,-1.2891183125902659,1.090636232542806,0.43967306303283543,1.0735974873774596,-1.4511868763353173,0.7378958335723411,0.45174168126994757,0.4481857416184541,0.784289861491552,0.45191224731360474,0.9470089293738619,-0.4851770575446956,1.2619997057849497,-0.2380247598215303,-0.23225027624868128
2022-02-01,0.5552892279197847,-1.3826866198861483,0.04796964724173422,-0.2638431172796495,0.47590202693997824,-1.756729296913011,0.5325918496092774,0.15759322927558203,-0.027179639502435057,1.4021906451471355,0.2984000611830267,-1.2931534500556872,0.29827724548276724,0.8340213873855693,-0.15135849240741844,0.44772245861572646,-1.042227147357463,0.9952063872183312,-0.25214416695397307,1.0477458206685117,0.7942860514107273,0.7119210096166857,0.1660654662835398,0.6416885353191493,-0.09216420661810204,-0.08204382508627546,-0.035609280380225296,1.6408927071050656,-0.34680057543237963,-2.575080310500841,1.2852491254663048,0.3273150294654548,0.32644406343697213,0.6563150338197061,0.1340580865386696,0.46524795441183975,-0.9205333541448533,0.15582895578405495,0.3197274032504829,-0.3391904447568029,-1.4211172665889946,0.7497676720424101,1.289369326170974,1.2621642684932768,0.9986160179898523,0.9180910972372452,-0.37254651212748685,0.47269335500549475,-0.673454231449898,0.43059818191599325,-0.8953246780399742,-0.43079879272954946,-0.1550846135740647,-0.5770618173288757,0.6616342411267196,1.1539505886334833,1.0094824224358145,-0.4775720323247588,3.4364481753920306,0.8993511523551548,0.24753285561309704,0.16688079158193575,0.4755209243397914,1.134014928907692,-0.09179105676506749,0.7078434534608072,-0.6397520524151836,-0.4630621328586955,0.556778552242038,-0.6835485838541321,1.2996787458157149,-1.0426237627987485,-2.1235587438790993,-0.33376410816244567,-0.43105026988480993,1.540018961923759,0.7711036653455504,-3.284702336530246,-0.3866764633733953,-0.4187047613539507,-1.3733080423174422,1.0256585875295419,0.7455555401265583,-1.3852622480837165,-0.13815516069004596,-1.2124802621952826,1.3162719938008212,-0.2733317243483292,0.5469626815530721,0.14255039133463887,0.8509149512884132,0.5118370247015384,-0.9729034422414733,-3.5380982442827618,-1.0166910077615534,0.6996730512030566,-1.5137554195133358,-1.9006020196719937,-0.3808033505886555,0.46724644229056833,0.04710999442488108,-0.536277454852203,0.736674853748882,0.25614977095211516,1.1121962594749508,0.5918134314578529,-0.02640279948354334,1.217385188965531,-0.0037918565972996695,-0.7448428855452882,0.373596178365281,-0.34121507995768197,0.6216966417056236,-1.0647065108512055,0.5125926378907124,-0.9084604835312139,-0.7146561287404433,-1.0298851788798773,0.3872612847052609,-2.3500687977601373,-0.9826915453674585,-0.19954228981098024,-0.26363476306812117,-0.18336921441312345,-1.6331928810377714,0.05180722040373017,-0.5244180444987113,-0.6401985609515469,0.46456382065046603,1.172887210375421,1.0211584726403364,-0.029567804852613597,-1.3672422607224985,1.3030469910042022,-0.9297206265548974,0.00807945024241377,0.8364934361880497,-0.8846675795402515,1.1453300146185628,-0.5080381998825652,1.293807984406443,0.6825534951066149,-0.007443775871751595
2022-02-02,0.39550581309379457,-0.2054773264618916,-0.4245779585103685,-0.3571500783015714,0.596330290765853,-0.6813796793211666,-0.5358137449021926,-0.33571703474271264,-0.16192503585874105,0.4809256954847236,0.4963680980664634,-1.5889563626149874,-0.096368126699302,1.1206532107754372,-1.7422949516078896,-0.5903970180207516,0.38255527736241435,1.028972046409327,-0.7906089236365905,1.2082058462465635,0.7489726275274164,0.34339271327905363,0.1319622128078829,0.9104042683531632,-0.06001696651465279,-0.9433639991298322,0.5294641108105363,1.4319610918782135,0.26070451684154594,-3.0499014008047163,1.1232790391250471,1.3859800657330468,0.6584311966707466,0.6820145351404514,0.09737219372815867,-0.1566717541715502,-0.4778020422964115,0.6922792112165908,-0.22323379651528621,-1.098454209163851,-0.6660046869416953,0.02054316803049173,0.7711607577173959,1.458933338377591,1.1906240533026602,1.0318314373473818,0.36074236157186057,0.0659558095653785,-1.5143331343134212,0.22283519703695792,-1.9077916305443785,-0.3336054962786166,-0.6190466562019611,-1.5551353546214017,-4.4019372596911115e-05,0.1084416777324697,1.4139694225131139,-0.39558925481340756,1.6083395592720482,0.7223466939143293,-0.41103532306056173,0.2244868953478474,0.8798786471577313,-1.0843539243663127,-0.7542452361680776,0.11018742593151808,-0.32863853570335755,-2.1451041234121697,0.3248809228436883,-0.750587264799158,0.769761332600697,-1.0666070275966484,-1.867347104881428,-0.41492456329404437,1.365951110070645,1.0738839105991644,0.182004706109335,-1.2822832225262168,-9.567786032884886e-05,-0.11291615146977053,-1.6845531146776103,0.8104091960984148,1.4031196428469739,-0.5309782745158151,0.655582682930687,-1.256256133428586,1.6374846850012803,0.8429520073623534,-0.05288231793661238,-0.11540407467923028,1.3634677424485424,0.6465946922052637,-1.1274300361375107,-3.9741045773058747,0.8707877871377601,1.2620296225353522,-1.9419300560982993,-2.367080878392115,0.9393114584562764,0.9895230114339371,0.804636898691399,0.05978703609092521,1.4434940515788444,0.23393634317338713,0.5242922237083056,-0.06384846411411679,1.7428032053584137,1.201971172412082,0.25733833118775257,-0.2193557549223451,-0.16126371278715507,-0.44155633820921864,0.7479540204681201,-1.1062858623172984,0.6339971502172811,-0.32266398485209424,0.11790238577231517,-1.0790545766877677,0.5009109338412415,-1.4270932271766392,-0.5413469830723825,-0.024357985325507137,0.07707121993799956,0.3823087293985221,-1.3533829879838735,-0.2739470034563835,0.3075305352191558,-0.8831308278030447,0.7546220052997379,0.5012388830446185,1.112020087899633,0.20282012169762187,-1.5462616678155698,1.4848986639023745,-0.25610794992355723,-0.0331143261687513,0.9874793529996946,-0.5584235274317669,0.3144882060555224,-0.9896024124225894,0.6114490654608635,0.4943321883041276,-0.47182197539496035
2022-02-03,0.6987352372399938,0.5256397596654275,-0.043213969355156236,-0.05503159999015127,0.40170799974762045,-0.965288228345046,-0.5625654111786311,-0.6381593576149839,-0.38691699878423624,-0.7793644845699251,0.16305821732873393,-1.415405497896078,-0.5199009192154441,-0.1432768254884032,-0.9692270232786119,0.13467157358578052,0.46101706001526593,-0.03803363243393526,-0.66831874671696,1.3846613444983435,0.8124347761042532,0.29517494683545986,0.45915417676793924,0.8462446355372307,-0.5419062135833091,-1.7996435476288821,0.668889232558071,1.0660676774926912,0.5444098520557806,-1.5066426280414342,0.9070160966730209,0.5649704188956813,0.47272948024943084,0.8336658162112351,1.1554526102039295,-0.4824759535284839,-0.13715149385208705,1.1612988390425516,-0.5677435121451808,-1.4282212896232633,-0.5856767434601162,0.08663873748064696,0.13753243923528669,0.5518094870050723,0.9308791118838053,0.6062937745872612,-0.12844637037097525,0.2267199786887784,-1.260540212390222,-0.6933486251866591,0.737896418970699,0.6467215331472194,-0.1213062662535516,-1.2361872318038767,-0.007308140393710216,0.12088354595248284,-0.3783091919161079,-0.8765394634947824,1.6934115648672265,0.6192580000175317,-2.745276254245228,-0.17717008578271543,0.9808568245211149,-1.4513982537906842,-0.49870113925479015,0.20702232821675923,-0.8608615642190243,-1.678819278631719,0.2235264614301732,0.6234109845743347,0.5124723503397659,-1.6532690558851153,-2.220743569688781,-0.6050327326122532,2.075089494033048,0.400067031299511,0.23593808456309817,-0.5694785234319258,0.3492214904528519,0.03964263758715312,0.5360666832291996,0.9098848597035144,1.4115511019918734,1.223945944159782,0.8812140436790473,-0.7873081667656445,0.6764126198825705,1.1397824392345268,-0.6517978296474943,0.18928418104151598,1.068136361131618,1.2836893516125385,-1.856573078756989,-0.666490643973587,0.8633355225560486,1.0506928631201016,-3.093026624179109,-3.547300622079792,1.744986647989612,0.8884120635032383,1.163965587983975,0.7690642768678401,1.0032026741131612,0.6786904635869798,0.3652634646275314,-0.411298260246241,2.0696917265076977,0.8701589706025081,0.46778267771221066,0.5624871070471077,-0.5172743764118519,0.15280563333416747,0.8541449236310867,-1.5005294105669285,0.1919433738390606,-0.009367568453834418,0.1608441777722654,-1.1274199289213223,0.34422202028972193,-1.4100768238132753,-0.4837955116406246,-0.0714222165084458,0.21245964349807786,-0.24526014921546913,-2.005579233356057,-0.12498992206234423,0.6631670835198277,-1.1175577722485412,0.7822544330613412,0.3317253589118453,1.041643158845168,-2.292516742791785,-0.3529310675692961,0.47102632723979343,-0.08127461363093673,-0.1679890267085459,1.0392379524277466,-1.457780037190794,-0.4984506411088697,0.23100943678115354,0.5797242115127585,0.8555602206390631,0.5831486871809809
2022-02-04,-0.28987669934444354,0.5981452035483833,-0.02600915633857737,0.28232277989245425,-0.11674890476942125,0.006894966564935702,-1.4325300791521147,-0.6422433580257007,0.014359332426882832,-1.004926252472739,-0.2877072416905899,-0.262319654640588,-0.6531099719728212,0.022968497126126256,-0.5688069204317334,-0.5417868184895135,0.9092392874926711,0.28899243783081796,0.3815246553754116,1.4401958401993806,0.908499359584974,0.0840484700550479,0.639690184927338,0.49325705401799264,0.2998293707368925,-1.634720704559205,0.6482132510340393,0.5730059110184107,0.3487934412147646,-0.23186160634804595,1.0238387479789386,-2.2242927394701946,0.40763318866297543,0.3842093202186049,0.3838050633168379,-0.41289029474666483,0.595385680754671,0.5836050386282657,-1.5809639795030999,-1.85435133689142,0.2184331447436457,-0.04962706592065711,0.3859524621152387,0.6036944661082634,0.9395668153024727,0.9257184961563988,0.04613408266140828,0.33423153183351734,-0.4535862775214641,-0.31323984832029367,4.387786697448193,0.320606308818927,-0.4430114965086035,-1.0855914267802693,-0.47406653543330934,0.3633765159564436,0.34977871639446645,-1.2215855618918599,0.9341132535389207,0.14997450360023246,-3.24728503526895,0.23089978774133926,1.0010609176772045,-2.089257910252474,-0.15375370824192647,0.3294160574216793,-0.7528259106374304,-1.7092987905689394,0.32195953923367804,0.33785920061438063,0.1975352125955348,-1.1770236848287075,-1.5824575333942161,-0.22040863447949763,0.35906455353009714,0.41322511733860245,0.24807277810362324,-0.5122075747779257,-0.0392007011289389,0.3445032220929428,0.22572741198728785,1.6029534321913501,1.0586471001362179,2.024989831312921,0.560369830335636,-1.0300957048024126,0.38007926888759164,1.3702063089441388,-0.41911495820121536,0.2616091240217293,0.939070552701159,0.4602931057442755,-1.6790192677128903,0.8403084713546969,0.9209801436121161,0.40525830120414774,-2.3706293373670375,-2.703115204652018,1.0968989244530039,1.4466169227449721,0.30589136754865126,1.0733384528886092,0.4752887286727443,0.9803396505521341,0.18857995930291782,0.3746651145430062,0.3621807060098372,0.7085838323671092,0.07737996631937594,-0.1226944525812756,0.3346225568141732,0.008741513894887622,0.7595968067077061,-0.8058991382829191,0.5585944219800878,0.24672273463799896,0.382650755521821,-0.02805858545584922,0.30744461247227256,-0.6317745743775548,0.20797010119151393,0.013412006773360727,0.3357564289305907,-0.5422408628131447,-0.6494437467109624,0.08807363369055836,0.578311364494159,-0.5901058685023938,0.6933987049862144,0.31904810829685104,-2.554427887047656,-1.7740791567562535,-0.012360331524361806,-0.7636000428994729,-0.181561178402548,0.04109340234179056,0.7214166806953951,-2.568053924874497,-1.5165518653564332,0.4648312940264239,-0.8022534614131571,1.6468466014954048,0.1244442641172884
2022-02-07,0.23285397750768014,-0.15123509825762932,0.2573513091984803,0.5925960851471669,-1.96607205077424,-0.4431335680390125,0.23801603549108935,-0.40849403194957873,0.2646671645130342,-1.0289107812407536,0.17540811911404208,0.3961855096164859,-0.22090300135469418,0.6060895983437021,0.4101250412436086,0.41069808622514614,0.7505168654942127,-0.3471968394854283,-3.419915820697687,0.33865955717693497,0.45784297215232067,0.6400755277018392,0.28436374364031713,0.716795988821253,0.7414489265579566,-2.035104383968121,0.873188159795105,0.2701158273681254,1.2963382121109792,0.01256953469734511,-0.13542923288861114,-0.7818938059877646,0.47295258489367087,-0.1555945163290067,0.04513650921099396,-0.16811213146694895,0.8134747152735976,0.47387563157985496,-1.2768690771160243,-0.3542692410425699,1.2541069783471153,-0.11368672262389427,0.22811620799025725,0.1582061346693832,0.9512897333222907,-0.18093653420055233,-0.8420605506588956,-0.010937569785014055,-0.1161788014499423,0.415095754396994,-0.49201424746475547,0.39509676555704415,-0.18043570204843523,-0.36624645501781417,0.7264391841566457,1.354257386303657,0.7997265871336261,-1.1724055925152346,-0.3769130213259287,0.6553769606342601,-0.26874012675338865,0.9025504773054227,0.9393410781001345,-0.36136123709246465,0.20302686635471343,0.15631525287997908,-5.652689918016947,-0.23990652217474956,0.2573513091984803,0.4736829607445847,-0.24454673032173022,-0.22944791461116065,-0.8549541062847894,0.015759961429790265,0.0665261439759241,0.019222184285501223,1.1489247522256103,-0.15569670644034198,1.0041637657628948,0.40275229186700123,0.3790907988847486,3.487061516567245,0.515602687687789,-0.19615000864994428,0.3956957946238299,-1.253285460393738,-0.09801058896370433,0.6299790694128258,-0.1574578046687465,-0.08411014693364614,0.6378113929457332,-0.15655662149640523,-1.6784987057102088,0.30912776017945803,0.0003119449217742488,0.44002390315105294,-1.6682656416364527,-1.8625405384044513,-0.19166560239026886,-0.4052920763558216,-1.036952813997634,0.9133695578916126,0.03770642837194986,-0.12736525007612803,0.5399066860496449,-0.4314859544368474,1.8328678654558883,-0.8152069121560783,-0.2520391472228357,-0.15417774119602326,0.8824555456511612,0.6143647823012387,0.14833314867871014,0.2402152279876676,-0.2521153923504791,-0.28897490575991897,0.39488701147826394,-0.07533171542391519,-0.3742686297179768,-0.15855123522932543,-0.1236238776872389,-0.11392555120211588,1.6516705586863916,-0.4040588137522127,-0.8538916058463776,0.12991714800413443,0.0011787787882949754,0.28677851117469816,0.40098298733506355,0.9403443225946496,1.1747130377257258,-1.019875952732193,1.0329479853837629,-0.1161788014499423,-0.4221300846201157,1.136013358823466,0.48754261748303596,-3.73482544037654,-0.809625308021008,1.0322501598734717,-2.1177111147811325,0.32000315031895493,0.8946133250750942
2022-02-08,1.3620371663736766,-0.5131785194950209,0.48806960705779195,0.030902078921068842,-0.0054352494013800955,0.5139165433132293,0.8445573993538043,-0.1547368349948024,0.4188664440986295,0.10716346867543486,-0.33343578550736724,0.0663062902495524,-0.05348062708942431,0.29869031423261383,-0.12250341123215065,-0.12657041487399182,0.06760226669457042,0.10752888520407246,-4.565002165854431,0.9405320772048975,0.6463683420700229,0.11736043564976836,0.103390564391281,0.03434104681943524,1.562585854520453,-1.8464693519148379,0.08353704099893383,-0.30929797621595895,-0.0079710467721336,-0.05360964352737948,-0.012365917874089563,-1.247581659713037,-0.19469353593896083,0.19299125594414415,0.831849660630265,0.061034649832678305,1.089059502593058,0.17870435294884218,-0.42685377465664226,-0.735125552174541,0.37598337821932504,0.03923049482827526,0.28395798438842135,-0.1679187411234642,0.19368844303061666,0.06101021246677466,0.5399328507567496,0.52148139853548,0.019641293803128405,0.6580351088078629,-0.2482790689744361,0.03658933272214896,0.3807462115033718,-0.1556795481515105,0.2689672246707502,0.28176637090872325,-0.031910590514305566,-1.3246443578279954,-0.6542683238301099,0.03888284981527927,1.3269356322726953,-0.014066139216298243,0.6860442343823475,0.4862533716005328,0.4085636238424557,0.30141696992772143,-6.004156257426239,0.01667614226937221,0.09899207762394197,0.05731412797367692,0.7899671690912482,0.02182873527454704,-0.581655636580001,-0.5527004237770513,-0.8882899757127997,1.0565390777290737,0.33545714866483367,0.22632927898487767,0.28544791649751355,0.19323481017514688,0.04256502211658588,1.0473815444458219,0.03794278434706956,0.05233091722237833,-0.763860740659262,-0.07192805933611693,-0.4819906069364441,0.6187711334220649,0.27011364521532727,0.7933837854268871,-0.029131958080010012,-0.6340460904301874,-1.1281832745311244,0.2839611627653982,1.1638752361843168,0.06241962624012189,-0.13989875935604693,-0.17158752370366898,0.005819709137637213,-0.17291054442683618,0.2323224906157915,0.026024436287405996,-0.937554614357055,0.7376609039678577,0.4479201673151864,-0.3814643207776626,0.826579837999956,0.05047973482569686,-0.5385610974453946,-0.04729761347475007,0.5690911287076439,0.6917774434769356,-0.5855384778150708,0.31474170158469456,0.05016485181264934,0.05423882997929626,-0.3757378902230492,1.0624737086243647,-1.974102954190235,-0.4142284958396189,0.1838192459010302,1.2968182933694725,0.568036037809791,3.0840938907795294,-2.403146770697012,0.49882762216467075,0.39428666157746983,-0.08592640501439726,0.24443906300906157,0.3141374889064895,1.30488967485352,-1.7840128799740067,0.3520708731495936,0.5463183992029332,0.002761363056079705,0.5014122264242225,0.04149642457844453,-3.897678386319164,0.6698811288849917,0.006946121780491896,-2.0699245342781607,0.8529105970180387,-0.02290110449716623
2022-02-09,0.5263073718960772,0.08002365301989377,-0.914995229729601,-0.43940244005393325,0.7990622826068429,0.3268257531100388,-0.6387750896724067,-0.09119427883563717,0.573381235680705,-0.26625286368858614,0.25980404282303543,0.2839105232215142,0.30390079951369353,-0.6369564462219542,-0.3214670194119024,0.08942217712915453,-0.36462441251994265,0.47571305507978195,-2.292775896428724,0.740119879792472,0.4915574065692637,0.6057644388393267,-1.009981781203353,-0.05395052111940828,0.8393785606918259,-1.2356401320381907,0.2502948180198777,0.6989902376276136,0.019048297591527954,0.6966423445061306,0.048442272081370655,-2.02213856584245,-0.6336562403324654,-1.9659292765761207,-0.6206481636928921,-0.2218467689623916,0.7797172518382802,-0.5637972346540697,-0.12693478341557052,-0.2278024786696828,0.746750776966867,0.16553494192495952,0.2273201399679959,0.10999269313750219,0.6849352759740327,-0.9431317715263684,1.2506250977508262,-0.6465464680754348,0.03144128219724616,1.7364766912938832,0.5069572128150093,0.057456701771614695,-0.6036454214504635,-0.32621816104910717,-0.35103654265961814,0.8177695192724035,-0.517922510045955,-1.4463473611166964,-1.734940242485947,0.43796329353103186,0.7071447229048958,-0.006540117154180544,0.8077695981917008,1.0069897538414496,0.7156264183534621,1.379175093078001,-6.325475004233914,-0.964413781653154,0.9594953066513288,0.1379024733659128,0.9286170916068748,0.8103439539925947,0.9068950167885453,-0.07303830935977124,0.15519220678713835,1.1453027413147054,0.5335043416883402,0.3362900941175374,0.6183476824486808,0.09916848685954593,-0.5396796680781797,0.6119158764478667,0.22041908665256707,0.14580636980696016,0.2247176288776259,-0.0010647103713433217,-1.7520648682747593,0.03660242733054581,2.459464463760738,0.7187308207692411,-0.0983349523102431,-0.5316392677725961,-2.376510830780733,-0.5665926506012761,1.3356115969944036,0.6405714708320679,-0.030236777167676487,-0.13709892190961404,0.711765076986681,0.048104843685830095,1.5984248483552235,-1.2722061974196355,-0.5950192401321308,0.4315977334431234,-0.3108006784200443,0.7712906193699598,-0.7974818815849252,0.8722332402260541,-0.7115980524620757,-0.123050850694498,0.657080366158873,0.1876052081617269,-0.4986906721006124,0.11627342436344959,0.3679793964245869,-0.7664494219142034,0.12731587282819237,0.518908919023842,-2.3466957509266684,0.7623298758209641,-0.5739223051202318,-0.32716943513306446,0.7495457202697363,0.6504552958126891,-1.4746367197889656,0.7480058608233119,0.3070523456774292,-0.28633116712349976,0.01657776538750024,0.7956089487260531,0.7497538259756238,-0.05684829914274772,0.7895814765942074,0.917877980455186,0.11152630620149911,0.7097211084465935,-0.09344198270477959,-2.768050413851807,0.429394570584646,-0.13074136542348389,-0.9926531610105962,1.2505972275660187,0.04729294702836932
2022-02-10,0.16835889950451546,0.4762850489578332,-0.7825441125890287,-0.0294217330751785,-5.717824598191382,1.212657259541167,-0.573142069686764,0.38569834738446157,0.9526306059080687,0.6405963667249706,0.5004484880149874,-1.804995029588513,0.12605532717833065,-0.4974642960429067,-0.5507411521621716,0.16548293106084014,0.40478324946552735,0.6677254446441092,-0.5632929180093444,0.8174405934506311,0.6858312229821827,0.43278723393784757,0.5644605236156736,-0.18435816817448678,-0.26220863067538747,0.20606848971910083,-0.9132126580831861,1.4069757144619908,-0.020536392578495977,1.0036708770015035,0.6429712945417284,-1.8083635434872025,-0.7916603555190315,-1.5782300709615384,0.01435916986083136,0.24056966783940403,0.6081023549256114,-0.21781656585121284,0.9903810257713125,0.36293580851784263,0.29081580376400734,0.3731574637265486,0.14914050088275668,0.619759078924538,1.1055709305093067,-1.9267106186136012,1.4973967113155646,-0.38699866725984844,0.9975918014014752,1.403741909356579,-0.31229906018398373,-0.6217871336674822,-0.16853234012360366,-0.3566824900966882,-1.1253329389132136,0.4913211094858287,-0.4010866798375539,-1.3010410955969607,-2.171343582260208,0.5379586158960626,0.45098878557940514,0.03827221067709272,-0.24605352723695986,-0.5361825417414541,0.7739563969103361,0.9562038586378336,-1.6398084788156118,-1.0336595813522502,0.9860225406552107,-0.6500628639067966,1.5660759147399366,0.5415113880604896,-1.5762730172108448,-0.3460905044078947,1.0152516688677016,1.1796781701091126,-0.20172572397002786,-1.0363933670664365,0.49321686999810777,0.0735876596242218,-0.545762952380188,0.47102504491808633,-0.389737508051009,-0.26459821239409315,0.22941083618960775,0.998467184398752,-0.6510181555998338,0.32280740772936517,1.3799779444298315,0.6040016173851198,0.6575318600447555,-0.625986708468922,-2.1693378494077553,-0.05689841139622561,1.101230808856346,0.8652599111460653,-1.0588572645232681,-1.2645557875489686,0.36964375083332707,0.7534758099244991,0.11826308618077462,0.8950876094025704,-0.7499253717965758,-0.617456354139184,-0.26873070704251395,1.8140782276940488,-1.782388194715252,0.36410174299374354,-1.062503859336693,0.18890151294747637,0.8557857016673661,-0.5858173089621337,-0.21244846690785466,0.4572487585141552,0.052164319423910276,-0.064140939176641,-0.5346481916649727,0.17992407621940817,-1.9568947367550569,0.571039167131517,-0.8072673360732043,0.34988008712628116,0.46904857173188885,0.11563842036612822,-2.080876981665123,0.8390359200305183,0.006048056568235204,-0.2138570502114952,-0.43829418301064954,1.0932922520982291,1.3863681325164845,-0.5425579344611723,0.11207346242252073,1.1576089080597818,0.7458762891290437,0.5045677384245656,0.16782241581585078,-1.480232952455387,0.13461223274098325,-0.3453394397205236,0.9148959257293672,1.7753068163623913,0.8640124235170169
2022-02-11,0.23289504300889718,0.8310890476852122,-0.7775494646841611,-0.20612851788126663,-6.5759510265804995,1.0040283243638655,-0.37104891637283804,1.087364357758965,0.7730902691986222,0.5570946097802155,0.11147096631797414,-3.3612665865742852,-0.19974939934229746,-1.090360754227647,-0.3198526223807606,0.12681973394023485,1.4666052109913652,0.4069190947492708,0.18480503331068102,0.806012608677968,0.19662474448828435,0.26551933705437436,-0.346815103671854,-0.2326393481552214,-0.2596738621118791,0.15180227224185372,-0.374310417015085,0.24191938724748283,0.06704289078709298,1.3603233452249954,-0.013526179392253866,-1.5614378645720324,-0.4630734944532752,-1.495407774894216,0.5971636666899899,-0.35365459561339996,0.5223615398670725,-1.3307843274261342,0.342622605359038,-0.09781251123136965,0.8759327244923996,0.17138658978783797,0.20698281157269946,-0.21601052167009127,0.8701526247111943,-1.4969783922434294,0.5408224796270931,0.14817166017747924,0.2895491729430987,1.6160069513756248,-0.0831830115404808,0.2928388549244825,0.6557319118139591,0.12621701114884745,-1.4806289977931177,0.570567708652231,-0.7482823218770641,-1.3135722582871845,-2.536651007639345,0.2401327429390597,0.5776758342990033,0.18580321206714812,0.10349330845484161,0.24191938724748283,0.502473284884872,-0.20227868605730268,-1.6472255480068556,-2.100335564571474,0.21596671650844815,0.10979608833696743,-0.361520365908339,-0.249694389356667,-1.5907768655001093,-0.7412545568581786,1.473149347479233,0.7791211806381682,0.18427158502407895,-0.016719759125046727,0.33570138532696603,0.3235291549160939,1.1012345968409525,0.10923065805189439,-1.064194204074229,0.19894094781120158,0.9021882658757826,0.7671062191065388,-0.654191679641483,0.2161504590013878,0.17122292977112005,1.6130346037035863,0.57617761314016,0.23306708313534108,-1.1329320086931831,1.8222539089349745,0.5855028803704497,0.8216040354262277,-1.1323726864345012,-1.292622270002025,-0.5338965451407686,0.3871310081002607,-0.3059647668691963,1.166474970912085,-1.5638006649924239,-0.4595525145255099,0.17225480389347939,1.307134946498657,-0.44925652415946626,0.546540482170767,0.08290716180380214,0.38981235453974133,1.0527509893627158,-0.5227283695305757,-0.3555945080573594,0.3013922547917395,0.37522612789575926,0.13041199013080512,0.1051861462296467,0.08179101272355732,0.1370539965358169,0.5329936070800055,-1.0483605620995928,0.8240993981705169,0.13922798025241742,0.6847656749559748,-1.5080482210571855,0.7714550457768794,0.5124765690921746,0.1054348687294666,-0.22205671556965273,0.3431414150199006,1.1214071297368706,-0.35822348482028765,0.3457283160987566,0.5655217547677251,0.7803803059663493,0.40915674327574797,0.4233905188372596,-1.0936176287816104,0.46016031966635773,0.0733679149248006,0.20564022494155973,0.5344381654347264,0.7560321498852992
2022-02-14,1.1841080628293403,0.671654221032861,0.11667597758111545,0.13578699241667577,-3.6228346815721646,0.3206182147956684,-1.4151168843496436,1.03007923902779,1.0185283889311394,2.0010879039201486,-0.22579714818172583,-3.2015998379767057,0.17370135169204878,-1.2985822067025823,-0.35647644727375527,0.19814932423519283,0.7063814876623145,-0.21871828820809028,2.000413519347384,-0.03414955520788691,-0.4295066658989208,-0.10674059999765871,0.2032256404369057,-0.02783724391314849,0.8271372570650747,-0.20105010180275215,-0.5813430134328484,-0.22512125760493856,-0.26701647155707425,2.0381824097749823,-0.009310598237217445,-1.2498589251097614,-1.2857918007319065,-1.3189997423265267,0.6181206470097361,-0.4496870930438507,0.44986828039669574,-2.7632837393213294,-0.6148058987609101,-1.2105253827978049,1.606206818086304,-0.023249856945433807,-0.9066323417108888,-1.170420136442896,0.8423374053640312,0.025986540000107975,-0.20276117678154357,-0.6194131236682445,2.2017594633552267,0.1306904075663488,0.9516431050269255,0.527176108845504,-0.5229440790923886,-0.6356901577502109,-1.2946440791797111,1.6888601291666083,-0.8186116762969067,-0.7576375420344884,-1.314050120583303,-0.648643721590779,0.1073724000235144,0.8800511899525066,-0.09469083380109351,1.5090197122019382,1.3588574640842994,-0.48462895701702224,0.6225479171686209,-1.253616109975987,-0.3939102007938827,-0.32384874140497094,0.308819532341576,0.859320534489505,-0.28800692640253156,1.06359217124692,0.6949934435210166,1.7812105454927827,0.5146199950132124,2.312950702562339,0.4953137640346105,0.988273716473497,-0.38372664680394003,0.2540535460669221,-0.8494700490610927,0.06924119899855855,1.7166120566594028,-0.3862490421725323,-0.027103696233632076,0.4520011233518418,-0.823547195016073,-0.18668877618599342,0.2742307431353187,0.9502802201014767,-1.2187429949994453,-0.43350466646710334,0.9763650750437041,-0.8588837163613752,-1.0290019815484,-0.9834813238632318,-0.4086535896734235,-0.5608708579838231,-1.3511676578427412,-0.4784033444681493,-1.1243882883356415,-0.870031581117218,-0.7333339662217753,1.8159857962215995,-0.4667044887867548,0.0681019344953779,-0.6622340713883637,0.6376781232562619,0.8463011801322367,-0.70174259152182,-0.8916057437724645,1.2629152477766767,1.178017000389602,0.9046155722475835,1.5242438336191944,-0.6034562949730897,1.1594609740531912,-0.46107516068227955,-1.4787380904175411,0.1754151991206659,-1.039423372629713,1.0622139835156035,-0.013207981675302112,-1.3199472050411818,-0.1274610774660051,-0.4262736615567203,0.706360003091795,-0.5540222792160912,0.16607911923913596,-0.23052799614628852,0.6291840159226415,0.19763079518498747,0.19464977186317556,0.39225141594188934,0.6422657232358412,-0.21338981582277208,-0.40974874500928893,0.24514983485847988,0.7127512506413523,0.9284731382753997,-0.13348854466889037
2022-02-15,0.24137862124928608,0.06666781760393535,-0.07667475014781179,0.08810764376570099,-2.9937858424735944,0.24887174259091943,-1.7831461670950943,0.10712075983285599,0.2320536903166071,0.04904426475389858,-0.7957179237897807,-1.1658682410635917,0.15778155278496833,-0.23169893395048455,-0.9461361388455344,-1.171218401821563,0.2998599164833947,-1.5987165867289461,0.01720746725253728,-0.8720195091382196,0.36556183659804375,-0.24743388364607477,0.22765613427717774,0.14212702770857505,0.15068024582708908,0.073186230534038,0.3830549067819482,0.28675912565711736,0.2527240113769441,-0.2362657876704754,0.5568441103402653,0.3436780471170031,2.6319951058232998,0.40754531810886246,0.1051078537874405,0.45936123425922537,0.3452052810392436,-0.8843905078975313,0.180810649516567,-0.033955427561371064,-0.05379851743683809,0.3372034060149396,-2.865693505234932,0.570762327229025,0.2897766646682527,-0.023783200882669796,0.3926657546615529,0.3677273833301232,-0.0798269501340936,0.33522629912431734,-0.43723134045880196,-0.05983693673586403,-0.5479298895911303,0.07339354713516791,-0.5964530076043604,0.17488286449200133,-1.3965049554189606,0.24373634312624765,0.26856491499762136,-0.6048605574521125,1.153256072486941,0.1694105509640528,0.4543509607944846,-0.0901179968844132,0.07728043968235762,0.46202032105077984,-0.06044796859944966,0.016441034986970745,-1.0472458258020179,-0.4359870865207283,0.2596613546052805,0.35508777708789735,0.3043290414101847,0.26651987991461734,-1.4868020946379574,-0.19173049452727553,0.05872832574963235,-0.49173281265296315,-0.15241294357196153,0.26391005179332117,-0.8914936545231316,0.5279194720566877,-0.8770431750328461,0.19282606501931737,7.439940302884343,-0.23586022337060097,0.156194676960543,0.05785066600702421,-0.1586434584613148,0.32370857937316405,0.4201595682071713,0.6319450427858051,0.2255074852665694,-1.0068063362996842,0.5069362512167004,-0.9959484078037625,1.9030308917665013,2.050336177701681,0.15335531243481793,0.8485427123158191,0.562421924379248,-2.2644828845529656,0.6099870799286431,0.27524511057643253,-0.13492524806621517,0.09844798368336412,0.03200696510569957,0.4661199761770392,-0.7411482787085214,-0.686898696528559,-0.7228509400065781,2.4967771220920074,-0.871224472636731,0.2827238522596119,-0.05637048271258575,-0.19698730506666925,0.021911028490662416,-0.4161277112960159,-0.662539723723924,0.38635210773551687,1.2646101160994832,0.15978224249477332,0.2760265542969164,-0.03320904434712859,0.3314224690594984,-1.138190577578801,-0.5183640833811494,-1.2092041209159818,-0.9270646655355846,0.30053088164943514,0.5100831643480516,-0.18194150221703997,0.19274109317066904,0.4637148565841928,0.18659038955751162,-0.5513097380558117,0.1398445558539686,0.1538183730197041,0.20940581595063623,-0.16689267963749382,0.3164327997362813,-1.5988328004616295,0.41320881995791625
2022-02-16,-0.32073477789399296,0.13323555438336535,0.20357619187262732,-1.7277828817172023,-4.971100381029986,0.6167090815664449,-0.4020450622057813,0.45144193221415435,-0.5848655785912998,0.33412742055262434,-0.3429884756809259,0.13620099326362614,0.392794501864717,0.09371947110168972,-0.3035643799436247,-0.2772375019277041,3.347127283687146,-0.702045222343039,0.7152080321748714,-1.8179814741592069,0.5662656519853019,-0.14125966477702506,0.03616985791907853,-0.6884593031510613,-0.01713538236646553,0.538640192780569,0.6888837891189212,-0.5686774362019198,0.5716395474045609,0.2206902712948016,1.3860868521828351,0.6314381590908837,0.6695065774024946,0.5685634232553923,0.486354403290631,0.5663756629947417,0.26254962393131426,-0.7707109391802224,0.5076139438326547,-2.156433599635843,0.3233833433872534,-0.09199953290997777,-2.34612932311276,0.24305442116172102,0.5190191014456844,0.33343278928615705,0.6072293486938474,0.3687768599826662,0.31008702701667334,-0.916092773474656,-1.497861057428262,-0.23405336464342105,-1.379504191347413,0.3609946254017235,0.42926972425109744,-1.224960106859257,-1.4765105023545468,0.621527990204454,-2.020442986291764,-0.2916188141059266,-1.5830842255275406,0.646832997524559,0.8484757253957447,0.20685262378448796,0.33279253378585105,0.13683849248355695,0.301593499118087,0.43178982219475975,-1.4019104768650636,-0.015461183406403045,-1.6165926654195724,0.6278461129365787,0.6213687341652441,0.5798544287072854,0.29347591460895167,0.06730599752252567,-0.40286936909454757,-1.0050190524526836,0.3483032069588821,-0.4188547754025957,0.5240270466827832,-0.4950012217565973,-0.6263511068394062,-3.6787470767677912,1.6506114033814403,0.42700609225481706,0.4689933430858088,0.4828745348586393,0.41538070173699326,0.7719476806769262,0.804322031569136,0.7946482792497788,0.6638512879272823,0.6286935440771414,0.8416666706334974,-0.9727392810590447,0.5141158354065479,0.47188978714857616,0.7730279959943228,-0.969917315744612,-0.40114634494162155,-2.102616370059064,0.1637464176148622,-0.022373901379282315,0.6381622619655692,0.056629090610552026,-0.676498331275834,2.6330989343085176,0.7282837553722844,0.4138971139187536,-0.6393185598105803,0.782767313633795,-0.5373663891875327,0.18956771824915586,0.40231515203338836,0.0030768827081785683,-0.5156667137863563,0.44662935207735877,0.12988175382707784,0.7829438440254989,1.8405715315612996,0.5309245295611323,0.707931739674657,-0.11082196246872708,0.7869979224127938,-0.8855689910906838,-0.5490967842377862,-0.81860246631543,0.028115631084460486,-0.4269198130254427,1.4164524198138504,-0.10814966458859511,0.5406360569369838,0.5203227621606008,0.662622309468613,-0.18498603606567024,0.5618859703765908,0.6067882484737428,-0.6147104160181662,-0.011392272377047012,0.2913653046169864,-1.49556114499278,0.7758446349372317
2022-02-17,0.46933030096291056,0.21949257906526326,0.14883942467424613,-0.8997102505836111,-6.152924652750791,0.45474538494004335,-0.11546574620858721,0.32013317093120086,-0.19856622746877167,0.3361938066733253,-0.5617360789952884,1.0179552220421948,0.46657897578923524,-0.16200466958975762,0.03575219759381376,-0.3592544508434257,0.5940924830001613,-0.41872101414641105,0.8072496007747317,-1.2285154855309197,-0.19143643121244383,-0.31566926853260946,0.5462873111334199,-0.2071498113968172,0.36858578498379474,0.545870289012246,0.4583235506144814,-0.32944552458355464,0.35389704751752143,0.35876185602539445,1.3117415968397832,-0.0874493692868644,0.5290557863785113,0.5045458976571907,0.5222930327565302,0.5527373024601568,0.2833143183562307,-1.595074313292559,0.5827594328855911,-1.4544527733563815,0.26610493750342745,0.08174650264375564,-2.242129145718683,0.0874524775945513,0.4709611060552766,0.3318731206387762,0.2206458460259972,0.8063421525455026,0.2703576187634596,-0.9665551663091534,-1.9311949094168714,0.10482595317526745,-1.16753466207764,0.4402932010261451,0.35070255683286594,-1.6324956474123167,-1.3593535687233156,0.06577160457861822,-0.9226884022747158,-0.824024434110311,0.4531950719148696,0.8240647430950953,-1.1396539535063506,0.15791679186438384,0.37028503908926724,0.6358850669634997,0.2543847477842753,0.433319780460379,-0.4572363918056762,0.22020724751721563,-1.2810359072292845,0.4401834662116617,0.22116611842018635,0.3777647565997535,0.28367100490534314,0.49217760142286826,0.03732996888561401,-0.18676769535052415,-0.03925528058045347,0.3538190448064808,0.5124448466381437,-0.05965758404488548,-0.3810386202722916,-1.5247350278180596,1.8962095936517536,-0.4216271908661943,0.35093862763362715,-0.24945198596242033,1.2200789121102595,1.0431543462717507,0.8388476263569395,2.2192141096947124,1.3838215508963847,0.5188397003859648,1.3714096385636,-0.5067923339106416,0.39288529464006156,2.34215986262355,0.5882731973806293,-1.0270788307762428,-1.4456762503416896,-3.019680224905945,0.4850725760025278,0.42884764801046116,-0.1419517358326002,0.3136221249240608,0.16112451422490184,0.5652106091043996,0.6088976298778506,0.28912215990207707,0.17675191686384767,1.5647728570843369,-1.2152794680656551,0.46353796880406656,0.34182764411657196,0.06262539985815001,-3.0799249262421635,-1.0513454804427345,0.1829007252262124,0.7381607498353926,1.457509046452102,0.46360671153735733,-1.1031803591177065,0.23055417292920496,0.5694966147748914,-0.30786228810825944,-0.6366571360162763,-0.82162121689404,-0.20816517586284666,0.38777414541396354,0.5172988642687117,-0.6793608405979432,0.42748787797792814,0.7431089211506892,0.9033485219303108,-0.3006556548315587,0.5234221025626974,0.101363646459305,-0.9348064826538294,-0.1741375188230565,-0.9038597498807396,-0.20762713570195537,0.6029681137313773
2022-02-18,0.3297981238452526,0.23497549607462456,-0.2917016035595673,-0.6416512136209556,-6.578032674804601,2.906108677860105,0.5614888722943997,0.5644737254683412,-0.36128357773458325,0.12219642469772811,-0.1415466303067977,1.7570014533377012,-0.12941999368183207,-0.7491070648752284,0.060448736741132394,-0.04870808037553748,1.0727289653213319,0.04583820065191644,0.5761290674352607,-1.205054420348274,-0.13003834638542625,-1.3007991571430237,0.828550918960929,-0.08462877423000438,0.33409637884395743,0.5033589117386058,0.368012497423684,-0.6426970238181898,-0.19781048232746964,0.19528599462071144,0.2733808436533726,-0.10605375667049886,1.1053276810046442,-1.325478781874593,0.8047072528664944,0.4960568116273968,0.2812820738299212,-1.0136042476348595,0.8845551418211308,-0.14833465869475831,0.2312094566458879,-0.4631778105163361,-0.21031929373368574,-0.2824558792408407,0.3732243532795596,0.17316582113281456,-0.5241120997540812,1.0464151660411054,0.1552899049693961,-0.7171813123701958,-0.8648537265796258,-0.5345153362979111,-0.5703233810432137,0.10650755622906015,-0.13337662732727457,-1.8191534068241846,-0.20236048174247226,0.16469207790897877,-0.6480526164100319,-0.6391295703854666,0.9407206503022454,0.4917701385719798,-2.322049573732516,-0.6787819011523211,0.22203172964151546,0.715752274194305,0.24782573188849844,0.21087689617180172,0.10751596262876348,0.20952028674795478,-1.439195085323932,0.2546456011452201,0.22458414779476477,0.2671849780388457,0.25512871186933656,0.2690859884871301,-0.5338971504925294,-0.1610442716009528,-0.7769221131589653,0.2423387964475124,0.607408432253518,0.05304224661801753,-0.00786090004029956,-0.7086937274213463,0.8317603434507611,-0.43984195489458283,-0.005264995192794777,-0.3554296306125683,0.9053400226524665,3.0105389645630103,0.3890154815097501,0.25789760623983615,1.38842545140236,1.3678986104901019,0.7421966175587618,0.15395843112066215,0.3811185988446673,1.3898394505857499,0.4510235359605577,-0.8232217377987636,-0.39086067264844226,-0.6056423397537982,1.0652345252421844,0.26621158741127887,0.006179437468949816,0.17562446157945266,-0.5547190992743527,0.5529947618308959,1.2775537492906868,0.39046724803549987,-0.05885881240885792,0.6346788438107692,-0.29776058895150587,0.30179071789968037,-0.18023554316155185,-0.0027219162825608506,-2.6046776887669454,-1.5649900947278441,0.19488617093976365,0.3883536363399008,1.2560529388188504,0.37776283132175015,-1.18385550366154,0.09841487064922415,0.34965707365117804,0.0625626822442006,-0.03629803178695775,-0.08851582646960654,-0.16516752793282283,-1.5055851617665605,0.25457320559003516,-0.03869866433979229,0.24528442913119075,0.6762562075614996,1.3426832726900488,0.05425531061862145,0.33693587487643667,0.29900374545405034,-2.80627392508967,-0.07363800895841466,-1.6604215201509342,-0.19179528075376565,1.2157114226566588
2022-02-21,0.40095299732416695,-0.4302010909771786,1.128574641299118,0.3501360316498387,-0.6706447759230786,-0.4142763291249542,0.1681072810537554,0.8752146235891958,-0.4595097616196566,0.34865045133531003,-0.38503309053657864,1.1836883597517454,-0.6184500605219052,-0.2924411342666172,-0.10726228669768756,-0.24445560641107336,0.5550313644126098,0.5583196167230813,0.5317114937185977,-0.40966450545500327,-0.19171440695726708,-0.7073158099042797,0.4003037870762793,-0.2783765179369593,2.8439568020638233,0.3535186364120645,-0.15856959714446694,-0.3887741424028169,-0.6414325791537535,0.9588997690334919,0.0936095141155356,-0.7500996065040125,-0.2905185052701349,0.23503784424756954,-1.023146871089936,-0.41043072638003575,0.08086150033078864,-1.451743905567339,-0.5541468206411788,0.49115429982004893,1.7418259706493684,-0.4742191440117776,-0.40067623375381106,-0.7354756686335081,0.40123789628923356,-1.3774963380511174,0.9221923849190796,1.420051863876216,0.8243567974225109,-0.07363752516974836,-1.3481188506976487,0.2218632168322415,-0.539608156620826,-0.42656805474586423,-0.9078898488882703,-0.6101185245414679,0.9082282184363341,1.5062944035961412,0.19435738453906903,-0.5729982486475276,6.052102057700517,-0.8175454808410008,-1.0044890282229986,-4.556046013494816,0.23864499356446114,0.7241023290034032,0.40911575743828965,-0.2336061043210584,-0.1361082164089675,-0.7929960146889765,-0.472949231068933,0.599573053660638,-0.6376597930212483,0.4796191617957569,-0.4106639505735579,0.6452938664131316,-0.8178728440557989,-0.095055002838353,-0.4305870997252528,0.7267438391228397,-0.40748722296571394,-0.14927065391906377,0.3274783897364982,-0.3248979756943687,0.8062721161312709,-1.0599831335803604,-0.7913799861894136,-0.11043031972445186,-0.020379406936169634,0.16244411827036012,0.3643614408074771,-0.5338227227635357,1.3645434200280695,-0.4536891850697394,1.2847427374385978,-0.4809333485857398,0.38661794405711,0.5577851666702304,-0.2343603681352784,-0.4482921010903654,-0.12510785754010778,-0.05886921315856472,0.8906590447090869,-0.42084245800816394,-0.42690957514517985,-0.017659100563874718,1.7112169291132522,-1.132590510300802,-0.10882493054139324,0.46981003295612245,0.5376344899891009,-0.0753185718919713,-0.09915617977646185,0.33404844222696106,-0.2842968295461954,-0.5944201392431807,-0.54795060210262,-0.5304700444111785,-0.22604346964624955,0.8481939684710327,1.120538939909493,0.23945354591026619,-1.5356423635503096,-0.21727606383739803,0.03877801709663055,0.5800482693367806,0.39408042721090153,0.3711397863716772,-0.44331975293976406,-2.0605962174171175,-0.47108301800588137,0.015260367771635332,0.33240002922591855,1.0493213748824686,0.4508477205995745,-0.45483004619526535,1.265594678450586,1.312650447248553,-2.4439863253214247,-1.353847676287772,-0.9759907325304714,1.1638281596869948,0.4174693926028948
2022-02-22,1.447171158158867,-0.054831803714553214,0.07529699507552222,-0.031034418131734777,-0.36768221907736254,-0.22784373386616644,-1.59142323798846,0.7596618727987473,0.540899007917527,-0.14510201915881787,-0.04205003736932999,-0.252396051284417,-0.15877423529720766,-0.5598103423075386,-0.687543152051168,-0.34685783742066195,0.5950854555434322,0.48850045301592177,-0.46003295789761744,-0.24453919786466582,-0.19431449458590044,-0.47524449805539054,-0.44272834816780965,0.26751279371978803,0.505657394648366,-0.01254062412597512,-0.7489452264224967,1.2727842056823484,-0.7217754755878684,0.11864254326465219,0.9533683240372018,-1.7379512226502971,-0.6034509710221555,-0.009694520036479675,-0.8410568302853231,-0.7697839337895689,0.6269639971460259,-0.03842250230992071,-0.3879159992362939,-0.02849835000288717,2.3949623676833767,0.4121596509686061,-0.8311402746051446,-0.4448003325402892,0.49014173026591334,-0.886825992052336,0.2024561363974073,0.9306853175317102,0.7069323944456876,1.0978833075895011,-0.023124297430264583,-0.14940173331848883,-0.437769081218037,0.12464579944633955,-0.37609026303458654,0.3015612327940887,-0.41412287820873234,-0.4285255596713693,-0.08491033672363692,-0.054132138768927446,8.747759406769582,-0.4296897050406036,-0.3935570595599221,-1.7741877030827644,0.20948499630832235,0.7894461578842848,0.05151725543730992,0.22389564419508864,-0.36079583855330966,-0.7265103230662155,0.5449042270309661,0.24738797282581756,0.3149727259660401,-0.27585406150825326,-0.5681036349535263,1.2712342392765703,-0.8114617491700457,0.26324748168121986,0.006867054717510873,-0.34685783742066195,-1.4348568295618491,0.10950674245386811,-0.5486047885940973,0.13301556298700673,-0.05813536145626217,-0.49681728589574126,-0.6787860870581282,0.15971363849634201,0.68081595396632,-0.23131997314984615,-0.5987241070156635,-1.4276316634333603,-0.805723427884761,-0.5775368902791866,1.433165170002858,-0.4166848221144869,-0.34685783742066195,-0.34685783742066195,-0.35825528476191176,0.5407991385035006,-0.43897381737436764,-0.10259408584633617,-0.13670652711388806,0.05998949529830241,0.3271292002511253,-0.024774067797116876,0.8953149838931359,-0.862392288237805,-0.5075983492120213,-0.2834113775843462,-0.34685783742066195,0.2372122118901885,-0.16349500522553687,0.6649502956640928,0.7366283892421779,-0.3650243758698963,0.18657834721353486,-0.3994094183553624,-0.3474916286663911,-0.36999904848607723,0.5252950832165048,0.041461132995582656,-0.656617566605098,0.07690640425979013,1.2369084823766283,1.1420645476831697,-0.18150027040513458,-0.2772137480794279,0.9028580152960312,-1.8410866506808745,-0.07052243830831523,-0.4240100529270466,-0.09923451073931915,0.9559253076388966,0.03324856383564147,-0.38454726246460014,0.2779299705525968,0.12400571662983671,-1.2111482413062646,-0.40129033177276546,-0.3837598666799524,1.9733554894962881,0.16808885877338017
2022-02-23,-0.25966951910609903,0.8411105136106152,-0.07493046189449772,0.29823837368350214,-3.592722705027789,1.8381124437885876,-2.804012656969024,0.00041256936641931855,0.14388478525395884,0.5921088907863816,0.26943648195396336,0.39117539348284075,0.5256370229613858,0.3243820515154303,0.004281460374955127,-0.1543443385238045,0.2603956047046447,-0.5136961496373695,-2.7030238765257844,0.998133069190159,-0.18427153939189536,-0.17944406102062954,-1.7004164611689478,0.1874197031914398,0.25142790167949175,-1.7876042978296784,-0.33739430231841117,0.2199858436231166,-0.7286874209522964,0.784704135448588,0.2754513835877845,-1.145908825576948,-0.32746182189802986,1.0170816577649529,-1.0650258797889267,-1.1293262019795884,-0.02194965327084121,0.022012899287252422,0.9831527215510076,1.1356542419587272,-0.7944215000172868,0.6548367605735789,0.0616408844222712,0.3142268059718573,0.09414116600338404,-1.5361411033129093,-1.3887718139361862,-0.14183867458866145,0.05251882594178435,-0.21724436406041106,-1.52345430221795,1.0004945249958588,0.32834231027184957,0.27162677638375377,0.6209642417564316,0.8370464420539961,1.6252251303627034,-0.2977551785482065,0.7718879070068145,0.6594568380445637,-2.9170282617279364,0.7803375195196914,1.0074421331151215,-0.3077845150922564,0.32996536332946447,0.2921701614512528,1.3490749982716792,0.09207293847046716,0.34546063442391933,-0.8793283663564161,0.3169500596882044,0.22559210393650167,0.9976019960678761,1.2561248000539214,-1.2211640878417365,-0.022243689213316386,-2.8435439576845014,1.2318115560118954,1.364631594695213,0.5535860068231672,-0.504915134478965,0.23196494739360715,0.11901427705122432,0.18975015401909942,-0.17581260361014128,0.9137056284374618,-1.1614103700439973,0.36746846475694556,0.23870593572514368,0.5211943969531923,-0.2093854800755311,-1.4499994280844584,-1.0542185337118064,0.5950793556867323,0.1869561345670618,0.6954103455423473,-1.5138691611560589,-1.7429835436258925,1.3781871297062014,0.32996536332946447,1.614900558858406,-0.06757560718667247,1.092530077516011,0.0830386105534376,0.0652281819951728,0.24939955814512826,0.08518287927915025,-0.3423423902776859,-0.354429586936723,1.4161316336545324,-0.23210814599255356,0.14269500720195802,0.8193269770023175,-0.009022265860233194,0.3182367139282593,-0.5360997280947275,2.2713612850222766,0.6695716462295271,-0.519424953320934,0.6640989163272002,0.2753344713993287,0.727078981476767,-0.8081626781587816,0.841186720276691,0.32092142379211724,0.8245279108507798,0.31993313207524615,-1.3184103005412442,0.5436953556455192,-3.0772434832902995,0.24159519691772857,1.1619778139520447,-0.19952417443764345,0.1589397067100906,0.2418292100015843,-1.7672000683876747,0.9385518501919734,0.20516968479185052,0.02310065154541011,-0.2415143617741163,-1.1481408530847976,0.4128393106838985,-0.060812387993713565
2022-02-24,-0.9838017745930304,0.3485369736280272,0.6907720202655772,0.6123681373850363,0.7115328986163392,0.6342264604914203,-1.305038708215999,1.480084748600197,1.53305546230717,1.106796262450925,-0.12662559717644328,-0.10727873011254398,0.23579372845298538,-0.7721560607825925,-0.16093212235894996,0.03883854397924112,0.6953706461675254,0.015587453701919234,-0.5987399753500621,-0.13658510829122986,-0.13792390122057144,0.3863486508727275,-0.87821385088756,-0.3906884342826088,1.6840646544890099,-0.8222106315053224,-0.1327464633388169,0.44622069185346475,-1.3538952392350572,1.5254610723615558,-1.198661872837642,-0.4842919963827064,-1.231420773243415,0.028375748647834056,-0.9546450625126296,-1.3286007599918737,-0.7659004733138044,-0.9026684854066881,-1.085605075246024,0.17882527655735195,-1.2533666881881642,-0.8397882645009045,-0.703941938067613,-0.5950066745726827,0.36071453035608964,-0.36509408691055645,-0.4704062832368057,-0.8162166546763582,1.3803853031669713,-1.235368929763896,0.4706042595880884,0.7209398244994523,-0.2598108088078698,-0.27179673088940814,0.039778159674393,0.3360833514451539,0.554986842198001,-1.753738576855282,0.465511644396938,-0.4268933318043341,-1.9397430524949437,-0.09603026647938741,0.45557855369393024,1.359823001265417,1.6303309189549113,0.6309449871900946,1.6583085554087145,0.4708374067791711,4.724914515139176,-1.1064899616967023,0.7050432437887578,-0.734047616953548,0.9648063355098818,0.6759739883423572,-0.6491710788520945,0.1231835747962011,-1.092231285689972,1.3264366339201037,-0.5742585550383934,1.814940302909247,-0.27344251201360786,-0.036239306795124396,0.027674809700612462,0.7279027097187044,0.5024709600413693,-0.560549977201034,-0.3489409635576302,-0.8192878129488592,1.0394995243795624,0.6688405796757158,-1.2440418623006273,-1.4485141717119434,-1.6213571578297004,-0.712970681569044,0.8169555722498897,-1.3034399413366111,-0.4079594031349492,-0.24525134787175154,-0.2661215998117975,-1.371103314331019,-0.8479725689781027,-1.1879497011214506,0.5432747155965745,-0.15783471208844413,-0.7072631731034538,3.0356650692761624,0.7597059227981846,-0.8918433161654458,-0.696546163503753,-0.036896430153389365,2.054008225940983,0.04553089783153506,-0.09964427999162721,1.172475484031839,-0.04203131747170513,-0.12092415235779158,1.2470256171941323,-0.21343443924033192,-0.2899975556274965,-0.8290993731365723,0.7709574156352269,1.2541904242909445,-0.1024941917864298,0.7635206494521746,0.17846688500088656,-0.23633567665678779,0.14221486665262972,-1.080432431549237,1.6711808886148083,-1.6881838058350005,0.2122210725353846,-0.10554771251013967,-0.593960939110975,1.480084748600189,-0.12459039896812357,-1.8611332065702375,0.9151935211478032,-0.5051486445191872,-0.5938987388335264,-0.2583639369999551,0.6677832274456675,0.8541528489416218,0.19939679985276157
2022-02-25,-0.008021397146015545,0.5045438724302117,0.17956758384059066,0.02068340782898748,-2.216906306588584,0.7264922468302201,-2.3385813669340365,0.3148053929540929,0.08570109829587852,0.28949017398648225,0.5860311954049187,0.3798427845264291,0.30900313290538856,0.6905873079505914,0.352096409411746,0.14473139631029622,0.7114882418102311,0.09588416944314632,-1.7143532885609898,0.454478152155969,-0.7548237589848388,0.6801862271236648,0.7186260543806975,0.4551737713613415,-0.26198121234511434,-1.296998964907947,0.30396243533903977,0.6542557004638316,1.1696464511730749,0.11929712205174822,-1.2799873046445864,-0.6682014256536912,-0.5622923963359634,-1.96325512757664,-1.1076424255870914,0.6842961799813686,-0.04240819049262815,-0.17153623417373182,0.3683293169874471,0.14528811754137536,-4.075544418366439,0.5315857674850366,0.7452326618567813,0.5095880124521734,0.11469003545619517,0.39850989033485257,0.16712419616603005,-1.114960239143418,-0.27655451119643826,0.6781636692270878,0.6181998206933765,0.600789779697753,0.5604533118962578,0.4309025608399236,0.4637791565776093,0.6539997757268203,0.42965684223117573,-1.5400004364081636,1.7872714429278493,0.8203970301753357,-7.0106185487741275,0.3843258542502979,0.5118786014137038,0.013079550214444048,-0.20787952322705985,0.4186713027462968,0.18604739336474618,0.05480255585918371,0.26221195794754715,0.6719971953022589,0.45193446485000804,0.46025473456217214,-0.20802803745937032,0.14360424009371098,0.5448744403927441,-0.37212592370165265,-0.5070487651556709,0.42769530977507947,0.6533955167875537,0.10465473083208951,0.5330004545136049,0.28009618112109314,0.6058225883386674,0.33362317549130316,0.3356294589854438,0.49211827726341717,0.5672951275598571,0.6701595806782286,0.4069472117284414,0.34235764497974513,-0.3016645906454209,-0.5224466737370659,-2.2624569842307425,-0.16738702533268607,-0.010055920647591749,0.8883012608593519,-0.18754447237222452,-0.31367173913418134,0.12491039531580611,0.26485981282223275,0.5606325603999505,-0.5307069834732102,-0.09519894373048075,2.358531171437943,0.4714713832754907,-0.33709420763044023,-0.1813883138984432,0.3684438044527388,-1.0648222587434686,0.6512327070321838,-0.2779754995315066,0.40741615006625514,0.6368686142836654,-0.16930712303406797,0.5151938848583035,0.33531504284835245,0.0968579977299775,0.20847033222891803,-1.1530700148970938,0.5871594931353279,0.26612984508714527,0.13676601356005721,0.19836524628227664,-0.1600127065274916,-0.40554830627676525,0.3465047007292929,0.24093775733412026,0.06361733630056501,-0.13059168729563306,-0.18251275156924462,0.1991792126207698,0.5285987638431137,0.47003621680701835,-0.4383261119925489,0.49121605210389707,-2.3526594697605856,0.34207814251806506,-2.1454010712824605,-0.3693972895730967,0.36425190199271756,0.23858965160676146,0.21102503521552604,0.3747200166490657
2022-02-28,0.10178127544088608,0.19209555344483403,-0.06290058113073654,-0.22913546881048805,-0.7338484065955351,0.18206201011469952,-1.3087179588239242,0.6744146278092811,-0.04357734846663909,0.3883933338070842,0.10650099264222448,0.6794856253516915,0.8154057731340725,0.6259806646224986,0.06666064728817404,0.376976391019956,-0.28900399166993257,0.5446581625042767,-0.10993033651401135,0.7823497537225288,-1.9552589448096225,0.5909139550690294,0.48591447851043684,0.7629470016406721,-1.0659645566333082,3.3168692153996,0.24647727374147219,-0.7989444207222591,0.9372743652043534,0.3393258939586572,-0.3870648983619117,0.10127025526634227,0.2790422823351808,-2.1143953533216737,-0.45573510234015524,-0.2654076574423229,-0.946317474621434,0.4576374909655193,-0.6463988482842775,-0.6498166077529497,-2.213626790591276,1.181531461825341,1.2933467950556472,0.42292160685402796,0.5184872120148403,0.599177057720893,-2.4091503935031846,0.10201517025019692,-0.12860030183674845,1.0845484844269775,0.004681338887080587,0.046493686279979636,0.20827364354452504,0.7427259248453326,0.9095436050481156,1.5570390678190718,0.7974433180540108,-3.063545388141301,0.6209664019906975,0.9326833892510071,-5.345779402550167,0.004206919464444365,0.6281383650079871,0.27472584150432755,0.2891289184122803,0.3999528921011763,0.7553491376815015,0.5489945775830266,0.5271656259409113,0.37051394546202054,-0.41524994701381573,0.3821801336465366,-2.0387575225511108,-1.3090601769913164,0.8755376404044891,0.5939337846112867,0.718529996893771,0.26639192754791835,-0.03208699749176312,0.3728293037726969,-0.14968637249116967,0.4203176994725979,1.1528713467083143,0.6854082679313181,0.672628298291616,-0.8066647761938397,0.8463455768102599,0.2789431290931116,-0.7272286405183057,0.4454569476710199,0.6811752345507767,0.3313861055014113,-1.236071737692296,0.316226012333237,-1.1941389838069265,1.0891678514186378,-0.2549101573132431,-0.39429404634395854,-0.4152865042238881,0.4322007046040184,0.5144380753370144,-0.5966641011136362,-1.6042541462304412,0.8416572600514194,0.17316039940076874,0.2697251061680244,-0.0032160861517330414,-1.6690774921275724,-0.8987361877684211,0.3985877904255546,0.17398894594673256,0.04676639589037409,-0.4574220231332922,-1.6232292602022393,0.7533199215702205,-0.050523165830411894,0.5436188430636137,0.7336706927291888,0.4530319977018211,0.22240916479733874,0.3838809745416721,-0.16807131915537907,0.06970926968287693,-0.18437809348774067,-2.3214386708695605,0.29070821159478005,0.01486936829635754,-0.7370747893905515,0.4796686483853576,0.1204422385741929,-0.2979781839479081,1.0277851010761188,0.7504774619987298,-0.6179157413862683,0.7626967902973103,-0.9760158923067506,0.012276785623263743,-2.766231031984999,-0.10538081468786242,0.6383803099046839,0.30149613309902823,0.6615922972493865,0.1997835406425657
2022-03-02,0.5247949595166873,0.42978718653066295,0.0017675147114185363,-0.27257873021996676,0.11958708247859673,0.8845336417763959,-1.0891989266252737,0.5793078205830944,-0.06824254363312515,0.4517728255562025,0.9777687947008074,0.5347054910367306,0.2761258040145636,1.4027244409050343,-0.02387974291344553,0.5024631033854414,0.04150369993892743,0.6450301074274074,0.5145687218762062,0.4544693037627161,-1.8970148367804816,0.7454353732720012,0.8373729023494078,0.6429893299597671,-1.0541535491678269,0.9398622276140871,0.4847090744494858,0.09715641362665597,0.8830041389030274,0.4399223179580304,-0.10380205405572948,0.40290551311218725,0.29541324285698917,-3.710459573328744,0.04453446522001319,-0.13145231446900443,-0.6132555091466554,0.31439784326889453,-0.5506805723659994,0.234924391477467,0.05600117368256748,1.9331496785250766,1.4247772846611761,0.030968697919111183,0.3990816807770774,0.5393245952102045,-3.0897239579662394,0.47742686782981675,-0.2016933156603303,1.152636060974302,-0.044265491125602345,0.656341422006853,0.6644106359249129,0.583628952820932,1.4321152200921095,-0.8638928291938526,1.3089190124115,-3.2582631378194145,0.777579904751814,0.9040626322219546,-2.6857843702125033,0.6114714233035897,-0.0634842199038979,-0.21321265637771172,0.251494508202745,0.5448850556883306,0.9983008105525578,0.47593726116846363,0.6396195269598146,0.47670928077477304,0.5262996309657434,0.3473388348022892,-2.606861251436068,-1.6527851842435135,0.8921895225288431,0.04500869162563723,0.6360226832329648,-0.017733103065969067,0.48725620321236524,0.5446806567954713,-0.16087834093410472,0.5530410975892216,1.0429791429423612,0.556334739110895,0.03008004835212696,-0.45478787163098733,1.8431319836516182,-0.593168559862865,-0.4477527856076988,0.5709133688073545,0.2731380128094367,-0.33075428430663456,-1.7752130944005426,-0.4766264975336351,-0.6904005456472271,0.4397949379770336,-1.5104752973480489,-1.7598501704653322,0.2502056714102851,-2.2056946235614343,-0.03396833028443453,0.22143430589112995,-1.2509681948046611,0.6123594908305958,0.18432550632862676,-0.16453089920644298,-0.23800501776395336,-1.4087337089107452,-0.9004477186079768,0.6188519756445408,0.21272903606454246,0.11045464723812014,-0.7775604763669303,-1.9665008489401685,0.6522062954285991,0.4832424185631372,0.5292591373065964,0.21980015517282736,0.47946534971079147,0.6530477145844837,-0.10808475694954801,-0.5982106998355915,0.353610122322137,-0.42319172753291867,-3.0964429285121087,0.27060421177042215,0.3348694571830462,-0.8505262972261683,0.4185010802764099,-0.09700652515039501,-0.4619199260240962,1.4314312620815917,0.5417048088402147,-0.027304841840312268,0.7407065026143104,-0.2875311535947259,-0.9771182804984427,-2.3308507439908572,0.51091902610539,0.4837933039964252,0.537295504408664,-0.568521442159977,0.5040385023055962
2022-03-03,0.468035024086856,1.1315088565046278,-0.054519828157199336,-0.13844124226381005,0.08390044638470227,1.4950543846598847,-1.1327769265592083,0.5365543187577114,-0.07056694514783107,1.2029156314129912,1.6256207851034905,0.44248309966935145,0.497041826754971,0.9973980844027311,0.4019797195781683,0.45848382359684875,0.1249258581186465,1.0395908093786923,0.4371370523015856,0.5467667303884011,-1.45656068923873,0.96405507304215,1.1208111911723095,0.5377670864364157,-0.9503273696087703,0.8248336442528642,0.4963278192533961,-0.26531670634490306,0.6948492095630043,0.3791522340318674,-0.0830280331102454,0.34142151466184245,0.09069556107786304,-3.131642974679934,-0.7118513824189752,-0.03717720524087571,-0.3257694368289536,0.42530931609100353,-0.342712245410765,0.17591415332577504,0.2762273269449596,1.2601203426885652,1.3539438292643442,0.4599224200031367,0.31502872295267803,0.44829095645921985,-3.5828252005340784,0.42143171634489035,-0.4175905121391209,1.0438470534873319,-0.6105311442198216,1.0813092208279056,1.3156676826835847,-0.050217748729822737,0.5922824652144876,0.46686679897612765,0.6217362114769079,-2.5323587220262556,-0.5950354845521151,1.0946646106216955,-1.9282214153515471,0.8034384587422257,0.6417413813962154,-1.6099261039460049,0.22593247515283127,0.45209347135737793,1.4030991364997722,0.2205693027443344,-0.02227709348469506,0.12267051434249614,-0.21732586092320008,-0.18716190431817553,-2.299730033004695,-1.788464847754574,0.9533937500233479,0.046361573457393966,0.5748458814999761,-0.134985503762879,0.6030965635766273,0.4644211734500927,-0.7827814114611514,0.5030028745925944,0.9684146504275519,0.49646273493309023,-0.5415822995772396,-0.34599704676388976,1.11441992320188,0.5108166545278271,-0.4487301487085854,0.6078656058155046,0.27533518230152404,-0.8952827940877981,-1.8914272336420417,-0.38911741589708315,-0.13261006610076037,0.7771521487848901,-1.5411591895308627,-1.7829505652871034,-0.002915009208414441,-1.870582728547819,-1.1028532214217468,0.18825217594495966,-0.9558599007586639,0.39761049706632684,0.4875505965524291,0.0008084965779877355,-0.19548637284223688,-1.9820906051518892,-0.18603426634230769,1.6017327772532648,0.21322009482863136,-0.03812172843028734,-0.49165741930661216,-2.1052868672086147,0.7679227069088306,0.8274131878846145,0.20250320436805141,0.23722111458615744,0.3938813858679224,0.5302812888027766,0.088627207401329,-1.4317042848027148,0.479310348567919,-0.5143279617033969,-2.8079743782492192,0.21576241053589557,-0.3059309687671037,-0.586408660425651,0.44291035650667654,-0.35622213824948684,-0.4439090561523999,0.9642102945797556,1.5273436523448642,-0.05060666373863334,1.9279206274653928,0.3649780005139304,-1.6499362498892673,-1.980480189067123,0.5451806943386608,-0.23308590421116593,0.3366308407407638,-0.5278949737072461,0.45007225057697775
2022-03-04,0.481299898068409,-0.2959169431964525,-0.016159322089557348,-0.14197649059288212,0.6846901184919117,-0.150146869029711,-0.2715820389980368,0.6989783232870733,-0.11611069587406099,1.2257157087286557,1.4176283972045745,0.37302141807814576,0.888792409817931,0.4341869949381581,0.6583226300183855,0.9020920680977772,-0.037297662033377275,1.1363277674415209,0.595234087212438,0.8795666551060414,-1.263846498186125,0.394130825782548,0.45810978716316564,0.7776767769318563,-0.251326917545222,1.0251776090275053,0.8300000503813635,-0.9519756486283161,-0.09829008829126029,0.6606932421128586,-0.14880679381054582,0.7269358832096137,-0.40370959737717144,-2.7879272980837735,-1.4247926296511737,-0.24508437867322164,-0.1044114998561008,-0.04481926140966809,0.24444268648155668,0.24137633998015864,0.9896044720306609,-0.30822355258636663,0.8380503310681889,-0.09330023523837004,0.6464126543401977,0.7388245096160643,-3.3970378960843246,0.9267833781292635,0.07817805487797809,0.4142712451376635,0.021202761116826556,0.45508432001868443,0.49127635205740733,-0.5530343211597545,0.016713856576904496,0.013427734805497374,1.3916403062916183,-1.275454760326719,-2.6718205617852826,1.0035778811932936,-0.8729976955296441,0.37188871756825037,0.7991291483811558,-0.31019110193815974,0.5555255162692518,0.74853111439861,0.015739550736974375,0.0649975391390421,-0.11845260304853542,-0.5816525591843792,-0.4756350501103795,-1.8793956316445568,-1.4936905122157222,-0.7127117069565527,1.9231583450351595,0.06050683150931343,0.6179708698563797,-0.1573355543914638,0.6427065773758559,0.8138247874793086,-1.8880882734490265,0.5755563864270347,1.1643868745224955,0.7471779643902289,-0.7734765257636727,-0.18227164078609728,1.3931565915378452,0.9293026761422917,-0.24231899600859524,1.6028483089150976,-0.1969240589028389,-0.6398486036915046,-0.8056179085596724,0.6937285390593435,-0.6141681227799975,-0.009055994300151998,-1.4856843839436151,-1.6746610279505791,-0.051496645267186225,-3.5312702808487217,-1.2104688274248707,0.27392868515166463,-0.44524436381274396,-0.131113416904199,0.9701968648501864,0.17863540866676125,0.44616470518589285,-1.6075893680932112,0.5249177753011417,-0.12214878753805465,1.032669925033453,-0.6064560519285662,-0.22489857276884187,-0.9355955276321646,0.27642025803356807,0.29097468802614357,0.08975870050125398,0.6900136331301524,1.4211995459741127,-0.4930630928441342,0.4519305710597756,-1.1269369204176543,0.6997243633508698,-0.13740558339520723,-2.305042947895076,-0.09484951333913859,-1.7123729161930228,0.25940418971327583,1.3764903325858244,-0.18476972055944385,-0.151053051987041,1.6231946139318552,1.199861885489548,-0.8012476968277238,-0.17556857980842083,1.8134700092640805,-2.8072124035742005,-0.32451163524210624,0.49635013868739547,-1.4316299574008087,0.1536620736322338,0.6145432917027807,0.4160802405278176
2022-03-07,0.5501555810076599,-0.34015591892461294,0.40407255061754016,0.4140114482152974,0.28626448775205354,0.38964025496877214,0.03154497637846982,-0.3287715427435036,-0.0710957770122379,1.3738984986999991,-0.13973158705604738,-0.3991038871748716,1.3727801891419988,-0.35581096213346397,1.2648699855158216,1.2891043510094018,-0.9849007861501956,1.502237212885571,1.8724976241513542,-0.06837337430521286,-0.525750994491641,0.5567806951505159,0.4159941043657652,-0.7425203781321013,-0.18338241046930767,-0.4499402887817621,0.5887578740817973,-0.08952594211049074,1.2834209526424296,0.8829626161961679,-0.431901952263462,1.7055690872475124,-0.9666754573752209,-2.0790147850889973,-1.7209269736902078,0.2675787457162965,-0.13598115255162194,-0.2247701328409576,1.2303899494755408,-0.2936870535882957,0.7075945241351921,-0.5003160038418861,0.4706815288445988,0.004371621360245704,0.22539458262838397,1.2684361227124745,-2.5908482490749822,-0.5405511609415705,0.2064631993964322,1.755183427337859,1.2589128893316799,0.12483950031062353,-0.1351728853624847,-1.2202814183426793,0.37442525593057174,0.4838417814968146,0.9337208855905463,-2.3419782491708854,-0.9772082399685268,0.5622012768124107,0.8919096184852193,0.9044403094267232,-0.1284391226467487,1.5603048934550807,-0.007796405608393382,-0.5236947227654285,1.2523831471449731,1.6197439962644191,0.6345580433575019,-0.9002604709566473,-0.41563085889995943,-1.7008016132748047,-1.1440508076503026,-0.716732476136719,0.3184355281018315,0.40797387940580077,0.1759340720799436,0.494105006887926,0.7743028895983316,0.4950515391972272,-2.206391378631675,-0.2881781156651455,1.1055339781349804,1.1941986053280524,-0.4431103789742122,0.5869151050634347,1.3620024697619664,-0.07979490275304799,-0.3222097313436087,1.2316875052101584,-0.546784156624507,-0.2581813287948792,-1.553442646780699,-0.10754618241032005,0.07025135549106704,-0.343089489450108,-1.6362499217454696,-1.7825997310060815,-0.386610964344038,-1.5551485872442645,-4.530182788334003,0.2663836309224204,-0.8957524597239356,0.31128670030958533,0.7048754531719219,-0.12042938639108379,0.817826629360884,-0.7602641901381746,0.7136668231424625,0.6979251164333891,0.5548506210010757,-0.10998454815466499,0.5496231970776294,-0.637066720126891,0.8215242211743763,0.22509287695658453,1.259665986572893,0.3659095949959105,0.5313984205353166,-0.48253421241448446,-0.4278348142143799,-0.47121314589551333,-0.03151966078584446,0.1953372495409909,-1.075180311450959,-0.13081011612957422,-0.8028527735883118,0.12448746229238909,1.0731138036209649,-0.024031659211439658,-0.24268961637829786,0.7543373121935945,0.3181211072957883,-0.19098578229293608,0.8322037260852951,1.2335828544721203,-2.4413883562061183,-1.1452108941102142,0.17504704451975664,-1.3029929342865385,-0.11728799036255316,-1.7067787017127976,-0.1324769359740567
2022-03-08,0.2614518481751651,0.4001923016234877,0.3419176699563867,0.4296420060412736,0.3951991677269401,0.5485391738028821,0.4744430753464384,1.2415348497691205,0.21056456355915124,0.5946489446311864,0.5546988681387053,-0.945512847775402,0.5693745112786114,-0.7449324936311673,0.556196045702498,0.5524191078833323,-2.188328444555188,0.2686460533107436,0.005749139441293005,0.3830260029782494,0.8868401911723538,0.4196165010308235,0.5696739918366701,-0.648708007810451,-0.5512223757795919,-0.23248990862000746,0.2098118028402373,0.4873368273933303,1.2241928968780569,0.0985232742580822,0.8669409984806674,0.46091378875908495,-1.8232011062673963,-0.9820106984564224,-1.6459259705858276,0.3782328405369204,0.9631743501608533,0.5834054489550677,0.2652628487739553,-0.42617211403457594,-0.2432326811499713,-1.0522307507802673,0.695406347186139,1.299390272609836,0.28464022470349765,0.322308160271887,-0.39066373150693084,0.12802420518265828,-0.4462715416017688,0.005236090323490727,0.20826560193092616,0.5246965455005002,0.5833883128827165,-1.4691457973283866,0.5929810205457207,0.3991481491033935,0.32812317342681957,0.4962087142731462,0.43278639951327796,0.5890498443980351,0.5825474419202131,0.4192591044660665,0.5577489935284027,0.20075743430438348,0.4738011066524458,-4.784279317819305,1.159417792728795,0.5309444894124415,0.32056007203679204,-1.4117408988848053,-2.3887008175350557,-1.5573393361068757,0.4521716624739533,0.7778194990573777,0.510541783372771,-0.9541057658655792,0.5427232560115306,0.32736646311047957,0.4478957457495385,-0.5958051781886892,-3.5435177824006208,0.22157736687520516,0.4489134465977675,0.29732853745206145,-1.8204516018299526,0.4071928578989228,0.554895500224701,0.9043841254604872,-2.960578081706407,1.1583786968873147,0.27682560867765904,0.43613449097464096,0.8694776531462737,-0.1302664366013484,0.7394731895742688,0.8339467691463625,-0.44362107441748366,-0.6062841760807649,-0.9663817174763771,0.3053023541793694,-4.129523108273672,1.099534402987352,-0.9872579130045256,0.34667685803083625,0.5317182731934852,-0.023142772157367195,0.25729591951093156,0.5360275478923834,-1.071546566623388,0.43868211347045644,-0.6904384016593549,0.029417110770021,0.7065234405933095,1.3350565000021308,0.6197585772920721,0.23797488394065294,0.3893237535064406,0.46658967155485764,0.4224775341817111,-1.7436598999211759,-0.32827463139767643,-0.43407818640806617,-0.7482906581770733,-1.090506686739435,0.906859125811535,-0.7545692952681178,-1.191415880703759,0.9886184192556571,0.8922125224860402,0.3412749136388968,0.5325390256176183,0.507918307441595,-0.08117953883304149,0.16793245996893522,0.34476969344681774,0.40798614377956494,-0.6333158274014752,0.3570219233118537,0.56222333300336,-1.4707578396857794,0.5268037018729542,-0.008537872304058655,0.5371919825801663
2022-03-09,0.10088162609706212,0.2093235834902809,-0.487612797182726,-0.5223133673345197,0.14637215012684318,-0.17734423840077757,1.2045734828291064,0.29576099322239385,0.36368595380966756,-2.161844344381559,-1.2466692142612388,-0.6379872978984293,0.9913670367077164,-0.09742861783810114,-0.5305530719304304,-1.0213793369854753,-2.3495614753647125,0.10910072788532225,0.09062909947215457,-0.5208254467427442,-0.5086728264917239,-0.1784168163685622,0.22784034342587375,-0.28467531947322294,-0.1412325965103528,0.15459058857593966,1.2594609225585403,1.0531420291606208,1.2676224239762328,0.22418073744410225,0.8924527494707823,-0.6679449005276441,-0.9875484279642551,1.0121314901968643,2.192100008225832,0.4984223240700261,-0.44442916006009187,-1.3274662639599553,0.43133178501391467,-0.3040909950387872,-0.7116323986753125,-0.763295994277529,0.5937761616645458,1.2816982701607218,0.09184727255489814,-0.36608614851005217,1.54818246514139,0.5115915745850583,-1.7226778811620176,0.7438715791479138,-0.4099138633909012,0.11007169673258531,0.5200452987054474,-0.4330645544055629,-0.22095648949465999,0.9707775824789142,0.2296882709115338,1.2298035502779463,1.531350419680005,0.11553569566963579,0.7542264950701358,0.9648560606796774,1.2381679307702076,-0.8621015541710768,-0.4468894508498044,-4.139860552088169,-1.35384602862641,-0.6439670775900738,-0.771720668478909,-1.0656136244906764,-0.6449168949615698,0.1737370157542858,0.3508386402662965,1.461295072983133,-0.8495517871301502,-0.7197873792991998,0.801688419578616,-0.1645013988287048,0.2550231172029733,-1.5278109878342487,-0.8134732993528445,-0.9914664693105646,-1.0352797589038465,-1.389131626581304,-0.9716077757506563,0.9416700288608665,-0.2379192120767071,0.8893327904455786,-1.348058509511698,1.203383009790344,1.2429110596423785,-0.6346966914692047,1.2832181643332892,-1.1195287307723099,-0.5955066354425679,1.5588941091806188,0.9574146256908451,0.915051052130281,0.8194003679940665,1.4966565166767665,-0.33339482783090085,1.1030824388824725,1.6266592752627518,0.04463191637565916,0.027898465002123746,-0.1357539472147338,-1.5744722487650553,2.092987831572177,-1.382240255254934,0.08817493568563016,-0.8566877856453756,0.6368002072917041,-1.022105207450001,1.2982365803530371,0.10337978048200247,1.3425525158639022,0.21469619552061137,0.5344722301551839,0.41812883076909874,-1.207306200119407,-1.2459182260880077,-0.39750216743115774,-0.8161302567744785,-0.5294218122087027,1.7336529109127408,-0.21541298939384543,-1.2225324178496875,0.3714606799513449,-0.14350208187818328,0.5730501870773127,0.6262438840035403,-0.5181135829651929,-1.0015455302093013,0.6633080969230251,-0.36164279443985015,-0.4875046358634798,0.549613875912885,1.533338158974465,1.0542438533524368,0.15691076139243837,1.2239721405179147,-1.8029656424582945,-0.7214575547622166
2022-03-10,-1.6936891544743418,-0.14659347875776613,-1.7790768895345974,-0.7997078546138771,0.18547001138381794,0.10844820555219414,0.9548921201072149,-0.6525680593078763,0.10199925801139348,-1.2359438289478575,-1.03565359000975,0.21496819713243207,0.11393551190797953,-0.5407210095415323,-1.062680118336204,-1.0184999479421926,-1.3529137153620394,0.5730989025872848,-0.6694883914519889,-0.4333585637605938,1.0086885877112794,-0.7548432255438704,0.10427268915813004,0.03301056714788052,0.04260466932609349,1.0927913165551792,1.2480060580304084,0.5551031682938319,0.2973686436559726,0.1508354784983416,0.9588428316990658,-1.7390340107525817,-0.3616804568875715,1.85427664388618,3.6332641040039517,-0.3552733222248429,0.19776692009105928,-0.42047756851719814,-0.4175849616933104,-0.3748878644369951,-1.7321585697508288,0.7568841193337217,0.767881090945183,0.6130860131941825,-0.2813435695830297,-0.7291934831200895,3.0435050781076547,0.4914301718400728,-0.5363257776741772,0.5803693965861154,-0.3005134946615885,-0.9446873746671387,-0.3035873977921132,0.17817293603303444,-0.307131325263702,0.7542787330990418,0.1241878001453691,1.0762383352417102,0.12014034414654563,-1.3123090476490942,1.497482560324209,0.716594141671676,0.5697196107807431,-0.0717127936251825,-0.1323605118276556,-3.2051416020188,-2.2794801413348114,-1.2537870925987535,-0.19460685316493692,-0.37790116073382424,-1.5879767812359542,0.41144224424246173,-0.7194178792120434,0.23695021013906148,-1.0463435846994031,-0.2543107806821857,0.7696578845431282,-0.2839919595616431,-0.1539285064512761,-1.0945547366776687,0.9306351129079447,-0.3631506320864841,-0.5891749122302498,-1.509684432995346,-0.08196283295525215,0.5892712160061,-0.6977537148456024,1.53931174665821,-0.7312478041185775,0.10487580992443214,1.0268187939979856,0.853962159356549,1.500318893208396,-0.8942417470841818,-0.8776003824297287,0.6156375686088332,1.154835703216359,1.0997224795217362,0.6996744186908883,2.562351117750244,1.1007453611924258,0.4100360773597444,1.8846910145405111,0.3176704593736324,-1.3174009655782044,-0.023644365571061796,-0.8291370559389464,1.473399838950103,-1.2927118861343923,0.2014481541179169,-0.7142497698397963,1.106482586153462,-0.9625958121735999,0.3397537425420923,-0.8258783690027576,1.135698928308542,0.0060349243260745655,0.19724462795511435,-0.21680798831218837,-0.3223727391718482,0.008484564016007496,-0.6354567741423228,-1.4841272401172354,-0.45795416581409004,0.2409413193801649,0.3941660234439534,0.5096746757438566,0.2294045170661637,-0.8863772367677922,0.9884904353844912,0.29141126279546775,-0.6123042817855429,-0.5278102576551957,0.9463801280152101,-0.060045340406846615,-1.2334452787301489,1.392302036095928,0.9362084847648282,0.648326508512119,0.6182721335552299,1.1445267069110483,-0.4618196176680591,-0.7804780458265161
2022-03-11,-0.7818537588104646,-0.006308251445644313,-1.5985327742563675,-0.7309024660633978,0.4619802070051919,0.11716009069996064,0.3411719223755708,-0.7494021283818232,0.23178243177745492,-1.0081629931036142,-1.260610313372826,0.36280023021790003,0.3798563656183526,0.16769402933936586,-1.2869937389324642,-1.251961564135251,-0.4304830307623546,1.1496224028331579,-1.6246263231919182,-0.34248050034069943,1.421989280693752,-0.8475239963485517,0.4805482928685337,0.8194442654594012,0.0081288743473715,1.5295107286935539,1.5491692262433425,-0.8623573819791039,0.6167975076715494,-0.4590109592001915,1.6102379862814076,-1.7929344846611457,-1.439157664227385,1.4548984057110146,1.5070955163415372,-0.36334326843949233,0.017918995508493067,-0.42881559598715463,-0.514514744285612,-0.17243111181316734,-1.4629684322713443,0.32211809931271584,1.0297487771657168,0.6252231543009822,-0.8262058407144024,-0.9400053478809276,1.3099910444139589,0.16849457565223594,-0.2521059251908019,0.7075904654048766,-0.4894866673528359,-1.1937933855800522,0.931435663733135,0.8390006284716588,-0.3826870299991868,0.9953907133201705,-0.012051997493373885,1.5616759072135462,-2.0242640463126915,-1.1717750087384593,1.3237076414421112,0.6973365785076084,0.355996616207401,-0.5783944988021967,-0.18551183481472908,0.06676856244588929,-2.9019697844431884,-1.1400779935073442,-0.48485233890916934,0.46542227980232137,-1.406053957006933,-0.05679145099909296,-1.3577542593310208,-0.7974293207387185,-2.430715472203479,0.6293531531316615,0.6362600562835509,-0.46255838588463827,-0.12860167500280195,-1.4204704612980033,1.5612261767134634,-0.579935643593418,-0.3589522347067489,-1.7658482246324196,1.4142381924514524,0.13073477056331073,-0.10486186706105975,0.9129926116389873,1.195237851645567,0.44373051355663046,0.5579337592359583,1.1576348317836023,1.6415472728084708,-0.5491198645770101,-0.08747774553344335,1.3769962532072884,0.5013020272278699,0.38445507996307077,1.3552704742821584,1.5581851887900466,1.4595926955468888,0.008344481687835227,1.6489208366644825,0.024558229054179447,-1.1244924368045828,-0.03746878680461098,-1.5905950274744316,0.8643055281044877,-0.9657326540907238,0.020433358967815438,-0.39751489767992093,0.6129202734807935,-1.050096479437062,0.175546110889521,-0.9352968680691349,0.8572067889149733,-0.35341572703695623,-0.35741478861335957,0.38320843938047167,-0.7541430924525544,0.5961464075983743,-1.0344507790172175,-0.4826075526324007,0.16811135638754157,0.4938895785001924,1.3261655259861018,0.7021748920213798,-0.12007840038815355,-0.7395997568607641,0.35757526197501643,0.5376451488064884,-1.631497208531586,-0.9203583019090141,0.6721799436922321,0.1747382375482816,-1.44957247884643,1.507913598855336,1.4225906515747997,-0.07176217658369873,1.3445754204963798,1.5140352911730217,0.8117141696076606,-1.2480727497282844
2022-03-14,-0.2097334304672637,-0.29188731027331205,-1.2031432013949015,-0.19762588457988692,0.5620879319142942,0.852931308070103,-0.7246695775542988,-0.7989628506858321,0.1737014123126956,-0.07067969235926597,-0.660331736977722,0.9776739638183974,-1.1773707657386152,-0.40419047803316643,-1.0870678556083007,-0.6018232385142768,0.030767073658897796,0.7193134644953144,-2.607512566494515,-0.5798455615495164,1.636958883627932,-0.4053449858802937,-0.47894421672916754,0.43527948135564887,0.6630174420180857,1.4555022611782469,1.5875947355598703,-1.15101891826528,0.2156480088529378,-1.0138702023662458,1.8555010958155305,-1.745599785113426,-1.8288823598016712,1.0367511697937621,0.24515726110443095,-1.0393823186864704,0.301613872010695,-0.8925024553417418,-0.02566295612268151,-0.6450161369200746,0.3162938608907517,0.3272046347406392,0.5361989081132909,0.26997388962085445,-0.9816398104335384,-0.2989088179741395,0.8106372331703116,0.44773264426385706,0.888230830367684,0.5946161603448461,0.2522143630879361,-1.4531281291050255,0.8406516970780861,0.3091876850428199,-1.3522973933502798,1.146777998755416,-0.06332103542714168,0.9621801524015121,-0.501099749763178,-0.42497683956567484,2.465314300099704,-0.7510649313909742,-0.2484707621894094,0.8448824104628754,0.8305869194487823,-1.29621365050063,-2.548593985595967,-0.8058822032303368,0.35107476781538455,-0.8705278910234672,-0.5930486862335252,-0.7816811154969547,-1.5109842502704123,-1.2613077946544058,1.9963945707000328,1.2391922882620434,-0.2027566524171082,0.3292992537220858,-0.473471573991653,-0.11001495307310505,1.0373369423367582,0.3923860313432701,0.19805601721827384,-1.2523597014277794,1.7849393598329792,-0.19466685000370226,-0.9157334992004175,0.8167480560609898,-0.9503999096291497,0.9623189237916148,-0.21492105652954827,1.5127878360245484,2.3525734787383645,0.8266194771007355,0.9587112352552482,0.7800456751932691,0.22978388442501635,0.15316242655362808,1.0081539955809344,1.7490637947015626,1.6402569007495373,-0.7898405813863236,1.8063780714795703,0.5169863308567183,-1.1332398566257793,-0.49919825926105416,0.6594386797940381,0.10953101061410332,-1.167308246477296,0.8872507670344327,0.3804566862865475,1.0623722586428535,-0.5118974635972993,-0.32139843975534266,-2.155243297575567,0.6886674729718065,-1.0849421279354916,-0.4934959627867696,-1.4962698251797903,-0.2170362322589849,0.08466377109045245,-1.039783070894191,-0.5020054680073339,0.5775951270043722,0.040440572738945677,0.5801880924958172,0.43594889553598143,-0.9492914059331087,0.17596883693953286,0.09372348758801059,0.09062586573803649,-1.9491020569562068,-0.5957239198889811,1.0794186050155767,0.6994708610250998,-1.1422370799873394,0.7105543977840733,0.9913723469144284,-0.1588237570005424,0.21155522626786255,1.2447499535327138,-1.9514075743422796,0.01833906755023631
2022-03-15,0.21773128557210872,-0.25940254291527565,0.10638360362529548,0.2628071485061337,0.12386591029415793,-0.21437300347174923,-0.18724736603487563,-0.09813075633199442,0.27267400659835517,-1.2416879578297413,-0.9506100760576901,0.8891956631824863,-0.3685102998602244,-0.30492167955273336,-0.6504617424505236,-0.4146056329948977,-0.8301702539002206,-2.461176915498734,-1.9016422567233984,-0.4973518044098109,1.1661843919993446,-1.1619231190201629,-1.2006874750652188,-0.24733525427615663,0.7002922839470174,0.5038084156798964,0.6364145245251371,-0.026617170211010698,-0.3733822406597461,-0.8209232004012268,0.38486963300323396,-1.1268317943694448,-3.3101328236306182,1.6982146845744714,1.346381132923275,-0.6202124846788941,0.5481677696300883,-1.2851348378720402,-1.232169754752741,-0.7159489386341861,0.30352219458207624,0.34033230396192105,0.09600509474521045,0.1431790193090542,-0.7109812799622218,0.2559456243666772,0.296603665080677,0.2957453702138267,1.5256979536151747,-0.7377903437048088,0.33439308323844,-0.3022677534668616,0.7302937231978466,0.5478454044279035,-0.8322489895383127,0.9442958192341165,0.23811901413867723,2.288197517691855,0.1820645914475114,0.16936741731348595,1.4158537280052632,-1.1870919097252006,0.1757384927559665,1.1215990779057414,1.4836630490203009,0.03602962846996435,-1.1827311475572424,0.13135597008144811,0.84074191117356,-0.13565343556785667,0.15039268381131077,-0.9225058981362942,0.30007309793130976,0.14967408738928673,0.32026240528030675,0.7261618966333642,0.47587948885053877,0.5276469770405207,-0.26324936849877906,0.564752469913958,1.536657020259957,0.4330880464822299,-1.2944532916827032,-1.3373874248806348,0.6601288283242529,-0.7886278992038498,-1.7815235763702224,0.3482160246744736,0.31374358560739135,-1.60536239250527,-0.5964759930439402,1.0051536550921454,1.7337626923356921,1.0885144916386176,0.3897045510143412,-0.10759418405254538,1.7164298498056063,1.8800493358859651,0.48916507299735545,0.8602284868136768,2.222786441548522,-0.14009051718571747,0.9411522048086453,0.37959540223348126,-0.699152934087591,0.19714428394367942,1.4492922730904465,0.13453258333455442,0.20706764292789787,0.39226005383676144,1.0521878502827346,0.8793231872784418,0.32079415296616487,0.8408090854455756,-1.6603467790628261,-1.0012720293920478,-0.26783511759470263,0.21469849885358683,-3.08566783278837,-0.8386093321711898,0.7693928009423331,-0.4085371874463238,-1.9117649749151713,0.6686557152418404,1.0594836809079617,0.41384365879672796,1.0727409648753614,-1.4331939536025362,-0.0021718656602113255,-1.255760857225764,0.30908561531505296,-2.1699407346232884,-0.5356576226945037,0.8098646295870666,0.3503087790166625,-0.6199595579582042,-0.6717895909993983,1.8989286250960877,-1.1125710527114332,0.23053455141154733,0.3580755740527403,-1.148373826967885,-0.34559107502714864
2022-03-16,-1.6052314987781382,-0.854857262266231,0.288875834255056,1.173889671192727,0.843101581104179,-1.6346406709306063,-0.2884857026669228,0.44088871384897127,0.48463256430125085,-3.1748319547358896,-0.7796376140706252,0.47398741874522043,-0.9729846473128902,-0.9753642055186749,-0.6901187304331777,-0.4921708650326247,-1.1436330540822082,-4.191691987779934,-0.8140419876448923,-1.6490011511804414,1.035005303338914,-0.9351510920518344,-1.793073003002435,0.10289164526540426,0.8782328438007885,1.0894637063122745,0.9124506132184789,0.2147988273885139,-0.660132784682525,-0.6317559981010733,1.9828776029016182,-0.7835554736546813,0.040474550826517,0.9684459097165545,-0.15257617926917805,0.0827870065908502,-0.8418150636841548,-0.398082810288874,-0.6748507410674499,0.35831817901097024,-0.666869964282424,0.5977139724881612,-0.08292231869998111,0.691411983312856,0.1421983970398403,-0.89831874439388,-0.3205457641820423,1.0201993585897375,0.9619793163748718,-1.4483597784770517,-0.3559336704646008,-0.17113258234540787,-0.935706006572076,0.7490709603381026,-0.706350830511027,0.5526481764555751,0.05733632006494131,0.9701103609381633,1.00499307301546,0.7725139298646924,1.8635185837655588,-1.0699445340089486,0.1866935062591031,0.4877484653738489,0.7800969429493754,-0.03113260581611426,-1.1764343621893578,-0.388335975507365,0.5534320115956041,-0.5987416678352007,0.41165408944929105,-0.3483678382792777,0.9224712862851585,0.6895497224225087,0.3496541619182481,0.9931372656979778,0.9003799761740487,-0.6051677954070125,0.37360144427516345,0.22841404086576048,1.2960651181659126,0.4748881086079652,-1.2373236300034776,-1.6339720260618427,0.17201634268860122,-0.7741939736397039,-0.8912559000120115,0.7570482077067218,0.10040896222791867,0.25884193216495377,0.6852318537936299,1.2841475292501365,0.9060872398795405,1.133379111882137,0.3357888946268258,-0.17385653397818485,0.9986725762552209,0.9688862419479958,0.8180134929411702,0.3423989082734483,0.9872414803450564,-0.2588426720080288,1.081119212020473,0.6844122840045093,-1.3660461101351282,1.2716012101376393,0.7827677743888626,1.1863677514815432,-0.3257374340991074,-0.43412878262745713,0.8395821701721397,1.0956997836024986,0.8391718399893887,0.9589379952377435,-1.2426580615885399,-1.6446270599009887,0.1848303531507483,0.35928112537124113,-2.909506874572459,0.9755741219732448,0.7496290565602329,0.09882751684898322,-0.6901901953272629,1.0698526360658056,0.9378482092101699,0.36979702356787214,0.8490842540085789,-0.8214912171348171,-0.2473453224611251,0.508981938084476,0.5585557540579553,-1.5257350914848227,-0.2695393012375687,1.2106286370071975,-1.19050255316996,-0.39351024030102305,-0.7154065050078529,0.736466012362311,-2.2153695066876264,0.2512431319095017,0.7951338954991861,-0.5096628035731878,-0.1333082925822264
2022-03-17,-1.7871690256587887,-0.02118710783973197,-0.8306405113361858,0.3809338210146996,0.37657339696287284,-0.5057696451521798,1.3187525932559463,-0.8057114214504528,0.9504768706084415,-1.5609877418554188,-1.1255296016561205,0.6235346495443247,-1.1341160666026857,-1.0577707453200689,-0.5287551190009713,-0.7259609481563867,-1.8243176906383474,-3.9587498378367836,0.3505211775884129,-1.109723083976957,1.130612246921268,-0.9979444957219049,-0.9182410131084509,-0.05180680428457786,0.9276074285133262,0.9739028907240972,-0.36971044215637855,0.22796947834945963,-0.6894469815795998,-0.12286077806098908,1.7894644269195723,-1.177383413224655,1.3294295081512537,1.1873790927889853,-0.026871069091132068,0.8218515503919431,-0.11631235102859545,1.1323518688441145,0.2744981940897371,0.13765175532026633,-1.0382057432662954,0.21388549087010192,-1.032501349814587,0.705342412423766,0.7083621205044088,-0.15712023318694146,1.1940721149257232,1.3827977677989876,1.2418668429672752,-0.7635383640517122,-1.6899047319410023,-0.08154876909643904,-0.7769343905819813,1.121395117462021,-0.4364491145499163,-0.21039937449345555,-0.34143648422599077,0.8632320095917672,0.6528498034659798,0.3963475606654864,1.4264985987826182,-0.29805254534080466,-1.3033251620837014,0.985661530350083,0.30897304075009596,0.2011944561371925,-0.16384488910047196,-0.1107970371904242,1.0797914249867817,0.9276657654783033,0.9811370961772236,0.06253328483527452,0.040500105506619526,-0.7046377619680453,0.7097029573597237,0.31972826699729723,-0.18091665686580055,-0.3458219710298932,0.2150793542162588,-1.9088005918972826,0.8095192202256093,0.14099398205660776,-1.5248713584824194,-1.8520725713436195,-0.003867233675444396,-0.012251502214884073,-0.9996486100259394,-0.07368013735718985,0.4767968005215099,-0.5599789410328913,0.7937174045962088,1.2319624299507563,1.1368142405016262,0.3326008943998122,0.41027462971439443,-0.8284372175631101,0.9794771687663033,0.936887868666225,0.9977331146947642,2.659247147317051,0.4157697029423931,0.10789078134554872,0.9311953472352124,-0.3688267673702717,-1.521631785825412,1.3423031184736312,-0.6571985790844519,0.9609704706608704,0.7844657374924703,-0.4949875925887429,0.06806244874730101,0.468735502650127,-0.2049619135757918,0.7648304262375011,-0.3390115011996275,-1.702769595096989,-0.119519683669789,0.8114294098052879,-2.8919968456774052,0.39299089343484833,-0.05097122823582235,0.7396124127757691,-1.5119700224831025,1.009072187087629,-0.167810961423707,0.4840855692070782,1.0006609997420537,-1.414805680594787,-0.686953386902401,0.6604213405437239,1.0920039529527854,-0.1655743691141648,-0.15283477274447255,1.4702716495071848,-1.0350037364723694,-1.7161861773718134,-0.4532376312326603,0.36438982852003193,-1.8443767735140357,0.3662997130453516,0.5284154324133546,0.1670136715871362,0.8375940712357615
2022-03-21,-1.9423673213295738,0.9049012123470035,-1.000716496374715,0.12947743861076724,0.04046341463259221,-0.05088215547792226,1.2124658748013497,-0.22118409863040767,0.4271795263641422,0.29549778879460226,-0.08562387112845798,-2.4906290173190375,-0.28044717827872745,-0.8583822830385418,-0.4824972953613139,-0.46930980089954283,-0.3718624105927744,-1.7688765774909951,0.8088147181202832,-1.7827787301246094,0.7136100776534001,0.6511968907797707,-0.27756649863172544,0.5011561269606561,0.7742175728500162,0.6775527006426354,0.07616494513108615,0.5728399930748275,0.5530070013253934,-0.04671410634182187,0.6897961351573025,-0.008403364881860253,0.7912099453649485,-0.7553230748285222,-0.41528107725937996,0.792804557230027,-0.44319756961608703,-0.3526672636159905,0.7156616378857985,0.20997596064006524,-0.5460263974903565,0.06697226484698504,-0.4168782935082952,-0.06458934649394152,0.7669844440123725,-0.4186405116198923,1.9695914306065987,-0.3098925316381722,1.059082780145249,0.7095105177208849,-2.6431697844019704,0.8337890144631751,-0.9065512098214074,1.138796508748822,-0.5929193278545,-0.1349039476234135,-0.21622040140429286,-0.6685788895274931,0.7637867489257114,0.8063405164400852,0.8641092261814503,-0.010521699995774098,-0.5801274110719307,0.8187608995754446,0.6136369276156606,1.6533300764993535,1.2359352563006543,0.46543964524220793,0.8489139188381214,0.7964740098314573,1.2682157038675264,-0.20279352994638716,-1.4744637995377865,-1.0671284371988419,0.3151195686159323,0.370466686201611,0.30118494063373286,-0.05561091432294576,0.5991650556407886,-3.18351078455069,1.066719168422952,0.17609256998729125,-0.6424565267107658,-1.8478219358623866,0.10844013940016752,1.0629099600485656,-0.9464610626796895,0.8155223574660135,0.7482606512551735,0.5163136691319051,1.5230483725566577,0.1353388020128774,-1.6096734846889986,-0.8440354961863263,-0.13964936175522993,-0.2393193671199089,0.3829422679959358,0.3400326757701768,0.5314695257159465,-0.45227582620371853,-0.7202417210572277,0.6127316627703425,2.274615095421884,-0.5777022500697706,-1.332120522855662,1.0743142108527108,-2.370537428457193,1.6778412906759121,-0.5470147190094421,-0.07810310102451541,0.5461436338160756,0.32764507355501105,-0.4690390284298228,-0.35550527598995557,0.4098448892697326,-0.45618687901830013,0.9899492673384733,0.7347243224962445,-2.6058196868960315,-0.2650432633477583,-0.05746884146205784,0.39634914332351895,0.5531176963618697,0.8421164316813683,-0.728312591136002,0.7816727280845374,0.7311273338658155,-1.726544481937633,-0.7012045039358074,1.7269285814667372,0.7714846577985056,-0.21480770058793563,0.750620780680627,1.1915947464619527,-0.3010225001863716,-1.5215374752751745,-1.3077941332685525,-2.7283169412482904,-1.9951631158113496,0.565078521774381,-0.015718346000725688,0.3875569461692573,0.8379881444942304
2022-03-22,-1.2952940794200105,0.8229089104099607,-1.2461563682548995,-0.1286316493685129,0.5075382503384156,0.5953194852993734,1.523511759326601,-0.10847135734278121,0.6990393327832051,0.1807395736907572,0.5379977651987096,-2.6366000409545545,0.05512695775650675,-0.5142665463599027,-0.3980773763353658,-0.3164094870957809,0.6358899490982531,-0.8696199391406263,0.6439746581398541,-0.08328109525834823,0.4938857088746153,0.6664752916786689,-0.7064563511196538,0.08066734333477484,0.48193086906426685,0.0493783408697166,0.027031024076193955,-0.8734516278455042,1.5668971037551642,0.2779934760986611,0.25128746350760406,-0.22972759739866594,1.3870424337977756,-1.0148098779156922,-0.6464527138053633,1.1537800992594782,0.4472680278317742,-0.2752204009767069,1.8798529182976709,0.3344986832697669,-0.07972328922492744,-0.22751399664003666,0.211106039123365,0.42404114849070434,0.7847472479230845,-0.2014345466147485,1.053148358885573,0.23153628472724927,0.2559103971906991,2.0126887091298395,-0.9765268315917482,0.434161223275018,0.49163365253740743,0.7703030090721248,-0.6934452750517345,-0.3974913359438755,-0.4091262851107876,-0.9315775912584451,0.041804003414864836,1.639335368854173,0.3786517330505099,0.06331396301426515,-0.5963913717784766,0.7893627692492233,0.9224913572413984,1.1535722979064396,0.6531159514042539,-0.02008038631814783,0.4165714581918083,-0.04841337593368529,-0.013849104114162266,-0.6249881980439782,-1.9445775306109367,-2.0065015635493926,-0.437613157537146,0.8022826173123647,-0.47462596383690026,-0.5792871096458412,0.3178034040892015,-4.480191862564897,0.11112800467905952,0.24237631119558395,0.008861717645785012,-1.620810580110773,0.5338481058524012,1.728059622106331,-0.865294313068905,0.47159079271038107,0.8554936968293149,-0.20258509536384747,0.8045594222686892,-0.35010501905697294,-1.3969197738231314,-1.9151886670619505,0.8043755884731454,0.9040970836435563,0.3307806421097236,0.2701596815344131,0.6853466729850288,0.07680204333397277,-1.420990525407578,0.7138454713790979,0.8640443550965933,-0.8286691308695163,0.5416346603399186,0.9274511968823133,-2.997451802556296,0.6667294784922155,-0.4328566287668843,0.6742753316411466,0.06472455680402184,-0.04762304763110189,-1.5755650887262185,-0.41123914814103263,0.46575930466710536,0.6139977391583183,0.4763604038400224,0.8200569167483953,-2.0858988879300053,-0.29258841338145336,0.5001542365144439,-0.1125423615368773,0.531586814775268,0.14337174164164493,-0.6995345747342665,-0.14620203913470065,-1.0293682214089184,-1.342474691318757,-0.9723458429482617,0.8522352770612278,0.4474388501740637,0.34812885303091656,0.8102612791444798,1.050383881083733,0.4412299749039309,-1.2583417590835801,-0.9338781159746967,-3.138760397218027,-0.014674228392256307,-0.1912770589924111,0.7638871423709187,1.6144584350872537,1.4623589905564156
2022-03-23,-0.7445501907999957,0.25635296733512486,0.10436959809172779,0.38511127665262945,-1.644850892487648,0.7809492471156961,1.004896209583883,0.276998193892994,0.6184244328375562,0.3893168221114593,0.7795966648759756,-2.697729016148483,0.4261924822586165,0.3101112940710974,-0.10933245381240148,-0.3462083903514928,0.22123009783399195,-0.6439307263656826,0.5870600095001052,0.43706620245269684,0.7418872025884868,1.0183849505343752,0.0623454555862445,0.6538619753843241,0.24500277932921924,-0.43744603088584066,0.43551415451841985,-0.6630678092083649,1.1070051307045021,0.42828125532637723,0.0067377663090366765,-0.8967089815284234,1.1000079293118945,-0.9228625013544329,0.1486791610828443,0.2290984230247812,0.4981395002142994,-1.8646407289678912,1.2153624000342556,-0.5546496568369406,0.29077655224824145,-0.8693996962865328,0.15663008177441928,0.025572697464214835,0.5859914599099856,0.2263009213771676,0.49030139889824076,-0.19506193990260254,0.6795966051062834,0.7384712575882321,0.3257509561907349,0.43184476472627187,0.23116146412827132,0.286676413731437,0.3229924902756239,0.1388592199113119,0.3611199632739345,-1.741825279487177,-0.6168338177038908,0.7528174701961029,2.765016155392271,0.02548386434439375,0.32842932603271724,0.6669543561707512,0.4680799248438663,0.43383951877053023,0.4130787507715743,0.20548681856416393,0.021964090602365628,0.09285930676760228,-0.17076670080132428,-0.8168772525223706,-2.4653201562590072,-1.1886079623589354,-0.9596808220332398,0.5348918054510109,0.45509865441053643,-0.018551225244513067,0.23834295114316714,-7.610313620962186,0.12726996069934518,0.6475317904212958,0.4941110834871506,-0.19649890675309514,0.28402550542898286,1.0188897903817447,0.32427251202677415,0.8719980300009371,-0.05249406469391829,-0.060598179789464926,0.5148984995052823,0.46474729038409224,-1.6148009783769603,-0.11837824276311947,0.14539029670234593,0.6616861970861165,0.4684232854923447,0.4718148438217865,0.30390872794465534,0.1450726202670368,-0.8998226414168108,0.2935904571916415,0.23648090886540962,0.06008553792569326,0.7253336766162406,0.47720504419163856,-1.3859564466942658,0.05727662387777966,-0.38273688989593196,0.896820351191996,0.20185479577051404,-0.1568980719175972,-0.899990571548058,-1.610705233714449,0.49813723869738685,0.4518254000619231,0.42430101941828796,0.8369993957660877,0.0006491578140477154,0.39084744694589346,0.4889201321895673,-0.5044971939730493,0.44448965008936575,-0.28059688570381563,-0.6829077345101543,-0.20612411900144179,-1.0061074350375019,0.17836802549552622,-0.3154835453558592,-0.5063067822656407,0.38195590382563344,0.3856263807084922,0.48847428355429595,0.7025825122618142,0.3206991844364562,0.2495869488599397,-1.3094138835589193,-2.8901336940204025,-0.2765496390880694,-0.29695240863858435,0.3356065631971279,0.0037285377861127436,0.19531096801025422
2022-03-24,-1.7254729934297477,0.06216823056740897,-0.02211623226207075,0.5483747805635406,-2.0601087122472164,0.6277333336836333,0.4959751813672379,0.8878350340798306,1.06021044850905,0.4287328372984806,0.5096164190057227,-2.450461889377002,0.7097455648257078,0.5838613085522777,0.41351540413079546,0.29840398212367514,0.3126944755031015,0.46695589938695414,0.5669854293478165,0.7219079027790009,0.5341637717896226,0.5204504163139237,-0.4517172431620576,0.5169481679349183,0.18740489496838078,-0.8843027272230447,0.6202015394332694,0.39756795422183616,0.5296862940828008,0.4161490029351056,-0.1797782409918968,-0.7853167017629694,0.411345836249353,-0.9147288125718824,0.04946025685139947,0.51343785334613,0.07471319299572855,-1.3657747621728324,0.5192381425983643,0.14824459422468178,0.46839850295403307,-2.508956851252163,0.6675869719888147,0.11157931256383488,0.5904924811780332,0.4765532968712527,-0.5557114849078933,-0.8966400640412879,0.8641567645377984,0.526040280362284,0.47246362213028836,-0.0034392268523063285,0.10068409138475609,-0.09864327869366768,1.4156373992665776,0.5341637717896226,0.1941297131284113,-1.8839748758814645,0.7098580724256436,0.7577284910414974,0.04124155236766925,0.8573251450891871,0.05481217058437249,0.0634999448703029,1.0112911468938592,0.05314883261956467,-0.25955221750495244,0.42709293305724744,0.0608682460336677,-0.21187321679130805,0.3006571512254405,-1.174244580826026,-2.474634807096825,-1.333951762691114,-0.4582958238831933,1.0618661545515509,1.6611020596074446,0.20630280622593566,0.37506183690173506,-3.730113037908477,-0.3139171588079667,-0.6555762351742568,0.9176065722650664,0.546286433321639,0.3487263894733834,0.6926127881488658,0.9382894924669983,1.5727758184688854,0.04450020711355404,0.7882407380962836,0.59975177912488,0.08855230580863828,-0.5123458611609537,0.8984724975427464,0.49134099288562816,0.5022303637466339,-1.080270012563962,-1.2765164877707251,-0.27091659523804407,-0.9019545291382571,-0.7803568837777846,0.8754827117883964,-0.010196380270298157,0.3940688203752223,0.6832531011707214,0.584443870126494,-0.0807365449406738,-0.06176116069934295,-0.34393439769035583,0.5746435411791888,0.23176622481068362,0.49714347562470823,-1.1464740847387596,-1.4953271301424798,0.7838094663650759,0.6827741245904928,0.4864609599578971,0.5609996739143245,0.2960437151890107,0.4572298550256596,-0.06322394914505085,-0.9503933493206377,0.8761839320925408,-1.059759957267183,-1.0414000025447077,-0.46544808722844067,-1.6589810687806126,1.4828609948105005,0.42932154830028046,-0.4651247396639558,-0.46724310179147877,0.5305978439680933,0.018625912753929295,0.8529119181269688,-0.4525937949537994,0.49004863416857086,-0.882228992494011,-1.187287089420276,0.7260945138777991,-0.15060968038861355,0.6704129794397095,-5.909936015499994,0.30228773670547043
2022-03-25,-0.3022879248962764,0.29416407697736296,-0.7337340330328664,-0.06716724318242813,-4.476817001266492,0.39050908547745844,-0.055168923693928285,0.3736203474862815,1.0322528255565142,-0.19099813959789289,0.1258525235135102,-1.2277869610165306,0.45023822788945966,-0.26104095524493776,0.34001014088426684,0.30289928668607563,0.42217161935306435,0.019020230326470124,-0.42534364665564883,0.19726829764386747,0.6249385579184298,0.15231836212969996,-0.224410526198013,0.23792514580297117,-0.09990190447949623,-1.2020592881287289,0.6219840959539553,0.34247817490966864,0.4833590645533564,0.3999911546656821,-0.7270138685748091,-0.7601026494060557,0.4369320824832547,-0.22995777970938772,0.49289903060940793,0.14897184765374288,-3.6111771564566286,-0.7082762873593059,0.5829974924133844,0.39985029946834144,-0.5077780643599632,-2.4462935329660462,0.8249937313580673,1.1001138321509125,0.5539622631715571,0.3977675325696433,-0.6733679537674542,0.041709240069454076,0.5302497707871487,0.8201250412282859,-0.8579263821219345,0.14229831319999012,-0.03707999970052012,0.2640901498633745,0.6534925825691938,0.568825487452318,0.5797756548525775,-1.3719956273197362,0.8558822724130618,0.6048491478268605,-3.435533829872187,0.6188857105003793,-0.40089082450680547,0.18916642237709783,0.595255752833937,0.6588655499047551,-1.7186557700537244,0.2600321738912746,1.4083682790280705,0.25089216139603,0.3459935366589277,-0.2686142016438572,-2.2232897056640715,-1.022652845841588,0.22732452065679065,0.3701962552777827,0.37432819188909927,0.24233924634061974,0.4971387135184479,-3.4365329712481603,-0.34864922681450905,0.26374421507465245,0.4440278094880391,0.18830189903853364,0.9271009264507455,0.6756173467241564,0.9744808892772435,1.0384283958851483,0.3744104531690297,-0.30078323378004623,0.506124788483645,1.0627872910731488,0.5309881923415651,0.6398436889144552,0.40305119148113927,0.7268312797116487,-0.9316905978053082,-1.0889582535709603,-0.1020116425069576,-0.3009551693251737,0.21101717000617398,1.0968780103478821,0.27972778480716914,0.521931446506344,0.040102366394079124,0.5383457431004387,0.7306766444280403,0.0911201651765068,-0.9852151144379223,0.47631846792993854,0.4063850855198823,0.4886313265622507,-0.6959496250195232,-0.8911102155008761,0.3487870146831542,0.4275038746842814,0.016341102148325376,0.6759715012879598,0.25123301418724964,0.3964397244122003,-0.23298993908111285,-0.4829475928998295,0.6975089467038916,-1.2234339495026043,-0.6204103815019029,0.19590335807053172,0.15869759568669684,1.5195978928226388,0.33820892971588357,0.6154464741686358,0.2544626918401998,0.6892098586824297,0.09329496835516592,0.9629209889516234,-0.20780371682438545,0.9735005783665632,-0.4542876762035889,-0.2871688485888353,1.0543421782220062,0.36784790291229186,0.525800358181797,-4.678771043757188,0.4875271889680075
2022-03-28,0.4213876449440137,0.3114722546806752,-1.3578741484748043,0.14187906795142927,-5.636095158583169,0.8764279948703642,0.031688240526656385,-0.008683116845616498,1.1493543522581677,-0.36795390518916454,0.26762030713434143,-0.5227282394526485,-0.4206694907637169,-0.6286735556500627,-0.0354512178731819,0.21655110998405744,0.2923028540659129,0.3375221662747657,-1.815093683413835,0.22337646008720108,0.4531507745541488,0.4566158837908283,-0.3356924775742887,-1.115027387104559,1.0344243485252638,-0.696071041053697,0.376583847426039,0.3746440900465285,0.31581712954260716,-0.32760232077669704,-0.9233514332504125,-0.0559380689788683,0.20796178525949496,-1.3022137013630848,0.9263641140149563,0.03184246695632373,-2.323940677486242,-0.7335068375209473,0.5974521030232594,0.542031356329581,-0.4233003091321428,-1.29584304903621,0.04020844011415303,2.1474358859409133,0.6444460786119597,0.020853685113583192,-1.9849896070756319,0.5850649186730649,1.0099945646881225,0.272521233904762,-1.1526665391278277,-0.37140282103674516,0.281462478552939,0.6494130923635051,0.30571229640660275,0.7384708344322097,0.3228725649713168,-1.2110290434998219,1.0001331755200316,0.08458130851794297,-0.550005238347562,-0.07439454995550025,0.2986951587476664,0.47293993744549623,1.4091187541360475,0.4867044870533502,-2.232715067560358,-0.06567846951901116,0.0681365438098945,0.31034410649648897,0.22702302527396226,-0.512805413880518,-0.621798918710108,-1.1367945839503482,-0.0643797649774969,0.877186550017586,0.2135350717708974,0.8794406599632901,0.4863088510437448,-2.0795587430840414,0.32374656778958855,0.253501069015824,0.12543755522324254,0.2760678863945045,0.309777048119263,0.5394468706624819,0.25217123533229285,1.6023398926879562,0.06808219746477975,0.06704269882012891,0.691848483151871,0.7008106726578898,0.12619943132715575,1.0427022815461002,0.9725023462466114,0.8702611266365513,-2.05964341918896,-2.3103211381124242,-0.10759917368080739,-0.25782648259368,0.14247802805339851,0.5147873302375051,0.8007170496153124,0.624156459426436,0.6251775565851478,0.1706383930611462,0.8727966015409562,-0.20821579696597428,-2.327901437216676,0.3101640882286831,0.97179920416625,0.6199908957036587,-0.933813720622393,0.2893026307676592,-0.27450246437194453,0.39947022937666526,-0.3808149594653074,0.33814306911630426,0.2850747097036826,0.15083404493251779,-0.09872896205937938,0.3007141089288865,0.20181755758382347,-0.6379892161767688,-0.09521523998663375,0.30031050425814504,0.4436154854640098,0.2797590113060372,0.30612565778242673,0.4853712579556015,-0.10058998643081106,0.26021774524217106,0.7240017969247059,1.3171298180112694,-0.48112348526945137,0.8553538468797611,0.3228034336073688,-0.24894456059556277,0.7561963332579078,0.48048602270289176,0.688492014516984,-4.4259950527708565,0.8542173719268015
2022-03-29,-0.6651631746960752,-0.7181919058034156,-1.3167439948805324,-0.9644004406885851,-8.736577032790164,-0.3607876183223363,0.4466196587889042,-0.05433122982263126,0.5579456283276447,-0.25250901992060976,0.2172120186214583,0.4508588580920282,-0.36160744544652695,-0.49030560662596595,0.1495200419241345,0.20562553291450492,-0.4625101299442039,0.647813685480024,-1.5058538488022477,-0.11519723804806474,0.1457266268327367,0.1777302469389558,-0.6010723595092045,-2.023454909971276,0.923765174454787,0.2138909532420957,0.29334975329272434,0.5802051923667579,0.34405633908817235,-0.13242134817307452,-0.2610933057940854,0.7363870085449074,-0.4505669258458182,0.3341985413095896,0.3341997957181843,0.28641418359596577,-1.1664811443771663,-0.7632246789586611,0.4461811917325318,-0.5092873806786253,-1.1941492960990243,-0.16104601731950918,-1.356674692912632,1.5851966008770275,0.5367408404985013,0.451906846267597,-1.1974263820713564,0.3508749058440028,0.2888894500703556,0.049420076318180586,-1.0662028987184293,-0.3558339659366513,-0.025811549728054942,0.4312374409290335,-0.05585989220548286,0.10146182035290385,2.883938156218845,-0.2750797171759182,0.4133821456120944,-0.0014693814382811014,0.20595169766659177,-0.19138769067472627,-0.8632135062225641,0.7668374220926131,0.900389106760693,0.2691407294199049,-1.6139118483794432,0.3243646870281264,-0.726233104269209,0.2040681577695948,0.6225410838385216,0.22454690485629772,-0.7644037532070024,-1.623615047087918,0.29347406905806495,0.7849774002603467,0.2484329564873512,0.4351630178841649,0.43368963450607656,0.21491146116480067,0.6955954692119355,-0.06311545991896536,0.06565321324631937,0.3761668553676617,0.5633200156035666,0.052669684692850806,0.43143344840856485,-0.2536140854064922,-0.4484672566858392,0.04648325412911375,0.6489337574537156,0.4469490711969811,0.5952890567592424,0.28535921792758334,0.7689567076258809,0.4277725185294199,-0.26712065668828683,-0.3404645602456184,0.40452857316401714,0.3815019381390986,1.2691245038744563,0.068694217551533,0.39778073992213503,0.8822521959305402,0.47882693791295866,0.8436045165754468,-1.2384880713047537,0.2185126511873946,-1.2934042733351503,-0.1301772009693898,0.9201642916306436,0.5390316385608521,-0.29966279379735106,0.781396114684046,0.06439773015592459,-0.18961105954394417,-0.4984981807785653,0.01458821929449834,0.19857672807533347,-0.26515901363822025,-0.6399596638841973,-0.5744785888393008,0.24144429379978694,0.3020856830200897,0.4353114202532291,0.47319403501774837,0.4996696913409119,0.3758928106922684,0.35580495164613957,-0.4948369535959953,0.07177530146372436,0.023250821340409,0.6582524409590474,1.36876626761684,-0.8914989352968241,0.9013012014592299,0.4435811173266825,0.4226970910323779,0.3594332647693712,0.4260175200906031,0.4558322700852222,-0.3148242205770866,0.39236996527866325
2022-03-30,-0.2106021884010657,-0.9890557971307607,-2.091627330812312,-0.9812028711345241,-6.57624304828951,-0.275715619579068,0.6724201806056468,0.44024730552938224,0.865965905828629,0.04317246612797328,-0.04821296595902914,1.513247435986836,-0.8711277366753511,0.2959432677796015,-1.136402105843364,-0.767664330037243,-0.4072203350221951,0.1954521088392644,-1.6180472817162497,0.02565636831694348,0.1395877289558996,0.06733398243714045,0.1430465942844554,-1.545972403514064,0.26754270335838076,0.7460154370507431,-0.4868475944816736,0.6032147262893591,-0.021717684240669242,0.12660841437005063,0.2625501336088527,0.17262900403239598,0.1754088210948224,1.2210001161344202,-0.4905372124885489,0.30500438260530255,0.10775014156935904,0.10917643679269433,-0.256667782156651,-0.15322600799269717,-1.5112646565464085,0.31228970866213546,-1.353288229805867,0.607039956642241,0.47879992507077734,0.8257576771796017,-0.983340494666205,0.6116141124397789,0.05788192895108813,-1.5605506872781731,-0.632746981378674,-1.0394632852405683,0.3914866714642561,0.6655168222483766,-0.5588276059632594,-1.1435116356168251,0.4448937034340961,1.8807118024489289,0.9225068703408431,-0.39083940071510903,1.5924466538488602,-0.8727954602252064,-0.8106026175640654,0.6742784663007764,0.13820387155940364,0.03963117402688897,-0.6454309045170735,0.6592894433019657,-1.6515692914312037,0.07523067731382448,1.0392649769108717,1.2123207233285764,0.6734929268067031,0.6463922247932642,0.6930142815251354,0.8507314874093708,-0.30939597777908834,0.6975602625376149,0.030513172006866696,0.6135177412923405,-0.9330670678586802,0.8181948384573079,-0.7607946090275565,0.5893208991730072,0.5389882934343606,-0.37413027684342626,-0.2081087194595255,-0.30849176540515655,-0.5193008276627527,-0.2154093497962594,0.6665496846457151,-0.018124844501371504,1.8912250403022774,-0.6294769262130633,0.6121438195730108,-0.2426372176403368,0.14586997941290714,0.07221855405721242,0.4841317517580301,1.2661084749879663,2.4831699725057454,-0.8434286924425247,0.059076826697263295,0.6290555752715233,-0.011122961232456345,0.6526973485441862,-2.293587105357155,-0.5847864545352384,-0.5584239157751862,-1.6355718504876677,0.6363647141001563,0.5199297113353838,-0.5547525524460932,1.025198847922362,0.31738449707261884,-0.7533631751853181,-0.1827566481022765,-0.5446907874412249,-0.8080426151614952,-0.009283265110272058,-1.2228857022101993,0.07619872309761623,-0.7541407551422303,0.2890625086397519,1.3549924862685245,0.4059434968918957,1.251989922769639,0.6839892493932,0.3842926140695475,-0.5986153625167396,0.6167038305966552,-0.3292246130801875,-0.4650969710350565,0.7828134047709835,-1.161869079521513,0.1802071435131739,0.8695465970380828,1.6800574227991363,-0.11402427045066918,0.6659600951041519,1.4743360127383256,-0.04017191319588536,0.6100145586552155
2022-03-31,0.16738454293449587,-0.9595233082458022,-1.5988374584252216,-0.986744103807439,-6.984049950993969,0.36569141707652736,1.4461899236475986,0.14103959281940365,0.7592700324248794,-0.48248088636872544,0.18989668797222464,1.0800711970297299,-0.7936650923527062,0.7454589462624155,-0.7034934374398639,-0.7821508591575723,-0.9133037289977932,-0.709191508064655,0.4685559188803617,0.14198049457961093,-0.2446930161995319,-0.08608518180259071,0.5581742971359609,-0.7262943291141011,0.6896850442240922,1.317516284412153,-0.38741651409405353,0.7058182594599175,-0.7071659985617357,0.6324791190750391,1.2325947931867134,0.6941653289065207,0.6637723437538691,0.7266937751122798,0.13836948803745522,0.10899267408512503,-0.5869271113949266,0.07608142299625285,-0.8502701085571442,0.8404097220399183,-0.9635687772178801,0.7123070330947309,-0.710729785002834,-0.28538465226901516,0.8081000762684634,0.7018512941081811,-0.5034574198346097,1.0456008750748118,0.273124023857803,-2.5484458435802178,-0.3666447685747344,-0.684545813581319,0.4555333569558798,0.7372228528564432,-0.33613713165588316,-0.8067783088016214,0.07819179153729446,2.4900002202228815,0.13523655158787748,-0.8408199325175896,0.7016865329446521,-0.5226299745001347,-0.4693474530015757,1.416535012930192,-0.6837339675798075,0.08947729398519125,-0.4072654995844758,0.329183544108574,-1.7969496060847059,0.06358354212786126,0.349999203104254,0.6839025744859802,-0.27716482524428154,0.0514882766140388,0.4212795029899743,0.7965852747534181,0.04276696661828239,0.7645512238532908,0.2171241004585786,0.75204581252769,0.10446265645526427,0.8222385831042651,-1.2251607925108752,0.46674856382186936,0.8625237983396794,-1.4239490484129287,0.03823847777150613,-0.7814805802175518,-0.2829351583088708,-0.3991309995758543,0.8713004713645254,-0.44955509967431956,0.2146898489687781,0.3880262124436337,0.8162162508596845,-0.386634104602482,-0.2850914646711638,-0.3936982284466551,0.6305540042304846,-0.555039709336128,0.6361932484525233,-1.9428806631262405,0.5534270716102385,0.7040309614420895,-0.19356929636399836,0.7097094154580931,-2.2075960714359977,-0.4087695387483749,-0.8160782232612119,-1.402316017261664,0.39202247286688174,0.7091627269327623,0.44925352143986125,0.6644684610276317,0.6838297941773592,-0.6189716053718295,-0.060323842526397935,-0.920451357091411,-0.2947631387450399,0.2997767821645899,-1.1897058812221757,0.5814425974082348,-1.2732035751578392,0.7938637340671683,0.758153798770027,0.3678899322973055,0.7143883551348704,0.5295482061418624,0.6167251670157594,-0.03438421525517142,0.4677943209900948,-0.5316699413841522,-1.3391986392882926,1.2898345930284312,-0.8440843192791797,-0.14044446756247442,1.0113503979180662,0.630563136757128,0.6399854428712914,1.192797244222389,0.6979545010079172,0.6270958449242177,1.163053492841222
2022-04-01,0.8933773417590313,0.6670484369370242,-1.2438137066443742,-0.15941528830549104,-5.98428602078971,0.38590937974401857,1.4383872135038476,-0.09105002087954486,-0.24405164297173984,-0.4649142541682292,0.3704163605470779,0.8709695991276121,-0.6299714349450825,0.5896318687789096,-0.14851364735864772,-0.7594070281939127,1.0532766173852102,-1.70837382200278,-0.3269296784346968,0.30606107352408435,-0.20768438248649088,-0.13916746171568323,1.2738718428916662,0.693779074821289,-2.1571821855485194,1.1821718905813214,0.04281792193812753,-0.4221584304264256,-0.29223658229887606,-0.8006858927199307,0.31707613834991194,1.721767853563062,1.4442572825874747,0.6667952216840288,1.1669123729016855,0.6411967498894848,-0.5837540087410981,0.35581910336480455,-0.6907936750738541,1.540643851115978,-0.23391389611331873,1.4170365987393474,0.7059432599074348,0.1723390708628754,-0.09852651892375001,-0.3843248950559048,-1.222252206355659,0.7251060759755295,-1.1625286450158698,-1.8991609102892142,-0.12288633248303164,0.14942951409345603,0.4317785293588112,1.1653389688430515,-0.23758556155288332,-0.8622270753836374,1.2552329781253844,1.3555764061202191,-0.5221575153785897,-0.5078788726885956,-0.9062643365146784,0.12615671663005612,0.07012885619662756,0.17152721703864285,-1.9935985602461952,0.066432065823004,0.6489399125731928,-0.35467623016547384,-0.008476669060350005,0.9322440727040157,-0.32059978815838247,0.8843350358221757,0.5043595273283233,1.1073668881502337,-0.14007358434927436,-1.1190881104398274,0.2514835671369046,-0.12408295961986705,0.33335097835717253,0.15876122314139524,0.6160082745441211,0.4534620068185426,-1.3582239594985972,-0.5444719771830699,-0.9782894137375028,-1.6352708181104798,0.12137953158985566,-0.8750024611598723,0.2705910447900733,0.06280427548621902,0.5896211076584672,-0.5357264751342056,0.765138067941384,0.2130858071174035,-2.666323626795951,-0.16689507942042608,-0.48717066507324636,-0.6696896357632395,-1.0362076909359363,-0.0060724981158926505,0.2818530746126779,-1.014717317139716,0.1907938064051777,0.06322293203113791,-0.08338652925060844,-0.1517386607526842,-1.3845717854971344,-1.0929414422148425,0.2924336557337125,-0.5723636236128407,-1.027971916124101,0.09782985018046653,0.8438357519081434,-0.16644812260998876,0.21604132627867242,-0.4224579131081914,-0.7273134032942966,0.08701535287220655,1.3112972449503948,1.3444843470060934,-0.6308771915812326,0.6771018740480278,-1.1123632065766713,0.27486629968413545,1.0700634755256728,0.7979948308004042,1.5823132543458738,1.400683608506139,0.6431560806418873,1.1952347667026988,0.3516609782873254,0.2739926797644038,-1.0182088463144172,-1.841118148305942,0.260714124982946,-0.013009517473959837,1.0110413899271202,1.009396309677808,0.7672707676849494,1.1424092160481285,0.18214661106368177,-0.32646494436561124,1.1039903171098233
2022-04-04,0.8266658138483511,1.465317162042334,-0.057053346155567355,-0.8025698513169249,-4.837940364817028,0.28479784633375993,0.9750508552827019,0.0023705222750788923,-0.38124264938932084,-0.44119441132232157,0.857199414978073,0.4626426913802668,-0.206451930958996,0.5116414285590312,0.8635791367710763,0.07990005581131489,0.9682643770182822,-0.7286390472161453,-0.05218921908124219,0.24394915424069663,-0.36535520567012447,-0.052667055911064686,0.99854121720935,0.7372660597780266,-1.8118249220986982,0.7567389461765457,0.23984594121773573,-0.6282626743281832,0.003550544735861178,-0.5805090338074345,0.4367436568091423,1.6657059625727137,1.0086098248224575,0.5062325611380509,0.6096908941850041,0.633526748398201,-0.14322178310747574,1.0610759322272894,0.1527205381708916,0.5995925859733163,0.6224893726227755,1.154614718491915,0.9043531261870822,-0.8632120907447655,-0.25645858143851835,-0.35134815090508803,-0.49989625745887656,0.46077405743454314,-0.547837377784453,-0.8094389665048166,0.8921289911684673,0.8722156175422692,0.5472568832150282,0.7205571572568206,-2.5200045710976555,-0.811275838832654,0.16795386617252006,0.3622639306460176,-0.3762891891631421,-0.5250342126373936,0.008859150113527578,0.4777935513138092,0.697793999416534,-0.09803161111759506,-2.505407358465025,-0.3365439375408841,0.8399690697834896,-0.652846366737585,1.1768781085494318,1.3931880813926745,-0.08790706998068684,0.6779770304710817,0.19148742825103224,1.1916341932003605,-0.6955763306053468,-0.8525508395064959,-0.24779073230914855,-0.9752411850554655,0.18814093983652075,-0.5113701049301066,0.43330255803053497,-0.43603612895137467,-0.4443353342089986,-0.7244473008740211,-0.8607501891732906,-1.2967667078818035,0.31754620065258865,-0.6914370783803925,-0.5752484243243349,-0.007180112964809947,0.40119121071033326,0.07472345367234812,-0.1686513422916345,0.06472169387413983,-4.506513207373526,0.2194125200676944,-0.8510255499071132,-1.0852741506974433,-0.8541556402706053,0.47501390414955047,0.449260279386672,-0.18533186733332022,0.5562800656175821,-0.47822758551762873,0.4969454716105016,-0.3600525182843719,0.38258075982378154,-0.42336971319321737,0.5881557986538634,0.3132833268687255,-1.6851346291531861,-0.7901473729669279,0.9521210165503341,-1.1890693614851457,0.14847093281447388,0.2467659485880972,-0.21498922174064838,0.05999598296148802,1.1631277368034083,0.8939587701665415,0.5351582005365566,0.6777360603971078,0.20496281057166355,-0.38238375720678436,0.4669717629163347,0.9556129236611788,1.2533000187952938,1.3907547953183204,0.3672497775519016,0.8760720765753819,0.10877078792543106,0.6326070988515345,-0.3683058123643099,-4.2706265630284,0.5657633922776206,0.12618385370908347,0.9394110903427995,-0.2528140921680318,0.5616405032184123,0.9837768204235835,-0.7355294164616422,-0.3362596433023655,0.4048662404049914
2022-04-05,0.7995352015753455,1.1308726825004602,-0.6085775538720672,-1.4678316568779073,-5.3688139480019705,-0.1701130877627473,0.9501821150801788,-0.24461697735352442,-0.9018278595970524,-0.4607298005877164,0.6419516678921617,-0.12298542751633387,0.2849962023674665,0.10661024464779968,1.5635087287279148,0.6753759599679405,1.0010416965046838,0.3148311083008813,0.5245632026629268,0.3561165445022343,0.07357866529755593,0.15101712393644137,0.14957316908290566,0.7129947294955448,-2.03426798813036,0.6111997700801077,0.32163948495681816,-0.48184845186932834,0.22105857592627132,-0.7374999122458642,-0.616396027105771,1.1725217199657496,1.0962115479934962,0.4338510646031071,0.4954756118822764,0.3233423535658649,0.5263985321959862,0.9943486631896605,0.4193365912129637,0.7843534286940672,0.3077588376637519,0.9524248164297797,0.41804193620405566,-1.725805803757639,-0.21049298167451255,0.9325381176681578,0.11605693480024154,-0.20205726542937708,-0.6457335602188138,0.13640703139556568,1.1925524360987234,0.5878501896193085,-1.3429454016983058,0.44282269173333294,-1.2776974154685006,-0.2805555341916104,0.3091498313467568,0.36249309528029455,-0.4440006871551343,-0.16577682472769772,-0.23725904647299415,0.7663474873468504,0.7764088692178307,-0.3629412631315561,-1.4824991639733587,-0.03558772292547665,1.2518517077494797,-0.017553875201549992,1.2543433615211843,1.500120367596514,-0.0012274363988305655,0.15729977779202445,0.2623568546093664,1.0434382481585356,-0.8308053695372433,-1.4798231525450554,0.5282993296229181,-0.8066072437826003,0.16700782117087987,-0.6371093162894106,0.41506080377535187,0.1433880891303107,0.03518960716413554,-0.9063588424449021,-0.882696374128764,-1.1731649547967562,0.5503524244095397,0.13366242965698388,-0.4858659224447534,-0.07196711724148279,0.11520329153418409,0.37072818184727124,0.05939233515024226,0.17637109230726933,-3.5446633840462707,0.1071310734438937,0.009762725887651225,-0.12679314233571262,-1.5971052272773423,0.8800885998512195,-0.240517810697379,0.2436810527714786,0.5924166712413306,-0.6673635610432482,0.5401047324168253,-0.34308301822488474,0.5059165496004724,-0.9116555230267589,0.9671755307616109,0.050196675084448146,-1.2315174107539741,-0.8441722369485846,1.2952027606193675,-0.8902167208354156,0.30996687374802434,-0.08330549076251112,0.23865020411144644,0.2889632307483393,0.3660863672927098,0.709104557416171,0.6881138281285509,0.5598775072706071,0.03166149680312023,-2.3798194506595114,0.35481070122144676,0.6088207575889704,1.2078846121317621,0.8702206957874964,-0.2868405056373905,1.2202435505970792,-1.1586783971954544,0.6401304863861913,-0.2708122874851777,-4.509175251272664,0.8041034957472886,-0.13921693279719305,0.5023062726786894,-0.03702560228801618,-0.10132200820191059,1.1427573829720343,-0.4368228966054248,0.4821717487394806,0.20319329879512393
2022-04-06,0.9115873052565296,0.8945672739967071,-0.8308857040187382,-1.5197535926124062,-4.88426688537632,-0.7073630900311221,0.9651442103065845,0.5375805572295492,-0.1573435611761584,-0.6196892527695415,0.49996274530173596,-0.1467395864413302,0.8685534307888553,0.3055370728314288,1.1230434806172545,0.8939090874820249,1.1407479339814603,0.8181322391825943,-0.3850194471195331,0.5582193052995656,0.128634959653108,0.1991726606795197,-0.1516190957178131,0.23777416664396075,-1.1631659259341662,0.09267187093469878,-0.025329731422494665,-0.29316793946173986,0.4212019679066467,-0.43379482426045807,-1.364690916261795,0.9429599765598113,0.6128447414859036,-0.3939554571344706,0.8577349588198943,0.10694451315760087,-0.47583092565759405,1.018722718662208,0.9101632489251358,0.9615328199645884,-0.08542666500269099,0.9884027091417127,0.28768958105793974,-2.283027410819356,0.26918392592946283,0.5802358211536425,0.41934732294490196,-0.6938299325193796,-0.8913245254081725,0.9283508206448986,0.7922424184036553,0.3911400191917867,-1.1386029232481536,0.9166980348442965,-0.09556135743508258,0.5170856071167427,0.07019035997265148,0.37128954373159806,-0.9115015072748759,-0.0670579639725987,-0.7936448139639384,0.6907954878125988,0.35957151686560906,-1.3604762514770399,-0.6058386776030206,0.7016859608504639,1.064152677962582,0.7553142544886149,1.365720976893448,1.4218370332308305,-0.44682163450121654,0.13275569119494787,-0.6588606186325399,0.7627060723580175,0.2689018829671336,-1.491371322733859,0.8410038529691499,-0.5308424900256404,-0.1843519696073407,-0.7074195645698782,0.1875151806644485,0.5185340522126408,0.7678550551288271,0.0928572923222628,0.0553779289832094,0.6074369086068414,0.6759489763216293,0.7083960417460671,-0.1271639210592577,0.07018502409028655,0.2938752548551329,0.6075033354728376,-0.9891217421811728,-0.025733457858433156,-1.5337380829035314,-0.24494425905597636,-0.21346324458802488,-0.33679559566979667,-1.4539142320782614,0.9699834814301717,-0.08292397697342892,0.07998422384049676,0.54153801675812,-0.7024772815365878,0.34273039695663876,-0.30557519061386834,0.5977283296633649,-0.8501153218522132,1.0712250051663714,-0.356576372285206,0.023144396698541965,-0.801446747005852,1.0404613357663153,-1.645332502889562,0.4334662629166766,0.6674789475755076,0.7957604552297489,-0.20354659888591753,0.36281251620191307,0.471757392525446,0.8370587010105125,0.4646375276972455,0.05404629894384709,-4.057521954672266,-0.3547308478218352,0.9458471766056676,1.465605347504563,0.7213024398348935,-0.1773745462669337,1.4666614370738735,-1.4173155849437316,-0.0009995820181963877,-0.1814497843953081,-2.7980670514170054,0.5968528288439456,-0.1016047054516597,-0.06365744216793692,-1.1484698262268636,-0.5774872146013046,0.9544673541445474,-3.626671595419151,0.9160418963461646,-0.43292740950283876
2022-04-07,-2.110378481908671,0.56712118296891,-0.0807687859948802,0.3238102378279537,-3.159069026078712,-1.2328661155319938,0.4061585446083155,0.574823734755506,0.15582775949268643,-1.1271990069239384,0.15600100553799304,0.15067671330052554,-0.25681037905572185,0.17522752943069686,0.949661966821641,0.8925850089790306,1.0390875345260386,0.5658520218573458,-0.5057817768739247,1.200489218872182,-2.1540803585059307,0.4311580540119787,-0.5297025197497424,0.5906032567607226,-0.9552026769647455,-0.246164758198914,0.1658537816668065,0.42431014063614214,0.24596076559092359,-0.35649339996715684,-2.6602029201649717,1.2231079573469206,-0.0032549383411513565,-0.07060919755098875,0.8120604749682573,-0.049908784019440135,0.46175868599942366,0.8124114731298899,0.03277177022008952,0.06912673358618344,-0.7755652271604284,0.27678246341751583,0.08388455488265273,0.551141374088983,0.1831394965556706,0.615086967391936,0.6312151721529207,-0.9021926570854407,-0.5423922147260828,-0.8244489441824593,0.7302843522871498,0.5319348467032798,-1.603962992037571,0.530732971876043,0.5746867076415757,0.3294154192658762,-0.30661578463068695,0.5725092785073846,-0.43501722480879584,-0.21979655897851658,-1.0405211964402146,0.20591524212408008,-0.39095174470986593,-1.8452040845642514,0.49094823233678825,0.4593909140386427,0.6266050049580946,0.4655109684618394,0.5785300108224409,0.9442203449097206,0.14215812639373446,0.3773067377632236,0.12229794179437842,0.8122318687721776,0.5526244121400502,-0.9972045860644346,0.8145861358250395,-0.571711335523448,0.47385015089240545,0.3941574739835627,0.5893209827486596,-0.039652675177233795,0.31195699161228724,0.09171373722597355,0.0397997802415206,1.0188669687150929,0.8787245909912049,0.4165484257637129,0.39831011422913704,0.5505254845572434,0.5573892712131571,0.6107573177243686,0.47810146132038595,-0.6006444694061801,0.3711103419830755,-0.28718624096123513,0.07044781532902782,-0.0004747459813798292,-1.8177542179229236,0.5036089482407713,0.43553291315589887,0.17323258533808641,0.2998810924203042,-0.6263850966329344,0.6082881774016461,-0.07327167958626402,-3.039055120146596,-0.13957208936098595,0.7973342750703067,-0.6392775112448619,0.6196421272643011,-0.1523541827257756,1.2022716030735885,-0.8496360097867981,0.18488601480846067,0.5774214330705395,0.4892038564242488,-0.2535561308895287,-0.1836316148708285,0.274319846934718,0.6727059919787352,0.8319184321744435,-0.12974091598771753,-3.248316932707736,0.2514541251549227,1.2449410477050478,0.5807083656622586,1.388843224699133,0.2887689608622301,0.5755476699853084,-1.556158154154861,0.300185633929575,-0.7132624492020062,-0.5683754422636476,0.5038198554023963,0.6026303346420632,-0.3341293567332599,-0.27733025325225,-0.2116897462569458,1.3282396492023782,-6.057037252031778,1.3166713921232593,-0.18065359923580085
2022-04-08,-1.6232993899222437,0.06266976372971779,-0.7422399433452439,-0.26844023514176546,0.4457978885012477,-1.920174382365028,0.10457946345549697,-0.33153912897871957,0.5125559396271168,-1.3520140835204653,-0.1344463513118375,0.6010685785749632,0.061604805284585715,0.6142105743553166,0.6336004153904786,0.6069727180479874,0.2280978459376684,-0.32419504463017734,-0.7961585940440504,0.7741919123522556,-2.797048217298255,0.15402882241322574,-0.4814442825864629,0.8043411357109089,0.16893554337639405,-0.1485824363605047,0.37248299340321367,0.28255239292261725,-0.06857952401629813,-0.22837788031409229,-1.3785572999993667,-1.7665215752254317,1.1211379163814312,-0.6669986977171484,0.9266953894054311,0.7779921031322564,-0.43230733279725847,0.30679486800801514,-0.19370570379415447,0.13436964301640875,0.4400363877159656,-0.36752098137661743,0.3124668153115912,3.003029129428392,0.042992060324304596,0.03386298592690386,0.4008665912599094,-0.18022369478769523,-0.33920384992123115,-1.540000000742215,0.8235714842236428,-1.3566542579461296,-0.296351792591524,0.9408336963611001,0.8402434418369285,0.3084888184141756,0.1486470483277975,0.6598581045087635,-1.5780873006724034,-0.0927455779706293,-1.7505774557310951,0.08639965743622233,-1.1820355209710185,-2.501211967824942,1.2360601082817069,0.766668152107648,0.3676254410903532,0.19499127139278258,0.4939796163067276,0.7741775246065787,-0.9965638777686083,-1.0042199320880227,-0.3890566642876343,-0.5999067258594398,0.39324376454130244,-0.014661947327451401,0.6083542318353043,0.10769242305023546,0.6889012428997853,0.8906002568487863,1.0833151655777993,0.4371072297080663,-0.43836309908520577,-0.8360464848066534,0.7425965462112626,0.6960469885920708,1.1613240373062368,-0.37277687917014707,0.36757896095864107,0.3929563617336635,0.3801432299015508,0.3760936151963192,0.29755622282006083,-0.3362909686258332,0.5997488076440962,-0.28579323828238107,-0.30956702042474726,-0.4277195822206414,-0.2988794576904949,1.10483776012886,0.22821769066436282,-0.10807981657141932,0.4182757261312137,0.1563444787637078,0.27808151458625224,-0.12157374731634467,-2.7864806665195636,0.4090810957011257,1.0109810350165194,0.09605487642459035,3.1996126589217564,0.27995541161586296,0.6522805637186848,-0.9784433986183623,0.43787566942937767,-0.08154794411591024,-0.5237474568277842,-0.611702517345518,-0.32857070942895156,0.8441669355485528,-0.42253032199231005,0.6332683894174697,-0.047051215154440496,-0.5546973627121266,-0.03773973341287497,0.7875443004304609,1.043715197900894,0.616733010284757,0.5009553435646902,-0.013149528765008875,-0.3167061303004773,-0.3168904837447202,-0.33597126214219314,0.885439603218456,0.15342905101994375,0.786770398688088,-0.1535050891536594,-0.17896869756326525,0.10617185344409862,0.7509966995828329,-6.168930937306392,0.7540766602541351,0.30777134336298106
2022-04-11,-2.7388565801764932,-1.1473371485591322,-0.32013349396325963,-0.35408282641432187,0.2960824038589722,-4.510293290236908,-0.5899064450483605,-0.23599944033431344,0.5423936703818651,-1.543871553617994,0.6301721119320431,0.7605920485993127,0.4329750323830643,0.8672938196386176,0.7068469590939139,0.6566641794197835,0.6440834819157584,-0.3763601581325443,-0.004309212110993697,-0.5077182099368496,-3.9110709265628394,0.1975173920982999,-0.08541948031553913,0.9203118322635649,0.5964284772937202,0.5007272950390884,0.6819224468425352,-0.2642029496413268,-0.10143162459365197,0.5981580022132433,0.4817307694545079,-2.0800679943494793,0.44580725868744725,-0.760750420090957,1.2410149307400242,0.8138949812072437,-0.2992871868723622,0.5590327851709598,0.3012452466777921,0.01769724628330948,-0.14735810339117153,-0.03934792453830501,0.5597944584192847,0.8685439249932952,0.3714324094124363,-0.04633450227019002,-0.4437432360233688,0.3348802301593456,0.6034529734724985,-1.8733194159595212,0.11040950047690222,-2.4657043041704267,-0.15553842082843003,1.7718449196453971,1.1805734655967253,-0.024017950831256574,0.7070914971363902,0.6944199104211789,-2.1188943888949607,0.25654459291802256,0.12031769526948409,-0.3781667856823506,-1.2232295431378961,0.11684333021152211,0.6100720603268617,0.3665491101168211,0.45311185397240483,0.30485729822318147,0.6583090975553721,1.6619512672933683,-1.7051798059463146,-0.7818244856911667,-1.0901711112756844,-1.414772793540714,0.33542208920119365,-0.008357340462866198,0.5462416388041216,0.08981355954191472,1.6614015216780065,1.008406016218023,1.2974585456222554,0.12610206919875183,-0.5810198150816203,-0.9580368162566413,0.45895098864586403,0.45840402872252484,0.7111778960546021,-0.24955519079582286,0.04451267572171006,0.5379608436867792,0.5553388630210371,0.47412580970045065,0.7819107735797732,-0.6256150894311759,-0.8718056143370254,0.03295732845354875,-0.2748187596684504,-0.3497362413468317,0.21933985505294684,0.6995351323329495,0.5608296222210261,-0.7143126987207676,0.04521146736909542,0.686495333669496,1.3926406201809756,0.5944578041576009,-3.3392300747540755,0.7976128545337791,0.7632252263990832,0.15170036333383366,0.4958707484662786,0.3711501513893495,0.586532799680806,0.07375244591697729,0.55142284573786,-0.1389737821059165,-1.3325816926125233,-0.1253725717839996,0.5283616906478152,0.7123028816442507,-2.070031237222861,0.2199526219791678,-0.1443167598216828,-0.2617335080024805,0.38801661437105267,0.5805615767861507,0.7177090894942242,0.6020369618199993,0.6677919154397299,-0.03240142926737575,-1.2488147544036228,-0.22739486725033822,0.235636373175631,1.14202289963656,-0.12934922437837093,0.34070391969688163,-0.334118859900932,-0.80645509483118,0.707108484867544,1.3551921233607302,-1.5718887342908914,-0.0915437095814846,0.27521454142006174
2022-04-12,-0.5250397268330206,-0.7028587803894846,-0.9408639152726826,-0.4481083112069046,-0.2910486251872921,-4.4472389865138116,-0.8531546541922688,0.4386750437882744,0.27805639903474383,-1.2633893436098576,0.40668716590903603,1.0339961810072997,-0.7663790051917718,0.857508316097792,0.6444260358008912,0.18088528630661135,-0.002610207090153912,-2.3918442815898757,-0.057664291573375576,-0.21309268582755672,-2.0069198087724294,0.1845474827217426,0.06024901198162461,0.930395812080019,0.9833469398253698,0.22693237751857329,0.8796277978908817,0.12571730126388478,-0.6272256753877926,0.8510732355057228,0.5771008835604914,-2.4920348902641853,-0.10223783715482414,1.0644936883746932,1.5909094720733878,0.559565387324758,0.10381269811553753,0.7061962845684868,-0.31977337517744514,-0.2853729460420435,0.3460170519341216,-0.5683855155189819,0.2357358589239824,1.662484590107402,0.7849737277005954,0.10381269811553753,-1.3291563694344277,0.10184614691222366,0.673054402775463,-1.6565719224819742,1.3637805098451865,-1.475207296710133,-0.06287718046937922,0.18147126010180023,0.1688826858692521,-0.22275720834360974,0.7418965155585882,2.336906919253986,-0.002381066863629484,0.27561525957510075,1.3157988758982873,-0.9171266649806677,-1.184557911413178,0.809099590052668,0.37338148613958405,0.5792366125532884,1.0011619619755339,-0.5298787322504706,0.11242564863920221,0.6208220510790643,-0.12703486418135604,-0.9182066667396551,-0.03596549894078299,-1.155339936829965,-0.07208028869073954,-4.660424392819414,-0.5455201681244367,0.1680398549414272,0.8267347889870706,0.7797657771872952,1.0474011334865339,0.09414873604918284,-1.4046618379663647,-2.7062178892205133,-0.044160099857879595,-0.009865276984775384,-0.23008151372890015,0.22937927913483552,0.26408553708936733,0.7684033850386758,0.037934121722302525,0.3992261636497508,1.4570143370323978,-0.008425516149649342,-1.0684816938997108,-0.42285486992970817,0.3131287907417152,0.3518330174602499,0.07013132049436153,0.8584765622983401,0.10381269811553753,-0.183988079839264,-0.5110261957783021,0.9344839263970418,1.2619130130121385,0.8154179496668799,-2.344052689876318,-0.269989354611142,-0.9156165023182676,0.3935998474628919,-0.2969428233086997,0.7515838394359852,0.27530962546843407,0.4670631889651577,0.1839886283094204,-0.6067566200307785,-0.22852612945686437,0.22695503007949389,0.7980215753220576,0.23770467401894352,-1.7006619101956395,0.3473506896832184,-0.1122948901809143,0.46382557826298104,0.9648057102938363,0.03102403744600541,1.0149226129915223,-0.008296369422152719,1.0638676802635882,-0.8627560116375067,-0.566309584165211,-0.20804829935347208,0.40800254130836483,0.6378156305822181,-0.165137425054184,0.19514086914098938,0.06269834190207305,0.9090668457292687,0.0923358159317322,0.9363035785948173,0.23139019051371515,0.42827017606996837,0.7004968609928514
2022-04-13,1.3384906261613196,-0.8506069528566123,-0.8040269717732824,-0.08699076380430439,0.1711401391765627,-4.888324643215219,-1.5077856320451923,0.2779691016183313,0.26016121456884517,0.12896862869839365,0.9796412760502484,0.24122040288332453,0.13161091089533697,0.46329095971139234,0.9166238027412781,-0.0438536749861405,-0.10535463319501491,-0.5226204698435866,0.2588950893297961,0.3531699138430042,-1.6486237962799337,0.23649529591475635,-0.0034633590164450277,0.3439899736766945,0.7327999987166075,0.2343286246612828,0.5602051851114629,0.48085775387861596,0.02448800102689103,0.2224391226438462,0.15800767547187342,-0.3822214602555665,0.2287606494503668,0.2483244382351078,0.25012865382885197,0.6134342703067552,0.9872266933670244,0.7077276592588624,-0.10501260189090403,-0.09902680561928986,0.5405192887903346,0.47328963965801296,0.8277980594619561,0.26088291241046024,0.24455096690823733,0.00155266606283179,-2.085109167286091,0.1574786642109469,0.7997299949933638,0.2155192171810267,0.4982055750228104,-0.5114673320563594,-0.5588389529058787,0.5238691155665803,1.1556756146621234,-0.033615032250395506,0.7658950200373527,0.19381784201807145,-0.6315125837943997,0.18042882101998425,0.39831061564396997,-0.38287666250682084,-0.7122382385467796,1.142659040731953,0.553735534628007,-0.8304095783150214,1.075087902370462,0.027055084995008916,0.3455192305513859,0.24472623812534097,-0.9414406910705586,-1.0358220711825994,0.23314524471468426,-0.8834766341111646,0.09494388222976491,-6.983357606936449,0.20116835046003964,0.3783405128033315,0.20060444209165046,0.6091234760340623,0.04652790072142861,0.3183526351779311,-0.6033614270142418,-2.240961878142816,0.25189435466183724,-0.045065789117208,0.8126036452095381,-0.17265231517833732,-0.38974031788367614,0.28368242777257907,0.22771426341104214,0.6445451341145689,0.2703819561409123,0.5889759032513092,-0.8441858613065989,0.16583132245848722,0.8300291189907849,0.9061412131367104,-0.24581988187239567,0.15785037403899757,-1.4481252596455207,-0.07364008279561098,-0.6268555967482375,0.27777724746138216,0.4649170538035591,0.4090804734600735,-3.9781580911946626,0.5619388683989847,-0.4325787177882935,-0.006468775890682733,0.04482262096034614,0.3749322416109607,0.4489653218047225,0.9337623808667204,-0.06251318801644275,-0.41398429342531345,0.07619314457461579,0.20941009978369798,0.7062210852800964,-0.47983705638074353,0.021748937099818053,0.25739305704993226,-0.18853931369644875,0.6189695275216438,0.3014893101971842,0.554467829539479,0.43173820814418723,0.27007197501071684,1.0286304741868038,-0.9726933320070594,-0.3825906461605078,0.075826076386518,0.743078763717571,-0.3401553358292025,0.32748608057866746,0.6084590877426752,-0.6363293246279405,0.003428482516337198,0.2057732555628973,0.2734994112045736,0.5906706330913931,0.7637246290784324,0.23929726013473346
2022-04-18,0.4925254239245745,0.2984141680717653,-1.264588481826115,-0.14138564061965508,-2.5467104508487894,-1.1494519066255402,0.47111890629756403,1.1375402964115404,0.01040326062730056,0.04019793404658938,0.8076361781097281,0.45956882875279137,-0.45447550283580856,-0.06947977021639475,0.6871671248180874,0.09139593617830258,0.00631082677022562,0.051236736366679435,2.142430072958089,-0.09166490341489258,-2.6364621103414168,0.1981586236480627,0.0573876254754658,0.6326004239623353,0.23259328029255413,0.7166323852878907,-0.0010998039079145542,0.842885369269501,0.009250779673336396,1.3676969180939709,-1.2139555765414243,0.3146477800601891,-0.6031579920448877,-0.7941907925005256,0.7608258314543428,-0.14928123409907695,0.07900598466928313,0.1640146597792479,-0.8317866776996721,-0.3417910194699857,0.2647717651792324,0.14296175582823525,-0.07289195226303466,-0.15298886720970759,0.38994534454303004,0.6402753370616407,-1.2096873844464682,0.6411439742404557,0.37805126417580814,-0.12173293801868942,-0.0034030080435927456,0.34083704135197807,-0.5642571656637188,0.8745402320940698,2.0489887179866373,-0.8843589959688638,-0.04457189180104993,-0.04950616907410093,0.9077590948631967,-0.6860403011371521,1.5703635679172374,-0.0404738135720071,-0.6681635026222599,1.2229454288366406,0.5587363379896757,-1.4859297544960706,0.31742425595062046,0.13246615396075134,-0.00027845085291442926,3.063549433062765,-0.6239459380571453,-0.5869313656094224,-0.005228296757199135,-0.7523737508384788,-1.1617015280712095,-3.524839275658713,0.6898173194125732,1.0352536740515876,0.22702323650132486,0.15650393523285144,0.2640210494412459,0.15831653170630539,-0.9774392817598325,-0.5975301367866357,-0.08466404515710779,0.005813627700391345,-0.21782371329784667,0.07037879244607129,-0.08700258505672313,0.03328972027034988,0.31403893965929564,0.5546188863677611,0.07667138266418709,0.7743554514916942,-1.4370853816523035,-0.410088546074478,-0.03274363358617279,-0.042150121032029475,-3.351844363436271,-0.7417675802287498,-1.516618492397461,-0.5531776848900328,-0.3796628821587072,-0.34801304220120816,0.034508579724094636,0.5188866111691002,-4.077395031805055,-0.10173753106782779,1.1910994448783623,-0.04857184393128636,-0.15829281615336022,-0.014066312861103552,0.1317532206035954,0.4930667510022357,0.2760084435705226,-0.4920064718383537,0.5958537570533302,0.11344852979250526,-0.011589966341547396,-0.18963856846100757,0.31449557703071945,-0.5919871385787266,-0.35426406378596836,2.419912305328165,-0.7448310358889628,1.560729553484983,2.0557185553624033,-0.21117915059421402,-0.056604622470123614,-0.9534053715069348,-2.105861018585688,-0.4449184402678263,0.49398219436447055,-0.022360102746148622,0.5645673654222467,0.33226326856595556,0.03065714592356796,-0.17529179028953545,1.8303427604761666,1.5341393778056427,1.3135093062117884,0.7768464874546648,-0.04789786216731489
2022-04-19,1.275308741187575,1.7411684674843293,-0.13504602448931896,0.7641692567914018,-1.1506064368082296,0.294527843566103,-2.7221305694517426,-0.16867894327296848,0.3398215966509347,0.7291796009981827,0.06938485355996521,0.3916916875411096,-0.8044251650309967,0.10415332314648092,-0.0795535139371331,-0.37879611369071514,-0.7398808722132317,-0.5187082921659026,-0.023484511143560347,0.42292121197641785,-1.8674932617972806,0.6394971404854545,-0.22668061506042098,-0.012482650036839547,0.32233560840871234,0.30739804841724333,0.9794020215159904,-0.5033885530245964,0.6484748203684971,-0.4049515486103429,-0.8010095063975582,-0.9512815593053258,0.34098011886343105,-3.530889725543617,0.11473794767536354,0.4457779064796635,0.8993915897909105,0.16315762822991978,-0.10523980244536281,0.24200918769215507,0.9131383710618571,0.4107733884276708,0.27976531564991375,-0.4727973719722461,0.27205798982987983,-0.08065131597552795,-1.6486359351460562,0.43838973283065974,1.3452518759131413,0.2652083672622414,0.6733380117675993,0.1573634385029647,-1.0521181314604824,0.9212701348552509,1.3719959290662815,0.8816250615046607,-0.15064506712593018,-0.252195683470653,-1.490228138731504,0.022561606690460048,2.02001972203149,-0.8874894572822961,1.2911153260129464,0.5135533507994742,0.4483817606962548,-0.41088886688853377,-0.016126256315272806,0.24678826524620573,0.2517794088995243,1.3009574909446848,-1.793132092670735,0.1777388142622183,-0.4615549799403309,0.1834055686197165,0.3490356080785575,-2.9280940504775725,0.7309835087503564,-0.42508161440935255,0.4653981298079277,0.3601289540237398,2.860386702639663,-0.341484425555602,-1.1691965695193391,-1.0378684724364269,1.3768495769109026,0.8260349798792681,-0.1744286313254608,1.5012773668231905,-0.013248065397526895,1.327805373495693,0.009624884587813517,0.15153056172465176,-0.34107510729252966,0.14790771656933946,-0.7854723745968291,0.6893086080410956,-0.7312108021366021,-0.7724329229730049,-3.00804007156358,-2.204910637941876,-2.4067950225027244,-1.1771430130903549,-0.4436671795672052,-0.6172141281960972,0.30029539452154097,0.24512825244389064,-1.573683722756696,-0.0620613769669827,0.5527125024967635,0.30546500192812664,1.6064307848380053,-0.014871924259073374,-2.2757122772906455,0.10916731826032945,-0.4284219375145705,0.08626498145668826,1.4279422913348372,0.7737737943404132,1.0551838409208423,-0.38718003694033226,0.2233184092067311,-0.10060198762307364,0.7796656263354018,1.6733904058322047,-0.6633824274244811,0.3355730819487475,1.1225476050562635,-0.22120871182848822,0.2552416637102056,-1.0828962225655756,-0.3424975667193636,0.27280983503218603,1.0463282355020038,-0.5670260788566198,-0.017280558968650668,1.0558712063723457,-0.3644937893505157,-1.0384436623357072,-0.31495706974187626,0.3006316654635025,0.7455642115669161,0.6928401953338882,0.48888759459004755
2022-04-20,0.21901264239187548,-1.7664648349693606,0.2999302619051197,0.2617857529128302,-1.2096924926056303,-1.8531262122011463,-1.92298076806071,-1.1164357016319542,0.3426808611089316,-0.08594121541412265,-1.0414194819844227,0.227893535125042,0.36682026120471684,-0.16224459870558852,1.107392645422838,2.109549253379823,0.04854371239353494,0.3717194247088185,0.6213417743949111,0.4403700722107431,-1.4764234790516462,0.2075733934032405,0.09825022417100357,-0.5855505815202402,0.32100812902069686,-1.5394611943455552,0.17170136313643694,-2.2561607718822834,0.2500244246710342,0.694524438134051,0.1226963682879078,1.5020530132104084,0.24184351013907998,-3.7645512885322554,0.9865231727889184,0.19091081596413148,0.8333521267083146,-1.037251244408564,0.36306994502688616,0.26385162245249777,0.40792007765023364,0.034527614517810244,-0.9668065684059457,0.9047008365430299,0.24131408552241634,0.5031632655863709,0.7675355425892421,0.6463216462654966,0.892739753987064,-0.9415678720086605,0.31333742862459124,0.2720214985516183,-1.0804256961596361,0.16360544933252044,0.275957974480826,0.09872138357661653,0.3143320256398048,0.038056676935276736,-2.5286305021141575,-0.7122091214263063,2.170634444460598,0.5501868431808542,0.13373062980501196,0.262949883897422,0.37769229531759907,0.6593542471222283,-0.10781890088164153,0.27609839460714064,0.13421889277430707,0.18184688219656764,-3.0945360065203356,0.791095226989053,-0.0802265348885912,0.9298486999710505,0.2633538148803161,-0.7124643996811544,0.2889419587141575,0.4867543048145519,0.8326488371809514,0.35355327790633206,3.457300592692096,-0.21147481471352728,-0.8115956077454011,0.8330280131735434,1.7356091933301072,0.22589421297864845,-1.350672467238223,0.46841826980991275,0.3633452892887743,0.19026320707185723,-0.42165631588257635,0.2680443828682963,0.5467257705418547,0.3093281699322776,0.7342788558258426,0.13908137821726743,-0.3307908684615147,-0.4117013058431324,-2.3910612073302038,-2.1276579544700565,-0.45403323248151983,-0.10135539205800619,-0.7617063924028077,0.5052462625678248,0.07417682312875218,0.3940373681694741,0.25453894985179754,0.5984929525170157,0.21538691233634208,-0.26432974615937244,0.6265181947704461,0.7747893971754328,-3.665263240810708,1.5260980763088785,0.4146283729638183,-1.2463500204028042,0.594036222342671,0.38429242853471124,0.32340639125455456,0.27764133448990663,0.5416079605754377,0.36972062970503683,0.08535540957757062,0.22601015019608447,0.6165575592630382,-0.3427031881166008,0.31277187958880837,-0.21580693172265908,-1.1921514458049047,-0.20235659265700512,0.07384729035976936,0.03800722061456252,0.21356870308985673,0.8473658440382351,-1.3230418110931292,0.33176663644482796,-1.2039846419686002,0.2341312474797949,0.19959687294746833,0.24700007592516451,0.25257605420683044,0.7890279045824321,0.2269775461300106
2022-04-21,0.1928595313984173,-1.9750720049590063,-1.3235266305819702,-0.46376223203630673,-2.2695023307581055,-1.107745521342925,-0.8489184576849423,-2.4904179959386012,0.12399753306751919,0.32387825117529956,-1.2757084895559065,0.5942277206588418,0.5062631059430084,0.789976501389701,0.4735175046054496,0.8129580791493317,-0.5981883049680574,-1.0181951322953735,0.5276101654914792,0.3768618666782209,0.3363842087638827,0.6711807758873733,0.23755361211812345,0.46366726391558594,0.14085476816680215,-3.2507548647393207,-0.10096979845582145,-2.023696868649285,0.03660755652203841,0.07684371992399655,0.9858108436637814,0.8184756865149978,1.0352543048059162,-3.3659072903906204,0.06917382929642629,-0.16258823958458557,0.7043483126297445,0.3943267211478683,-0.07650205673304955,0.06527238030712147,-0.5694012760549977,0.38844293191892726,-2.1641141642252326,-0.529221390242292,0.2336303923587242,0.7912188527899304,1.3660913838080542,1.284925182286471,-0.23470736240155815,0.10144178167964803,0.33765953920057395,0.097512943768186,-0.6174081919794183,0.35090409345964635,0.1561796992797469,-0.26484221236412725,-0.05029826013566713,1.0061192482013102,-0.9179002676068627,-0.2438770018869942,0.8612501185476601,0.6405345101982498,0.18457795008837796,0.8665694268212193,0.04325184043325045,0.6398719666489117,-0.4825446838829241,0.04097884934564367,0.8374538367328369,-0.1442881346634867,-2.128366160237983,0.9349119427114706,1.8203249837158701,1.2169634636323043,-2.714992895014166,-0.15882193673583084,-0.22566539996736104,0.21229999802609717,0.630841498363032,-3.2666639043978525,1.6950916896585637,0.17805226642211963,-1.1993937690341823,0.28192934202642933,-0.5023455482418856,0.11797452451125297,-1.6557880073072089,0.5405166914784976,0.09905291757985046,-1.1206649629369116,-1.0872837488702454,0.23020131210394235,0.9614917273553218,0.9229228864907719,0.4797613753286627,0.8262793860071201,0.4318340174788171,0.3793652902716389,-0.10395165545182321,-0.007340679318528864,0.9903590274619944,0.1506718542702596,-0.6576940557680511,0.6011515889948736,-0.047198734182079455,0.6109601134809995,0.036092320927283886,0.9538531153369108,1.1160783045307636,0.4655798028228941,0.158607986061313,0.6911199346993234,-3.169747483496195,0.8503141012954837,0.3088481008676189,-0.5442882463872485,-0.4604773079266179,1.0029320581801224,0.8199483527687753,-0.13191863188200614,0.475365982827316,0.30700992437511143,0.15342327593929264,-0.9191471964794206,1.3440961883480471,-0.5623603186560212,0.7707980255772201,-0.24189143413003822,-1.0497504822338954,1.111513821304001,0.10414840220827394,0.2094027977019748,0.7692204307176721,0.9089072449649997,-0.6107401542185669,0.4608796093893917,-0.47124200215828776,0.8096833878709021,0.21921217904856993,0.6018549683043373,-0.015422097486731663,0.9175677012665925,0.7572812711427532
2022-04-22,-0.1860814999670803,-2.154827837874202,-1.4195133262580282,-2.0915825148239606,-4.002507013201734,-1.0971913352124445,-0.2803692785188134,-1.8171291904631972,-0.22756206715254212,-0.350283892127933,-1.7169838645738205,0.4110504753520226,1.1475597383326044,0.6266771996386427,0.6084097789531274,0.3698171326993726,-0.1390371285378903,-0.5561843011906468,0.8865427846630095,0.6868902809149268,0.4246592292625806,0.09719438605065596,0.5723772822374654,-0.1841318037229453,0.33650347343760234,-3.6670794206036788,-0.0991035183772203,-1.8129981541534794,-0.45508190675912874,0.4635079006739163,0.4699032259381313,0.4269681405158324,1.6901344676513324,-0.9234530768604275,-0.7826427737753902,-1.8745558339664925,0.08410758796300433,0.7204782142849412,-0.341397786597723,0.0008881379666942874,0.2391311372677924,0.6256707612248978,-1.8565913884257084,-0.8796634224581451,-0.19831734817555463,0.610795959889016,0.4662452538143436,1.3187509610762027,-0.046961317131236996,0.18481632333309472,0.4246257368952713,0.5519551563256161,-0.6468969948792936,-0.2217799433942509,0.3495685301245324,0.3510572429256021,0.013175035429584677,2.3658251159052375,-0.842902454250515,0.41374664222651497,0.7287934938347908,0.8682713691636783,0.32711392483325785,0.4278110585615164,0.4746143290359607,0.4449445095793719,-0.35829018469680624,0.6279287458987466,0.41613200990591726,0.33685545815859746,-1.3907868671532042,0.3117198824721572,0.6754894235106311,1.0308188571182095,-1.4510752076562703,0.10488030135526803,0.22637075764873965,0.606833887558901,0.4594975646324204,-3.596583859864756,0.44371352140860776,1.2303922002294738,-1.8962116533693611,0.44869452154686856,0.06659390538849935,-0.7590436643354147,-1.6385440071654884,0.46455888954941627,-0.24496642592424195,-0.42540639484593545,-1.0849781804585061,0.4125101608411605,1.803040098563904,0.20950471910365945,0.36839792619160966,0.35171328450883277,0.7759637261762209,0.834396108829841,0.48622399039391107,0.35764289011082023,0.5093351149610797,-0.16198158010172062,-0.1513625181811594,0.3375019089078918,-0.8527552782350601,0.788686042882484,-0.8961884015879982,0.7334105464464423,0.6807532513841662,-0.08045877210440205,0.4708617702831739,0.4746143290359607,-1.8449053518815726,0.6583194735017242,1.1220813859468948,-0.48862413943532806,0.68476439276372,1.1131649185464079,1.0672646074569094,0.3940446852261535,0.46713107036414353,0.32101043905255516,-0.03813304442825226,-0.27792715401133267,1.2085445456647128,-0.7594377109651023,0.436041515809652,-0.19296418550098682,-0.25132042825331047,1.7321117773294727,0.8873403626141341,0.40248103578616096,-1.570624393664711,0.4212398257441911,-0.3214153287674969,-0.05504286070371536,-0.1764336539026586,1.0488787343948227,0.28083922003829204,0.26438135329519885,0.20755050611369757,-0.03743411278940105,0.9028981307830817
2022-04-25,-1.1143579931157501,-1.7216697147445499,-2.0542154598070357,-1.7981432390545213,-5.872730157530377,-1.1146116391908665,0.5523729386053858,-0.30582680216983305,-0.0246865688462194,-0.269598241971708,-1.0564846086169877,1.0128001413409413,-0.18872955790491233,-0.507960935835553,0.22076603954140736,-0.06994123888049449,0.8863782553329135,-1.335206702505606,-0.09210213080859803,-0.13931815492867614,0.4161429969887573,-0.4704356240099465,0.8703284405427475,-0.5250985699731073,0.9927660364956985,-3.5679432256800223,-0.20683432042191682,0.3903728764575797,-0.25773581616783003,0.5945032019560114,-0.1081828437051337,-0.32777740541821526,0.2916748685839576,1.4387186313935005,-0.22888303961528939,-2.4719840756287126,0.032996313545184376,1.851507251921804,-0.2819174645887532,-0.17794890465751179,1.0539266013180344,0.4315373385352645,-1.3598159351341084,-1.7468678512767284,0.05168921634631435,-0.06664622536361246,1.1679711984408416,1.0869084707216599,-0.23225222387803857,0.4147573757662221,1.0165333683012883,0.26305871344696835,-0.35427532226765673,-0.34961145360726487,-0.6055241764411179,0.22162846019938562,-0.49109065952953745,1.053972326707269,-0.01199483017218946,0.005476137709473794,1.3960439354903955,-0.23755939371832066,-0.20601962037294008,0.14894406857472484,0.4418781649448035,0.10480940480984517,-0.10541864805285057,0.27584900339291907,0.21081403229981757,-0.1686547714312442,0.6145086665274433,0.3727202026528263,0.5426877364711137,0.167240018089151,0.15404999062235747,1.3352302367891216,-0.4335818343365353,0.7239178750758472,0.49405113841082615,-2.857262017766555,1.3129616081230002,1.12204356614819,-1.3052312852159658,-0.17744102041825696,-0.11599023899915688,-0.6843721609614247,-1.709289643260331,0.5644479934060445,-0.12234943874095816,0.05234460024106447,-1.2062747274104253,0.4955777290018432,1.5592656588178435,0.6182644003303341,0.393195324135926,-0.2902290160869312,1.4731725043901172,1.6450207400944385,0.731608906787665,0.6513772868819354,0.6638461734954602,0.00018607837855731538,-0.14357092234741947,0.38170745363397374,-1.00334525345536,0.2791450807895261,0.051524574090990295,0.20552704171059272,0.5579962212151421,-0.3654438099341698,0.798284195525415,0.4755874751898611,-0.35333478670221496,1.397820164486356,0.20238779787895447,-0.4412641014959532,0.1583073391249274,0.9505872235228493,0.5521036270700989,0.618712143431911,0.32072262087720343,0.9431192233613789,-0.2018923595029956,-0.21768090593171746,1.3997643352455846,-0.36501816259970893,0.6315639827908757,-0.1920422519362185,-0.1904907850630811,-0.12489085584868226,0.09181221411605858,-0.48931199514387375,-1.6331007127055108,0.10001714254392217,-0.19936537541854152,0.38668523501570584,-0.11058726392365481,0.9975420488723594,-0.10535795662939328,-0.12412378816736239,-0.18767318251721507,0.6003015458967169,0.8905084685692816
2022-04-26,0.43016822212306755,-0.6045184296135389,-2.2005838524807717,-2.76650280123272,-6.449907525924301,-0.7990777416081808,1.117815154382172,-1.7833091637465517,0.383241230881346,-0.31772847770898993,0.540500868488709,0.7242497300908222,0.9594824837325803,-2.073575028459176,0.5667265723439339,-0.7872485303721973,-0.5449659776834822,-0.9385697620797451,-1.2028089546915632,-0.895587067971946,0.4920752707357327,0.32843039581751604,0.07665512163367744,-0.5067162051398203,0.44240311964713896,-0.6698732594210718,0.021121286632041294,0.586419506588789,-0.3493539036479627,-0.10853681644059064,0.7198771904001006,-2.6266446295454204,-0.03820787029160295,0.5256256617939896,0.13896629615475306,-1.5730166362907205,0.7398903597623185,0.4396087347953933,-0.09897792885401882,-0.12103832016817105,0.1757493590380688,0.5824277030724783,-0.5632317155960562,-0.39370273106594644,0.5025575390014912,-0.24420286990083923,0.8932584902639147,0.4782626088385726,-0.5462869728442389,0.2698402505022809,0.01482189484299352,0.5091362944528514,-0.23710807829663275,0.4705987663014193,0.07772047540660282,0.4984650830633035,-1.915989254120496,0.8385046233049144,0.6429241502050701,0.06433154915419312,3.708101873251778,0.5141769334508165,0.5516599182599348,0.28098004301451507,0.3682925198192467,-0.17197989197108426,0.6469610936132575,-0.4931953858703398,0.5824488361743984,0.5509210705969563,0.5493696807128873,0.534161825714334,0.753622163228187,0.5997708773205618,0.5730153927592104,0.620227775354179,0.2160441457513986,-0.649399582459634,0.23462742599840192,-1.5335886036649355,0.9933556510997587,0.015446288402485912,-1.4566022740727853,-1.2640620922109989,-0.3500091555635937,-0.7855903941919864,0.23866086466801537,-0.41621490875478223,-0.019607988489936473,-1.1629160144594,-1.053978428643512,0.5088460308760039,0.6081841004234005,0.5935303916561833,0.6174073904017607,0.057814378102533204,0.5767020297678216,0.5656747117849129,0.6184184273478679,0.5868898731124705,1.312637928294491,-0.903811376194087,0.7381592230979088,0.06944420341933515,-0.09131188236713027,0.2536583885853957,-0.21316712989475847,-0.769077124036942,0.543601417605545,1.2306863619443176,0.3890965979405609,0.5058828660960535,-0.4245570896736575,0.5344082214450129,0.08364684910381255,-0.2099051324705538,-1.518358563030228,0.6205869591042594,-0.032376867210442674,0.48125948074848,0.14356931477740884,0.41084308208107945,-0.23168696453116408,0.6155111118652078,0.5679973070567251,0.6959705086108341,0.6346779385933552,-0.7020066823512159,0.4528987440949207,0.6651460631795195,0.11134821861939813,-1.7020381971314025,-0.9077496334456134,0.6463246780860634,0.5785422296441932,0.05202901557393669,0.5617684050207572,0.4364964356328139,0.1445054883900435,0.6900488497741335,0.6748672277010335,0.616700184623475,0.44098086106072903
2022-04-27,0.4378666491460504,-1.3697518139037408,-0.7067695835517862,-1.2040598770244646,-6.1535834581269695,-0.7120406200099361,1.1127219940709514,-2.342852741458915,0.3784618438486577,0.21448787404073558,0.034151328088200324,0.8243401988673708,0.7336421958553204,-2.3684004738280064,1.3742005885019084,1.8669639540568266,-1.7320964409525976,0.11362890101021612,-1.6629435565793185,0.14764079125610666,0.28147521483994997,0.16280423349375406,0.1369859328235455,-0.5594467748428418,0.14865261027017498,-0.4926611427901025,0.16117794051988224,0.6346257498844355,0.18869189481880103,0.14484276126760046,0.2358740728648855,-1.5010021107573408,-0.3222281580926772,0.49017135338347156,0.23617754210741843,-0.8784237910156186,0.06602716706219078,-0.1403935390516248,0.16529033833842374,-0.24164707321859452,0.020492556619700186,0.6453732943427951,-0.23193134445417649,-0.25188559749369177,0.22949465414678477,-0.3352957115309954,0.6553197970819636,0.08147445403207836,0.2791144161328953,-0.04902651908602663,-0.039976853701232336,0.2690377994503549,0.20653952921349403,0.21305374771227856,0.01206770948497786,0.1770847179717607,-3.5969583404510503,0.3880764098936711,1.716869857917729,-0.1899211638702101,3.370748414895276,0.841601599680899,0.27471382846712955,1.057718945268237,0.21232026497281628,0.2599507062718249,1.7909607441608766,-0.5003101611503269,0.9404701629327998,0.4970159746235188,0.42892693039942137,0.22426144722210478,-0.8582961857604199,0.24196683677364736,0.8783611964389514,-2.635805094790771,-0.03091538981738491,-0.8193262758217817,0.19719458603514312,-0.12407406436423696,0.304636669623069,0.09388253388236077,-0.5387056344753236,-1.9577893157039603,0.21779631982561307,-0.7409122740157059,0.7255661334677277,-0.4037414765702424,-0.524784111043353,0.11311419872572585,-1.626858802049575,1.0189936575024072,0.6069547542958509,0.48532772402888924,-0.20619477521263477,0.2071638592549389,0.2384788184619035,0.22576362601529057,0.4081731816432777,0.6091111517664374,0.7665727629185529,0.12254548665209228,-0.2960365448119166,0.08904214866624871,0.24345283106301616,0.17722307596698286,0.16029609353447238,-0.5671459371790963,-0.630097188370939,0.970089920940717,0.20687139029115126,0.22753439121641425,-0.22244101174043268,0.26160880226344496,0.25800649392406017,0.40939146150803357,-1.1061109016540824,0.32032648269108477,0.1254944895560315,0.24257992059902814,0.18320037126056116,0.06450835999444714,0.23696142941500287,0.3035093361058056,-0.2795063597418052,0.1334881426216986,0.5725362960250284,0.1638851606619292,0.1950559036996688,0.6067964597194045,-0.03375631013920059,-2.2010026197496395,0.16652596577466058,0.5152172965724477,0.5611300026413318,0.08437232860110945,0.5138627636922701,-0.03429954669929988,-0.2771558320348951,1.014888020322684,0.8378571034828834,1.110329753148505,0.1973257121043716
2022-04-28,2.095835696005213,-2.0949108848457176,-1.6223797649078366,-0.14369457084622014,-2.380603376500755,-0.24084758905655967,0.9784426942315143,-1.7501327722609448,0.4722895260567268,0.051848395960323694,-1.346464856412464,0.9317653064513846,0.46841604868838493,-1.6847550419539363,0.860280536144739,0.9921777090407733,-0.14856298980731963,0.22746776168363556,-1.5759348117314707,0.20553825048266122,0.9499096556136132,-0.14625704968683018,0.2459452399944114,0.3137213700324864,-0.6490424731973103,0.9797236086324743,0.8213008936561702,0.9148769575020855,0.4759091840203832,0.3441155257728176,-0.3913267894542606,-1.2037079645593454,-0.10497667097218996,0.34835699566109296,-0.14610879860518716,-0.47645627943176583,-0.3051064008208169,0.15135850702774914,-0.5843501823487514,-0.24241664213571382,-0.05076044675541118,0.7929504966806511,-0.3374980493178405,0.19351174583912695,0.5762239247725754,-0.29244015831192177,0.5711505263154569,0.25173910279261735,0.7240329301402049,-0.37111422577637254,-0.22344145037484722,0.5270432562371771,0.8274051098209265,0.9896147259481479,0.6584492831887515,-1.8596455242793934,-5.017741197287168,1.4156811509079634,1.0052099330368145,-2.468308950906916,0.34353228929224366,0.8390568126848262,-0.9264687711019886,1.2939385580601648,0.8899889757518473,0.5437370770720023,0.5496374930533372,-1.031708455914381,0.8386084204395325,0.06829557297212221,-0.3817822780472905,0.0005772709758967492,-1.2846431794483184,0.17455184270640695,0.5783807572669085,-1.1146932363926787,-0.34405659221387275,-0.9241956762175362,-0.726316618550175,0.7919503472108027,0.10192135982437801,0.19579126503805008,0.6275058287902295,-1.0465709993376493,0.9201191794687174,-1.4905273259770657,0.8565198695321717,-1.4226418011854185,0.5221053949944418,0.5331340150957207,-1.8527764951795296,0.7733103829875091,1.2627143223680877,-1.2761652426221808,0.3808788993069386,0.1632692513030824,-0.1510759725016039,-0.25202034140713603,-0.483341083322935,1.3788170814182252,1.0382945477177146,0.6468308131689382,-0.5790754837427418,0.6444182945015847,-0.2334199601374247,0.8581784311373604,1.644417179384715,-1.9835437836911947,-1.3281490481551756,0.7897772947081034,0.967367262951047,0.6740125174758264,-0.6837784275720543,0.5618007499951073,-0.3580878698654352,0.42231313416746624,-1.0347717889288353,0.5033853387464784,0.03304763230500457,-0.11849239123147276,0.9840935461174637,0.7103386803139187,-0.12077259442529753,0.785135969383668,-0.5801639371375413,0.35847759714126437,0.8772140592397716,0.28175077729001674,0.010418507680948264,-0.3194004447198491,0.15260245549691906,-2.1086550755596543,-0.7911284800697626,1.1739672969311281,0.7139773226186693,0.7382738678983115,-0.7320614472248076,0.6969402407623063,-0.7767946012717996,0.932248424237908,0.9257967090593673,0.9291293865384544,-0.7285770372229008
2022-04-29,1.522105304090166,-0.37720768330798116,0.06419755923374484,0.4690665671108679,-0.03886580452863969,0.8129007376425686,1.0085120568907016,-0.6345862328622311,-0.3270637554524171,0.09268503829178154,-1.6119861722686264,0.299803710766071,2.655652627139086,0.15589861475553551,0.23460819616421125,0.6102699994225042,-0.4878377025962668,0.13982784726554612,0.10879667309472534,-0.6262122241869867,1.7179685901732242,0.2565392500996407,0.29652490754343186,0.32159843489382633,0.0485183180110745,1.3364421333657708,-0.31366222804991395,0.824831808052669,0.5334546229487961,0.20497873441387846,-0.8570814543321752,-0.06693875152172614,-0.19088458804271322,1.4620792695789415,-2.0764235393411568,-0.8266228890976678,0.13071802881575373,-0.3667193599349896,0.18820984627864015,0.05645596651504131,0.05693607236787508,-0.03708994792213844,0.1414738576175706,-0.726900064996132,0.07451975239592536,0.227900580719594,-0.6046045854544875,-0.42519838766633816,-0.5710549160915974,-0.012658766429744641,-0.24747258364210975,0.33802464368113816,0.21298059901609673,0.7517757600922357,-0.29511341895542115,-3.283500627264161,-2.6427807785811903,0.8671032429673964,2.5243285204538943,-2.2385632257828982,3.0341224867431706,0.19765154430694273,-0.5185858854262043,0.5420037277647249,0.24155307376639576,2.8853782395654366,-0.11379117322117009,-0.26686834372106866,0.2144832502324577,0.002200758553054067,0.9037329458885801,-0.26132895667900075,-1.197773192784925,-0.29587043542102737,-0.4471460211452671,0.03864216740751661,-1.3634743900548452,-0.12749744023943554,-0.4212857841727892,0.16182854402927016,0.03852419541964244,-0.12428619343604715,0.07398062800435122,-0.433359830863239,0.29480609964207216,0.1641842360378198,0.7207618890059594,-0.7221774195671069,2.6210446433115644,-0.6913474949750643,-1.1559714460614658,0.2027904215628576,1.5659027690994411,-1.5805017975459759,0.23267314442071463,-0.06422304691600844,0.002605533942055766,-0.0014218894286104268,0.22983395553518968,0.496203593230487,1.540181156311678,0.1199873188023309,-0.009308973871058479,0.1166110227495815,-0.007793108973910268,0.23572117915033752,1.350957316927589,0.04873388746479004,-2.160616470665029,0.0052062633880459366,0.3955150319593782,0.20921709023508006,-0.3317413027267789,0.299803710766071,0.2638738774968277,-0.3367684593670175,-3.0357358328206905,0.050139487614475745,-0.5900357973029741,-1.1725593118621684,1.0104143938660404,0.25452726234027656,-1.5390217424472141,1.2492157848271888,-1.57042833697513,0.29850622286944195,0.3835489395735944,0.2796794924469868,-0.7998631437116696,-1.4690189092024284,0.6364260733206912,0.20317890441209957,-1.858332987772342,-0.886906974241603,-0.0864414353046109,0.05247394316111846,-1.1532889990601467,0.11580916923301084,0.12471242187323205,1.2221930318673306,0.21552165356874128,1.346829252261549,-0.9597773915532757
2022-05-02,0.28210707716612854,-0.4346721876484922,-0.0381768798371774,0.10396517047058476,0.10600314862903443,-0.0771076035444866,1.7237279203622355,0.45064879356958853,0.22362826156222074,0.4132647885188341,-0.9157360229058598,-1.1120889954613524,0.1860026991262264,1.4693136548209156,-0.14063555915181486,0.4221927682439442,0.8151131261037643,-0.28306747357541007,0.17011548883623684,-0.918002907811948,0.16463052702110323,0.3996578196062312,1.7046739802732398,0.06911341188465932,0.28367543276379537,-0.02978889953913589,-0.19558746136900387,-0.021764843438588727,0.21913052937193678,0.10600314862903443,-0.09094426711367211,-0.41078757119533604,0.1608184867508805,-0.21383748195766217,-0.9821451999242411,-0.21981948807091142,0.09020354772217165,-0.08814388852539165,0.09556027837523662,0.0950356628826845,0.650597340728642,-0.046379700300307976,1.5257595748038877,0.9841684109551765,0.5053114955527936,0.8198868159245646,-0.2058031894633691,-0.07755837569306247,-0.7109363670978465,0.7422718026121429,-1.4393058724155465,0.4593935235647609,0.8981693220837412,0.6448485978509003,-1.2089818822038547,-2.948636443968649,-0.2840217891621482,0.06396003226043703,0.00561546987749119,-2.0540234502869494,-2.662927500153776,0.03847089650143441,0.09927495363338323,1.1070813947216276,0.8848342937551175,0.3850647836017333,-0.5831413735483485,-2.2007000086882713,0.8468843922173845,0.46245456565110665,0.030136867812550237,-0.8910615478169852,-0.06216616075139251,-0.7581269232316291,-0.6106435692966816,2.3428945956169476,-0.9397910259679986,-1.1055716113007616,0.08937265467804886,1.6723301210424906,1.095896162921698,0.15306468914595817,0.143896027374878,0.13391090548951867,0.4113166932943522,0.07929624189162505,0.6123706128834674,1.0343444611724966,0.0728133947480199,1.106319152402263,-0.33966886108231514,-0.48014520082687573,-0.046960704549822346,-0.02244646076198515,0.9002562526320099,-0.3080002518428746,0.08423090259623899,0.09425399707847663,-0.4149150672841424,1.9654658314104307,1.3293124576508963,0.10174073147994174,-1.1229933356955186,0.45450685889977505,0.036869279653828545,0.17433864252700848,2.234554096045132,-0.5542097202391146,-0.8464392134896253,-0.007851138269332607,1.277200661701528,0.27768437576450755,0.05111533116107862,0.09398710876240965,0.6084791847787707,-0.8194022882819217,-4.0845498549036305,0.38608985363593096,0.007505969712738342,-0.3817297834036496,0.207535440622124,-4.258917262759788,-0.9787185472591098,-0.3974314472115445,-2.2559349090181513,0.15725245416451694,1.1815099017622799,1.503550830204036,0.03766192188760112,-1.1979841672984652,0.029026722565246944,0.5219815832198607,-0.8724068038454893,0.10600314862903443,-0.5539334038264917,1.0275429417094706,-1.3428436076032946,0.15830667496982648,1.2631860044437688,1.4006608927259037,-0.6108015194291062,-0.5164642233192204,-0.15157472723531962
2022-05-04,0.7726907719588283,-0.1829735263742857,0.7963659627716592,1.633498408334881,1.5866925027583594,-0.24406295343885256,2.4718962718551625,-0.16182262743909862,0.1960822042056041,1.4038437988384824,-0.059409739348138924,-0.42492734598678694,0.5225545780040888,0.8635384840202568,0.8183785500693123,1.2496654618277585,-0.62136400105935,0.32132937743695256,1.2862953241356563,-0.41262454699471984,0.6112137035109425,0.9495712625942855,-0.288853815442822,0.2789911382881828,-0.6938975038558646,-0.5675993836033315,-0.06549814503510015,-0.7598750092246539,-2.4941824217436666,0.7013735117592821,-0.5506712973502288,0.9138964339026376,0.1427382400030368,-0.9988804679288125,-0.8041330796419665,-0.21150508051525668,-0.4905562705109636,-0.08899763270887302,0.7950906765434669,0.9036127612910697,1.6919774623697432,0.2016715582448675,0.49670781021231963,-0.36463866002298423,-0.7904728512671493,-0.6893187728478625,-0.8800053918930801,0.8481227484369358,0.48757664024800046,0.2169142430341426,-0.06645640358367935,0.8235517037740548,0.563052287694616,0.19182772011937727,-0.23440403828163228,-1.1242485235103914,0.7521071593629453,1.2733572751926057,-0.8138356445812123,-0.8706023000620933,-0.7360888349490918,0.0232764802044533,-0.10977838907844739,0.23477542119628958,-0.21842097962157705,-0.3031320738487931,-0.8001406848437383,-0.7789852956174775,0.09032031299207667,-0.5793045791986007,-0.6685749672208062,-0.8614444162080226,0.32507969715946394,-0.17424830501546842,0.22228662304677493,2.609128615518918,-1.1957197369084291,0.3520691515609336,0.4291324689548908,1.2532545498670133,-0.7862005852405705,0.18174024958435867,0.5086401822130847,-0.29474681841797573,0.4744384529806112,-0.553286802695366,0.6781893463720388,0.29150721607761415,-0.5978280410379243,0.12499423784226667,-0.5267660745245508,-0.7409369568331994,1.037316614629443,1.9300537761578491,-0.6046176335960713,-0.40395106310988366,0.22268365210678684,0.36197824709208887,-1.6270931570087726,-0.840661126319505,-1.641059156321113,-0.5084715020531329,-2.922936540623104,0.4276694172032295,0.9213986963256113,0.16380751271831104,2.07791980439209,-2.784826433588545,-0.49632831116213244,0.8826962364590538,-0.5469054359999896,0.36111358843768054,0.6523158694158635,0.14879482286607823,0.3092120583687136,-0.06751679813384667,-1.0893104176965074,0.20477168139476737,0.7455801149310435,-0.48111438384019595,1.2687827489411363,-4.954757026023436,-0.8008095498630678,-0.8533099428302928,-0.8900866649908562,0.05923306373950442,-0.048890503923276686,1.1273752865539186,-0.031662891897110974,-0.45058507163644884,-0.37691403734137174,0.7809735949424682,-0.5328191895894121,-0.34400903919807146,-0.5565996366499149,0.3552956903677855,-1.1516549014570616,0.7650426978972482,2.594400075541692,-0.4429369566936676,-0.7360888349490918,0.0519785831532561,0.05192431000276768
2022-05-05,0.4505555038555309,0.5113298135016116,-0.026677282191874995,0.07983709568608707,-0.5997096556579359,0.24147891249215003,0.8621584973017271,0.0644341258294869,-0.04537351084757102,-0.3586887663524569,0.4102518897460309,-0.031916874714413505,0.3565605504902167,-0.1210021032262369,0.6848984038037601,0.24026271876456767,1.1599364347650658,0.8685749094789571,1.246918379384325,0.6570100027440247,-0.2325678564349424,-0.01678684206365946,-0.12360131275814668,0.2426582011451812,-1.8491102590290591,0.7223105074428311,0.05391201483314579,0.25128178371072935,-0.040297424797634686,-0.13085032510346403,-0.09541102593442198,-0.07631018420218086,0.5048334998721826,-0.23164486250064337,-1.328756095458041,1.5558822158650147,-0.26779490533107914,-0.06461647971518823,0.9029652015008962,-0.08381527152119214,1.3189636404989953,0.37195704753200115,1.086285384193107,0.002234682933773791,0.9454370736267604,0.15548960284616914,-1.6731897610061905,0.3061500290441526,0.13339674393874915,-0.13207769937146077,3.1933005308569924,0.5000424926658413,0.1520209033109342,-0.6181936185277873,0.10309362569881154,-0.06779258825314992,-0.8585226201961509,-0.010930463060109629,-0.029842079739337966,0.10673718187075627,-1.1921366455608298,-0.10117237783202422,-0.058947747384552676,0.2819208428030128,-0.7753671999330103,-0.04400653687997697,0.5854983061339055,2.378327136241301,-0.12713945226336154,-1.945586920186968,0.05768435760695737,-0.622093287301718,-0.0916992471217262,0.27350089463899907,0.7998418949208262,-0.6017960477922119,-0.9563114951511963,-0.02613307546168036,-0.04732519527637829,-0.12432343669206809,-0.46140930062344626,0.012987283887113616,-0.06113781485009559,0.5121385357253422,-0.0591583867038455,-0.02198800521525364,-0.03457738248026997,-0.24173821702925855,0.01849052382493448,0.20798124784814795,0.5120088254872319,1.7479089766467677,-0.030441274572210433,1.2603649129175125,1.641682205815762,1.4696928230727186,-0.04691583206835431,-0.0516952169092686,-0.5117100232079796,-1.661110930790931,-2.149108074613517,-0.2984833011266481,-2.370903163603036,0.3116101764728219,0.5046603815575472,0.12938162253466964,0.368623055116732,-0.890343770252381,0.004508003159362915,0.8379263916103893,-0.9273736371940915,0.04166298600214176,1.0635469978965089,0.4141331177732314,-0.02664263989506499,0.2091651177766223,-0.8284764340827392,-1.915958466537189,0.17966932105690775,1.3838890895650877,-0.08831828328524789,-5.8810948779249514,1.8622707011121016,-0.8550843130226032,-1.2414307931902713,-0.1462429217039865,-1.9787549054928375,0.6512711784298252,-0.10428732999010533,0.1605186660438268,0.5879677126611812,-0.0928246452928403,0.555283267173196,-3.1592837256436104,1.397453544084927,0.5288676327386809,-0.02277744983759527,-0.37042235428827147,-0.16626326961973215,-0.9299910646424467,0.18345793927290036,-0.04728415656546613,-0.07630477575021721
2022-05-06,0.9292654240132362,0.041885202375140554,-0.4077171940711332,-0.5121601566705688,-3.1633643098745354,-0.4118462559747436,0.7085746619879874,0.1527837223589414,0.37069073263947955,-0.17686930255325845,0.2552451194951362,0.22058245424251144,1.1374120206430924,-0.5185932467402364,0.8901955153399176,1.4701891630353037,0.6219106694841129,-0.29500116779829727,-0.15698148899863812,0.0017665224108321326,-0.007208774431311737,0.6620492605561974,0.2543980665921487,-0.04173110425724862,0.4651907627770668,1.0425349549340774,0.3157223999297328,-0.10313677937956928,-0.9745318994406662,0.2023605924798819,-0.41864873008349046,4.023647946840612,0.04854605771623597,-1.0612484544173086,0.9863523116651006,-0.5722178769868937,-0.3236387574120268,-0.3157170192586665,0.8588462019609607,1.1301087634133629,0.752806463660628,-0.18955226583120582,0.6428066234570049,-0.6448793430815002,0.18343948719279055,0.772598410835423,-1.3416926871275712,0.216809548295539,0.415973344224839,-0.518544568368134,0.652187615968698,0.5005986868308753,-0.18484664912288104,-0.5595058923065568,0.5189590956833362,-0.39974239036720904,-2.294883276514854,1.0313390708451207,-0.2502165925686271,-0.20103273295013374,-0.8725160667850735,-0.24492612289860574,-0.4138070768900094,-0.5115692549183364,-0.5735948282382515,-0.7231351087621664,0.29167035975778155,0.38512241121474355,-0.21266149957087963,-0.602933002812371,-0.7072066768313684,-1.7650398038152628,0.748458475637802,0.4523462466561382,0.7668558194028466,-0.11087802576516721,-0.5167006107193279,0.12518939953334032,-0.2396958121484847,-0.523385833643238,0.521044589627577,-0.37909493516618814,-0.41501795132451846,0.14440518530464547,0.17243073003845694,0.6993315118889949,0.11363420907784921,-0.10662188856446403,-0.39357979988668357,1.392313612300474,0.18439381058013485,-0.43554342603903917,0.42211672158300706,1.7519384665540902,0.3916477279946593,0.8605666382889726,0.5451572413732533,0.6761956374362901,-1.0422897076874165,-2.288613060734794,-2.6107492605645377,-0.14125367728244947,-2.3951530047014655,-0.3627353847480074,0.6101095999304881,-0.05688598224341882,0.7259743463113926,-2.0764753545955035,1.2372983002694682,0.33597367099882064,0.1739674478639549,-0.2611452209180964,-0.21521911054601664,1.2803971641290481,-0.909837646423074,1.2723737497245837,-1.5140256539581438,-0.5797325363939863,1.0428316950618075,-0.5674779396478568,0.12347403218494994,-1.369252875466736,0.0595536536736536,-0.6621330456840391,-1.064532506955694,0.015295039089116572,-2.913303888505643,0.4131572756126334,0.8928855256458171,-0.039852930021008814,1.785396921366361,-0.5351972465480178,-0.455910549243429,-0.7358769422928336,0.45040835243811256,-0.5092229976060543,1.2441554832810209,3.432208217110261,2.1912932772683718,0.020713453178491673,0.3601719846507215,-1.2861157381447301,-0.403825955645763
2022-05-09,1.1717620458526556,-0.2185621494531007,0.6130458347921973,0.6563545369515206,-1.7082682429076606,-0.5887608190638859,0.29445742232378497,0.29991559395981854,0.41246835237227486,0.41430676714979775,-0.3136528776624061,-0.5178635215786654,0.21776250051013663,-1.6759105946420634,-0.6174665028644541,-0.5715263345073988,-0.27013481419821006,0.3840271124110403,0.37447469148142626,0.7562053990744695,0.08974533424546524,-0.3159592553301304,1.1224872661164376,-0.5125180720878051,1.1290589822550259,0.8628534453103156,0.3503210434877312,0.09305982867920905,-0.20406497427808518,4.217304181511065,0.16068532284455714,-0.3805109162433673,-0.5370954621930814,0.24896306968018544,0.10612358377100795,-0.571744745925813,0.532962095778369,0.48266631138196253,0.10969396929799198,-0.6782361091672745,-0.2021093199130429,-0.1807086024088795,-0.11563913831056341,-0.31369096244029737,-0.6669132738857675,-0.8402971856738698,-0.0007998093758218879,-0.6356214001100677,1.3717986354138,-0.6001006113135329,0.24897326641627845,-0.058087529467665384,0.42870077286684205,-2.0098237159409518,-0.5114274174207524,-0.31054176250858584,-1.0245363732032193,-0.5007696838812474,-0.4281710427506706,0.25477736681366536,0.8965883897475221,0.1165706974843239,0.008444695425216867,0.05079848158832422,0.084004650265198,-1.6786374584984616,0.3011385923245554,0.9100527481160549,-2.187527960050376,-1.6666203932645924,0.3317580962882616,-0.8111278733678488,0.17250543704468935,0.3705034978099022,0.20242409622136145,1.2750967743330541,-0.3032101842885524,1.4611121512621772,-0.30211276321864383,-0.12942249161727623,1.0800260825041286,-1.0867911082526904,-0.5108531766564917,-0.20291390907059215,-0.08863986986817421,0.9161657318167259,-0.6247570405207825,-0.29581467708828474,-0.39258860538139906,1.722168850196264,0.45354969393205175,-0.11981311163308264,0.9524435658784531,0.49295549821147777,-0.5950269050765298,0.954915385368112,0.8999375950725456,1.0589676254487945,-0.7886784227693825,-4.350305916387661,-1.8245582746910711,2.1170249852977263,-1.5674537014650234,-0.16636861824002272,0.3248594655795144,0.015341415252636935,1.7795471281809283,-3.477679983542717,-0.5349330956165466,-0.3298930170940949,0.5896688589814978,-0.25250803002993555,1.4811964433687062,0.6125407381963054,-0.10896303156790653,-0.533882869058574,-0.5750665565881853,-0.45210966190985674,1.1826346992438286,-0.7055727298249134,0.18193393499098287,0.732253675326037,-0.06372603999858491,2.6619334204936,-0.11155832210557275,-0.5352145330378784,-2.144595260863551,0.0765000312196736,0.06697498658293745,0.5099170729635631,0.22202271045748695,0.45857222402792497,0.0015768822901586765,-0.526986167573292,-0.5387507720995607,0.5205475681208047,0.08760344880276182,1.0229708319634954,0.5585658482005338,-0.30691920835187075,0.4452732075280833,1.3583319226900883,-0.15177960747048425
2022-05-10,0.5361382321017673,0.16887624951263616,1.2333838512893986,0.7759209138383316,-0.5138249947436149,0.3508754229800782,0.40977641066143133,-1.2538790522232035,0.10773918665843242,-0.5824385561827203,-1.6568239949288315,0.19767486520696512,-0.22291778213103433,-1.7933916335074311,-0.4350100173995421,0.013588814953279802,0.2673366629268057,-0.4873832336556878,0.5107820776515035,0.7027615004755371,-0.0012212071076694699,-1.2459564326736055,-0.0929258494292923,-1.0595174301758141,0.4165814207133662,0.4861601769134727,-0.19135812541384156,-0.4663297192462377,-0.39745421847104767,-0.13383600267911555,-0.4453053077009149,-0.5770589664399919,-0.08880856165672568,2.641295457580589,1.8449335229030908,-0.8115435085712008,0.39356430915185797,-0.15558356006845542,-0.3045310690591538,-1.3925116356278642,0.6835873217086061,-0.4877535590241202,-1.6598531269563588,-0.9844307245024324,-0.31285836918332294,-0.6093295638714736,1.6175524403160875,0.19760522681342546,-0.10278913064034509,-1.4750855271231544,0.5930261308259248,-0.2122299953352477,-0.5393862436411354,-1.5750768246524658,-1.286421893061893,-0.12825712520156393,-0.7248535867226855,1.5280227237431323,-0.8721039081060419,-1.3452602447171265,1.5304157237651375,-0.4799045674236786,0.01029821979322894,0.7019448734479925,0.021541750662876172,-0.47511196776850795,0.10747289338848115,-0.7012481573830036,-2.38673724803511,-0.8462521654286812,0.33375574693279964,-0.4663297192462377,2.3970124205390837,1.6159255729300332,0.35551621492040464,0.737414499678892,-1.1283194849036886,-0.10011393286536581,-0.2589981245006141,-0.23763996772634444,0.629334752818987,0.0685796302703623,-0.21461839258256818,0.35094061164810236,-0.06885529078211404,-0.7214163856164033,-1.6280501669676832,-0.1449044274613967,0.36071863266963095,-0.7481408733064893,-0.5006060151847223,0.574662620422412,2.4476259623668124,0.795596035129552,-0.20942004578171775,-0.47617377634690156,1.6552246546727796,1.9293829636018915,0.30520498442690924,0.7660982099666668,1.5970632085574359,1.3064820590231958,-0.4817882575830281,0.13222908679551534,-0.4838602012880205,-0.21505681550235112,1.8957090936191938,-1.921164076013431,-2.404211997920808,-0.4677378640171472,-0.5382871631856351,0.0742480867472398,0.2506822200243913,1.3706813644384916,-0.4064408954288319,-1.00845848503348,-0.6787638775687239,-1.6052798904718562,1.672141042428582,0.30258839870918214,0.48825405629844165,1.2042902673914062,0.21251132691793573,0.9703088278265043,2.6658702673299715,-0.4845074094191506,-0.7135042934489665,0.4058136239643044,0.7999291941255783,-0.1810081727973821,1.0693305840314768,-0.47870068925163856,-0.22233821480494906,0.14412006792732235,-1.6375963588793199,-0.5444270442306552,-0.7735569461502445,2.1492582280604777,1.9166101412804735,0.011158551182284844,-0.5054219844633125,-0.08273247070372582,0.24185490964838627
2022-05-11,0.0005178793189385967,0.4707876652993769,-0.24638632698002527,0.3708174421777154,2.0407928153655646,-0.22013495919273723,-0.10090222424081895,-0.34125263955028856,0.09925759986041158,0.26692341670944786,-0.9469540069704174,1.2965103156084514,-1.0093256095231637,-1.6998935306535892,0.8547394425377604,0.7685733788503101,-0.1292844210698917,-0.12562318979388462,-0.223435518279254,0.7311778258451825,0.6361387186272467,-0.12946115973598,-0.044740687489515076,-1.126090427546496,1.2973686666919533,-0.31267571138627065,0.24899848796202695,0.6942454680898629,-0.35140939861443776,-0.5939925023098169,2.3719592815557755,0.6158622705146292,-0.4761247837273894,-0.13372318025700183,-0.4191807266028447,-0.22876489926750043,0.2732520578736156,-0.07372575144853905,-0.5309939662220333,-1.2188216947534567,-0.47965685150025295,0.068006569740544,-0.9310620439355167,-1.0796268089321492,0.2914896620671607,0.012639639881967117,-0.3401015781935634,-0.11762703410175768,0.0864864084801989,-1.954660371130689,-0.3553254370418364,0.012815783499444731,-0.5101235228396356,-0.30993192925049984,-1.4538324723443279,-0.28239570352655563,-0.19536011019287083,-0.14303323792703984,0.701153827999176,-0.7521166549292705,6.7368179942613535,-0.4442689698211439,-0.6986230787373148,0.07640406576606106,0.7571309238896246,-0.7036179024555731,0.20932432977083745,-1.2516142886853687,-2.0892470561395204,0.29814701847120195,0.5502497884322581,0.5546005061334355,-0.4462810321825139,-0.25802857819193387,0.9297250511159549,1.2799937859768413,-1.3563579786054416,0.9407259877982326,0.9080117265006786,0.6664507429472016,0.698560063655707,-0.2307348199775865,-0.12439216863738242,0.061215276854945114,0.8710977752980524,-0.4777938897649862,-0.6043865483541252,-1.3672997043063353,-0.5912507522201067,0.6175196939244325,0.1266887108539177,0.5027935183621036,-0.35390455896069345,0.2512154050352301,0.02900937322465649,-0.19822952199519248,-0.343420073351971,-0.36643595170544446,0.6920728228725787,-0.4695956016872074,-0.49791899267289835,-0.45610728218037067,-0.07432990436543313,0.8032713495610425,0.5643074228697715,0.08225727784344977,1.6369249820581655,-0.6226284052530318,-2.888128040678571,0.8726242252248024,1.505504474708635,0.4875353647681272,0.28979491023274984,-0.05384368959114021,-0.2890250244405985,0.9843374974342398,1.3447725014643408,-2.8259862818703656,-1.0304262394261074,0.19121866600393375,0.3902597827153677,-0.43978911214972827,-0.08495015555233124,-0.4160295043088978,-0.19786286687485954,0.08837174746844291,0.5005034393351832,0.3058470907306253,0.23402769572246473,0.2850033724695479,1.4685054025118809,-0.5771762122989119,-0.24066933953215264,1.547088071502564,-1.297982498640525,-0.5399655820384127,-0.7154658577533382,0.48798324110025687,0.32376512904685983,0.37063214642029946,0.1695586354998639,-1.4421334986672298,-0.24871157685856612
2022-05-12,0.9140113433206337,-0.8134945942143261,0.5638671913867485,1.9992308717334357,1.4594199285060516,-2.8440174505982667,0.40179062997752235,-0.9955699631089288,0.09299119935252209,-0.8695796976968383,-1.216903670158722,0.24621936370634911,-0.10803235419372935,-1.2125190237005437,0.8133317686055054,0.8997783832982569,0.07040408722336304,0.4237979549528471,1.6052876785797459,0.2706501161705198,-0.6206501044727533,-0.5583707774401127,1.0209464059472904,-0.4750772469578603,0.5857982041409252,-0.3982583842323501,0.09038837248570278,0.1844688725511258,-0.37530415484109386,0.9091687326314244,-0.9976607965485537,0.30044579140819677,-0.5178608712384013,-0.05836283047569647,-0.7805858462008928,-0.47948363864836835,0.048674476110051344,0.15974785552054313,-0.4093712488124723,-0.9579605159346866,-0.8974835320494655,-0.7224717144787106,-1.3392283834794334,-0.6789686356062243,0.1945417519275068,1.8345418726498706,-0.8728010597876964,0.6374409262682065,0.40787590987312017,-1.7368568324530622,0.5012359244151847,0.6439413362613696,-0.2032795435129852,-0.8580068525205615,-0.29182022350187603,0.15819915909039362,0.4953510793244873,0.975640494534712,-0.4981171249444715,-0.8757014514326306,-1.1188486962876023,0.11903353122628851,0.11276185170041812,1.8307430829624713,1.6057571438717508,-0.6193048148277526,0.4703425315529667,0.19734397364482642,-0.9052450588316387,-0.262530460092525,-0.9741954392018759,-0.3113783930358851,-0.4723515052727003,0.6227161671542885,-0.7728806944868377,0.7897144024618507,-0.607458058913303,0.16972901109826,0.4722853418073721,0.973041723822669,0.1474119006666459,0.47176780891062126,0.30036327976487104,1.0613342363743345,1.0413720897796577,-0.9925001637788594,-0.6167206651105626,-0.9683071981144765,-0.7795467801727947,-0.21035356898222626,-0.46023419727014914,0.8913738962792368,-0.527679130529417,0.7883341598953658,-0.3248320233923308,-0.02496588542787343,0.23365938454577942,0.3751675073804081,0.37367363337931625,-1.637582738859957,-0.9050120101370488,-0.7857272409332677,-0.021772475855219346,-0.09462021561371244,0.21855803440914573,5.905344093816718,1.9124269924883357,-0.3021665074744325,-2.3025184397796936,-0.6276722844731706,1.960075025661328,0.2075235262419094,0.11300074473910154,0.8861258715314634,0.38211299306471397,0.6460692281731518,1.4303314552755568,-2.2407048591297403,-1.1576936459736487,-0.527076900521062,1.024660941706262,0.6796910695861758,-0.42062840556922176,-0.16707296478143865,1.0922039935350532,-0.7245091665784034,-0.3477339344893244,0.6007320549455305,1.033706356018552,0.05362445956319802,0.5456605132406017,0.16164273482936564,-0.7166974849984684,-0.7989734432032423,-0.6651713304519881,-0.2849193479382024,-0.06519822990338943,0.9217001787167614,0.5023246790283314,-0.8093857666455577,0.2457318361015324,-1.177707154046923,-1.086685318578979
2022-05-13,0.12276634718015836,1.089586517215361,0.08731082460136526,0.520039745602042,-0.321276765205944,0.09951068483808188,0.4763960874164573,-1.152775923934398,0.006403290277383238,-1.9858423184419471,-0.3444996717100617,0.6730682276743513,0.9334893116326921,-0.6441178694912149,0.8456675986181675,0.6365362085627861,0.5667178915787043,-0.8228026763719464,0.5750319873393213,0.2361088810422962,0.10890905164087152,0.33655027906408624,-0.2440374243240895,0.968049047268448,-0.05353263871428138,0.33445990227461836,0.2134750935526659,0.47705782751242864,-0.41192585826158873,0.10354475305035779,0.06860266512025637,-0.6533451810695454,-0.3483617251751362,0.03589925707083696,-0.9769014913193731,-0.7050094905676247,-0.06277274931006203,-1.0743331362995243,0.08241718867658704,-0.3975484333063735,0.10762460591081376,-0.3606854825892727,-0.9489402314417985,0.2342621639407193,0.05252978536709225,1.001181424379195,0.4074987724649689,0.049830852387608836,-0.26302442546959265,-1.5559503960739447,-0.010911231753202232,0.40039402294736015,-0.7285510343877327,0.38574040071811155,0.4639422244401799,0.06874584208236474,-0.06272465799282127,1.8480008813454551,0.8390086999753692,-1.1439949888202119,-2.393803732812174,1.1464264897129886,0.11763625847176752,-0.09571733330040244,0.3986467956517486,-3.0875352200504453,0.2765439432287547,0.10189119061064353,3.951397306444845,0.2374788555926086,0.05043036083186825,-0.5028686239514545,0.7504523305828856,1.644173942873387,-0.5119048747706909,-0.0922397996868034,-0.2229502025617279,0.2557303427688439,0.07728304912792575,0.3273885927539323,0.5851301053130779,0.09861237100830318,-0.22962565550087546,-0.016592958334813293,0.7508933758379996,-0.06997636512515285,0.9266763027470052,-0.4925790624484461,0.4663886761607821,-0.35082180856513373,-2.490744819467194,0.057171882627037596,0.08536109107535897,0.9373192208885336,0.30888460283985897,0.023307281956215387,0.5401610459996827,0.6045146232874625,1.2692428669763636,-0.09128056439838768,0.3386800728362316,-0.8646335069150987,0.8675402782695021,0.5053085226606513,0.09818717084021701,-0.0950883009454435,-3.7508093939964002,0.11199324137316852,-0.088861399624874,1.1746320642771833,-1.5201670860712566,0.7621389215121498,0.02348670221889088,0.620961973381371,1.641495699737324,0.23093802522673018,0.24259864851344295,-1.1011093982049431,-0.9919511505593709,-1.3894642978201188,0.46554941554700036,0.7849284854175428,0.15123041489585412,-0.13823054977012386,0.8528891898842186,0.0792870131784253,0.44242779922988423,-0.06466102930354992,-2.1013415597656104,-0.5847726063160431,0.7517131080229335,-1.4799687621212736,0.8783615850958402,-3.7593808680934084,0.1113978402391107,-1.2154474253517433,-0.2601873517742976,3.0671176522644847,0.8506151940969475,0.3884858490663023,0.42841345575558526,-0.817111993341121,-1.1701860706995917
2022-05-16,0.2761770318017709,0.00195108652244904,-0.2799123946834004,0.6115487010791917,-1.4368159289241877,-0.2568396442330743,-0.47402347076372614,-1.914459598813806,-0.09413965607475913,-1.9309706858836408,1.0861893996029537,1.3111808580373079,0.6461475906783207,-0.5879819142995809,0.6538791411107495,0.21209259040302444,-1.9904941488112053,-2.390962956111282,-0.9668256790407326,0.5088044204467076,-0.6858649074226967,1.7717386213727708,-1.4574978447643385,0.6456527807345882,-1.2877536839635404,1.273634537122026,0.4324850527480738,0.7728749375142564,0.17109491176031016,-0.27722116326331026,0.6334600419131282,-0.16543470398166812,0.34373296269833903,-0.04348506749285147,-0.7253661673597194,0.5075810523641613,-0.2690883815594664,-0.0028351580125080215,0.776236113895186,0.7916045271197533,-0.3120718388280837,0.6300919403160441,-2.6411341645215813,-1.4308704694031693,0.40883549223751187,0.5218782548712793,0.1460727435560391,0.6421605251445538,-1.1439369447093977,-0.5560478096956654,-0.5313562805244829,1.158210741537769,0.17155061147692852,0.9021474028982429,0.5505592531678852,0.6479519810218434,-0.2088266100815318,0.6245570119251894,1.2049754139595144,-0.3207329925426861,-4.34776040443113,0.6190535072018645,-0.1517159692833685,-3.7097504953851606,-0.4290405146031405,-2.3913221148854324,0.11773763532274807,0.08151474216374431,0.3794556524321973,0.9930022626615672,0.3069608557178152,0.6472426575485561,0.4597088668167355,0.6584454971034975,-0.6518525174391709,0.012088711672508334,-0.09186431618346526,-0.7795151501917184,0.43453670703881775,-0.11998114363925277,0.79935293718803,1.0841672806705476,-0.18442280265912217,-0.2867220008731477,0.4268612766936941,0.9537479735328007,0.5294955788837999,-0.0364482397751595,-0.027785169420713688,-0.775802116630508,-1.6760594068024328,-0.019979828217541663,-0.03741913876908728,0.44151168799396,0.6513159795019282,0.6817102918704614,0.5306027306499965,0.5186280818701019,0.4722365864189956,0.12301594405963028,0.6923782674229124,-0.6530583088931262,0.5055646490276932,0.6548353209340723,0.6874413143936738,0.1727156226670734,-1.8057092942745918,0.7693500100334817,0.7556182616317246,0.6153127131041833,-2.4409265160195983,0.5811863214310503,0.5870974848335068,0.1894528791927599,0.509416625173375,1.4873491119140343,-0.23511929893701813,0.2029285290052597,-0.42046410393899714,-0.6764569479528966,0.6596037245089472,0.6623965796208278,0.7692921023113782,-0.165631093746308,0.6352424228996699,0.9674722738123136,1.0430853907459205,0.20544657387035625,-1.2220321816267463,0.12417507490726654,0.8085794113868455,-1.6415658315217583,0.6405529902511332,-1.8649983066794813,1.5516520462495003,0.35292246968916274,-0.45214073325583015,1.3380535087740717,0.45484062786224844,0.7213229097422738,0.1747714536103705,0.022910431775377174,-0.8239240670330438
2022-05-17,-0.16691695667525733,0.40253741340963334,-0.5504543483845542,-0.0495559214190332,-1.8605505599766041,0.5538997969493061,-0.6154080944613486,-1.440086575827797,0.3735356740802738,-1.3081917051520515,1.2108040427680975,2.1441772910223302,0.5855482337546777,0.23392288707516404,0.5917050804655378,-0.059250912490830226,-1.9493577878943253,-1.4787411468472798,-0.7476190364094866,-0.0577231051241922,-0.5606655077339417,1.3243224008647647,-1.1670216170069025,0.7408168539853566,-1.0667853427514156,0.8607749910158861,0.20530228109478507,0.8443414673189655,0.2777313570450639,-0.2580900464981618,0.6989031228740927,-0.46351129662727003,1.156726490984937,-1.4203367608571829,-0.48585143228120703,1.3607465859584813,0.12496753926032865,0.3304433587460571,1.1570280880512815,0.8552843077433799,0.19128672964746116,1.229906744239613,-2.385781883816836,0.10237016124659885,0.7285244948769038,0.7479630190463542,0.4305013898471363,0.5846689029840875,-1.4549790493704542,-0.1990396489560107,-0.4147603701128359,1.1647123847784389,0.6474521720832846,0.44217025772854845,1.075103008520078,1.074204173038903,0.2861677981315729,-1.456886429169201,1.3572378725009904,0.16200041014053443,-4.798663670549795,0.12606462411429403,0.693018168392396,-2.179042489831925,-0.3504079765663012,-1.6726762724289055,0.42682429588164317,0.2621198281449212,-0.049849857695877936,1.0386938559193344,0.35685449186042234,0.07979907209632604,-0.20940355556642837,-0.6006324388097014,-0.3337780903396302,0.08658858894377924,0.2735560103706608,-0.803945261526345,-0.028773317168279872,-0.44260021547994566,0.09084942454359272,1.3468975753656918,0.40794091195462895,-0.4098856019041002,-0.19283155099370813,1.1524919309421187,0.058194158326301634,0.34446831912215753,0.558357023635037,-1.2685619000983437,-1.2056180407980164,-0.5339753162262428,-1.4818962664772577,0.38442866927557645,0.5702211381483893,1.1963291355353811,-0.053611684820807214,-0.2356010496735619,0.7447831197017367,-1.408813201465732,-0.4885855799692743,1.0376764734382127,0.7705608706239335,0.2763342743084659,0.590139887469829,0.5433135077742857,-2.0863273365108195,0.9977771105440173,0.9093125985840862,0.9540298722258609,-2.2564435417494435,0.4331909184862119,0.026392878690601605,-0.5555105736320867,0.41154145547889076,1.3853548367853554,0.10511378567894548,1.1747213273747799,-0.11754252335707431,0.03296587535430841,0.44446083313824986,-0.2769702015998768,1.444017722427415,-1.1481330048684566,-1.0075259660153797,0.9414503857714123,1.3509900477104657,0.021736897085896503,-1.572315992467323,0.4805106640368043,0.7462831055267338,-1.435030438863112,0.05673228204233869,-0.6759454583338754,1.3013260249199168,0.36046783841240787,-0.13981793766367226,-1.7446217765146916,0.026507481107861854,0.20585171210090364,-0.46220155345143005,0.4332754694245088,-0.0732000828145132
2022-05-18,-0.03710609931461748,0.22531740765182304,-0.694578233086556,-0.8663167541808878,-3.6163379875577446,1.2944903215807255,-0.14645691649837456,-0.975395284650471,0.3407712314536012,-0.031753689499200974,0.5770483409989748,0.6208661444922298,0.2330811271251138,-0.12279637033259343,1.0194097810221003,-0.08567220040405897,-2.2349807116137104,-0.33051334445620173,-0.01887785902345436,-0.06333132696235347,-0.8034897653510241,1.2572589485279042,-1.9770489132887883,1.1543623880486213,-1.2066788465636318,0.015420442582771756,-1.2438088125994873,1.6957348974846533,0.0349337547101295,0.5967081458383474,0.8594449714335953,-0.49613452782434236,0.3908273167455503,-1.843037410227927,-0.624800315290309,0.6331313728835815,0.35007879049357216,0.7907029067374156,0.5398859607900216,0.2595099092626826,0.971957625510281,1.165834051117524,-2.1463887822642436,-0.12531063983238472,0.6607359481308647,0.8695993043617211,0.41739952466529895,0.1392141506899324,-1.2039495627932,-0.2560467754549619,0.7230915434256666,0.944035792874823,0.9279487492202184,0.5942274640050724,0.9842228160116133,1.2831975402016897,-0.06848840349502477,-2.271523747710942,2.7085482205807483,-0.29244122576184334,-3.1737112733274007,0.09475814392592169,0.4159034827968396,-1.9916391600160113,-0.27008382476070547,-0.6027613537324717,-0.01326090284283269,0.14205337343905589,-0.7148249974247899,1.153592901436583,2.25948874437574,-0.33530878457133073,-0.28546595502177186,-0.2531115757182519,0.21460885493164342,-0.3581842245195087,0.011866403449338,-1.3368117207396195,0.46568109765605065,-0.12140944127957674,0.464278807895928,1.4029590704449562,0.25461272798775025,-0.3358613673135368,-0.04128620325891013,-0.28075848058513847,-0.24820317569962858,0.36018218071816843,0.4894308697253025,-1.3615105078672058,-0.2880939124496565,-0.6613393650668425,-1.6668858966955487,0.5700035815519744,0.36686501295785195,1.0718506500970006,0.067014466649133,-0.09575233320152668,1.0849597477121964,-1.0424814017382837,-0.6957293045382447,0.2886195744553987,-0.910468888225547,0.22650080846836917,0.5687326633279486,0.7062672852125516,-0.7730941276899719,2.236019030583563,0.5731367344102162,0.743792061726647,-1.7072008074470437,0.5059930065731786,-0.25491234907935423,-0.3368269922046377,0.9521666796915247,0.604891469534345,0.279221341408283,0.5264648364276642,-0.4820416485783026,0.44784033945578167,0.417633386845756,-0.7431780048351009,0.46363486504113954,-0.9298450031513515,-1.0029487165295203,0.8690480085016661,1.741172541601429,0.00547481594624373,-0.0979620928721727,0.4065445033323431,1.09439891163566,-1.2959052761709182,-0.1632888510877484,0.9306544986326903,0.5333226185719658,0.0796542434472373,-0.4622417183661212,-1.9017057036012426,-0.05505259542356765,0.42797281311116125,-2.054248256006963,0.793104399635699,0.5372922536875071
2022-05-19,0.14107997235574102,-0.7260946459350051,-0.12527112158618414,-1.0049360378855783,-4.476032105356692,-0.12457730905852045,0.06668563617675655,-1.102879142020828,0.14276478884628727,0.23674272757527573,0.13305292370742788,1.1095886617306217,-0.5191201115664256,0.13458113770951888,0.8058714130602845,-0.4205532498833765,-1.464919466886383,0.600251558151235,0.14034616128163285,-0.9058750320885035,-0.18270229775461852,0.6386206943353496,-0.15543462093823776,1.0658154042645955,-0.7553077198535902,0.19649092735630816,-0.39744853313312334,0.8717725230494829,-0.3601453362041806,1.519066541995613,-0.3781801859283222,0.02444330588203593,0.0987862256159903,-2.1470236879730034,0.9946538761744335,0.5027188251386334,0.2535214495202378,0.302442662162185,0.5950785270469549,0.42104990241026496,0.2202642034937751,-0.04757232391749967,-0.8653566503223843,0.005337512725701914,0.387587429173739,0.28659435891886853,-0.8152158939563096,0.264849731369179,-0.6845277043468108,0.33524954111642485,1.2887224907540278,0.2330179300219976,0.8303431391324851,1.4659635130589532,0.3837614671769362,1.6347318416302572,-0.25084080137691595,-2.485958278156359,1.0456605821241385,-0.7218592813621151,-0.8955262793307243,-0.26010073792065436,0.11547052943261388,-0.26645310520089954,0.15517995434513385,0.9065520211424594,-0.07260556572173785,0.5086144241920358,-0.8165097560603215,1.7618274876167352,0.5705027407627468,-2.5401360452022503,0.13131970822645278,0.2803006688045275,0.15148287200676164,-0.3128069399682269,0.24734831845294225,-1.299207750103985,0.07866591960047488,0.23734387360635778,1.1546922732736562,2.8958994242335727,0.5373223634231193,-0.010980188788502144,1.8869883297625145,-0.6909224434645344,-0.8165741598404186,0.647979308381387,0.20759154662181828,0.04050234816600294,-0.32172705790000894,-0.6871735459370829,-1.4154546120214768,0.8989518078020071,0.025106581598332626,0.5357404979427726,-0.5334556789984496,-0.6395849163822148,0.04183521226232853,-3.1228050283722704,-1.4687350298023802,0.24966983953491956,-1.8043391930293542,-0.6619205429834665,0.2529292078879973,0.3752304889381183,0.9222741609631658,0.2505303894265634,0.38503719344027904,0.20343628098357575,0.042617835486781906,-0.09487333416958568,-0.6510444498028889,0.20686500576424613,0.21107904625286725,-0.10543624180190293,0.13014857814005587,0.3448021843346086,-1.4106879936136465,0.24549470230185286,0.7388879424430621,-1.1352331877123338,0.8850753640175246,-0.2261886351528738,-0.5206476842025217,1.479276882940682,2.2959181132842916,0.14499665843017004,0.7556428852263987,0.10011012137020324,1.0909371935269703,-1.5970216539543747,-0.46379937088267,0.777234522403199,0.18110852292765472,0.9198271328807509,-0.573726097765065,-1.5350359536735105,0.13791935707422304,1.5512159750644943,-2.2961939680819072,1.6121670273244795,0.47957827506492356
2022-05-20,0.32785802323880636,0.5695683741249472,-1.2616689752234944,-1.3803394008021836,-4.126676402381064,0.9259675168499559,0.8827913987705732,0.24411508653355368,-0.22060208253678135,-1.001243016213906,-0.11032753667660578,-1.1005309086843464,-0.765575353969322,0.04924946981381172,0.8653430459651954,0.3854571159187493,0.5096555413171997,0.899779723244294,0.6547386912613592,0.2804434482685472,-0.5123882697765343,0.9241853980468493,0.0904507282884829,0.7898820959867693,-2.437368403476391,-1.4938236577872792,-1.7140925077978133,0.7039870996918537,-0.748206510905533,0.582645232044803,0.9157597735323527,0.40716890925874016,-0.9922991116057257,-0.6881408519645159,0.6734389346543141,0.5726225931738891,3.1395577430700543,0.21699878324217908,0.2816543800144743,-0.004235996031688261,-0.06779921981611774,-2.841053225717082,-0.12285944874529012,0.3304383147891013,0.5189811471755802,0.7726939258137919,-0.03712370166670734,-0.723741576497562,-0.7432565371146888,2.8024064194602576,0.678309483024119,-0.015272563225513368,0.8663683311618366,0.7986235367617075,0.2893011910781554,0.7010984840408455,-0.4945441328222324,-0.9041780275701828,0.7014410129236319,-0.7574092224447859,0.040802639459488116,-0.38472391385191107,-0.26247443918568236,0.7699937754886067,0.5089612430511823,0.2344866687866401,0.8650151261721593,0.2198395171360365,-1.0373934657723103,0.7954805588070993,1.0869011326384013,-1.9181468123277365,-0.6605070049855783,-1.1817669905353743,0.7368516862949354,0.509730658435793,0.40969214632473566,-1.2690352107890104,-0.852344564165141,0.8406046699524777,0.8557356495188843,0.92292498698068,0.7371536179054886,0.8969732492982113,1.4332621622356505,-1.4036625821242459,-0.33564644635698526,0.8411681444307451,0.63824172564134,-0.42922399983825427,0.4395598250895267,0.8056631269123675,-1.5521691476682558,0.7411759246970078,-0.5454014981409641,-0.8682216559677218,-1.1879264091536037,-1.4750214622708628,0.53884983751712,0.2188801986620948,0.04195361721528061,0.39961855237461763,-2.1820946119988096,0.38115690393271573,0.4905431685844326,0.2419189895700452,0.7530238360573315,0.7920183716468256,-1.1410486914730178,0.8562136052334619,0.5569104558803323,0.3153764610954576,-1.7778547543438152,0.009527630905978706,0.0782504803980243,0.9661090107383343,0.639001172531872,-0.4672564504379033,0.5049166659935401,-0.564002385679614,-2.0588234095500315,-1.0570913960960298,0.476762641426831,-0.057643323974833224,-1.1646126704118378,0.8868905543486062,0.7846525511456307,0.4174343426122343,-0.5837552469581337,-0.3295606556391312,0.7611664761804069,0.09497532022795294,0.2562486314005515,0.9197677775580791,0.45786412074481236,0.9397404015387555,0.9056385592659566,-1.2733735750538697,-0.21267074616736306,0.8052061220137556,-1.596158170099856,0.6452099927921482,-0.7246573049202293
2022-05-23,0.037576785067201114,0.4571772726082886,0.12667627879385965,-0.2054555807135664,-3.437527054873719,0.2248727978981083,-0.21461695809152137,-0.34004919204356426,1.1746775194389967,-2.33601274960603,-1.043561804558655,-1.272526562286344,-0.7795282790404799,-0.16712899810643467,0.19140531648624606,0.08442771267212186,0.5754942881776446,0.3423463016336347,0.23741162699730337,0.0027277855696282876,0.18766907046559297,0.3398337744460901,-0.6371070328558011,0.18723739011981422,-0.62844905919887,-0.6278929852616295,-1.1003129444375221,0.17319374207277613,-0.9300117638541426,0.15683441654813693,0.5863976207175041,-0.06545122116748814,-0.8283722900978943,0.189292706168587,-0.4924985486407679,0.047056100439907614,-0.002212830110714253,-0.21429780703426143,-0.1298081488859089,2.420755950246938,-0.40273426564902914,-2.6576422733730087,-0.3765072284722286,-0.1241642698118992,0.22421560410936212,0.17028159683746918,0.3883878636938969,-0.010438810948582681,-0.500496333053574,0.5160447229818776,0.23074413208224298,0.3106268750787292,-0.21825312886736045,0.2432166235093957,0.2137878687729547,-0.29651852787371835,-1.0909852436405327,0.5583741454884769,0.49752285098002647,-1.4116355587990868,0.3030778724742932,-0.039351472660166927,-0.23902205757527983,0.18955739978023234,0.1782000453358478,0.18711675537939235,-0.9177014978344246,-0.15041486247994254,-0.0682571677237552,-0.13653307000418158,0.11781431976420663,-0.7081262201889622,4.818909170185238,2.9373831051385326,0.25087030444571373,0.5209687060660393,-0.33037693583301747,-1.4492491395546836,-1.2915597391505598,0.048747640816393024,-0.6381188889394181,1.0272962736969864,-1.2366718450566436,-0.021512206839335645,0.3471233291894642,-1.15523973567843,-1.3893617397087854,-0.28471006177347796,0.21063923681974614,-0.4196758821373613,0.32120238507244087,0.27211996483257944,0.18491502901191118,-0.15903967676207392,0.004364603723766704,-1.1397646189206825,2.857783608653675,3.2224988917080464,-0.09605199461244784,1.0638397615952855,1.1621944811554896,0.18786842498881168,-0.7843373843641906,0.25581575503294324,-0.5374099766939259,-0.8207773519284357,0.45877128440325854,0.7101177238280988,-0.7151540783066244,0.6901334002706243,0.20519166150249593,-0.1496896822969132,-0.8476670696841547,2.618516858007911,-0.06842725440835075,0.3773692130528053,-1.0299825276795371,-0.5302045607072436,0.608992339844243,-0.8753882850794364,-0.4098661020398065,0.1753020116232607,0.22420549133044435,0.26284183025962027,3.0526469037210604,-0.057339731848019306,-0.20423736810275753,-0.0036704898302342558,-0.4735354457471704,0.2397308599901148,0.14605861281130708,-0.5526866163102642,0.2792135222331482,0.38461440246486966,1.0268473970435559,0.7225155975597837,0.8914300035051113,0.25334261473878544,-0.6063248877721318,-0.29203707655738304,-0.5188103498307212,0.08291769390311306,-1.286850723088169
2022-05-24,-1.7382799990294804,0.3265783465285497,0.08975280150095856,0.04637198804259337,-1.8845045330972297,0.2763991821968731,0.2869309252383239,-0.010852953960128336,0.9227567260351368,-4.994540781190263,0.16515116312972936,0.014539897090709278,-0.165829759771337,0.07641020321802094,0.45531520103029566,-0.05100422454875756,0.5433558374142027,0.4399248332510426,0.49462437399014864,-0.5920228038684722,0.09885278175155802,1.257534635502848,0.037038299860836114,0.23128259293011846,-0.3505986772216327,0.09077461693625377,-0.1547489544312484,0.18089533398805793,-0.9000634825018855,0.13853467618291715,0.23134894097736464,0.2254023484848425,-0.5341774587903542,0.22792549102683105,0.16034811401227947,0.6100630635123813,0.0716720461499443,-0.4682415685000397,0.09944536639826802,2.6826937118156606,0.17373150391689227,-4.22707987540787,-0.26811062469707486,0.28249037008026967,0.46996451003240575,0.164518838912575,0.5952317530790375,0.23128927015022502,-1.2338165450709502,-0.06288912603030469,0.40133724039385116,1.73371468727416,0.2651764111485356,0.9468007299036629,-0.36265316147522997,-0.6724444375214839,-1.5950387081566801,1.4305504496296082,-0.44158214925704314,-0.18968610008133213,2.1231862969002355,0.009216244178143592,-0.23367258128431592,0.18216200766090623,0.2853959119980023,0.20981794515684568,-0.24733519861858463,-0.10261503197183174,0.03807008392769821,0.19609607733027742,-0.46648989486955705,0.1465755070196205,0.4316002739779535,0.8259536545524678,0.561319638324081,0.36147968444210526,-1.259328981859492,-2.3996039775945213,-1.3916551460073052,0.15762113845699635,0.24299693928047317,1.3770963832602783,-2.0352817600885884,1.2160317020023166,1.7124021355559262,-0.3823929149981882,-1.3131938609035274,0.17390848077585108,0.9320165737164683,-0.09550866911215349,-0.3205946205119286,0.7920698090984194,0.16416508102245317,-0.11250778780238309,0.2337379614560033,-2.130882870572133,0.799929250593025,0.874135802078893,0.5636847215112223,0.8952450350921329,1.3921878250200928,-0.6007942301388118,-0.1560746919327248,0.3716738123145549,-0.5168692269266038,-0.796719750781724,1.3061256062653521,0.18507262164041668,1.0043511876455553,1.4269585401625315,0.614865819456829,0.007503291406595789,-1.2975184341221648,0.24785631042087455,-0.3329350700449119,0.7906494619258054,-1.1666526870241756,-0.9089102100221257,0.02233674083258578,-0.41202007872642565,-0.05117220319064052,0.1673730162322989,0.6063439603087137,0.522788414482433,0.9162939608569579,0.21178524024668213,0.6354345715522115,0.10697646934273801,-1.2327393825516828,0.32989190969621673,-0.01891030078662262,-1.6066309881860181,0.26600843432514065,0.6202085747129298,0.5909783317686993,0.7924536147749904,0.27011960257620077,0.2214544380824548,-1.6612612075970536,0.07526570316994055,0.2853959119980023,0.02277398369472617,-2.545333274164797
2022-05-25,-0.7258501250580212,0.25786999750238987,0.56060407152257,1.139359514321419,-0.21714884005033394,-0.1694149192626757,0.9647991299458235,0.2632714842840774,0.19571963382435528,-3.676502146270082,2.5617135026662052,-0.16744086343335288,-0.42192196179481023,-0.470901117942067,-0.19920451430313793,-0.7346049253818123,-1.9321035029620133,0.4204042664216278,0.6536721092276238,-0.2157751944930655,0.03327830854567768,2.7132232444759996,-0.21589563686336552,-0.8886648035434271,-0.1254650481880961,-0.21155532505256439,-0.39559545142001334,-0.11189346904580691,-1.3461126939305847,0.006052421959554587,0.1673925319300815,0.3543796722447665,-0.5540046256808817,-0.06398702407434828,2.0874899600710317,-0.43872517266238714,-3.095169742156307,-0.45354232027643837,-0.207011089148652,1.3346116232729135,0.8575769299233412,-1.4781668740441098,-0.28586788711750605,0.42053594622818097,0.6011007868157648,-0.1685598164404998,-0.1680253857583835,0.4212795068098541,-0.39283474942908314,-0.19122133563793567,0.6964285550970003,0.5693455917419844,-0.6252985862097103,0.4943314957070511,-1.1452366128201454,-2.407620398961475,-0.5245459579952659,0.2055189470828677,0.5273497216039238,-0.3005343346049135,1.7632013888595646,-0.732021933476267,-1.5026520312965144,0.47171783989671134,1.0384230608151916,-0.338330407135975,0.19809898052308295,-0.4438167568413298,-0.5821902104333309,0.27538034495273644,0.6793511857076817,-0.22581315211003966,1.070218555581936,0.6252216889397907,0.929154206845375,0.9467372681310199,-2.287236246967467,-0.9489983231713566,-0.3205502460675004,1.6689412259178937,1.465237098482061,0.5019177032010059,-1.6012518318598354,0.5964309228563518,0.27479279392742983,-0.36347501703762336,-1.5719595314301311,-1.1432265584566272,0.24566070287718103,-0.02408189788195158,-1.0285021870624593,0.5392921279989188,0.03463894557125622,0.13867796918440015,0.777042093098376,-1.7043470478953886,1.4734185942889277,1.7114021741792338,-1.6395775792504559,-0.17515273043216656,-0.28106010979161566,0.24669126720249146,-0.09889441395050189,0.07488499669790841,-0.25647376690652474,-0.34840366525756744,1.660147273869602,-0.1742302364176234,0.454712518960787,0.9715307783796377,1.5363773444505178,-0.18421113244582513,-0.7043269512452263,1.2940926929009569,-0.29755391525274955,0.522672706176854,-1.1883004648291424,-0.3678147610087841,0.9978034559809861,-0.4860616051558996,-0.400535947470719,1.1039015782245378,-0.17675654958377565,0.8594357394985771,0.12419080662596722,0.9392419304421913,1.206835436873434,-0.16936787464623282,-0.5708725951212403,-0.9204604366811413,-0.6099292195970684,-1.3949824165789908,0.5748661305096496,0.8654885105624366,0.3218483760704973,1.1843376168979165,1.1581743514531833,-0.20558397469362708,-1.3807637447584429,0.37187191434805594,0.9718856295019649,0.023442330710316782,-1.8205292891887115
2022-05-26,-0.04273719671603777,0.499363226815474,1.182764419847896,0.9937771704097146,-0.2763533738410001,0.05838958091492159,-0.16017004182748162,0.5700954802998751,0.2489557633307883,-0.4731293263924636,0.5971460012974601,0.35155057113507515,-0.8324991856358178,-0.38606581928694667,0.25839625563009566,0.3304663264859518,-2.323966648368804,-0.1812663807019306,-1.1180255855502985,0.026285990091826757,0.6615735944050546,0.5690183011691221,0.5746819285130162,-0.11140844751272978,0.4140364568161983,0.5657376349545864,0.5081749524999268,0.8565467384752419,-0.8090863821345774,-1.384889368976809,0.5773076073629776,0.45245888810682783,0.8479973720437206,0.2459750796679053,0.5360973633900932,-0.7799950072093791,-4.310135385313304,-0.2875010026904378,0.5322708730973434,1.4779536281753722,0.34357395499742927,0.1787132431639209,0.18224964053797807,0.08840161777989598,-0.22419134641834912,0.16037376437399992,0.8509543066194867,0.412885531682,0.07093992052613214,-1.1405071223647703,0.43644892016518433,0.47484369785318725,2.2382528894413665,0.5371324569219157,-1.3746433103862603,-1.9925209354640312,-0.2902616406094274,-0.41885666821002915,0.5646405933627732,0.9507406084516433,0.30578710686962246,-0.8009695198961894,-1.5188877235785085,1.3482402131397624,0.4807919141357829,0.5905997024654497,-3.9615041015091004,0.502363786066813,-0.4615661756971908,0.5040271045021418,0.883814542514118,1.270100061246245,0.22808833195652858,-0.7707448770355961,-0.6465729400219983,0.5420214449388636,-1.0520710656320333,0.1378206810212511,0.8828236955074167,0.2811203936145998,0.4660284421750145,0.4231890930760721,0.24297918305117944,-1.9003297260105352,-0.36341236868113175,0.3086375066925628,0.21003020120013305,-2.884443807126401,-0.23030714573168054,0.3704659075273932,-0.17536985403428082,0.47107247755322607,0.9230511333673821,-0.640302942934551,0.5529307858061081,-1.4601161936210425,0.19464844294044645,0.13878668999111923,-1.1537407805238309,0.7453293308865797,0.5178290296321739,0.5107296757000513,0.5708706824694417,0.2605907923771334,0.7288690124538717,0.025279235336015445,-0.3922496580689691,0.03359665089614454,-0.41332391176658995,-0.24831982917586826,0.2655487912775122,0.042775702632066204,0.9316043791629124,0.24342097644240013,-0.45821118957044493,0.3041680962698518,-0.9625879884817438,0.6145596054582505,0.44199614017196065,1.0761386499021828,0.4452118424112408,0.4718985396308652,0.14137114650290458,0.5785650613756416,-1.855375858803261,0.4092618925397933,0.4181316772195363,0.36555318705204454,0.2482131974466824,-4.717146859265883,-0.759944723073077,-0.4981565033280819,-0.11560906253458184,1.0032576034982812,0.4112532115136115,0.4460888288138429,1.5469843997304091,-0.7974948784112181,0.3643361298647209,0.40135941090562194,0.44422588777587035,0.5723657149516838,-1.1110058143484127
2022-05-27,0.1708281878639513,0.8380001497487878,0.642806930862972,0.8656910338413437,-1.6449397624383975,0.32959590048143766,-1.9677365148388495,0.5212129214676827,0.263811540101528,-0.18836756840017316,0.9251801403501633,0.7764753616663946,-0.6091892042479343,0.3408250756154555,-0.3578319070926688,-0.511027919630986,-2.1776096974021253,-0.8383268250598325,-0.6709403560826803,-0.11918065363270512,0.020424573772178697,0.3081933779420317,0.46401379901458767,0.8062673938774667,-0.08201679544202062,-0.1456005615333263,-0.18289081970950732,1.13066554309819,-0.023854192558073067,-1.266999804082879,0.22486065769174982,-0.4236630728609572,0.8693086077444303,0.8312953718701168,-1.493751514201392,0.19545289536632837,-3.143317348307749,0.8351487991886319,0.8284217760059269,0.7211252172443505,0.03943541201080261,-0.03318864987619195,0.41552709092418405,0.010040481041117143,-0.4660458941726931,-0.40470891505124096,3.0749068835195303,0.26147253490307093,-0.6514476947923161,-0.7740123311885404,0.19192429023555183,0.6498008370842088,0.8218536779359805,-0.18114369708931738,-1.5057981709338195,-2.450149660411448,-0.8050853781432713,-0.09284036692853069,1.579096495717896,0.21656683955095155,0.33582487832706365,-0.8508948199845762,-0.8927221195974429,-0.0002333250462975628,-0.8122710241902167,0.8808779265960359,-2.632191718458938,-0.4704292704157789,0.608115166888903,-0.31628521957536687,0.9158178296368126,0.8028587020584562,0.33431787735881024,0.011047219875834721,-2.6184397247103246,0.020615272782393626,-0.673126913069578,0.4240651134295504,0.130477160399475,-0.018385642575481198,-0.5809017671673191,0.3577745661256954,-0.18681266100254507,-0.7223582805165432,0.3260560187560245,0.8140260850702565,0.09496737833007853,-0.4858145892929093,0.7215109089144326,0.5332976212639775,0.6150290049665872,1.7423423172766817,0.9241279686927382,-1.670657564741129,0.8784572725791555,-0.3330499305787502,0.6121992369227057,0.5750649755613445,0.6090505076678675,2.4526316316030705,2.5586197609049406,-1.8126756673296673,1.404681661648082,0.2781876584024772,0.3706080060876427,0.47411438004621337,-1.9527530891187603,0.8829705832108692,-1.496545351148506,-0.38761220467077406,0.35399620146895755,0.10651187353403997,1.0483667517457484,0.2658030395102866,0.0067140972327823295,0.16975675554029226,0.23963575141721868,0.35118625313799845,-0.9363175805716404,0.8473444819880862,0.2657933099295052,0.6826208384108737,0.3134737427714916,0.24026333605485975,-0.7854343011167978,0.26500354589850156,-1.0494939782556856,0.5937835479255363,-0.10648187026999441,-3.974238378761338,0.6054868117107846,-0.4943086952491093,0.23306831034239825,0.536294279110131,0.1851663115237467,-0.3904432014358441,0.7800091214385194,0.5003448247152156,0.32750157999824914,-0.5492120169252012,0.2645695610155565,-0.5418754110633358,-0.08902722259505702
2022-05-30,0.5225813937200459,1.2221118754103548,-0.23090524766625567,-0.1802336039864917,-1.9750521620745898,0.44472888557640405,-1.257171774198464,0.31317291320335905,0.3113026711049069,1.2587316434106353,1.3496702207883495,1.3647286638667977,-0.11070614590396786,0.7920874965107229,-0.08295110519270375,-0.3540033026947723,-0.8924122064037573,-0.3879808263773762,-0.9920949515663469,-0.9034820858607138,0.7248042060910105,-0.870407909535726,0.42999528262842013,0.5903307788943813,0.2968678520882384,0.4459323280364094,-0.10251484658176992,0.8127242810608937,0.7185909660349864,-2.414708603739624,1.421591410047739,-0.7373849930334815,0.6514271213520765,0.32399091712565575,-2.6155454135426526,0.473121565813662,-1.1567368040246244,0.8625930423596582,0.4842295786341913,0.7579317574730331,-1.6280963612085253,0.896231221285518,0.8185218873122317,0.4329969731062147,-0.3717040380861964,-0.9614506895416528,1.3820276777696683,-0.12853318279397774,-0.14309600936681213,-0.20662067788048408,-0.5319602338262094,0.09754897127885605,0.27588314900949706,-0.7264531572234199,-0.5482192533255772,-1.1934406885893436,-0.5486637355566691,-0.05828742496607414,1.3615535004403598,0.5815201662885875,-0.02781312325321333,-0.36264034501589426,0.5669379966606828,-0.883984891102548,-0.8398725594839336,0.7006082561778252,-1.306709099989997,-0.13158393368103957,1.29668518035089,-1.135660804352135,0.6888987315273064,1.370323559328114,1.3272358147408667,1.2922776068154642,-4.564568980774076,0.3037985120153809,1.3553385267615747,0.7418005385476698,-0.5381822527987059,0.0014472015645191482,-1.4660277731233247,0.5588768627099697,-1.1286766018742551,-1.4914183616884018,-0.38356149623116037,0.6993394069194401,0.44102230880990473,-0.7304243713699821,0.5276369524254896,0.21583598509378094,1.0484979341461687,1.2771160957981846,0.6093391842399899,-1.7706546959581313,0.5966859450071992,0.5048735971613199,1.2647354531612869,1.2399540582231998,1.1499174263975034,1.210047141602675,1.421905068660543,-1.3207451153416996,1.2814475095328917,0.32035546944295573,-0.009501234974683264,-0.31517956418429344,-1.988229574562319,0.8634220638018281,-1.856295851667351,-0.2608203665067858,0.3558284872849293,0.7336324453195893,0.317344094437503,0.6396609443198532,0.3276170176519188,-0.04094997352595754,-0.03521806288577893,0.3366673838383579,-1.3926121537805911,1.8261378406193138,0.16919781425226102,0.6515404309551787,-0.25897428234036696,-0.4634851537502639,-0.12444752145397908,-0.3292096527222514,-1.4823249745453222,-0.5596371873090661,-0.45698730398493115,-1.9100093405380327,0.35872802523988934,-0.2026100136198268,-0.5907660868319661,1.0263484654902157,-0.0865633348314126,-1.6167198869825012,0.11525413997799841,0.43617415084569744,-0.12761911298775255,-0.4761984144372909,0.7721146115478155,-0.8499703501259097,0.46553460220683324
2022-05-31,-1.8892819259775813,1.2632080416007907,-0.27464701997657126,-0.4298182308990986,0.020022554302151722,0.861759161948475,-1.6908931919539716,0.5144937380991348,0.5055480822986541,1.2959435672159756,1.0369042153625425,1.0674643493429192,1.023195284320615,0.9560636058735508,0.04506825835216519,-0.12982520815136048,-0.8673164698779435,0.10403201234277892,0.2648336339737069,-0.7526228402727306,0.0576068685575189,-1.3526683113165074,-0.570468102174571,0.6749260000713948,0.5077831699772906,0.37917059410508264,-0.5596555401712061,1.0552106176459706,0.37147132191135196,-0.7345097002386222,1.160713745848342,-0.8621390427764454,0.3655537948053922,-0.721383871934216,-2.5861074966978044,0.47353767766879495,0.7283687872003597,0.9203456586883868,-0.15912330660622484,0.4399352145608428,-1.42823477079135,0.8076055782012637,0.5158530646869525,0.7170870043999173,0.18249370041407129,-0.29651268344857135,0.3996376213576523,1.183127911584305,0.18477575249848222,1.19705813202073,-1.5268967735774155,0.34960589194099734,0.6671652579431712,-0.7345827354600101,0.5629691674285419,-0.006312460921394683,-0.5831768599113707,-0.07950741950957324,1.5999168511965616,0.44866299779771945,0.5874816306867481,0.04616737782375903,1.2937742086774011,-1.870009265852193,-0.67915538797413,0.485457298178635,0.13220989398595667,0.03699444114178598,1.053978337707549,-0.5914269854884858,0.6334912155428409,1.0384786831041641,1.5595094231350182,0.3961804849242558,-3.0069051590747202,1.4090682724723933,2.152214386425189,1.032559047646562,-0.40660587558281047,0.27781708283636897,-1.8670562505349588,0.17766757539800473,-2.2055072476068496,-0.39966386060043896,-0.5612774770076014,0.7603068149301397,0.5891213633653531,-0.8166577582660768,0.19409715528263236,-0.9838362721020589,0.030508813246506034,0.46276363077136295,0.16593293095175857,-4.101431764727579,-0.5509989703433117,1.0650960124500397,0.5452134510271364,0.4395307444303529,0.1535611644295519,-0.8649210288527354,-0.3531201581562752,-1.3692738802462543,0.040611304066874646,0.2563450531645446,-0.3485639325004225,-0.010527245375862826,-2.5213842074903727,0.085182360183397,-0.9607799561693463,-0.5790526398831598,0.8096090618547647,1.0581918903992404,0.6756124543498183,0.028914540576992793,1.099122994624338,0.5032889787167439,0.16336918464512465,0.06026596959814578,-1.5104032172846273,2.1986597250164404,-0.75714911333891,0.6276104999325828,-0.45758922620734,-0.7286447971568151,0.5940942338105257,-0.23093240834918285,-1.863578674651367,0.059185561018428624,-0.5430556585859048,0.8224520468974522,-0.4563913718826641,-0.08051825905129278,-0.4041716619744171,0.6133625684562433,0.025971077152706797,-1.0165602421664532,0.2013045779220493,-0.27193653071276586,0.5477045660730185,-0.6010364595435255,1.2536943633844844,-1.870953739807745,0.7239073072336308
2022-06-01,-2.9864936711362144,0.9818224771019738,-0.568284132719016,-1.0004276874113907,1.7431419764925253,0.3219179964324596,0.561794801381617,-0.014729335174211702,0.31605557254290045,0.18748525332100122,0.750255587009031,0.06783315190337819,0.8720301589677659,1.9734835193580842,0.8685808313381009,0.5699777510281991,-0.9642203672264691,-0.28193193912605236,-0.5059366438549553,-0.3275907791420427,-1.8522974426811591,-0.955022232355703,-0.40182976401610154,0.7754359801803131,0.3457471538392767,0.8890200531072187,-0.2551990004360549,0.6719016343801767,1.0078164518851416,-1.5022114585028894,0.7017264216767769,-0.20557287913552752,0.19675949193860717,-1.8558890915379214,-0.8162218873284044,0.4735809439996208,0.6343721587720896,0.8480370855191303,-0.6561839566191812,0.3130304161485732,-0.7239800424198451,0.9193488820477045,0.44705286444479025,1.2520385037436041,0.1616321527889415,-0.35727483342625305,-0.678816761088335,1.3506330168258638,-0.03311220375110287,0.9986491150568539,-1.0587360418079024,-0.24364266694185024,0.541096290766516,0.1774637708291325,0.6391395711416139,0.04287781709807712,0.08583826790886746,0.7677305107477683,0.8696165669971875,0.8450937557611677,1.525227956515382,0.10324989629507744,-0.6233871665226024,-1.3473320013547472,0.005158855862570866,0.5909991749412177,0.6988992816722838,0.5623280957724383,0.7912233949882483,0.24564554385828727,-0.8021733887541175,0.44510399977349974,1.095751516447167,-0.7522144496177304,-2.475296505523859,1.1220254208379226,0.8657366285116646,0.9343587792382757,-0.4525388973193144,0.40992121542375815,-1.3551321381625576,0.723125025663156,-3.0341719486862972,-0.8928702883108304,-0.1090377271564926,1.3266556839805776,0.8056151992021656,-1.2602041807184614,-0.3202839424309303,-1.2690939581379572,0.20284006007526664,0.8284994754515841,1.1677682961690046,-3.3427011188354903,-1.2325311823213496,1.7252158489996103,0.3790022592964841,0.28742621252192263,-0.659534168161062,-2.7278676276141867,-0.6622955311748857,0.4879789517168787,0.09172123742330368,0.15193182955056841,0.03819457341292526,-0.38664314610514694,-1.7089976690660724,0.4781452784728228,0.5711375696035055,-0.22127880872893316,1.0694123623942278,0.9292319906839662,0.16886872156883082,-0.3509966130567705,0.9444981074791852,0.9093536342615494,-0.44046171043385685,0.08650135387738439,0.005313265260924949,1.8045405985491747,-0.8578315122067365,0.4383624991382931,-1.0576621873859786,-0.6321588872513996,0.25740016855042747,-0.31582077202766057,-0.2655465413848923,-0.006506404074372698,-0.6384324877652907,1.1417415682004934,-2.552878955611987,0.0016295575357875836,-0.6146138254630372,0.31047467143940305,0.6494958047139446,-0.5104972226966464,-0.3994342111830145,0.3740601666525642,-0.7431691441492527,0.3682691581659266,0.884571437954185,-1.9232788344513037,1.0158496890981576
2022-06-02,-5.931910104987269,0.7067822246914783,-0.6874892775754966,-0.42634788849413613,2.100991752222278,0.1845881168131065,2.5613487172680647,-0.08451477992739154,0.2200848476983537,-0.6885499722113049,-0.25428814199708083,0.4412919436692676,0.37583110893169325,1.021379351727923,0.029946547503359726,0.34515471098550393,-0.2508801990116775,0.27092999192712025,-0.9406356839498148,0.5358577196054763,-1.880466883391621,-1.1101061223047746,0.5831414554245274,0.5217077287372861,-0.10460667505634895,1.2415570036282124,-0.37505134427705983,0.15498510932988604,0.479646785731678,-1.4304549989623045,-0.0885551539066254,0.058491981723339866,0.4239893056354164,-1.8866264195571298,-0.07319992349009723,0.7855029630708624,0.7059988917061796,0.6425697167178327,-0.4338141575787934,0.7055264885418058,0.0022004747740080313,0.7007828936464378,0.9639097489023682,0.6152905822694177,0.38686209032890945,-0.9288974927728124,-0.9824744243406321,0.7246935825064758,0.09199774788676256,0.595780746585076,-0.6528476946791667,0.4177798762516171,1.0278674815310112,-0.29041044691300516,0.8236894053109187,0.0826698696745806,1.4922230675823744,0.713354863238768,0.10434588959454562,1.0859418619445016,0.9771221508450095,0.5572813013931214,-0.6607175150527428,-0.7598438181965833,0.4204910585987446,1.39570589375695,0.5102042979083392,0.03498875718784589,0.3984836778022056,-0.21068023763574734,-0.18472954954276702,0.04966872397508461,0.7017211701974583,-1.2931066853919548,0.08630622716984733,0.4196742504339399,0.679020196025676,0.6777842136236336,0.5351447946905677,-0.6170883112692455,-1.0717871755139767,0.3641223108691235,-1.5521138414190792,-1.2935628773424839,-0.4865765608215628,0.8955735093922437,0.7900168317730766,-1.502759490166156,-0.6029570467134954,-0.3324986974420509,0.3705432262840658,0.2350877933367998,0.7196027671634374,-0.8088175122058285,-0.20584419899234332,0.6538139655398281,-0.30260472089761786,-0.44503178455354864,-1.503256449708872,-3.894833653729316,-1.6545680787539658,1.2400805291894628,-0.5839714882863397,-0.1727563714018116,-0.20949693890220408,-0.38760929968483593,-0.9263976174384922,0.6952967341767083,0.19909677122412747,0.05719133185604291,1.185391405502161,0.10167106193865638,-0.9030059786587319,-0.26352145477580513,0.5833048401220394,0.9788817194969491,-0.24247417936288634,0.6191067481817678,0.6381494876543167,0.5255928095413533,-0.2892832963239349,0.4089485368907395,-0.011909761941972128,0.16428252942341062,-0.7081876419045496,-0.3607731150706555,0.5540795238755608,0.08829107622336306,0.5424269109076878,0.7425921842830503,-2.740282543852915,0.4508987431368119,0.25166925556493647,0.4409847571315059,0.4585142605659212,-0.7054608754176682,0.5205541309882141,-0.6469453710051786,-0.5912149512923998,0.34548500652192093,0.34179918048917535,-1.322444106658329,1.4178996845395655
2022-06-03,-5.900769511206184,1.1989184648571198,-0.6447394912763585,-0.24456939268289365,1.6166703770863515,0.2727525900515173,0.6380673024476128,0.00294314967789534,0.11217096281791746,-0.21953385971939748,-0.6469132876774871,-0.011288308418756162,0.4714839030972513,0.1708630163816212,-0.08311875228919842,-0.040417363593535455,0.3443012960481779,1.011319773190439,-0.4726731391434572,0.0815247104755112,-1.7634006494657117,-0.3849760062539359,1.5977217537267552,0.4800006181885114,0.4794226294623473,0.326164746400745,0.24901917202490384,-0.347193893265198,0.24079851858727155,-0.7904355635462135,-0.8568676454565609,0.8119293141346067,0.9572141491714529,-1.3636962916665394,0.3477266715761906,0.6988409161858182,0.49169288713264553,0.6367659604211973,-0.08317689772061958,0.5360297502854992,0.7804582266528725,-0.11973549777810794,0.5779827027398552,-0.05724619230850623,-0.10727869999305965,-0.5404973810873379,-0.4023644504966197,-0.01828717398105167,0.818549459439019,0.12506760579543602,0.047987376099224564,2.7207937896744228,0.5269381492757885,-0.38259848704168753,0.1360371547708954,-0.0701777163831947,1.3024714497869445,0.31087815022384413,-0.9227307698607632,-0.03839798050189322,1.2076193978284568,0.22477302219438697,-1.9238603918372112,0.4389339294090415,0.9208468161821185,0.6373785457196822,-0.02735177455364187,0.17309624249623604,-0.13350256395191762,-0.7842907103002615,-1.178784603096792,-0.44728534676302995,1.4251317324405766,-1.2521792627987625,0.562858857507423,0.4468027580412957,-0.09352084985975703,0.18387724404591238,-0.1992792994781885,-0.04693047123065027,-1.5918839241152876,-0.06007778780689339,-0.3081793162496531,-2.147395701648772,-0.244791961020487,0.33670873452324435,1.1653540351350142,-0.7253049894838686,-0.48226501670603267,-0.12733730660160594,-0.4649651981680191,0.22330482580613606,0.038924221353612655,-0.07330626930713753,-0.7392683516133692,0.16058708462141322,-0.4869343681384168,-0.5118845892769948,-0.2774026006308417,-3.1168839024690933,-1.0289799215431812,1.0708591794484077,-0.8919672601544928,-0.30468888086450685,0.1727146410825826,-0.2570200763017605,-0.25990901697788343,-0.02804631706296259,-0.1110176181023913,3.6213791304600593,1.3658195855349942,-0.01790639469550463,-2.7005495419470686,-0.12830927946733034,0.3111221298650865,1.972499847170883,-0.14116933779509525,0.9966243606596961,0.22225427508091863,-0.575401377584713,0.19304028597644254,0.41394491126135086,-0.05734014238515177,0.29503738732388796,-0.6812213048435016,-1.1622254719461227,-0.07257184201361548,-0.03804073668800207,0.6825537636123985,0.5093693844131083,-1.3068374103289773,0.344223746879845,0.3927574612092085,0.11924707684090435,2.1350570762884438,-0.07247243163367291,0.29602521551371497,-0.2643210127333112,0.019736199036013,-0.21298451349129885,-0.08375227014703965,-0.28339808918902065,0.2361114049680028
2022-06-06,-3.2865956504485037,0.06309757170434258,-1.5547852140071288,-0.06950677317685372,-0.9674815612899464,0.3560292595020351,-0.056664754662676224,0.6273981437956924,-0.008449531478023542,0.019896507540864153,0.6911589156550768,0.635854597010617,0.4574475616099362,-1.9793220209600266,0.3998797913729666,0.07209514499047288,0.08041812537655287,-0.2455981596286969,-0.23755601405815488,0.38437338473992483,-0.5754920862660027,0.9981857025227617,0.8265499996256511,0.3424054094106485,-0.00232872708838719,0.33385100547260355,0.07299205601205325,1.1633411009524401,0.6168152303233344,-0.6871890159612404,0.06913086607511623,0.08387053866643711,-0.09415314833144221,-0.027365614111463293,2.12775769029599,0.9498503133469332,0.5650370198164784,0.0712637492198564,0.5986405852142259,0.018649186162910062,0.6519510406537069,0.2402800183893535,0.6756323753516044,0.09020646813281026,0.08387833140964326,-0.9619636377109659,-0.16248332872455165,-0.4430662854348129,0.22171667441229584,0.29481163263143106,0.012222870902339759,0.5548956311346529,0.38542822798254495,-0.13306108084734783,0.16196420750622875,-0.32005804111510505,0.940521694304235,0.021475781076952614,0.1109849094606863,0.18289213492782597,0.45145989752057114,0.052595268884108703,-2.5125288989692165,0.027018606742502404,0.43507850638960477,0.06513056132993161,0.044461925921819426,0.013670884964323497,0.08910212667165708,-1.1455795948197698,-0.09798244610983228,-0.6044493382474745,-0.12259477203783284,-1.8613507614221851,1.211980266872779,1.352341337997466,-0.3526071450738318,0.2836305401181534,0.06970665262244832,-0.0741228607127564,-1.1781292524596552,0.2909334421762813,-0.06711472614565579,-2.0497769013935967,-0.13037653007960204,0.1578339444700768,0.08350576201810908,-0.8607337885727779,-0.11208772052272736,1.194021716382951,0.8400830587046197,1.2996547535177747,0.0455188469050667,1.6161954221497454,0.2821292262833289,0.5907578656989786,0.671813066540414,0.770789830907683,0.07657922916500252,-7.534521962130624,-1.083041248850776,0.44095773930153237,-0.5901047848796247,0.4471792950664292,0.6153258491612121,-0.006391709468143231,-0.014670739585888496,0.2525616591023758,0.45901004251332483,0.06068511614883138,-0.21772858762433153,1.5370254082783157,-2.827700557752252,0.08414148709755123,0.17517296034337124,1.6215348963322112,-0.29879305126689626,0.01886327949019097,0.053171097468932914,-0.20964664006146674,0.955760661067343,-0.11266544456056052,-0.3995139385702374,0.02989057169033675,-0.8395148385939863,-1.1084696528070725,0.16677270423893237,0.0868911340016553,0.07995929448410134,0.08776465486954761,0.010811982138277425,0.19782695014948498,0.0833819959193143,0.38934712281564754,0.9333101869418995,0.07559342188688294,-0.277649467080385,-0.6986963450577659,0.32752991873174525,0.02982354307191356,0.0920931295849054,0.5758560864213708,0.04257796619371587
2022-06-07,-0.44410849111357076,-0.1693951837413148,-1.2724414926961616,0.00231029081217994,-0.42615267435309245,0.049759664333203626,-0.20317701185896658,0.9146525240908422,0.0025437805824819904,-0.32151669074292355,1.0391105302747532,0.394197141585639,0.28423571550203164,-2.297674535244452,0.5017575442648131,0.8435166189969687,0.24507447891931092,-0.6963350976583138,-0.14610985411074,0.9451885535728809,-0.7371328850871268,0.5491916202095052,-0.21489013748418384,-0.17814696993397675,-0.05191949261463235,0.13385603953946795,0.5711470146988618,-0.17133784214855105,1.286550042495051,-0.1549379858314805,-0.14758065035015375,-0.2276597447633837,-0.27491888247279544,-0.6298601812254556,0.5805324936182265,0.3654423750595583,0.5837312632621118,-0.1455144726592992,0.5122985419080501,-0.2332376277350582,0.9904492521671504,1.596369372519325,-0.052648062490159804,-0.35702838270551523,-0.5976195832462203,-0.8537814967007946,-1.2899991984996289,0.8899133231551501,0.3441877650566156,0.47405596856331567,0.8654580251995084,-0.13832663384921232,0.5000715494129738,-0.19437209441865094,0.3758226528848239,-0.1877807358701905,-0.27543154797485264,0.14063936339413574,-0.5055630080010542,1.2458926385240259,1.0881218486182287,0.40755246439748705,-1.0158851138379024,-0.14000991149159736,0.37279310329649484,0.544384881321748,-0.20995207837586535,-0.11111373641341192,-1.4380930950216395,-0.3477937059016044,-0.4593903829686998,-0.42168358096944664,-0.1932952692482836,-0.5297746002409385,0.5836110301013058,0.9742883331099549,-0.14300251579782022,1.7093225893747437,1.195021737895158,-0.40254824184950533,-0.3052659021391605,-0.3406751607581954,-0.5699106739908871,-0.3380173070384801,-0.25763461147273986,1.0949598464362729,-0.8517070121347453,-0.4794537772390625,-0.1224912734503039,0.9017896486548449,1.755468260940386,0.3773137338310652,-0.2750083326076672,0.9652239154119349,0.1426630768030377,0.5187221198047427,0.5488455993312596,0.6500359900483939,-0.8790801229676914,-7.330906732497385,-3.7976373413642417,0.6523127616184439,-1.082591991792639,0.08825174973748062,0.6691236284836729,0.07970853532861298,1.1337891063514893,-0.1501080489460943,-0.1945722437502293,1.3844208575474664,-1.1785464341310639,-0.210156453472894,-1.4764312227703171,0.24553248845992606,-0.11121038956698971,0.34856925552509455,-0.14708310338255318,-0.1694570661337469,0.6582941642986764,-0.2580090137007904,0.1825032039713103,-0.20499905790861256,-0.17944755469449086,-0.7890552395004168,-0.23810762894515325,-0.1648145670880297,0.4229956894324579,1.9097863739146932,-0.6051007580739807,-0.3134207542652438,0.10353362038658194,-1.1915408196419919,0.636153969779086,-1.5385112471056825,0.0693974994179037,0.5018538291421084,1.258323958988302,0.03286183021644417,0.4341134778075794,0.16076555361612344,0.20087638377941427,1.915288337013311,0.6135621234344811
2022-06-08,0.5219572921678225,0.14898021406995007,0.48449948755856415,0.6094186769244976,0.14034614348774307,0.2093357726348349,-0.4165726830948551,0.0935898133729419,0.5933979436970117,0.14389541793878471,0.9601807099613432,-0.049397248247438165,0.7643198427204724,-1.7892262737866436,0.02600459751226333,-0.00732708084368162,0.8483815983521467,-1.1996171268524065,-0.921439714765845,1.6896713735859723,-0.40244574793900784,0.16429478321796553,-0.9882900970481965,1.779046168881326,0.1373643958533436,-0.31182404776860223,0.21123237899918726,-0.7030791330215483,0.5202165245150816,-0.10367795780798086,0.19401512347204963,-0.9737276327285934,0.1359926366755815,-0.20599804304548608,0.9824857657380295,0.28303096599288075,0.5202282533494407,0.10700827248290734,0.8748259492801509,0.09801858600730604,-0.14692373685679747,-0.014994226571609107,0.15786499630211973,0.13361248430100098,-0.36405290415456537,-0.15730311375199826,-1.9433328495189301,-1.231467554321342,0.8400026843664706,0.28815800584081674,-0.03781977113286067,0.05824582751951742,1.3314967673645948,0.0677354113994653,0.11646055414733894,0.41413983042431446,-0.41503003071532285,0.25885481498546475,-0.6295994111044609,0.525268982065513,1.0996741034766024,0.593925829344612,0.344798485263343,0.46214781068232746,0.3218297659520037,0.1410408992478388,0.46971600411249803,0.7608484006632907,-1.100147900287777,0.4077598478673486,-0.07014437388302915,1.1405765342227858,-1.3777737483861983,-0.5428832131270707,0.8187811683464037,0.06482926492238657,0.5231467549956241,2.091110026851928,0.3328504045156941,0.1374175129881908,0.011451057993898802,-0.3234869084692033,-0.520956010218692,-0.3339055679993116,-0.12273578037329679,1.0074740842508225,-1.415506171611379,-1.2398211597822717,0.1589306147335773,-0.0508648379372202,0.9399694342853453,0.061561270883067426,-0.874331436789273,-0.1121104096115487,0.7329884849336569,0.24251593226265927,0.059600816555743084,0.04435701200304915,-0.6556544893791567,-6.9446928066728155,-4.478635844201761,0.2019839066107994,0.13488447529027453,-0.2509681424878551,1.0049412847610568,0.34436450249772277,1.4285490780219727,0.23042411779605101,-0.1596296894718351,0.11975555783312075,-1.7089277944942833,-1.3353391849308318,0.16849312751636233,-0.08738709552994785,-0.9430795453387039,0.7255436516338053,0.31502704280905636,-0.10632557743653955,1.885800169803957,0.2286289278340486,-0.77422341044694,0.15120050774727936,0.06589993072738973,-0.12520110189856246,-1.017064134157882,-0.0016291230344625395,0.4680965706363383,-0.015253361076929877,-0.37178108568232243,-0.6538249173389407,0.12264542963408596,-1.747137015309749,0.563297669928174,-0.12740990193635954,0.3943698718423085,1.4747824764095065,0.9836017921166961,0.46857709076902404,0.6234698423552961,0.0845196418095993,-0.19702124725726866,0.1188508339894106,0.08841130274187387
2022-06-09,1.1074066152827267,0.46607905329305616,-0.3246136073632905,0.3757952596488769,-0.1608766891504809,0.21645289271263402,-0.5313405953948034,1.1086225908552014,0.4928936202176566,0.7024766235488321,0.891311004736469,-0.44174085133322394,0.5044256939724517,-1.1706725618307117,0.40036350386314934,0.5129440970634058,0.5452007558604812,-1.1447579618788715,-1.3556488705089427,0.4964953001628296,-0.03105330352344176,0.5355731374348883,-1.850469027986552,0.3174501383020229,0.4091493417648694,-2.879623199771959,-0.4861814203674057,-1.9501977253764216,0.763919328475597,0.9403795785629265,0.7159852332995319,-1.0260140608348616,-0.03975882536558811,-0.1262171368246631,0.37283541442141444,0.527892968480827,-2.3646752869983576,-0.05083419560386641,0.4842179931075689,0.2865061454126685,0.32380291355889235,-1.3617483001930386,-0.9637152497767001,1.1172782446765406,0.26363956638417557,0.09712962283670676,-0.971304298781266,-0.7285943647410683,0.48725968245873325,-0.5320356371598838,-0.8137917423047324,1.2144759816597381,0.30542652080880867,0.4859027254949335,0.05674320267202497,0.275213305298177,-0.2642464006979902,1.0158264092620646,-1.9904906510987947,0.5509745688977475,0.4218322475736297,0.5000932241069528,-1.1070119099050473,0.48780873335064956,0.9124387257896183,-2.1883243627890856,0.7999517394505,0.46646109614228476,-1.2254245325000617,0.16355618904646702,0.30529518675467693,0.42080792214477664,-0.21869679576072815,0.3365779330684303,0.14009507026119605,0.08333270850606399,0.238955312031131,1.3677544887411819,0.2991647808179947,0.2489332672091689,-0.3633023679348728,-0.39845209848600616,-0.06931103344394383,0.1463285148766305,0.3279504544364258,0.4222046231634715,-1.1535111702664709,-0.9656114239730755,-0.19503201929053035,0.1389688023882743,0.7136418313761644,0.4738771669506309,0.547809316977969,-1.0305929607460342,0.5546099251998712,0.46371441033632693,0.83670381293502,0.8587275161340728,0.5427265033820248,-4.400407239737424,-3.9317781837416477,0.3653068668825848,0.9108829483957334,1.0357938701725387,0.6531007409226302,0.6359561813233464,-0.7643871811021906,0.521108176652845,0.5480713870610292,0.10565386309631368,-2.4993599272785056,-0.4245370360070783,-0.3226245881703373,0.546421104879911,0.11896801617478964,1.5425076218504168,0.8703817762019882,0.16294652272560836,0.35247129150410217,-0.21821029045351203,-1.7667144020005474,0.21327225759330173,0.5463623110951568,0.28035384126363055,1.6516128647765995,-0.005607078885276556,0.024953092787563254,0.08184093496236253,0.9462687096826564,-1.7427721045460707,0.5357972139061612,-2.1973684080558944,0.21762284412417068,0.47920244483019386,1.0025979542028602,0.32710687111166137,0.28283898858958345,2.3664263144332693,0.44886141981550254,-0.11050445394225501,0.22870108011729648,0.15597212335950092,0.11241136174795706
2022-06-10,1.4744755610147706,0.1753142022959121,0.0195256252473414,0.3309515929513526,1.0117293913930918,-0.15947299499832251,-1.0909417205436784,2.2955992900271127,0.320792938491613,0.2121443149695938,-0.0012763537399845147,-1.3359732474119346,0.13139457734217422,-0.980331046708926,0.534940705918325,2.1060440408607275,0.6799355723547712,0.5922420379785498,-1.888652652860062,0.17061613138839166,-0.31894370776829295,0.18904792186667688,-2.1395246706021376,-0.021890184998011222,0.9065444212853925,-3.8091694549230968,-0.27153496319018217,-2.1460522991828777,0.1200661754789225,0.14117210201914365,0.13905055635659316,0.8550617412160193,0.12090634365846897,-0.3214075833527032,0.3976898617701029,0.15394719150261466,-2.304932988557388,0.2634469984925592,-0.4987373178057298,-0.3684235212015965,0.03715458984491522,-2.2755841188957824,-1.3651413903464373,0.19273379440453908,0.150647612165638,-0.2967206601400739,0.08201199386048123,-0.1076257338943389,-1.2964461083285088,0.1302405648563464,0.6378384608321328,0.0015178762865133302,0.006193960476711276,0.560989805381411,0.6132421595500799,0.7757034120578802,-0.79536069419996,2.067205156564387,-2.2488313580345043,0.10376676392918233,0.17286989669075759,0.8615631855513198,-0.4596779618590858,0.4596594675291749,0.6327439221761342,-1.4772438070683116,-0.12253255680329428,0.2014483580861784,-0.5559264728201314,0.9928457119047822,0.34694260602071825,0.06396596057846003,0.09121426184315257,0.1364012840147198,-0.24866485987462175,0.15181645126779725,1.7371679163536966,1.197099521441862,0.16834216404914382,1.837183322031118,-0.21921996936567256,-0.8648851073969401,0.16594572012517886,0.14196657999886897,1.272023446264726,0.1397541585089831,-1.0232254194229362,-1.1471263020035527,-0.13475513405476996,0.10108046624982192,0.5261775436376511,0.36694249279912833,1.1495902793048756,-0.031019563827165808,0.8088857605322294,0.04530529382975527,1.2648334431312243,1.4970737502025369,0.1476545817668018,-4.2604397819204,-1.528418580432232,0.19243698082780655,0.9664288759307176,0.5969789080060464,-0.10063280907229133,0.503112432807705,-0.07967315416624404,0.18870597129408526,0.5647206729221034,0.14831173566609498,-1.8947415339135774,-0.757613753346909,0.3625110522992733,1.3834114139813714,0.3480422208945275,0.2249870826139578,0.28485380978363933,-0.10844722689317138,-0.21244583889653268,0.2685342433071886,-1.6788490338270603,-0.10832418747141248,0.135327825544946,0.6262527578641708,1.308734911969908,0.21636760950936393,0.8656027625468486,-0.40610098262896316,0.22600430648980235,-1.5606389862547532,-1.0578173877401993,-1.7640065550623367,-0.20435721761749556,0.17286989669075759,0.10384926041595893,-0.08931999645570916,0.22844059215452142,0.49712974149036815,0.15512162266048185,0.9234718044381699,0.5759255097609489,0.58131875283251,0.10924320519449435
2022-06-13,0.9471237704238414,-0.5819615492609442,0.7393192703979152,0.671476095146326,0.8962779706179391,-0.7695037233921085,-1.038391925437651,1.0711068520868627,0.07311912974525285,0.752904295407204,-0.47941185436979544,-0.8091728808433143,-0.31244314193157796,-1.385159407353573,1.7031281149353346,1.0998283232545543,0.3729748799591652,0.9648191840656544,-0.10531251658327205,-0.1310610015860572,0.5596283274947556,-0.3048147242238306,-0.8685684560799378,-0.8991513102155005,0.8266802860192994,-2.1987220288609968,-0.21084256315919336,-0.5563607546088777,-0.8299677243011679,1.0593311953714992,0.10887543476052913,1.4305763369054234,-0.51891597072079,0.3169229942231515,0.8856795110089561,-0.813138972426108,-1.7675563377191548,-0.6324999672064954,-0.8606496544470948,-0.601117241243201,0.37918401017093517,-1.5623557178505423,-1.5907764679651888,-0.1625513409943935,0.538736689154728,0.08815149824002154,-0.14160346826637288,-0.38969358157485917,-0.24878923605101808,-0.36491771059341643,1.0590318423670362,-0.38123892964357375,-0.303309508591976,-0.020739209862860472,-0.19169696295527378,-0.17432464033368186,-1.062479123317818,0.929946254242165,-0.17957182123056467,-0.7989782816798137,1.9796389496979971,0.7276045558085072,-0.7224199505429277,0.7100318302744308,0.3477212209157952,-0.805902204481411,-0.09451661255264579,1.0123219991062145,-0.363175110566895,0.4055795801711949,0.4978432255416472,-0.3991457080229481,0.5869149434038177,-0.3291565316078739,-0.8258161956146105,0.5106963468687135,0.22894388924404543,0.5633221587550983,0.32515295299754415,1.5142233034899997,0.6448580831108798,-0.8361190279219133,0.25265278651959694,1.3609896061304974,0.7215583468535566,-1.446098596409337,-0.9351710085267689,-0.8390491435321482,0.12371835866355166,-0.4334830566703153,-0.1330255760392623,-0.08838008713688965,1.0377011413310673,-0.733027994885036,0.33126576003394764,-1.0713344062241694,0.7846021686161107,1.0330287240474563,0.5784694722674117,-0.9333079918613061,-0.322428299465468,-0.1454550717448497,-0.3518469576190931,0.10039342905394105,-1.4262787020141046,0.07530498398376131,0.9602877832982416,-0.478969790052978,0.09848386142724341,-0.06282341445063339,7.598625252816147,-0.24540699117588496,-0.16799071987256917,0.02626847771021868,0.3783591990267782,-0.7270168485562013,0.10458054037052537,-1.1508721999884701,-0.8104811481073418,-0.1592810510011317,-0.7032675557872232,0.2939533500180601,0.024026494441293993,0.8085731903735192,0.2824739873667571,0.6311387744302418,1.0553841176498773,-0.8074763295658478,0.924441047697026,-1.1537881596819315,-0.7435373040802626,-0.8713027215333763,-0.8609387752199893,0.3539455309138815,-0.029516167166381852,-0.8923285717805547,-0.44035310411321393,0.6096691167969935,-0.44421558983882903,0.29593983358437037,-0.416029794818076,0.5695853590979832,-0.29661182279292236
2022-06-14,-0.39675001469989674,-0.07623381413918989,-1.698100672371628,-0.4601042295174089,-0.268780668082054,0.3435288194204786,-1.5229371776675353,0.6487620708770941,-0.2566277078719141,-0.45694174254589065,0.4004559137898357,-2.415563535951607,-0.2835687706727499,1.7947955599885514,0.051986170856639494,-0.28397774562025996,0.06224295247087852,-0.6202130157181351,-0.3447556355011727,-0.4131755574805668,-0.639704258853246,-0.028300794361933095,0.7639315096299459,-1.7392811651314635,-0.2725727114497193,-0.5374468635754397,0.06788709223676216,0.5963517209438299,-0.8799641729478181,-0.2376924504729429,0.5644543193870967,-0.5016785639583207,-0.5291046111457693,-0.3350364543811764,1.3516506312217313,0.07912405541045997,-1.096371970856294,-0.35523894725182625,-0.2661353627705112,-1.0510585055073178,-0.5626923522761125,-1.340896000481327,-1.2208565473770543,-0.18832426434992922,0.14073040230616346,-0.45907929044347356,-0.3084436219580584,-0.5242493170264247,-0.2840208417982405,-0.12968714908453088,-0.04768437452190873,-0.46279269543857277,-1.4721903391963769,-0.3225418605258471,0.5005674147072368,0.8749659374153055,0.5274385799331754,1.2713485472366932,4.4350856242206955,0.5537697513630698,5.760039214681991,0.00425596811873022,1.097764502293206,-0.42616476972815337,-0.26286022603357323,1.6267269325107285,0.2533369300274198,1.4322589212742978,0.15759408206628142,-0.4224818043420018,2.3056661903620133,-0.2882581946633576,0.1814115381307512,0.01024977838175903,-0.26174809361903373,-0.294635016866579,-0.2600963566763043,0.9044675586306006,-0.37298401010792553,-0.591329211548828,-0.6504320799470942,0.07804159973748431,-0.4809636628469045,-0.2586470481917785,0.13925218803749645,-1.482107523586616,0.44852036184317773,0.25868480785739045,-0.4432849144229229,0.010640906734011617,0.10889063069262332,0.43256154829283194,1.9231602953636597,-0.09976676153773273,-0.3896001982156968,-0.7921174237585548,-0.09189033058661837,-0.08927576953819535,-0.5115623991925394,2.7129141968210164,1.303011597123258,0.6548652597560668,0.9371008575079683,1.1764238547793473,-1.0215950553148283,0.19606628014608454,-0.5891699942287812,-0.35875496211133345,-0.5929999127013745,0.3061424915240193,0.06575983713294133,0.22978087691051177,0.6415390818986986,-0.0049126035331627455,-0.3209718952677072,-0.4045077977243106,-0.3177456339038587,-1.3768021430301818,-0.42819662590038066,0.12013197335757982,-0.24954633785433533,-0.2751192834231788,-0.2285644570252502,-0.3054193455955069,-0.30664426794271815,-0.050684797510239195,1.2048235894434283,-0.22506785363604143,0.012027460610522104,-0.23887077906478,-2.7535889875554096,-0.18903497479910075,0.8010717652625327,1.0588988793870426,-0.45904309679861066,0.07330712366626102,0.7527789323437845,-0.3278676881995659,-0.33772702357181783,-0.20734375130650756,0.28468752100609523,0.8772779250670039,-0.24004969380643218
2022-06-15,-1.8398810019010932,0.22025488622088665,-0.5660799876909037,0.10198889614205982,-1.5036487557602847,0.2033777313407284,-1.0801198587041605,0.7268414148852438,0.6219169720811206,-0.6354198941453999,0.1355030166606586,-1.6783037640393978,0.2824422906428261,0.2442190544844641,-3.088502283105544,-1.5904308850378748,-1.2211781058521145,-0.08220556219047727,0.29556966484684316,0.01393834435438183,-0.033597162379590505,-0.2844348941648222,0.20006071122911215,-0.9229440210013153,0.3071994930507428,0.5440781731822874,0.16973358062273916,0.4071035026706751,-0.4635204812895698,4.223957195634274,-1.0425218688851923,-2.064605154946189,-0.25820583232604283,0.7266039629352845,0.08544164739466768,0.21817706894807204,1.0975641441512778,0.6322779547373365,0.3024150058695397,-1.7654126343124734,-1.0024508643665067,-0.3869207827664131,-0.003702079966663804,-0.9921082435617036,0.12247763599769493,0.23284248884522366,-0.1579154149100294,-0.031184766114186576,0.14508111750827557,-0.1424058081595059,0.17646885455965575,-1.4861020584950106,-0.025031022702046067,0.4696883537920826,0.5887363462220181,0.09082660683288091,-0.24246856227244432,0.49339125853890886,0.23306589516098028,1.1747965887812928,-1.9841349952560934,0.2793973507946537,1.327492272557606,0.11528770827697983,0.7821388460075245,-1.2757330148965864,0.6442358730715875,0.40624638327606494,-1.3841160887956518,0.44719178192646275,1.2218103814685888,0.686292009756852,0.31077162521234375,0.2904263019857881,-0.8112893926826874,0.52751411797818,0.3568000604486109,0.029327355520186074,-0.759876908518758,-0.5939597053423887,-0.3710849954620655,0.018961675786702867,-0.5117161142556235,-2.1292799322190503,0.22163702993480966,0.27967637330655193,0.22772727972646012,-0.6647190306198476,-1.4372135477870684,0.1361623758323058,0.26167436665214056,-0.09990843765998161,1.234483861365501,-0.4774449030269408,-0.9895408670592383,0.17392264862645068,0.24519422559689869,0.21608612928973275,0.7036863102909979,0.1259389741030258,2.5594731762093454,-0.9035533534381376,0.3220842008706347,0.7371060168317343,0.05191468612170728,0.29482245932016415,-0.12593029612870987,0.3496076289723011,-0.18485502907464385,-1.3413812930497504,-0.7008187086504126,0.29406165063517054,1.2383050482654994,0.8529349129580287,-0.4360933418604408,-0.366995760188412,-0.6119172116722777,-0.11878866919958737,-0.6938963260922745,0.5757706060661418,1.7743413953242422,3.1972802266947395,0.09436082851415965,0.5138072532471744,2.94179747134684,0.4254751149380741,1.0910010736294509,0.20610152537297394,-1.4064855446505469,0.30961710720371344,-3.0578030122254187,-0.10651272372083809,0.3178680029368291,0.32679141539423306,-0.35639252903504215,0.32073429282643956,0.6973215137298023,0.15077947723789695,-0.5563468584255745,1.310246891547347,0.2538019007812224,0.9837172786903328,0.09984400926019843
2022-06-16,-0.7589448924627056,-0.13040194011219816,-0.8865633949810658,0.09142569432803917,0.43531437454889216,-0.8478919085141493,-0.9067414045078436,1.8441007482429144,0.8367338262776653,-0.13432519248613084,-0.9681686796166351,-1.0042523666007843,0.2001644078716394,-0.5636412651825732,-1.372434812406607,-0.18302506221428005,-0.7649864620223834,-0.9867109033660442,0.4484325339162032,-0.173238576508509,-0.21362732913296525,-0.7254217246840307,0.3440629310620452,0.39369697158767364,1.0903082663035975,-0.3054438884841181,0.009706097687028209,-0.48313316441677767,-1.4005182494266166,1.254412543149344,-0.5152942394081628,-1.7565841609756183,-0.16010028962736905,1.8561010374481992,-1.3441518393985143,-0.9234108664958969,0.3368972810881725,0.3047071246531618,-0.9688043142686416,-1.7067041052201186,-0.28856883363431196,-0.9250341253869802,0.01093244662898038,-1.3875718833936466,-0.22280268158113817,0.13181298224495627,1.2687340348176728,0.6711011280850911,1.1021901259277056,-1.1803429310594946,0.8228735882200016,-0.5851916684152743,-0.8774195225626201,0.3800589118321881,0.11907508516917063,-0.7115215384512191,-0.09893241549464347,2.2054242147565986,-0.3328418732208083,-0.868881456787779,-3.2416749203702935,-0.3700365185229213,-0.43157844980582866,0.26774046779216154,0.7333559069716623,-0.8891971734219654,1.6578848393737449,1.141249124408123,-2.077725052582793,-0.004335921659755558,-0.2716654044796165,-0.37569957255200376,2.3238945625235305,0.5512950020536319,-0.3300202624946118,1.299230306962722,0.8847160891714866,0.018173480570029328,-0.7210837580748186,-0.44368135613108367,-0.5637693474707676,-0.3597160494343607,-0.8794426267614298,-0.4212309404165345,-0.05934542627111774,-0.09638577943865785,-0.9018521746595887,-0.211521839123943,0.4779268848834329,0.2977840677128887,-0.13104446542791537,-0.9298518395508927,1.5338288973837388,-0.8763953309979414,-0.04289986078251118,-1.144090882540632,1.7019267855970255,2.194330984992872,0.8878700770293594,-0.2803724417358792,1.7672163775390728,-0.881493810731765,-0.696474809516341,0.251016909219644,-0.5964154301600251,0.5511822301378443,0.4391575307107495,0.4854850612931672,-0.9126609234664607,-0.3526791328647564,2.4030460299477445,-0.2362993366147034,-0.18360147413890607,1.6441860315113925,-0.4034774819023886,0.22523036785595962,-1.097722205788572,-0.24972218044372174,0.7886679657589372,-0.41176082131105846,-0.6263315424128669,0.20621219260916676,-0.1433557474479495,1.2371855151918527,2.367883645822566,0.11980366526894023,1.4098066681349923,0.09341542463007882,0.6306606996598504,-0.590383150886766,-1.6104651574198252,-0.6871284952899556,-0.4341752456953889,-0.23080265854348156,-0.4049171222639768,0.45585927604324034,1.145076691697248,3.5017881897228995,0.4000468882855193,1.1602359747220266,-0.09570871664020701,0.8166784526821421,0.33450717903854954
2022-06-17,-0.013062450201627235,0.2260480802774783,-1.0034081471022838,0.49612605545468835,-0.6657057939348892,-0.24190385319366825,-1.3070792340369688,-0.3545785589004328,-0.37359607971139946,-0.7347103219210772,0.6254162649679494,-0.44690972636029136,-0.566227354827655,-0.11364719983884292,-2.7916259177934735,-1.5178562577650268,0.1402185943323605,-0.7515346366242993,0.9867072339610692,0.8348342628601284,-0.701271304284173,0.21676759492377548,-0.5793427011669011,0.34828657067324476,0.3666506895352309,0.7894746045519822,0.3576929154087053,1.5452390220855645,-0.11248378006319079,-0.4725602841225843,1.7729074786108743,-3.196411543411705,1.0269198801554622,-0.771428743973178,-2.734452424239429,0.5228902567465276,0.24684324724594825,-0.517064252373512,0.7034467788253884,-0.5907096059113182,-0.18366120208105144,1.0500304517115642,0.45472528957530334,1.0827121464658336,0.37645176111957346,-0.6231402818950379,0.08022191720563847,-0.3763608016822214,-0.31637055492142535,0.3415413649778836,0.03879879563309584,-0.6135749613887029,0.6262572520692679,-0.2014610417464439,-0.6520259772874887,1.4266073716301988,0.6492187908739825,-0.16128112037220393,0.25529780024898296,0.38786412083815147,-2.2791616262593126,-0.8369236959799976,0.8052594836405954,1.4669587609450734,-0.5596867011794183,-0.2826303341889795,0.025847987623356543,-0.37432738143125144,-2.4372567999841768,-0.16437908058480896,2.1286619003574505,-0.6965019546598274,-0.6669597788754015,-0.778180227906541,1.7947832791788347,0.4634788191949785,-0.4868682576311222,0.42884317293876334,0.8326699885614305,0.1805579665007954,0.24287833415509746,-0.05912968944987557,-0.19044238687531934,-0.5596867011794183,-0.3670085239107717,0.7742861040550442,0.33016060040093087,0.36874043868328876,1.1759882020721975,0.019691315883488932,-0.7523913409376615,1.0803325912352602,1.2713668756365981,-0.4057048360932841,0.3547394876389911,-0.0271067135362404,-0.6361995012849938,-0.646991627837789,0.4263399268863684,1.6756922994594166,0.26584026199394434,-0.3805284663144863,2.263269651345817,-0.06946567494281222,2.1443993517155673,-0.5596867011794183,-0.5627350709771672,0.7809467926428485,0.3778823323689248,-0.3221031707079173,-0.21942272105203647,-0.6497199067958611,-0.7201185215568789,-0.8024696491621861,-0.48431938694168647,1.4850381503845504,-1.1984886433315118,-0.12938280901788402,-0.3997360406950398,0.9204916331442626,-4.079036144037755,0.4780808814783777,0.47665407835718726,-0.5926128637832803,-0.6394549456331605,0.39258537746589484,0.04832162010272081,3.0018173436498534,0.009156405254575157,0.2658448670974138,-0.8496893942937733,-0.03952851303522489,-0.49833908979781766,-0.19161377118116663,0.8093255590117897,0.5901987678052155,0.9813536927929528,0.23432863179776436,-0.5509886519857358,1.7827134906342448,-0.3372169181884985,-0.6399959875623693,0.6779132980327427
2022-06-20,0.2051588949693679,-0.47290834273265825,-0.40382713464967424,-0.16851832780356138,0.9844361399930307,-0.44752361210800534,-1.7062522269722038,-0.5393319183198152,0.7200657215219599,-0.9966000745757513,-1.0055380202482573,-0.07047191328977999,-0.11151255418393341,-0.3325512985508004,-1.3677801354418966,-1.2892083104184806,-0.3348291040187391,3.818437671245431,1.061125974200363,-0.2988113707356882,0.29739079335773516,-1.2680001151100595,0.08400787380957256,-0.3129550338304309,1.6655777081278744,-0.5033401282675755,-0.3457957197771146,0.13150856872263897,-0.5636071409043693,0.8307103527841505,0.925651064757191,-0.45664148094752505,-0.5492283401399224,0.0992516756272843,-1.6665745268684036,-0.49024406286828975,-0.5114540859129,0.011792776909259938,-1.047619070500818,-0.642893177414106,-0.07193669279946575,-0.46182096875981815,-0.50906330598212,-0.09832578310494994,0.592924378515593,0.35077150743783586,1.6049274791457373,0.48155864264229964,0.2759137947685284,-1.7473298453475739,0.501443021569306,-1.2821384641544649,-0.4637877059980291,-0.46303494057327393,-1.4977985723561984,-0.48649259524454785,-0.24722919151520498,0.7781517591487461,-0.4973968305186037,-1.4960224500543953,-0.48185727028125275,-0.5613528028693755,-0.06076726122103819,0.5674086595970108,1.5028610742412363,-0.5987745241824222,1.2773914998632414,0.49274772319526844,-1.2648603940601437,-0.9945184843934676,0.0056212986483016305,-0.6472278919908772,0.9293477960708519,-0.5183299414797516,-0.5556331259844128,1.0345250502594814,-0.5447304565403149,0.5668421896119044,-0.05227302808808447,-0.4640762712260655,-0.07148792162017426,-0.7779610616487282,0.04113776886340586,0.6278639753788381,0.9395702997526996,-0.6509608076018857,-0.33695709120400286,-0.48395671462430423,0.5743455627197768,0.47143235951693135,-0.19667755723212327,-0.24976711697616932,1.9132021252941203,-0.4295157071419089,2.297911563799244,-0.9249345480758135,0.6017143160781727,0.7753299815240903,0.303795158081811,3.489212736383285,1.2425455163934007,-0.45467154721459124,0.5741433842961923,-0.2665726796152572,-1.0122310410767004,0.2279789610070926,1.1430589032211882,0.0364032464241864,-0.3350168570928237,-1.2966613474948485,1.3116738162987418,-0.1993933466067233,-0.23539790520115675,0.7218212912094379,0.017781920615146395,-0.6141426507374702,-0.4378288990043666,0.10117324410203883,0.25002996869206334,-0.5718254229228299,-2.08512672993385,1.3810173714793617,-0.5110103765367777,2.0263634051435204,1.1192639982235144,-0.5132549604312359,-0.7131689535301922,-0.5563808548330947,0.07698025628953159,-0.4766708316565707,0.40558819113077443,-0.0305430533922589,-0.5211621283400388,1.2482428194062234,-0.8596318709411931,-0.5146624131982194,0.7985834290457136,4.765680408185466,-0.13162189298655871,-0.6354894654200615,-0.1895573552826089,0.30939860790799634,-0.3357585423142194
2022-06-21,0.468285785685197,0.4915896495851194,-1.102289685986335,-0.7134867539247304,1.0512317939407165,1.0633285447993412,-0.6556201970742886,0.16789584659024465,0.44430515062942455,-1.446015972374336,0.4465941704745244,-1.0871332221817405,1.0472186290300032,1.0135357289419524,0.8532251749643822,-0.537254077871967,1.401662404329683,0.9746716649917644,0.013718646512046656,0.41501988073411866,1.1709931807667056,-0.7507553194503525,-0.2697495457847462,0.2095492399256001,0.5621311220747885,-0.5591215840926392,-0.31548792066621867,1.067399942468475,0.18422838529598387,0.14293769831564737,0.899512421232118,1.2129006616527371,0.3156985820938263,-0.6511049953057956,-4.290038469434704,0.6696672618824436,0.14022268841908364,1.3095397715183146,-0.22392643139462515,-0.0626460302433101,-1.573972176358013,-0.49409781063208463,-0.7050162355417825,0.7264383389675564,0.7902677543809485,0.34882907712196365,0.8128479343365016,-0.8045571704211475,-0.6488267907386697,-0.7078376989825655,-0.4098353052309242,-0.902539086230933,-0.7654223755462994,-0.4627690188605837,-1.0729353838206102,-0.040123311010436875,0.3841758818360915,-0.220613882426683,-1.5812476774825113,-0.6371347256642774,0.7440237788096291,0.23600947374570366,1.3233089111957737,-1.0195794187955918,1.1120107733359168,-1.2156342077574818,0.7106825362346006,1.106200853708309,0.7855642237179867,-1.1673246043554495,-0.07195330971289553,-0.4072698203918856,0.7567534570408868,-1.749745315066916,-1.514643622453993,0.8056203865666223,1.1097992234329583,0.7235182867752754,0.7309653445329931,-1.4664638347242567,-0.6660781062729203,-1.6106259622287153,1.1335150229006135,0.7115432391130561,0.006125240094421776,1.0257827418414143,0.512812254561782,-0.829204965619152,-0.7200426448776323,-0.4526605357863835,0.3525009146540089,-0.21133797768845963,0.8348634392337305,-0.06501503182463172,1.0944096397596978,0.5582281700115237,0.596385931459789,0.447784768928108,1.0959592787821482,1.1623450387073564,0.9070126222082897,2.2241997386212136,-3.410753462265166e-05,-1.1230431220182626,0.6181005523188138,-0.48680896956418535,0.8344053615799211,1.219514066185495,-1.9419641815744915,-0.5720409844951642,-0.8062738224795246,-0.9386420900630893,0.6417378989886677,-0.6089327593903141,-0.2790440272265748,0.5935348509621318,-0.46832499331831706,0.47545027878592455,-0.25717387865610103,0.16560934786606107,-4.10667707235754,0.8948772531429771,0.30406560952374206,0.7231294887210362,0.9832677081004726,-0.8159412528192916,-0.49616105312500497,-2.5531866948679203,-0.3091785773629187,-0.042534768969539095,1.0725632038855832,0.8015925742608279,-0.39609701401720443,1.2610626104282352,-0.36390073588612004,-0.14856878948350688,1.0726732179049778,1.0051730370692287,-0.48516802390154296,-0.608872158834722,0.45192406621278636,-1.3571916212239872,-0.7013305179488359
2022-06-22,0.42015081053794434,0.4510204208649424,0.3423433962173392,0.44470639716856203,0.7294225771014362,0.43499547654013104,-0.9429228484391372,-0.6186583413671887,0.3430034084102908,-0.49316123465770784,-0.007752352621282405,0.08249997814637644,0.6506797341079609,0.38360968768025794,0.6887644937420937,0.021610164701911787,0.42840472137302393,0.22108208871008833,-0.259364288317586,0.23769796870255896,0.7898653518718758,-1.2806485788223858,-0.07194727667155325,0.5004091293682216,0.11326636247611274,0.551754819560646,0.018456832695282286,-0.7061858393552543,-0.06495840761674064,0.08283807879365548,0.43355029761609615,0.6949587958088325,0.508616679183809,0.36882202970392464,-1.9735108121239948,0.36440807981406664,0.4540305894168298,0.5019373697387464,0.007368484908428734,-0.7279989680572293,-0.05104599986480727,-1.005631012763836,-0.4302082551069717,0.7025436018279941,0.3147464339687364,0.26189742804238075,0.30706763751586447,-0.5635084730075299,0.5009848112478295,-1.2991375911433563,0.33845863477462873,-1.0758692589146095,-1.1066274454775071,0.4429441788552843,-1.3507489266056403,0.5149657537715501,-0.9389711383657413,1.2975083256709887,-3.898064901947539,-1.178880647611268,0.49290338691311486,0.3507956941108646,1.9418909804012587,-2.251910997944454,1.6816157114158778,-2.059105506784328,-0.7269140903131852,0.9289966753808581,0.16582803719389752,-1.2064443598946741,-0.5904261070628969,-0.02193201047199536,1.4438568733792183,0.43369201270746716,-0.8517774481535445,0.42801741384046627,0.6479446884837089,-0.1046107439050252,0.48054261778178836,-0.09314045546421716,0.12250901709136572,-0.5550891086172262,0.5232403937378951,0.29769175165506806,0.1327118740400462,0.34455868745737567,-0.2295816940147946,-0.5065525087487125,-2.9371186123293014,0.2650628097413997,-0.31228642539881424,0.7510860525138874,1.7178571983362185,-0.28865087639978193,-0.6663431625545045,0.44135092787493957,1.3478985689701317,1.497435857475214,0.5019283842741263,0.9817589752426131,0.49834629333442515,0.8592386197293583,-0.8847994172369077,-0.7116385310261325,0.06363246802004086,-0.20873958689378672,-0.22707526613825257,0.320459679382492,-2.7792908722874357,-1.1757276007555513,-2.940026736916557,-1.241207833113282,1.2473023467694062,0.24975404676414548,-0.5166326088058635,0.032587174922749915,-0.9643365390121099,0.7539981707149526,0.35679300449798035,0.06669146471140497,0.629927954060684,0.5200604883810883,0.717018955053938,0.15756856731470725,1.9359684598931564,-1.5948116366728637,0.11451661585467747,-1.6510345054128899,-0.2804637774845122,-0.5924758755187451,0.35795200717463355,0.08387219682395053,-0.6954289901448031,2.264214454892465,-0.8988922330368765,-0.3982357138083129,2.618372204406318,2.5255137885019603,0.5120460251485414,0.36213353119440217,0.4408201303913511,0.3868109486690271,-0.7396607860819847
2022-06-23,0.15824691571178207,0.350215786008866,0.5477569463209222,0.5001263125845798,0.21051152157500888,0.8742577386884977,0.05058015185026107,0.21943913088458272,0.3268546182115887,-1.5170020485446742,-0.9798513445706706,0.8128677121434565,0.9924848164366168,-1.0083403259785184,0.9980907764810995,0.9710779017457435,-0.2949084412795906,0.9554991003559972,-0.1366920624866933,-0.5168790862925005,1.054106101975219,-0.5401210369498523,-0.4070486992621221,-0.25663489133883166,0.006076603132556531,-0.8432103881483295,-0.7299777560809034,-0.27947773949451904,0.47666318008712766,0.41841474834590237,1.0259163720329019,-0.3009412388462539,0.18719033175846242,1.0824761137139496,-3.0999405282053716,0.7141515228732529,0.4972261542822582,-0.042759294802766225,0.19377444043104228,-0.8705634794923424,-0.849639047592605,-0.5958681797444247,-2.4741473748501313,0.23967400360795452,0.22918974369886444,0.781293563711175,1.0575318584393418,-1.0880062564232778,0.47494903352743956,-0.36882486318735613,0.24130197102372866,0.899676815630097,-0.08583271511868844,0.5047631595633442,0.3637966832685828,0.5124708695959255,-3.0143684022717485,1.0642671872917482,-2.9358891404366383,-0.554045118385188,1.4002262130077134,0.18461803643457786,0.8925356551775563,-1.2626255063209002,0.8970768652155234,-1.1058369060077262,0.6509607333881005,0.9605476699326422,0.3618949161201838,-0.4180843028174706,-0.8973427413781184,0.7972743493364307,1.0225909897131389,0.32717752583285875,-1.9738632816344883,0.2201255558774261,0.7624768708766905,-0.24999447031429256,0.5281443231801705,0.27544520437595815,-0.5980789229795729,-0.8145119087408931,-1.0679841241467238,-0.5545836227716093,0.9326547889251964,1.0372259792807323,-2.4924280332839777,0.2477153712964633,-1.936733136854742,-0.7676972194042608,0.19055368867785327,1.2855571914982462,1.635432462269896,-1.0570595429758454,0.5354065361525865,0.42591207474248194,0.7400017151530491,0.6539982451098526,1.3229153805296456,-1.1302453245267476,1.0724934597792755,1.1745706944997476,0.02569037646744448,-0.5625138968201088,-0.7856173808660716,0.5393289185087187,0.3656205126334085,1.087631719288113,-2.363925965379659,0.10204473786484271,-2.7192560291878993,-0.8231452878553926,1.7682511801582734,0.2970502254820377,-0.20410000846012563,0.5740867847086473,-1.0397082538038518,-0.0817626772517614,0.06528601419434059,-0.2452684825504951,0.9956292178344662,1.1288956353062405,0.5825957606552328,0.3715019501787576,1.0572071336184392,-1.9695777485036523,0.33595814788972456,-0.9964896678122999,-1.3156425256741147,-0.5052783531156851,1.0520842307361833,-1.1077327500418248,-0.3464795177703465,1.0281626543781837,0.09052159277138531,-0.03780985778759769,0.7889532368030119,1.6444587459955917,0.08262906147230176,0.021106006885750712,1.0196967860886186,0.1641526130906549,-0.4946487195615697
2022-06-24,-1.313183225703034,0.6148988181922811,-0.24939333674059713,0.07770433198995115,-1.665176972453019,1.1014463160116743,1.0392907758641714,0.7619035953377987,-0.13253415123248155,-0.9896147455573833,-0.2668484617816292,0.47540972685771377,1.0123619472379957,-0.9224674999005191,1.258381091910486,0.20300404047466117,0.1038784479784142,-0.11221745509256299,-1.4536003354475833,-1.3980264167072756,0.01227072817861655,0.5975430047021579,0.6704120077141328,-0.6813823749298664,-0.9707870061674612,-0.2574409354350355,-1.5654734708307376,0.18983902454074353,0.45797456442902723,-0.44535576641272606,0.4116633613076058,-0.7773435435537652,0.9686516063669692,1.5670744941292463,-0.894638271596203,0.6331564507044422,0.8307624039837043,-0.2043876286267924,0.5645024885939753,0.18667937578834626,-0.5427467354780264,0.6610850354575902,-2.4426877971781553,0.2776027459019189,0.2891854035223504,-0.18361443285680432,1.1441253753450635,-1.1217123729528542,-0.4331841435738421,-0.6256724273375214,0.06336320061206994,1.2170653680401897,0.7914597089783704,1.1961366065905796,0.5477048121938921,0.7178262840274467,-3.662781444254023,0.7161881818675754,0.6670082505590132,-0.7649091850025033,0.5030032152202576,-0.42735523082132404,1.3703141044406297,-0.8284110746530614,-0.7511893161714749,-0.7862293019686725,0.7552500319170115,-0.001175398784279306,-0.21303228577841196,1.1944695941852483,-0.5710593431586966,1.3361346543937416,0.17707651988331174,-0.06407911498681974,-1.1963941019801276,-1.021324885457803,0.8620691022749832,-1.14362569661642,0.898796995054513,0.22617294016618456,1.1804734045331013,0.07943144797265529,-2.697584217031038,-1.1234003959810266,-0.725950646745714,1.2823072847729047,-2.1897692519634653,0.23445754285092138,-1.6626400715829313,-1.527490050800994,-0.5152778620808308,1.4862220093230687,1.0319054222973323,-2.1730224082139395,0.9245679264743976,0.6018112434454237,-0.06515798894648614,-0.31975247960834785,1.48548706362615,-1.4458407380306637,0.5256997609432438,0.1325836742465728,0.9753932164210258,0.4036918637688667,-0.20002888029925625,0.7043596789406251,-1.349595414462738,1.3801897383518547,-0.7445425299411794,0.689133209256547,-1.7842734799400097,0.017484457023848262,1.3505782008396539,0.13383260211259887,0.46560104510913053,0.6460013343461599,-1.7795353875899786,0.16396993650327119,-1.0971395295278101,0.5014781567411525,1.136812990286644,0.5558955228137558,0.5366474166716303,-0.4317523450339403,0.730980036755396,-0.06540973687672981,1.4213178056384688,0.7904139039500467,-0.7739404801054863,0.40378569238919493,0.6981939613272456,-2.162541736954188,0.697432075257929,0.7006228932011322,0.8087222657224319,0.49781439487231394,0.5760472270898576,1.3908115263479879,-0.7917947774449803,0.9042496379182705,0.2184645293373588,-0.8464719045811899,-0.26175063148467664
2022-06-27,-2.211333893289259,0.7538706001011053,-0.17493692511898912,0.5569088681181019,-2.4244074792395103,0.6837446631522563,1.5599336591654478,-0.6592822702736809,0.18525818965494686,-0.37728987639906253,-1.0282188156621062,1.2910204132090626,0.920608322705156,-1.2870299009230914,1.2915520742787592,-0.14808710624732377,-0.4801347917954679,1.0614704300712152,-0.6563201149258872,-1.138575566948447,-1.2233684126893491,0.34081932774266827,1.2803876548727002,-0.7898232382428053,-0.3861481265944068,1.3893914083312147,-1.812454164616282,-0.14785519208779785,0.856659350105348,-0.25492416518442096,0.2324954597087983,0.7641664460548337,1.4099324691315298,0.1955714477992154,-1.2782520757036173,1.021615403478595,1.1264450068187235,-0.5979254274144077,0.4187940032042805,0.5583777292010772,0.5465359547684588,0.9524732618543497,-1.1546813530245135,0.21694370173516378,0.4038361815850896,-0.7219000892822429,0.6436083369634372,-0.2948055434206307,0.008939822581560734,-0.6612908491980733,0.4097064335948743,0.5450114007734649,1.4827665619069013,0.21223341801834725,0.755478845737558,1.4652993313091454,-2.930005079496818,-0.35518027710089883,0.2089309346249896,-0.9582154398582375,-1.0850373849786679,-0.05829217547878155,1.2714893296147594,-0.2553563583980421,-2.323473591014171,0.5644694248226848,1.555197430225156,-0.885448423006475,0.8575759420831008,0.3996246371669479,-0.6808080791312668,0.7332844813049251,-0.4863078520256857,0.29986488696554914,-0.9335850585347111,-0.1311578249571322,1.2059917693681987,-2.0776904105556935,0.10521508924005336,0.57625258503828,-0.028501403320249585,1.2294901121243622,-2.5234120825314554,-0.3642419227358902,-0.47524241975274456,1.3153716519830736,-2.4214360393514522,0.32776156724884575,-0.3983318531067298,-0.7623078173516447,-0.6576816485151892,0.7611949997741951,0.4743542113940222,-1.7225669591330626,1.1346677063569506,0.3359564193041125,-1.4664886532829688,-1.9910224003707875,0.8750862389963711,0.6593573400534375,-0.8080511415383185,0.018321725867853956,1.157760117427865,0.3635294167350589,0.4821518282638758,1.1224930268072544,-1.4239153093225272,0.9208931012651064,0.42785649252499147,-0.3425773278034827,-1.8448275191707963,0.05971506335204523,1.4652993313091398,-0.48783958171995984,0.3609686056510804,0.050976454971787453,-1.6200612439188389,0.5238211538375499,-0.6902008934678686,0.37478879466773446,1.2284653328445576,0.35160364808713085,0.6855941395694511,0.23092668203134223,-0.07969756035351952,0.1408750737688227,0.22076034590479712,1.5327442946738856,-0.6018657439971763,0.8673583390689659,0.48866504015288437,-2.0405076124526778,1.1838402023734362,-0.2529692112147728,0.20996494740373542,0.42337257674151074,-0.5658241081006885,-0.0831950772105343,0.6189150520501546,0.6676066529810619,-0.00033101573619771714,-0.2554748762557224,0.3659143787775264
2022-06-28,-1.7001356422502312,0.44267087215264544,-0.6314812783639818,1.0690063905884826,-1.731461753029235,0.4116726494799466,0.8307427479298202,-0.8526589522451192,0.01739374643001766,-0.722815149029883,1.1444086967994334,1.0809373319726026,0.4108017106941261,-0.18531979215406522,1.559780695756514,0.33363913306868936,0.33831731441432555,1.5499668655261551,-1.1511968301734343,0.5022166807609737,-0.4645352736824474,1.4992798163573275,0.32737421080031515,-0.24331255684580994,-0.6914770458246277,1.2846811156574485,-1.4061278577903038,-0.34832027795556325,1.020326468934238,-0.25648993064495357,-1.0675481500964283,0.6524022695933449,0.5993697251132767,-0.878656855629424,-0.03763200179909444,0.7625619873862665,1.2475413323325275,0.45957953707523336,0.6332324327273079,1.305329592151937,0.25846216842681274,0.46836852711447946,0.1676103613557102,0.48351051822729274,-0.05192105550347696,-1.007288492268892,-0.23456291330422863,-0.07482641064380743,-0.02677906885754498,0.12462795106455904,0.4829153943389853,0.6403132166354162,1.091050846177736,-0.2613288666633867,0.9522013301889897,0.6224086409757302,-0.6893062596974874,-2.0245143782325474,1.2216965595465505,-0.08922901949940866,-4.751074987706529,0.49029116076384427,1.27169451439734,-0.1571141298496528,-1.929973082659108,0.11951673419310016,0.9758898984884254,-0.4505526414075646,1.5345434353708758,0.1516747988594852,0.6437114374265179,0.3084131310384197,-1.7992267099492496,-0.27564730102034296,0.3616598758227196,-0.47149766875583665,1.3582108949319407,-1.2489122335638498,-0.37665705119238463,0.2513790540637407,-0.6596169289548258,0.7970379988163724,-2.355597354736253,-0.4702775922391333,0.22935382506356503,0.5803079257635941,-0.3056239250325771,0.5516721856810372,-0.13852806733597361,-0.6930424080342502,-0.7714281696136168,0.9778855803440559,-0.9667804820765887,-0.6577228367497426,1.1376128627968944,0.15221811069303617,-1.3112360709896826,-1.7678770097561498,0.695852290931536,-1.8271594696978146,-2.9454602049141196,0.1548012557896119,-0.5604855548695891,0.4632620642780846,1.196496061536025,0.6551525895476022,-0.9380287133203928,1.0356395812600696,0.5755220708719924,-0.22509439549961574,0.28714417142832194,0.022057819390658547,0.6305478558993788,-1.144112293955513,0.046096434221411575,-0.2915105878326772,-0.7249473107232571,0.30110149623363874,-0.5666335229170976,0.9630739801856246,0.6837903129071016,0.20282315196435155,0.12436881268947991,0.06350930066959237,-0.6637027164220314,0.8192979826310419,-0.4284368497467918,2.472251258261462,-0.004333516847924395,0.7914885658961386,-0.12257972975746384,-1.5572367223147212,1.7040198118039407,-1.2643619210280217,0.0518885953154329,0.2190144609504098,-0.45660807759722283,-1.509826671749599,0.7526794715117998,0.3086296117765726,-0.03484994005711449,0.6927660505818236,-0.15006665774307404
2022-06-29,-0.9972008506308432,-0.4496588804895218,-0.585513267841745,0.4860757684633965,-0.5227027940797184,0.006066469196150324,1.1332430343275948,-0.6194885509695613,0.31304365156601444,-1.1513732868119069,0.8131791918480213,0.6799192454916851,0.684050131359883,-0.03730858682459849,1.1616350422147002,0.43513818111702074,-0.16970721604334615,1.333843271736008,-0.20592910752985766,0.6722025462512343,-0.06757856891191803,1.1776896476783958,0.050328166871319004,-0.45459165399400475,-0.13926585929172744,1.0366581121652034,-2.552786112191219,-0.5171153692574849,0.5728440961954329,0.2817571069659232,0.07556540344997016,0.35493448297236735,-0.029013958678190482,-1.6759982418482569,0.4831956070052275,0.5851804387959656,0.6180554312705406,-0.4480999692032791,0.7351634021739564,0.7498450725085042,0.15353628685905882,0.04657778149183626,-0.028794768310360635,1.4926107701541693,-0.1046008823747609,-0.5419517912512165,-1.3728891109100894,-0.08299491742280568,0.35905438875451073,0.8036413096132962,0.10865083712327035,0.4737922523099686,0.4996108844411337,-0.10420688042126298,0.465850273671391,1.3878139934342903,0.303301955128003,-1.830005517885428,0.12184957995462482,0.7547746009101132,-6.805900008449682,0.4759296273187494,0.981163644788337,0.43038882697773045,-0.49358564098836705,0.38397614019626325,0.6225305359416899,0.2231103592481527,1.2024628777515014,0.19624515315386523,-0.17627390936402465,-0.5561384485177071,-2.0468143218098445,-0.10305235573778786,1.3030426115092781,0.1647567939471494,0.9661091541662895,-0.18918172256842913,-0.7025201618330963,0.4609445241959375,0.42017233708924717,0.8837217794041498,-1.0330280813336095,0.1808872558856826,0.36393829935610383,0.547847938536829,-0.17011426083529352,1.33972358182279,0.05845687058723116,0.3596637912612101,-0.12085595532231772,0.9217557933232498,-0.5654931149405595,0.47006086411614095,0.5381494754403564,-0.13296305701939573,-0.2824232987539477,-0.4471783591134802,-0.7778333854728182,-2.9010189674192164,-3.450248432997404,-0.5448058086460932,-1.4135351624130235,0.03547320774269089,0.7549048393849067,0.2087595733195731,0.404638986521796,0.13276468028181238,0.33626396305023326,-0.6236805064143299,1.4687649678267813,-0.15591358200358924,-0.7631521504331592,-0.5986356785313978,0.09461119947490045,-0.6600899713383532,0.3604616716571637,-0.4163251163542364,0.15811368289026567,-0.07232563866151695,-0.013218848428513515,0.3885343341598422,0.497246304637943,0.36372974506995537,-0.7746777359891669,0.5345242936360443,-0.6279953293519586,0.9783578449061361,-0.17044614534318278,0.6655983122067746,0.4460565634497995,-1.1833872500956362,1.0457587154997579,-1.3694142544242986,-0.5051558901273255,0.8175990189146801,0.23351784206701967,-1.3352338638360255,0.4721607472685348,0.35443800968319034,0.37291889558761754,0.7591320734528204,0.081346433862953
2022-06-30,-0.24877648848343228,-0.0353490976990519,-0.0977051907326399,0.4270106747818064,0.36541405862075815,0.09527829632913898,0.40922878736468193,-0.017786108698981687,0.6732115106376068,-1.7510887532087118,0.18033555926164946,0.234484401593006,-0.13740697781039335,1.0838302516871066,0.6781074832976974,0.81091841382408,0.08416242565560718,0.7779189804880541,1.069816283449375,0.3622188793404577,0.12817198889854445,0.17986409225599712,-0.1507576386288577,-0.1943658783622079,0.5827336912225857,0.33864659688607895,-1.7225482576669902,0.12516548364319943,-0.29405964952058883,1.0762451066150462,-0.10855902791318993,0.9226727973066107,0.6857256866335089,-0.8667658102143099,1.1357637827605973,0.2615405702165239,1.440713312502705,-0.801629957842868,0.49296957912802813,-0.10800927804541686,0.47113021564796426,-0.5480535307341389,0.7763584802128917,0.46498461897867277,0.10772170395835841,0.07243504048967765,-0.18464314178310345,0.05647091344618121,0.6730972510677102,0.550052273327575,0.624206436402951,0.2107421883831589,0.16082423904898221,0.09431598090205041,0.07667094197719848,0.019748176214795098,0.5546006255021421,-1.0780199244214228,0.6068506131207418,0.19050658026963546,-8.665598594649067,0.09787096548490358,0.04349700153046067,1.116093845641761,0.03275147158017998,0.906803467125697,0.3310659449464272,0.6460126410550874,-0.2861393785153645,0.03340434524407605,-1.177533361854917,-0.4966476664437798,-0.8046344416298942,0.33894897455415735,0.22193920726195857,0.12168210302457727,0.05777994274096511,-0.23955203099922362,-0.6496947866373601,0.8459910799193004,0.6255241196469596,0.6649047024469965,-0.3184492824098822,0.5335416941471346,0.49305051582806175,0.11329131067628152,-0.038549266007893816,0.10226197504628823,0.09985772500420212,1.2445254217363078,0.12054459730711195,0.10155953608581318,0.3853665834634814,0.3218329450314682,0.35921332932842764,-0.17000665903527354,0.10018735000854502,0.09114591704299711,-1.2096961288459216,-1.8474073521279086,-2.7684685352233167,0.009132567049732072,-1.6254056861779822,-0.17187503815549604,0.2764799131461493,0.771669849706425,0.5128953984621867,-0.2170608856415454,-0.3379915145577903,-0.7350743722970012,0.4799715362878657,-1.3873331064632966,-1.3712060876213084,0.0838095198443162,-0.5284209787093808,0.05666090101972453,-1.127024204660613,-0.4005423147556927,0.5205095413152043,0.01206159166036525,0.3340876947009924,0.6978377424447338,0.775409989687816,0.9685887731725296,0.01194332479836008,0.38172614650071757,-0.008447133050974321,0.12764627889021576,0.100275154755678,0.09161554704427508,0.7569383885704233,-1.8289854160656447,0.04610053530314715,-1.7672292237264198,-0.3250487071536028,-0.0007074492371076406,0.582858813435186,0.08764471161375853,0.1523303086266726,0.36408001736347567,0.2774262961411287,0.10327593274288228,-0.2162358461256623
2022-07-01,0.43300000888768075,-0.3748182047691248,-0.2899426731117716,0.4403644987835585,0.5014016043310953,0.19623892394592127,0.19308084569340508,-0.0362790601806034,0.1893327052913453,-0.10782019552191693,-0.6233553474362667,-0.142687319214994,-0.09133082614090493,1.2720260212938101,-0.3981239884154868,-0.4257106521210139,0.3095597765447785,0.4747374565634771,0.6871464095993584,-0.07420620041356532,1.1485785757287876,-0.4485451111101515,0.6024521866866493,0.89857592039305,0.3893822340701505,0.2884138069299843,-2.252958504767094,-0.14141700341444238,-1.2944344846125875,0.3456630950215415,0.4497238120132024,-0.07196527623837096,-0.3602194683942752,0.46103229877285157,1.0193141803903611,-0.1548562862863754,0.3928543740041428,-0.29495111445363037,-0.3879186257332843,0.1720308337724901,-0.27876564779566554,0.2273268387226684,0.6556664350578212,0.21987744833209835,-0.24934288442609123,-0.7158841778798293,1.119535057779308,-0.3142388717299929,0.42056536061138583,-0.3613771525312511,-0.35778780498818935,-0.2408222391412627,0.03965313242752207,0.49928592525408894,0.26471962309812613,-0.7509053924721073,0.23680074970659648,-0.000910724719576531,-0.9881062525598275,-0.38639845374747367,-7.352132311020042,0.5036160259972271,-0.5261631970994891,0.4191436990448145,-0.3101025608122148,0.4268593147786689,-0.41740679420237353,0.3845031150024184,0.28874384232451505,0.05451460662198108,-0.6547464203495174,-1.376153879579928,-0.11509575248765927,-0.10431584746232396,-1.6602472479017891,0.7165423146343961,0.25776028384095967,-0.9152112487122119,-0.1899958941724262,0.38373253059189,0.4644065527522694,-0.11909662336412918,-0.09605805635890671,0.20644045507330314,-0.655003819419947,-0.6472361907944759,0.7004201150711364,-0.619272435371522,0.091617913372832,0.6447801458064687,-0.0929884301368475,-2.1813405766853267,0.5172383471381986,0.8080353589240924,-0.1392412208713786,-0.42264243766754955,0.36135531847955077,0.36138703708328546,-0.09633269203817404,3.5822230024025763,3.171659298844568,-0.7290511008989798,-0.8428248486900022,-0.25060996084190323,-0.6772221519307202,0.3890503723411097,0.2718956098038155,1.1454849697587526,-0.5856706615813421,-0.7193170134637165,-0.48390743778240425,-1.4280107719989195,1.679335223505829,0.3562031415771713,-0.024819419636809316,0.233731448141136,-0.14644566835437603,0.03502993182760493,1.9143377530785863,0.5107026470391239,-0.3032529022011505,0.49627136382786374,0.36472028587016675,0.3238923740845685,0.2582991794726851,0.14901723740574055,0.30556898162739876,0.38935290582952375,0.49816486726081405,-0.350897102553837,0.39445954185115534,-1.6141498998161947,-0.7757022452340961,-1.3024653039752518,-0.37235138521772043,-1.1661207809729608,0.3740495615049197,2.0803275448769516,1.0734276687027657,0.3016339913118737,0.5172383471381986,0.23926396971038702,-0.11509609905470143
2022-07-04,0.6582139200057225,0.037521649306524366,-0.39351337306220757,0.49555042814243455,1.0144128223249518,0.4104562206533094,0.07355326594745598,0.17495608435313417,0.2791373454489862,0.86214171262763,-0.7178343332553829,-0.4863813403139936,-0.5713333000075477,0.7257048932878827,-0.4459278814372095,-0.33158161012069387,0.3983304814895514,-0.21575306512293307,0.273825954463977,-0.4401535645761701,0.8938081671106873,-0.3484138384250152,0.8161639123667068,0.7090899077593564,0.6710455059419619,0.6457014505067531,-1.5894169184938165,0.6109159800173752,-2.627934055621811,-0.29667052258269727,0.10326611138953641,-0.4303840951147806,0.7313567691389325,1.1273618858307697,0.8214064652592112,-0.0892173670379642,-0.3587153007149426,-0.680040142426787,-1.3840358855940906,0.4488714369860217,-0.21127075908834697,0.9541965302491067,0.7947242581331673,-1.3563237444107752,-0.3843443535631165,-1.0709823090125068,0.7778908227743183,0.8517198809614186,1.0371769626730254,-1.9367668831080622,-0.45982756393136587,-0.11985109611817328,-0.5836617628003902,0.40146475473785476,0.517815228361464,-1.2900885921478318,0.6079622636892491,0.8172148021454024,-0.4701090888922618,-1.9830964095018375,-2.0511063878057856,-0.21707272918202378,-1.3252450979095698,1.0969509926851408,-2.5419046508538985,0.3470630797486046,-0.1515878490420345,-0.6968777595875213,0.1572330008126972,0.06859907256096266,-0.20362326111097634,-2.1835957186320223,0.7815613538439962,1.766523702959768,-2.1807042818524165,0.8562177693448076,0.48351490291066146,-0.5986264704819625,-0.06153725760802271,0.47602034681340666,0.8672606517984253,0.14242867528435235,0.9369835828711405,0.5610092613670025,-1.917415889160615,-1.2293780882220076,0.8229922779244346,-0.6922333710486448,-0.04749357384435719,0.9638223906558329,0.6054899802386609,-3.049898291813562,0.08362848617740401,-0.020803999156890504,0.7641336176323046,-0.5520732520839425,0.8251481738997051,0.8165076105355611,0.47845785288065557,3.162987173808764,2.4044879825908274,-1.297108693119619,0.5310604074931846,-0.7407114008394405,-1.2117937901862028,-0.15615087745827264,0.790159381030471,0.6008221788265742,-0.29093454533531976,-0.2837701063556793,-0.9904031540936172,-2.415719468332789,0.8490764873220543,0.8068522143161245,-0.15953029497668708,0.5743047860618163,0.14823929372523784,-1.4917601749836111,0.7877235964167316,0.8528677989393924,0.28953155411199144,0.37124157052416634,0.004358195147180147,-0.3488701531176593,1.4545384949553883,1.246183594012712,0.8729259313288351,0.3288052746382239,1.1803887010681307,0.08320309928666805,-0.015157872541472961,0.29271141247581883,-2.1007998154521546,-0.2896991882680263,-0.03699343751272944,-1.5852146596984271,-0.09166677535241143,0.7390394722604104,0.7782408383848912,0.7719156377493743,0.8689365748299559,-0.28969772967750135,0.35568291484638465
2022-07-05,1.2570080973647346,0.6021332767134919,0.03426579601264849,0.5704200578693737,0.6818655061245215,0.503235747848526,-0.6621643713675013,0.6643350316736398,0.6943354305493727,0.8002466163002654,-0.4788067862615728,-1.0032252424199486,-0.30945381457274174,0.541312751914619,-1.1497166460662092,-0.7335718950144456,0.10936736565372894,-0.8314464868684514,0.01371777530790595,-0.5997516003269316,0.7932687998417145,0.19582227634132063,0.07019534451867031,0.4222795779893088,0.6653826193203648,0.15295179167173212,0.19957063537055714,0.5665655922485041,-1.9294442710832977,-0.6471620736017281,0.27101070149936796,0.12235035329188784,0.23712250164708057,0.6957284979104291,0.1653013042717673,-0.5020071709143732,-1.0264998109412344,-1.3497177845476491,-2.031927280156637,0.6475623191317771,0.01815192402360717,0.3708690207539882,0.4873275231242829,-0.7220350007045809,0.13780935073381084,-0.913830848999767,0.5440744388550443,1.2396566719322273,1.1739030481270079,-3.140462125002032,-0.36721752400370195,-0.23768450562207466,-1.7004246912221708,0.3670301579829718,0.5275000656558446,-0.6857802996706139,0.6547218506871051,0.009743661391580031,-0.18025342678172707,-2.6362245432003433,0.9394723478217629,-0.32962617008897627,-0.49605809029988024,1.1814975916765003,-1.9097200267153445,0.522096871318123,0.24765476267009895,-0.4076470522804583,0.4382842337655879,0.2984097779909938,0.6547028971838628,-1.4380200817898667,0.6792132092361645,0.6983478370047534,-2.8904556788587743,0.4011154768677546,0.5550611155743939,-0.8181021543882985,0.45201982074025376,0.6203033550359071,0.8760666822206183,0.011503662792813386,1.0449837498377779,-0.597421306953254,-1.4269610392708496,-0.7152449632643287,0.9649794174239446,-0.825838050968156,0.4000041242823924,1.4956276976131244,0.6618505470950178,-3.0661013306196647,0.199095708550107,-0.17480784573240638,0.6918113980049941,-0.583452644407764,0.683037053123785,0.6805831337256273,0.7046629731713525,2.944319369082796,0.6128307691899681,-0.9664206984189002,0.7755597457760758,-0.5033223013319398,-1.0470312959020307,0.17526399131474876,0.7098452792960953,-0.26433177061847196,0.08824638187103583,0.567600481764819,1.6326856965691898,-1.24836753827101,0.3153384100231471,0.244604664954055,-0.05178625059462306,-0.24081080322961312,-0.0633629059676807,-2.1867642410509367,2.7467874225310256,0.35069088494317346,0.6367119489360644,0.21574861338549134,-0.0778994165210484,-0.7994157889448826,0.6541514739578096,0.9410381280776468,0.5625906652807706,0.375491560531857,0.615489735122141,0.12453974221785534,-0.7900626895171975,1.7038278891816365,-2.9179257128265794,-0.9408171390357406,-0.23101316121107143,-1.4564833421979606,-0.3834683792540306,0.49515918761076816,0.7062575200793625,0.9444373327915405,0.7182304351567531,0.3884392178637534,0.13113259598853597
2022-07-06,0.7296319616666908,0.3819483874288747,0.10298799168547654,-0.050151507481062195,0.9274407747023541,0.7063842879333664,-0.6569121874887837,-0.4554316049835375,0.40552690912691847,0.4094896555509228,-0.5563195728133843,-0.7521262387072314,0.026285189139296627,-0.14097190285381123,-1.631567172506793,-1.3769380764441324,-0.09353986221125811,-0.9186821455080219,0.032668172066599756,-1.018960024081814,0.7100959553868189,-0.275479896600512,0.48459760459346146,0.17132239630688612,0.2662206112500446,-0.31420475013079485,-0.40936618370044514,-0.26540628623929047,-1.8419243175609783,-1.003055388581158,0.4149281477499387,0.4967491182330004,0.21679132861033143,1.0140214351902688,-0.2092894161891454,-0.5472616272936759,-2.029650070186412,-1.8533520083220085,-1.584920351493999,0.75641470419162,-0.17257305808759824,0.864489747913772,-0.6253642576616315,-1.5856061226656046,0.49834173669704196,-0.1188578337802999,0.8817037257587265,0.5455756972280209,0.6320414929172911,-3.7019076764684877,-0.8781347430330957,0.1533239154816704,-1.9801649361535265,0.48789995369620004,0.39229738387132157,0.8515170186597268,-0.4680788026044093,0.862154364756571,-0.8792886306746965,-2.6412399047122377,2.60189221257953,-0.10420894486166186,0.07268555252931694,0.16336733949388857,-1.3284309116623811,0.3498522779155973,0.0652352255624708,-0.5577300843407743,0.09170082777802885,0.4648422954070788,1.5094727471659783,-0.01536689747558554,0.5507020201364625,0.8051270269853192,-0.9711206276291285,0.6069541880170325,-0.017209215094749566,-0.40335506190710135,1.0005472001741553,0.05233562017783549,0.555649872018107,0.6197500273750299,0.4111400862652714,-1.7059170865616091,-0.35374156454753003,0.13685604570664617,-0.1386550508525271,-0.25873905486375226,0.13447156020057968,0.8443523343665665,-0.17748710654295036,-0.019638277841069435,-0.0031338417102778275,-0.6075596742778502,0.9357088595714868,-0.4617775999339896,1.540782898723546,1.6511619984045556,1.346391299999059,3.9393024600563806,2.277961739806973,-1.2636355677657292,0.2926635449238017,0.5712279269787917,-0.38215292133138495,0.16909745993424227,0.5539633190005673,0.8032375085559762,0.9017238408191219,-0.5983668681804858,0.7767146677799109,-0.3695717395961929,0.9473061863140941,0.5639429820263754,-0.14205775340509566,-0.6671653853886537,0.38699727524431143,-2.673330826087403,0.932598455513052,0.5627475193233374,-0.20343433946186884,0.0687620062489468,-0.7928533121438318,-0.5195854933372729,0.9230631429008648,0.5989768890247226,0.5573479739473223,-0.3902646645285707,0.45750776308796176,0.7689229988509775,-0.751179730475587,0.835411345597756,-2.2362456781493854,-1.681861576902948,-0.08651321611537786,-0.3524347577238259,-0.3153397730544972,0.9375395681492164,0.19721944447130535,0.9109359677823528,0.9576711776779582,-0.5678418317903734,0.3279606443991707
2022-07-07,1.2115550479319324,1.3246241114692294,0.8334007351374796,-0.22484080229860215,-0.7738231342501968,1.4729522606725944,-0.3805953297425493,-1.7429876021491735,0.8746098001857794,0.48795218353755204,-0.5025696094968775,-0.1568002482076946,0.7111971360534844,-0.11695987530339168,-0.8927080694711252,-0.4263474574196434,-0.5358632193254176,-0.23983937476886563,-1.8965226585035064,-0.24643032844850388,0.03394075891182117,0.47182163530883303,0.3142240087158435,1.020559685658203,0.011227759696995075,0.0033403809367226673,0.013129648437932446,-0.6396957588653014,-0.6353190558499926,-3.743069383108471,0.7689513062613086,1.4531602298209894,1.4336120912415105,0.43922089576758644,0.0391864013156243,-0.03575575143799607,-1.3432162934106417,-2.0546773988747167,-0.39880282121838406,1.1613691449190082,-0.5067146098244849,1.64007015868184,-0.9713815344303489,-1.1081512526157673,0.3276458123275802,0.1802995377743214,0.18902637725730215,0.9242334388194708,0.33350437871182365,-1.241636186889336,-1.2922785361541935,0.5876238637349646,-2.181982917395245,1.041775692393835,0.029266580316831152,1.6779827236223193,0.01657253495427578,-1.2765483667551492,-2.5607360095415563,-0.7753337952520745,1.0352561673149152,-0.17794216556305037,-0.4986417401543386,0.7996346557620119,-0.043458518133218195,-0.06995447543484413,0.14531443345012096,-0.7653728279351953,0.8351991900758071,0.8410264236327392,1.4632895354860753,0.5708839183853136,-1.0433927240855043,-0.37069235208897167,-0.5250311296026726,0.034342083009319686,-0.49712496956097985,-0.4828416549402982,0.05324627146750083,-0.45122347780103195,0.621034752000131,1.1201100282548453,-0.37931582495173066,-1.3281922454791157,1.288507549204814,0.8117836082487433,0.284901404098024,-1.499210650353312,0.2773383372636006,0.12195068215097596,-0.8573654352951621,1.4413949235846126,-1.6209223953122491,-0.00914392034417526,-0.7932280701916594,0.8020543640996212,0.7943293978416043,0.608025197160589,1.3783421041198274,1.354463986966159,1.2834771255597957,-0.8044979918137991,0.9525664333060876,0.9407359260120894,0.11453104648792431,-0.6173771047107403,-2.2506769209637265,0.8191021040369457,1.3350455984177474,0.7269643589624879,0.08952828978005296,0.6785064713152686,1.8111815435349192,-0.7380408552273832,-0.06236382141145084,-0.28763223818308714,-0.0847370390386141,-1.490028505042184,1.1348571195366606,0.34695776906648723,0.5447282862129933,0.4333061407525189,-0.28058221326034066,0.5887860747467535,-0.8881997402701436,0.6558111713593052,0.6030677080138039,-2.4614693069013374,-0.7003896233146746,0.6596061648485138,-0.12303296911988978,1.2839289988071547,-1.1486317276614422,-1.5408559827450652,0.3860073119892892,0.1389508860725527,-0.6585528098494524,-1.6258736165476941,0.7462486037779718,0.8786163507612723,0.7342573958886079,-0.1768817684692964,0.6572319793669666
2022-07-08,1.1637117253390328,1.143721424210477,0.6112189519206118,-0.9513149555506587,-0.24018985634140716,1.1191866251574856,-0.22161578451164202,-2.0528951465702954,1.1936252146621518,1.4826623444328524,-0.2288101950083135,0.10928809830867191,0.19031450002157077,-0.4497637460942969,-0.6738743766647486,-0.4215090175601151,-0.6491858793733797,1.279488448158787,-2.056481339982816,-0.44513633790885276,0.03815745585824708,1.053692217239113,0.3592946962946836,0.5565275095049295,-0.13861978807613637,-0.10224906826006191,0.5510626059542025,-0.17736822506885705,-0.23330041668397175,-4.059404326811308,0.8885665957317496,1.994405431812717,1.262863052136015,-0.6378410595558922,0.3686440710794603,0.16165551750618262,-1.1078786530732294,-0.8716571685038866,0.07207524269493845,0.8342972481906977,-0.9294249710244985,0.7251688702572435,-0.7437310043335746,0.12193414693697356,0.1590753851517059,0.1403048095212009,-0.02790830446533395,1.1204878234807145,0.055089704229041914,0.10306842565045606,-1.0985779991502762,-0.0669410877953559,-1.254678320269144,1.3060417390564623,-0.10952108067918025,1.9615252810092958,-0.28901811099803226,-0.889041252140778,-1.9678111008257444,-0.5869890237267222,1.248040134079111,-0.9175185391682659,0.3444764160695597,0.9252292182580193,1.2353976991962698,0.24796569341775856,0.38868710256383904,0.30532466868911395,1.2652832932024631,0.41787870568584046,1.3022433621672584,0.6362654170154431,-0.2566981467182158,0.16800171695827015,-0.44570947191717886,0.0013431474097002616,-0.7257156474042402,-0.7296540825151041,-2.16569419781485,-0.33713573585258877,0.21327104662784557,0.8158237337898794,-0.5273812335841361,-2.636747454940805,0.8448078688098815,0.7353085842848563,1.0318641403289723,-0.4197109036359974,-0.33136196908384874,0.2659062914742517,-1.4053743449404976,1.7343524674797661,-1.5323172855812826,-0.49453281230737317,-0.5244292815108026,0.22014517902473893,0.9634035964898551,0.8961377701217003,0.15065858939785426,-0.7649175861700326,1.2774170253430495,-0.07743792181232088,-0.17029376356956968,0.4671563646888094,0.027146407735155895,0.16009190609660706,-3.3225307960315518,-0.48699031019192235,0.8614142555529412,0.6865331931570385,0.9351215973657699,0.6346422026068093,1.306642320289545,-0.08140127924776461,-0.1680346585106642,0.3184882008394484,1.114441454808118,-0.9530075804379877,-1.2381110265636155,0.040818495537173274,0.37995345834362027,-0.5505293675593103,-0.6352004517860536,-0.2973942781442748,-0.2754652292190092,0.824704190506589,0.18370892039517878,-2.729309631861915,-1.9239767875061586,0.7488547730805163,0.320789263612998,0.3841163926194894,-0.2833865876496924,-0.9224367392476747,0.4012057887589314,0.3337699413566819,-1.0258144450052367,-0.5085522420963711,1.094823583274494,0.9188001864233345,0.7650521690446782,0.1727575941987733,0.7040886969103706
2022-07-11,0.819944745944087,0.6862688222652791,-0.7530207878335283,-1.0606228424994928,-2.119076088478557,0.8044949448889898,0.4074483689481288,-2.085808828005158,0.4518093683778709,0.9082169212015531,-0.1984522615769101,0.9012942429992935,-0.365376406565941,0.07005221333574332,0.7771908292334577,0.7813237741240344,-0.004893474343890111,0.7838601378877916,-3.0362264003407695,-0.3662760443021986,0.34645052951739447,0.412095343722219,1.1238323286069503,2.23760570643534,-0.8471141691262666,-0.10306533307892636,-0.2737800153125274,0.9806707691869522,0.7614497045584205,-4.005743742459063,0.5823618056260847,0.9686094032182142,0.5376277212875128,-1.2574154534660238,1.4311583017602714,0.8954779225173147,0.12071345190139118,0.5408267848239088,0.6934582351493144,0.009856039035634517,-1.0636460711967648,-0.04154032087865404,-1.0702190770641802,0.2471617675884697,-1.6539371835603542,-0.7170301775051909,-0.4519394373002971,0.6346865263277126,-0.40544888347827696,0.4739076431685285,0.012496189754077064,-0.10851755877935794,-0.10860477024956611,2.391568932665062,-0.06176396578944295,1.0398492571671456,0.24736598861938258,-0.2905712797261203,-1.0081606483438788,0.5371298197279206,2.0291213614332135,-1.3135922813332068,-0.06238807682942914,-0.4849851918016644,0.2769986909456609,0.2669454931145555,0.1213524145262582,-0.09331182208152634,0.2690475367842477,1.1211148763159389,1.0830457707274017,0.20399320836647866,-1.0090911062794292,-0.5718938669961716,-0.379774386844531,-0.07707807057950954,0.006170970798679054,-0.44893529743604343,-1.385140948276944,-0.9414895768053634,1.088853670048679,0.2361922890707286,-1.212799331888669,-1.6416247001505184,0.2983900747317936,0.24764545938683408,0.7857390442167014,0.5828864930787674,-0.183486216994723,-0.708655868295766,-0.8316922315714675,1.333536946458211,-0.7846514968146657,0.7580364376018982,-1.898399774508838,0.3326293458676134,0.7342750893697634,0.6316865006249877,-0.2481397427836724,-1.2348530591229983,-0.2732641289954147,0.8620616185164204,0.6064302661654759,-0.19484205346851705,0.026999799504718227,-0.4515875849597299,-3.0022822355863372,0.11078808088491418,0.33330721060688134,0.9260435906300503,-0.7360880024411297,0.7015905070529808,0.5038105788385127,-0.5692141423161398,0.24116313789307756,0.9409401936869616,1.6101226502655055,0.3713304188847539,-1.3299459410696455,0.11273986083823295,-0.01292983153173138,-0.48113889291090667,-0.010619767258523283,-0.22988180562667312,-1.397211441808238,2.1313023081798605,1.0228180897052443,-1.9873134016503329,-0.9499379561902773,0.09799023644439375,0.020110016272020095,-0.4831215378095455,0.8196414468585564,0.7567181705297751,0.740578350467171,0.5246076870854897,-0.6806593036824681,-1.4867992244358725,1.00222406526882,1.244995005438278,-0.48872158377632957,0.5793033950563863,0.4222502040598171
2022-07-12,0.23120693580430718,0.4769844377311023,-1.5058871672049334,-1.6294983661965357,-3.521838955763957,0.059142000540193765,0.18840426948468106,-1.0765250311687868,0.44990621242940315,0.6905804259277335,0.15749213780718518,1.114862137077293,-0.8982225409075604,-0.28979631804907935,0.7073756784101812,0.3701608431941903,-0.18647274498789854,-0.9816202981761598,-2.2098957393249736,-0.03508771054041058,0.40408648870698405,0.7998631933762423,1.8704989373869083,0.41900025944042835,-1.3288996154461872,-0.032070023016029243,-0.708161398692773,1.4802800179740865,1.2164790079204149,-2.4781096093353465,0.3185066393772668,1.1585727235185805,0.4380253522991879,-1.8299273513728058,0.4132371518794629,1.1008267634741362,-1.1423721302286491,0.851065093192207,0.44710624238457586,-0.0018157636829593173,-1.2022530048114726,-0.7231621242726323,-0.009477719792499844,-0.1311752577107864,-1.933157517233827,-0.4385205953902504,-0.6314409545639065,1.2776982180004113,0.006645205627448846,0.3239870610880213,0.2766082819970002,0.22692828314294833,0.18352080341923233,1.1440916525379345,0.30653027789856274,0.876712695489686,-0.22881429908052875,0.2827216678068223,0.4487253969705056,0.8433980702948217,0.905811539105454,-0.9502529741875293,-0.4468168716075708,-1.0568469015698951,0.38195857361518815,0.395682266477058,-0.10273060112905352,0.33088651894473314,-2.0496936613412573,1.4293065982333517,1.8437740272396035,0.23439590324632534,-0.5721387238875141,-0.4761773766909355,-0.32913171017571974,0.2428125907797489,0.3712909762403679,-0.7645129659550101,-1.185985671323377,-0.336084409214545,0.38132791603030236,0.3836635255307905,-0.38703721876364455,-3.090144587061609,0.4339187665837922,0.35211290353932895,0.7270553714381311,0.10963261167503342,0.240718402116373,0.3026015547235045,-0.6983072475245258,0.9232609416526135,0.18375547939049514,1.3031194288587014,-1.2387366788123653,0.6352324394451102,1.653636982833838,1.8451134653004755,-1.9359809842225164,-1.5764834507373842,-0.6462845091271364,0.7480989532871678,1.2483309018042843,-0.7620676318532965,0.06767474628516319,-0.010520288779163084,-0.612161371819426,0.12973758350146294,0.3202101291563238,0.7523404139784116,0.14953674924776755,2.262146014182879,-0.16511826574287972,0.24276826390123596,0.3520081746487297,0.3421995844512908,1.1117782064558406,0.49159843028060035,-2.5275480766428933,0.18885260086270472,0.2098181378146275,-0.5562428708839228,0.285636635931254,-1.1575389209934164,-0.8096349231979909,0.8385726852077175,0.8819395023167856,-0.14479388410661853,0.1216379247870784,-0.23103879870484567,0.6011295512399475,-0.9197686453229911,0.34891627293489363,0.9643748291860131,0.8013103236500405,0.43458300466250677,0.19257148766875218,-1.64948113928199,0.7760597623325821,0.6583634649601354,-1.743508204888637,0.8685203912241796,0.7239577299297092
2022-07-13,1.0313373257432092,0.4094705898345347,-1.440907716664462,-0.7881362496679241,-2.541741570263425,-0.017803094485519425,1.3205612884383995,-0.9252958456290684,0.30526947218276396,0.6820785634164065,-0.7273700207725676,-1.7050578582484308,-0.8263877247058286,-0.21330745875895105,1.075187306346918,0.341699030387943,0.12131535493705549,-0.23046733044429307,-1.599183995610777,0.6023370785661406,0.5188717904601143,0.2871705694386241,0.47167788868062377,2.178164673165487,-1.4271852330902008,-0.8970904124797147,-0.33001861099747437,0.49783532957836446,0.5936385619152894,-2.266011429183491,0.21483841657845584,0.43723614696967594,-0.8092858252567633,-1.0878725316734925,0.584991898579592,0.3522997167241527,-1.3404830424332153,0.9280261639183914,0.3533041400630828,-1.5871569602672544,-1.0696613175352037,-1.215486859675976,-0.05146889092808612,-0.76564739106851,-2.026248074525649,0.13854441382767224,0.41756079676339986,0.3672316205817722,0.44568096648245487,-0.9694224459674409,-0.5175126809141402,-0.47796045765270656,0.10279536928929772,1.2496994468803113,2.0912480951201697,0.6233195287382934,0.5744401919763882,0.510048352580521,1.1686225127989611,-0.28553347725315986,1.2656618537822635,0.37360714395549655,0.077856399263619,-2.0494308065264835,0.5295721049945699,0.8573179079611108,-1.4889927241450067,2.6374819977175177,-3.418155495378053,0.5351684831953063,0.8567087239656402,0.21985019872905506,-1.0494470137213527,-1.408464530473434,-0.3515569309968906,0.6939037685838061,0.2759278617605857,-0.48988325222549584,0.2679525787837993,-0.14888278951903003,-0.07947006907795202,-0.9921664547416867,0.14978797566189997,-1.858965590151028,-0.2576070884648665,0.23145048847413582,0.55937500665187,0.8991391500733786,-0.27595080385803894,0.7890454960536711,-0.7282089295070662,1.3763933764963943,0.5452960319660148,0.3841155689711167,-1.1361460862135355,0.34200515378277013,0.26319521399837364,0.2065383449402674,-2.1927778523555213,-0.7749736309779925,-0.22778226177836478,0.31648316537132787,0.5360043008199655,0.4327804055507353,-0.62483212546692,0.5257972959294108,1.77157255084159,0.1732214732977435,0.1533826755498182,-0.7512954633550133,0.4715056618718267,1.5737120161874314,0.8618238827032813,0.637674290721432,0.5480690437570862,0.9530498220175543,-0.38981367729141514,0.7293006419850193,-1.731440720783997,-0.18380396740137592,1.2424085521149137,0.07168597128569155,-0.03477894862802607,-0.013131329057216238,-0.07604542490827344,1.4988020416058319,1.0508049729074909,1.0510804284096933,1.0831304746809653,-0.05562296629629743,0.21913062431390073,-1.1851343290719525,0.656686840541576,0.5956423010882856,0.5438862982299573,0.9436051757867484,0.6597865479248991,-1.188935184418788,-1.0060429414710281,0.9550853739190979,-1.7145706687395812,0.4282217364592503,0.005826566555987505
2022-07-14,0.5591283146943851,0.5068628642606522,-0.926318560912603,0.1505520009387537,-0.2935552440436549,0.15895799599577246,0.2140552113920923,0.025862445001013618,0.3598621358642565,0.9077417116060102,-0.8585315753087255,-1.032351000773899,0.4000072508023013,-0.044671933687176285,0.5374396205151911,0.6170496685923951,0.2946136104157496,0.07148458628791687,0.5592181600647789,0.3170614055304385,-0.9671786911042718,0.35852583431952617,-2.055612106615086,0.48778356598660094,-1.7069914455879975,-1.3509477964888639,0.7880598627519045,0.808479840600316,-0.5899231524316985,0.7667726732530781,-1.5803714222333245,0.6706059423625584,-0.837707736453435,0.15925879790215813,1.7440365273988585,-0.08022314085325384,-1.2206747716783914,0.2876779687841495,-0.3842553744662713,-0.625227698859329,-0.4042969140094864,-1.350895362267668,0.18918009018774923,-1.4929206452683284,-0.027290435794683793,0.4993942888260282,-0.6849012250861167,-0.5537955344881172,0.7364598183448425,-1.3200356653865672,-0.5014189078609261,0.18397359998807222,-0.902498878373971,1.2562738217770297,0.610623004931423,0.5730095089528741,1.3952706671731374,0.20032215063088585,-1.1419848384929001,-0.117523604698979,2.3127172574870927,0.38380834477468145,0.8683910374339422,-0.08973752895771366,0.3019339276827898,0.2879502066448173,-2.5424351179587084,0.2908742068591838,-3.8025397616059826,0.71290902853936,0.12615023192911023,0.6864511441058394,-2.3721562035608463,-1.0465287065054267,1.9104743736004122,0.7918850197982239,-1.0188447343465952,-0.2736698497059057,0.3612392040679389,0.7259645395280052,1.5310011133782513,-0.6306097806185468,0.09494137341573036,0.814073541593757,1.5220789632005616,-0.45119179545955723,-0.7742741016686757,-0.06973812448211336,0.2476341904993021,-0.16740623390027204,-0.6965001014817597,0.8495008940697275,1.81891150286547,0.2765686998596626,0.13578693352521626,-0.2182620956922884,1.1942224302357334,1.3936700854306685,-1.4683168693320992,2.0805848739826365,-1.6687676417277317,-0.24469739555858872,-2.2763252888870356,0.8192829164491323,-0.8932714854609202,0.8065722364078198,1.046846978524991,0.11915078383586816,0.0630394537485623,-0.06545293838416738,1.3656083722845083,0.6997537660471931,0.06865842862223193,1.0973126734393395,0.9905006311677318,0.8293191714110092,-2.0344398103225325,0.293646825438414,-0.488012940369493,-1.6069686174898248,1.2802683276725393,-0.09974405753556051,-0.1848487826287908,0.08431542686834345,-0.4261978498366319,1.0851335327396021,1.1823675973075392,0.21530893440054255,0.2915596597155408,-0.6173211368126131,-1.1405026365961346,0.5074788439428595,-1.1203393989562485,0.5027213047063135,0.759390017339445,-0.9227287476080008,1.11846895635849,0.05236823802864605,-1.3825720672023556,1.077848744986924,-0.8582283115853665,-0.23905095587538266,-0.5284651607454336
2022-07-15,1.2177638689504018,1.1624039048086168,-0.4764217726031278,0.2578163951840601,0.2139524801676055,0.6794604860290498,0.01039672143973339,-0.7407519683396202,0.36636543041434494,-0.30408992139083324,-0.4987984389128624,-0.11092566653582547,1.152693319036811,-0.4159823598713508,0.23493799411961605,-0.005427962091542924,0.3541231950968995,1.586551714248334,1.2982551935799524,-0.3284358978144251,-2.6438306855407654,1.2497452259137263,0.14452384651046385,-0.20185952560610024,-0.9988756965991359,-0.19563923068541209,0.11795590130346569,-0.2220208405327809,-1.4279248181663724,1.6329760538772073,-0.4657962883456,-0.8359309954776709,-0.7467840462845562,0.5664549994705682,1.2950121051833996,0.10973228933261658,-0.6089418068804169,-1.5790608765343772,0.2624431590529006,0.5302392706526584,-0.6248017711445026,-0.028098939757766533,-1.041307225769242,-2.4156454820655955,0.6151711556185346,0.06670592206561995,-0.37530021621765614,0.6481578818227567,0.37146961038365894,-0.5087176476192855,-1.3483837342664324,0.26224534822017365,-1.001572574244481,1.8540777270962698,0.4040500022510993,0.566435387665879,0.6371574201181787,0.2880047099086776,-1.2234643195388673,-1.530990186454991,0.759676257770368,0.7563278696019584,0.5770173582095108,0.5967975395315934,1.3817732286439108,0.28311830648494524,-2.692750477176454,0.9303696788268628,-1.9576555380729832,0.6585548453478703,0.7223457424081703,0.39537312516280754,1.1364771785124652,0.6278712935598886,0.5409665157040869,0.5698721469542396,-1.1992643783921852,0.1273068576676831,-0.802911048272757,1.3103178157316016,0.08648623583574316,0.517483876123379,-1.0266025799253462,0.4997198747627583,0.5761256845500268,0.06248804543491308,-1.8878376345189873,0.07284075830680865,0.5122448317749287,0.012284336839425352,-1.76559015871023,-0.4658940959551925,0.9398868530174947,1.0180126970483043,0.9960318714744367,-1.2434201453555505,1.5933608057128599,1.7695972009049177,-0.6925549542199915,0.3640175180399873,-0.4337756650910061,-0.8555042167899002,-2.5622047655325897,0.947771345946006,-0.5397832847579318,0.8330157176844972,-0.7449433407811339,1.7519831331597753,-0.19567008542436318,0.6805121392756435,0.8649286901323259,0.6435140513093023,0.4386663554872039,1.2409434850810335,0.6997744018218744,0.579537287302983,-2.451885356222651,-0.23444848520775605,-1.1995137105754687,-0.9946326702531598,0.6581970965303027,-0.6513140175589172,-1.756697734779819,-0.5690610536841733,1.7889727808007625,0.7452017319567561,0.7855539243558242,-1.292363273165675,-1.1772211428334,-0.8027075198912996,-1.4947874022708731,-1.2337373782677685,-0.8137524197929863,0.6723391330444918,0.25404498236109424,-0.39968313120412285,0.7378504783727243,0.6861824582380028,-0.6721705898686905,1.6936473903284681,0.32643815222226125,0.09872026858432244,0.0362990763822965
2022-07-18,1.2131581382182706,0.8673135798480274,-0.004411138674133415,0.3436535807937543,0.6440985438484197,1.1575294227527373,0.5654955175130729,0.05118826313081997,-0.15668194028421253,0.2260331098350022,-0.2252897265796571,0.599479350650881,-0.03704605570474979,-0.35179307480656813,-0.7864554951256312,-0.4101062198128228,1.259368003734504,0.09321328705030378,-0.2817639907324024,0.5519639649052298,-3.055790660025459,1.2529732446842867,-0.15525600555182728,-0.2731665947858343,-0.7523408124380969,0.6206905136328742,1.0638513368329534,-0.07804205645618545,0.6144725032182973,-0.20936680408549843,0.2665235932151427,-2.665780701058467,0.25330389435290895,0.633197249661071,0.791875696153562,1.1843384515070896,1.4383718226333744,-1.6104955924454565,0.8016512662094819,1.0296945617785294,0.4242228925393446,1.4564888212498386,-0.10830257413706589,-0.8077280196909064,1.2560802538560685,-1.3172368774763883,-0.7808147886289973,1.1421814408882969,0.6115520055426223,1.2594368663719682,-0.20172095638789075,-0.12493078799867235,-0.16414729534716263,1.0926009178509928,1.3960348964335445,0.9341146850906151,0.9206180167176534,-1.3469285171525616,-0.526745734938165,-0.04226894161712315,-1.114475893207541,-0.04703230300232729,0.6240555099641566,0.3497053572829591,-0.33974725202192313,0.0032605722232207793,-0.7988974431919788,-0.7155766146438965,0.450488105034107,-0.8004312213248228,0.5880614098179325,0.7670631369432988,0.7636594911758938,0.4077651967354065,1.2853727934552377,1.4992386715071404,-1.7617522442570368,0.4496970479886823,-1.1385295084808587,0.37262371881453105,-1.9371010522640772,0.802107613472212,0.34179438787844263,-0.21517705762660352,-1.2129753291715026,0.6606030875897341,-0.3161205732134874,0.3223292866413554,0.9498129956224446,-1.8627289945789094,-1.0242440844745815,-1.4915048570293759,-0.8765204084071286,-0.6749141538578607,1.2726677920728218,0.16953273648942607,0.28296300013652226,0.0818099745296272,0.686218109340007,0.3939756675283613,-0.9059504006301106,0.514561445157366,-0.7605702875815975,0.40692426949559973,0.7590165589579783,-0.32885213067576957,-3.2271424018708923,1.2402903838929729,0.9978558433085104,0.21166130493721114,-0.9879269472162676,0.398448457744299,0.6677056035568055,-0.050496285072214896,0.12291266194366844,0.30004292545408,-3.7233883958869933,-0.06420618884826623,-0.9920481129783314,-0.14566697320672176,0.5678075889375146,-0.013040310195374773,-0.8729075869987526,-0.21059275313725911,0.927794809494436,0.1764516342455098,-0.4401432841251248,-1.3433042074655035,-1.372135239272644,0.5719158038074114,-2.3544933951931197,-0.5960388897247088,0.4550378291471545,1.290951435157081,-0.5567060684389558,-0.0019242007750475654,0.14535870678809745,-1.029346798374979,-1.573577426097137,0.661319705059888,1.0569618905170333,-0.551485924213434,1.8896903481271856
2022-07-19,1.0963481751415618,0.8591888037843103,-0.14852715830963664,-0.15227868520993706,0.09929646068365001,0.9631300775969112,-0.21584818028531522,0.10637256138807527,0.17575979230317904,0.0261063431864357,0.028186276815122577,0.7236891145551673,-0.8762979141835107,-0.3375498352182579,-1.1663756627939064,-0.2276919994141952,1.0587965247038298,-0.8228101409342232,-1.9322420195718415,0.21136547648642612,-1.891153811566689,0.8360327649226045,-0.5617339596804097,-0.7255565534836653,-0.6168476174255288,1.1013542282524567,0.8128844870603396,0.12479253026947258,0.8470296763700861,-1.7801477764422557,0.5093838284478606,-2.4641652852742886,0.7645506592064976,0.025261677516229722,1.0118742379036334,1.001527733918303,1.0520263979027011,-1.0854147859092727,0.9681844005852412,0.8696645336638812,-0.2219945552411327,1.2296681030665269,-0.41243259196946175,-2.188328970118768,0.6999823312314347,-2.446644995864027,0.6825464316367366,0.813154746578878,1.048945534101572,1.0311928098190282,-0.8292077489095193,-0.19713509912609495,0.4554197093718106,1.0357129406034304,1.0939041962452138,1.1731928185516973,1.0563407850338131,-1.0178247526528028,0.27878332301344233,-0.028775785741201553,-0.5561395939157042,-0.40656344345249135,0.736636614312459,-0.09997266786486801,-0.7027669562449772,0.4232816429554782,0.6255818385896799,-1.2684428207275849,1.2748706525737221,-0.4047767126587616,-0.060038070809033936,0.8749273319987723,0.8219246550842764,0.9294693596567843,1.1464611139289236,1.0912930710499424,-0.4858549532521757,0.27364907877636246,-0.8741426592190104,0.14645391887319928,-2.310035249356682,1.0304636213428753,-0.4332086774761793,-0.7653197829628043,-1.444239008692832,0.9502729363470341,0.27606775282015755,1.051750449417308,1.528617991555275,-0.9737940928974683,-0.21989591726930496,-0.3583619425110397,-0.6180999682177466,-1.870082989516661,0.7236041700969097,1.013887492039573,0.08516603110692117,-0.12712185775882512,0.49263269831426937,-0.052351375341657576,0.511775681707985,0.9989933712313968,0.6851308330423739,-0.5710489508729716,1.0517776112414747,-0.49671860282479924,-3.733269046915723,1.0669235899880463,1.188545354575417,-0.11525737704963951,-3.07582328192981,-0.359151172029429,0.3564012128506907,-0.7320451897675234,-0.44602852558160017,0.2873871659457148,-1.9134342293392168,0.4715601013900354,-0.8582040213370661,0.9537929774463997,0.5914949320705415,0.270038539856409,-0.05816155736370149,-0.1264398538568229,0.20442608764413706,0.07387143469480638,-0.2605160880230318,-1.0527393464684092,-0.8458146176868134,1.0284484523842297,-1.6587604901865611,-0.18098240739015414,0.878448474171635,1.0963481751415618,-0.9314926994836878,0.9484673705276871,0.23314279622156733,-0.9750583583540162,-1.604464966389544,0.5164793075037781,0.4557541510872684,-0.048208021113287924,1.1839428959550329
2022-07-20,1.3743184463911935,0.9670258706764597,0.19037048721625308,0.2626001845530156,0.48895202898969653,1.1550599201580984,-0.8265309163249824,0.6193951583789313,0.2998342173443502,-0.1832571823168956,0.541417359876758,0.4441716107344774,-1.2279774396661267,0.017493647701281468,-0.971117725216251,-0.1670974592456327,1.1609757285128914,-0.09263086048785246,-1.7649065867636475,0.7365285147862562,-0.7343355349691945,0.8278082295974715,-0.727362226555048,-0.2497522301160961,0.011112735921228982,1.342592944580232,0.8050210625859162,0.16695466149845353,0.4599293243061324,-1.1858470869154785,0.7862713250122308,-1.5343699692811428,0.0793147660873738,0.04974870179631744,-0.47724791885362633,0.7142755988648687,1.0066366862675262,-0.34548744323679603,0.3578912420752058,0.9379492884710683,0.5587664972903331,1.018164409506122,0.6743142792787937,-0.9291942619604578,0.721715731506943,-1.6015512150390887,0.5819870153684132,0.7376057707596616,1.0261553615731804,0.6133301077594121,-1.1422870928331728,-0.24581056940523294,1.5385846432444583,-0.26993847074537564,0.5205153898712963,1.7123033996024162,0.6110849853237441,-1.0998656238139988,1.6030373764484567,0.05119064868043566,-0.3031042908903713,-0.5962132944145079,0.5160525437565512,0.5210457128524945,-0.37233577347176827,0.9035532027754658,1.0128194012696123,-1.7642600381140459,1.0157560908027818,-1.2890738743300747,-0.17391154468260595,0.3211567202357839,0.3301205116210288,0.4866681443132733,-0.242214989869942,-0.2189185286496547,0.05181868100329305,0.1476458991434531,-0.4558338609738186,0.8228487174539179,-3.5248898974127876,0.11140448108236693,0.8109950769415832,-0.20130414347066103,-0.9513264449197832,0.5536425163817845,0.6993047266619116,0.9470294799833034,1.0655344738280292,-1.2379680875839467,0.698446170039414,0.5402597701473975,-1.47654204779184,-1.9415854528538632,0.3100261262615076,0.5030473211718139,-0.01641405705252385,-0.2241108442016753,0.7386216798939295,-2.3301754721326944,-0.6860014020855381,0.7999759411594932,0.984531334406302,-0.28037587651123896,0.5083909012791858,-0.31452575495177704,-2.054787837050037,1.038110619531062,1.2014159350998088,-0.019224057930653685,-3.173042387513135,-0.14752995497321256,-0.6485378546642775,-1.721408562209095,-1.3449018485274216,-0.055411473266200974,-1.8174978423528119,0.9415373961633805,0.39569732983394235,1.3356539064635544,0.3867439299833043,0.5216451388978064,0.4122991107029114,0.43289932278603566,-0.26611180043320426,-1.1430772375598934,-1.81009318987526,-0.672993571467552,-0.3901942347917758,1.07017237507013,-0.2539452379706406,0.43280083305864786,0.8320029109954441,0.7795781661917829,-0.9751222278224091,1.226491002988909,0.0572346428332302,-3.4920858061646443,-0.7251276656432842,-0.19025441489461753,0.12564313715713538,-0.03682383771699923,0.9527977921192149
2022-07-21,1.2196821709249601,0.8238754697888532,-0.1662871215662584,0.23801357825657926,0.47269391234383973,1.003597497454483,-1.0603287807411064,0.8884612822381516,0.5209467918464025,0.631967059045369,0.2505197842629131,1.0372380338183462,-1.0594490099910965,0.238677787676073,-0.7591568678502095,-0.5272320819020399,1.6274296951736211,0.49272120079013254,-1.694579125410354,0.8551877323212697,-1.5221654705445145,-0.22624520094696132,-1.1306697827413534,0.039128209286290544,-1.5158464754254615,0.851616794461535,1.2301898187344493,0.08549460550210641,0.38935978070460986,-1.7251988107892986,0.862694794948012,-0.30685343978994756,1.0670505168753535,0.42022422360259776,-1.5047142970960463,-0.0590793343446893,0.6789509746682408,-1.609512145260702,-0.6014922665008399,0.5263980030548737,0.33273113166673446,1.8873657769188144,0.5571866920444278,-0.6666561488984771,0.45063013565396726,-0.9430012481882062,0.04693419248498385,1.2210499571123898,0.4757463872825095,0.5884283862066533,-1.6686199587825379,-0.10063073434962622,0.9460624816786132,-0.5683435747433595,0.7978833072324655,1.167434723005666,0.4475040866905575,-0.26023447517254955,1.0905505791299215,0.48376247506493436,0.48566075843862816,0.16710635504534385,0.3111077834689965,0.10512988265992866,-0.3684796494779167,0.4393551262503336,-0.06619282613359866,-3.849558023118951,0.7163764700834973,-0.5597815823417641,-0.018285701319908365,0.43597274210938075,-0.21580072934134428,0.8900681953393556,-0.6909173292354467,-0.4350808105459641,1.169601849526566,0.45458580817103894,0.028838277311211646,0.20860976138917242,-2.4645971314526056,0.752508836308531,0.8440385706091864,-0.15540156081568765,-0.13575004333497528,-0.3950828045742185,0.7973774974638178,0.9208606846217752,1.83478295053659,-2.305065055197463,0.9823386946758054,0.2857191673853749,-0.3082501178583305,-1.1477372189225166,-0.7619474020991747,0.5689090747702419,0.44711179184793326,0.3419871698692656,0.9106414821918977,-2.6030444111817257,-0.6645894478791439,0.022530844911318414,0.5338731834441726,0.21595245326165488,0.015515143265769821,0.21354593503647895,0.06892837226906982,0.5670881789416892,0.6918565783673576,-0.042134393264482824,-3.561996683856931,0.2514250236562028,-0.0327655340271441,-1.388721644543307,-0.9311011786709459,0.19943516441437872,-1.480054776027645,-0.8021747642033319,0.011896946862955473,1.2127452071913645,-0.33733595663418436,0.1995780237459933,-0.3693719408293804,0.6286327982919145,-0.5184028234331224,-0.6213709592827487,-0.22955585321975958,0.009013790263135113,0.46618253904539314,1.5308952079651292,1.0228986425174553,1.0668197693604402,0.6289215042338044,-1.111250597373103,-0.1476414240764673,-0.016248235786938684,-0.3154148284530429,-2.592468283727226,0.9758899883689186,-0.03592403884395124,-1.869081626873658,0.13510553478378462,1.5120639487715508
2022-07-22,-0.793348986707739,0.478048149849863,-0.02218334492445017,0.292488053496438,0.8264143838194318,0.7252927806243457,-0.39552186896086255,1.0438121081929412,1.2037445300916685,0.7825739854540091,0.207742325175345,1.2255268254827807,-1.2237247142124361,0.35646216218646526,-0.3856403817479413,-0.5094180083729788,0.9637337708220984,0.3177944915826507,-1.1820522129090985,0.8092443504864207,-1.205858455173963,0.06884482403387171,-1.8112213500246497,0.3360549288111194,-1.1650556831135876,1.0029386063693593,-0.2952773240554928,0.4109881738227165,-0.06324193573645896,-1.362548153173636,0.8621561816965019,0.034337708091144406,0.7367862084409181,0.9698746278460426,-2.8360451393927866,-0.3309281676087299,0.8909874164661694,-0.8913056500044627,-1.2248491274948898,0.3180103202013482,0.4419888564697236,1.042823214901278,-0.6002993705621674,0.7972113363264595,0.8143159873666957,-0.10261467015637803,0.9242030397305077,1.7500450856990613,0.30037178150543326,-0.011603127117257866,-1.3443680636213948,-1.6460286797727377,1.0225463605141167,-0.14482395347182445,-0.5410115531132352,0.42722973895773514,0.025095084393241266,-0.7095085310295239,1.0485118363223784,-0.3749326037389365,-1.4394067421962276,-0.26564901772669675,0.1407546020371554,0.4369564315468591,-0.16239119210346648,1.035041784462503,-0.07111661868861019,-3.056969593262357,0.7432320823975712,0.4687737887488379,0.7643354327332974,0.1546030260371809,-0.0262247844924389,1.212536342142818,-0.7780883970414181,-0.7165783300156158,0.903901824260275,-0.42666162517968625,-0.03180285799009851,0.6498950474989459,-1.3029931635924967,1.319305695208753,0.3786632985449594,-0.6130875024567021,0.3117406020704419,-1.138720799536415,0.38752354299941527,0.3856550424712046,2.0992604274626774,-1.327223923869289,1.2410263985097925,0.8697679388335983,0.21343478581674413,0.7272945777073109,0.11208397101169748,-0.05105698140082159,0.9002623524067517,0.9412383984426386,1.2756732506752013,-1.3258423728660638,-0.052265200050749624,-0.48743973190464046,0.631687781282614,0.903231919328587,-0.17381613100137808,0.42049355436622515,0.48980193875621814,1.0129585990846999,-0.1791272405949102,-1.193564985425616,0.023122400490423047,0.5383044322709959,-0.3241185143741447,-0.5241963222099625,-0.6252757064769807,-0.6619022547612005,-2.280908614342223,-0.21905266878155072,1.0309159397158847,0.7480839325012674,-0.9176963888669007,0.3530660918360929,0.359337714849082,0.3824803520146101,-0.02869043167066573,-0.5033970089345744,0.017596556814109314,-0.7609807728281465,0.5703103726352129,1.1681766358836356,1.4875562913550715,0.6159524673222502,-0.08339998840922148,-2.033865163612174,-1.983353639362237,-0.3299474649576731,-1.7018106932126063,-3.1252126122999835,1.4299695061770954,0.39873766934084987,-3.114943744055688,-0.03783077885923079,1.5370769803271602
2022-07-25,-0.3473490576235575,-0.10203813473588513,-1.1539006104305183,0.5875071598403859,0.5946903941651467,0.5913388398475323,-0.40180946858979816,0.3293935637907181,1.2397582722713933,0.6911468120618521,-0.6495582000961593,1.2200814990782236,-0.7794782788594891,0.485429948632282,0.03509997494297068,-0.4927348563807646,-0.9503528420168126,1.876532752812216,-0.4579169978967603,0.38396095871415586,-1.9353464073638922,-0.5494087497996217,-1.045806681090211,0.29676773613742996,-1.7267917782591238,1.1112738237780326,0.3569434162553646,0.6840419026336436,-0.0950838130840556,0.21014320936209055,0.7674962160731391,0.4887791545644855,0.7522629048882471,-0.06017768471681998,-2.8254936991911577,0.7083938343797425,0.836292501494406,-0.4769697857674488,-0.24723102440843978,0.42068357145550106,0.6926695310785511,1.077738444678821,0.47629825806795417,1.135029371049159,0.6513020435191117,0.4138340028418044,-1.2679292078489026,0.7593220710015227,-0.7314094245277991,0.687242012463146,-0.12176477898570653,-1.0898464855044039,0.6943158246848892,-0.2519701640936092,-0.6016248066226328,0.689939051571061,0.41642931330468413,-1.5140089647075186,1.3255872400569415,0.2345068852033893,-3.858208572280249,-0.37914678269947666,-0.14068398466442636,0.610235521098905,-0.31100011246795595,1.537718390696375,-0.3875917048511121,-3.52686296953447,0.5628277089197654,0.5939008847250014,0.7004968995267339,0.14247456696811864,-1.1641561922678776,0.6254785686857696,0.4743314224241353,0.49998540954194115,0.8252665827961604,0.29644964670766344,-0.48225104841376715,0.5126110358113535,-0.16675082327410642,1.1436972021166,1.7267772109527648,0.37973256316542625,0.6262521552149487,-0.18785870344091504,1.13846051815359,-0.17277219290422516,1.1603183081575121,-0.8600691075492874,0.0487097832894946,-0.07789830370013576,0.33578271746805927,1.4822830034941954,0.6435256520616424,0.23251913160828283,-0.06408391230037497,-0.18887466663963345,0.6445872445348048,0.7336758076925347,0.578182248744277,-1.0451532038427975,0.34532860092791534,-0.03044440152428342,0.3417402198566761,0.6587593560559836,1.288162582173551,0.9831617788442444,0.17929347748161756,-0.16258480372230794,-0.9359640820700288,-0.1668271469875749,0.9831519355724722,-0.1669587327416538,-0.33321949308584714,-0.44097303386450326,-2.229471431895513,0.02131221076431535,-1.1710588546767988,0.708811227175931,-1.2518572968567252,-0.9547636152926875,-0.14462469531469965,-0.2283636635039088,-1.0349471032198307,0.4138267939218044,0.6252297795263839,-0.5951079911640103,0.7073505445181447,0.6913510657697365,0.6982066925050432,1.0028923733124309,0.09177741184910984,-3.2033060581381094,-1.499096160211412,-1.7631278660484324,-2.429541665266122,-0.8507970856091839,0.8008978480657016,0.13690998111287014,-1.541091217868422,0.11099658161444645,1.0558174401895462
2022-07-26,-1.127926507153653,-0.029241704107449733,-1.1146540847616808,0.07241021179880713,-0.8572012672073772,0.0876120683398751,0.13784860471077923,0.5907470031024679,0.28426418796063163,0.6388378695415208,-0.6294016404052468,1.3181775393912383,0.1281059118500405,0.8204269038738851,-2.2792197236709804,-0.3247776994703371,0.13508443892228456,0.5393696311456754,-1.0412185232897935,0.3402563243612234,-0.25717237760228073,0.020640102487685934,-0.929436589897965,-0.33011365070472054,-0.07351068416903353,0.6337173580481434,0.16144369668567382,-0.03664422892129555,0.3324091507417507,0.062196549691191136,0.09501328991088734,0.06686084083067008,0.28799865194415647,-0.8712010325945695,-1.0416344542055425,0.8583546040929786,0.40736434323556797,-0.02857475474049719,0.1374216286894222,0.6576732775583497,-0.3052088389142182,1.1248973451823443,0.38934875132175223,0.12680561308520233,0.19588121706324524,0.0917628650356715,-0.6177233123529086,1.325661027696412,0.01242470255107482,1.2203426662482513,0.2883722439379498,-1.450803555452411,0.5056501513588851,0.28727016043832265,-0.7955838388453202,0.3154193565203873,0.4751374996370062,-0.6977797491897135,0.3825844007009263,0.9283958565343213,-5.849226198815734,-0.4620361903375768,0.06916128283772867,0.08784657662777609,-0.047181124779969066,1.0855074978013004,0.07209086654653535,-1.3125713119818379,0.13347169206330559,1.4060359885340168,0.4179537634412524,-0.3221140889875339,-0.13671456602581886,-0.8064823863985405,1.468571008142004,1.2482323602800884,0.8138610567008995,0.09854677130645668,0.08080203603931196,-0.050306674045062616,1.2012414076362923,0.400210865233178,0.13626298640752346,0.04043717157724072,0.7898932816298269,0.500230190440064,0.5316043030633805,1.1152758105725835,0.83069036304087,-0.09649160812837448,-0.1047464842208944,0.1254564023322813,0.4954279867340752,1.5667982428832026,0.6916185264733207,0.33842154803694574,0.08687697866300509,0.06478268651300217,0.0759981391850367,0.5370864648301754,0.596330630228464,-1.0921031741061749,0.238742206585926,-0.28205110198452377,0.14347216081486086,0.0831328302252968,0.1374216286894222,0.08588945385469966,-0.8501687345025086,-1.4870490705937405,0.07076564441987886,-0.12609928819676267,0.13323990152696097,0.1374216286894222,-0.10490030023269244,-0.4071691644872917,-0.6654125096950267,0.13613068135132894,-1.282985789284226,0.13590463723868312,-2.7890762841198224,0.010075767026330335,0.32164547958176803,0.36246584025912676,-0.6420567943446376,0.688256954738631,0.7850207572456565,-0.017166406493918384,0.8018497338514752,0.43994885335097694,0.2458710697986704,0.4033703202628995,0.07089020917454016,-5.605238197823528,-1.763588516359831,-0.4951346979691213,-1.3795109277312811,2.027641943759352,0.9364351289218201,0.6233145376450204,0.07337210887255083,-0.2907095280393593,0.62412692742924
2022-07-27,0.2650063015771473,0.2875093491267474,-0.349340350385913,-0.11184549132283536,-2.437427606584131,0.49092621238547046,0.4863291554525807,0.294288041113714,-0.39204064058454163,0.14928212417967898,-1.133444763556834,0.2610084413408465,0.19997129407060338,0.9014178769641632,-1.5109586758982356,-0.48985380737178386,0.23987504518903718,-0.12912148008219126,-0.7975506866330686,0.36389457387629015,-0.5010205216252133,-0.08437476042463253,-0.29061026276286567,0.7034188704645162,0.404189509944577,0.3230861645484357,0.3703243946041653,-0.4198929953242458,0.4129328189956426,-0.083626660647971,0.27239448345568956,0.5718331287880811,-0.16423361942794093,-0.5974219087929648,-0.6666659572286141,0.3501466235880306,-0.17152630172645553,0.49171735452682397,0.3735838081476729,0.1751583259648387,-0.5680830551099257,0.36885721282893985,0.4230805430183236,0.3847239414852207,-1.0237684941517988,0.2949792963026966,-0.5436434101169411,-0.037732524760207886,0.17217162873720485,0.4842874040201956,0.09147906497992707,-1.0585304424395303,0.4460988752677901,0.06577701150903391,-0.05659117532555912,0.6105238960143193,0.7627131603704935,-0.4435084605597189,0.03782944114902365,0.40228380534872926,-5.8262156006138675,0.17515288213438512,0.49015830297441326,0.9275672782263872,0.4972093485525647,0.4843488382642502,0.673207392944518,-0.9642149698691849,0.4424433611331669,0.4020158757512989,0.45168216181418264,-0.0293732751300127,-0.11198292451235907,-0.7887201337718466,0.42277521991552597,0.8608815676869844,0.6737472985742404,0.0951236515241886,-0.32429193084049746,0.3026797654318892,0.323004241511742,-0.10397057464495098,0.43900947267118123,1.92977498082668,0.28136758966276243,0.3997212762490636,0.23692368388665616,0.45327140081465694,0.08729801656547359,0.6886494235075362,0.04773262095250108,0.7236238065923154,-0.17516537476493835,0.40879804493784777,0.9951578152317188,0.5067139356344448,0.3649692468736419,0.3245599461262482,0.4775788759240953,0.33334962880941665,0.4921921672260851,-1.3158616422077136,0.7713132824313499,-0.35925898152951663,0.07439177270149239,-0.10451743851796637,-0.8822244003631255,0.12570369312896582,-1.8314451410650354,-2.208112328828214,0.7156139739674375,-0.5891695982457441,0.5389510011729635,0.18847411887833085,-0.723344704429607,-0.3494045080991001,0.7971966284416758,0.47743943241040704,-0.812030205138663,-0.7575606381819536,-2.5238370352827335,0.16206463546081515,0.4032550828964173,1.8486433690915034,-0.623130021254005,0.07315456550412942,0.446414124324533,0.30501318719527665,0.463994568168552,0.021081244381198565,-0.10492918875620878,1.1316392425753714,1.1728771763643182,-5.759907357419948,-0.8550173661914329,2.7820746456178926,0.31760833124191185,0.4416723927103855,0.8277874498243663,0.4908734136693601,-1.1677393689389386,-0.4471430391652574,-0.1216438298199057
2022-07-28,0.39395483359313915,0.815230968244673,0.639204287435813,0.05869618337009458,-2.902987982410346,0.7998668156526002,0.17616545271317113,-0.43722863958719904,-0.15202744068319923,0.7853303791643793,-1.2922590964166052,0.46753621046109206,0.3049532045842889,1.028914027663704,-4.3453888635216655,-3.7880156402592005,0.5667089134980304,-0.2114812748476944,0.37753252426542844,-0.4207627180423575,0.014467140387519237,-1.0043621055637617,-0.5719300251811125,1.2003924528328962,0.3073452742421667,2.003381628314339,0.4493738850481013,-0.1930849539619644,0.5712419567488408,0.4142179370648599,0.5136862681004218,0.10146809970688694,0.47330851445746924,0.2941865466842118,-0.43906823998124717,0.7412718021160885,-0.07816550472151293,0.03621290071705951,0.34671025106050785,-0.13299407686567377,-1.4975850790531076,0.7300443636519953,0.7396418897661071,0.17334204905027517,-0.5327049909969055,0.6718239759999213,0.10121426786278644,-0.05376611383084835,0.5628286077715806,0.5237758358909831,-0.06514115567315548,-0.1745513212748877,0.6146996556772124,-0.3162592763740429,0.17017440120550067,0.12745626975979382,0.8407781874042115,-0.2507115249444105,0.3432989119010913,0.13900486664598197,-4.830702557290982,0.07734250108369956,0.7124878696951267,1.1842497739944051,-0.11963915968929763,1.3859378703514365,-0.5706875388471181,-1.5063819023408835,0.7305131482578096,-0.4907601212932505,0.7636411846730624,0.4970429925515735,-0.8350652496199127,-1.217847974755206,0.2568506042914848,0.7902403191339487,-0.6581592345030639,-0.46613922129323726,0.012263361247165148,-0.14359367990406532,-1.3554049409845104,0.19801751683020355,0.36612067576290697,1.0804780189013723,-0.7077387655271576,0.7177207750394584,0.28201176477481205,0.41910276201286606,0.4450858402911298,1.0570608735005793,-0.6294580178846486,-0.6047823194025783,0.4775592881533347,-0.8968283895043256,0.13642355264984402,-0.3719173836626956,0.26932761088598306,0.13143033480125463,0.608915952894322,0.7142798837351327,0.3010377109801219,-0.9987722247561245,1.3402378002546487,-0.01208694527884869,-0.31900236431653617,-0.4503887860296933,0.010284934648392223,-0.19395582179332171,-1.2941815262123628,-0.6744181645437187,0.7334206507732274,-0.11992235910878993,0.22520658256095621,1.3113083660767801,-0.541888577450937,1.1856165090997643,0.7636247219833773,0.7995228913927839,-0.31647067687297814,-0.35656762490237354,-1.8110666428953266,-0.003136080860561598,0.46860414051807314,0.8136031170225471,-1.4964288828238685,-0.4395758449094197,-0.43263886929606643,0.2579859823991393,0.7995809392886388,0.1613216967420899,0.8001863581099322,0.40763326143450346,1.2084579797346184,-3.0681641893385447,0.36167222531439996,1.3147643059992997,0.6351797238408814,0.3747345874397178,0.8072337401977374,-0.09872968354973304,-0.2937146354955962,-1.280002645597238,0.4519305846862185
2022-07-29,-0.44678664484296654,0.3804619216567893,0.8617483884168898,0.4799766626186924,-0.84218302792174,0.7351544194152485,0.37069818252231185,-0.2029432637436235,-0.6261656673578795,0.2598636149265847,-1.2743194176264652,0.6016663392943201,0.7198244904991384,0.8053185854972758,-3.293172870111158,-3.5492784577256447,0.4028874148041388,0.7381673574050076,1.057176473982338,-1.3448902045032507,0.36897667752309177,-0.6809164913698355,-0.22660952458471434,0.8819183668856004,0.2771760305750544,1.114893340461867,-0.320834582625763,-0.26383621203463875,0.6230509652275437,1.1003587644109663,0.30498659113512533,-0.04388082907996833,0.4580671040738724,-0.4157869669581098,-0.5262683866976239,0.2159564590166675,-0.9745637589066627,-0.09133156565955844,0.019117340530694076,0.43405310142963793,-1.2450112186100297,1.968302270814481,0.6035133605719655,0.32936631165102426,-0.6258887354439772,1.0621941706828137,0.8496579444805465,0.27005793405280765,-0.8761727170359341,0.7864765802200645,-0.7601754161818306,-0.2567260655369015,0.26268786633447255,0.2689387020770652,0.1832971663387772,-0.9912546355274445,0.6584797774643455,-1.3509258516165032,-0.598086627233966,0.2873785390880836,-3.959939918205513,0.30614856137873325,-0.47540660552180236,1.0443445802113553,-0.5906624591910012,1.1068688816872352,-0.5768814610156915,-1.6411399656260983,1.1125390181041241,-0.7624116467076014,0.5295358779255275,1.0253107783492357,-1.006819234872797,-0.803444791237501,1.235929144096175,-0.053914269274662134,0.14258764216506223,-0.33528164205650074,0.5018173560361646,-0.1466914278204669,-1.401554699204429,0.4332590737335855,0.2593873009783434,2.770368828199836,-0.6241763352966847,0.795841568634077,0.43484710955723754,-0.610202151660984,0.508522929804318,1.3755943621188895,-0.1929160549030327,-0.20726050937682297,-0.15568657899967148,-2.384406571890157,0.06801457046646527,-0.38227935475960023,0.018519327609076007,-0.1692725347639715,0.42855122356660075,0.4040713386056529,-0.36673002577497077,-0.899038896016486,1.167172382943697,0.22445021783447663,-0.6159883691448421,1.3483481705210747,0.6276622598017403,0.2610670241223726,-2.1814721323075257,-0.7947881808081535,1.0485112273118986,0.26406750907332455,-0.13455324589568862,0.010180481661868104,0.37010391752132227,1.0967502692624713,2.582687767814712,0.9655391328355454,0.42152482545924264,-1.6894670870086992,0.29905010471118504,-0.14665182042116806,0.5922582340845097,0.522189261982257,-2.9072324994808136,-0.4328479742536982,-0.352588595916727,0.3640912528612121,0.5305486311432062,0.020433152486779835,-0.36843244191778063,-0.6884432321922479,1.1075905859150366,0.3139512172966887,0.32198402952986555,1.1852545833331114,0.3752777977407453,-0.5961398632653192,-0.09176636136750388,-0.32186870683118285,-0.7928794538859009,-0.6138501869956012,1.038493698243736
2022-08-01,-0.09147143611055329,0.7811271627554637,0.018226515839896727,-0.4296245277860385,0.14598466742457344,1.0779976381112435,0.12035569466130545,-0.19023399593539728,-0.3942065136571853,-0.6328989243064423,-0.16351496216937111,0.27286375397616014,0.8189794281018459,0.6678296742806357,-2.7595283256158725,-2.955799300884655,-0.2649773128675745,0.5902314719136899,1.5383296622724794,-1.3586130443955553,-0.13659023514880206,-0.4599991203083254,-0.32947206702627757,0.4201461169850535,0.10163102008522852,1.2930023825741552,-1.0292647318758799,0.2689304288946949,1.4408181586560471,1.0324986618088663,-0.021880900738560645,-1.2818822582818552,0.09615222363079136,-0.1868089829141175,-0.08650807802148104,0.858191378170592,-0.1144441683937992,0.39306550646060556,0.594262464286472,1.2640310083051627,-0.10311954683539089,1.5055621436004476,1.058610462163218,1.0136948200753662,0.755317676877643,1.390312277004336,1.079408191372545,0.8541349592531493,0.8576590977551491,0.8699478145130048,-0.35350975641530075,0.8850871959882913,-0.43013995758208323,0.5099269383869605,0.4238609798598041,-0.0599769248192733,0.7548297768054756,-1.6445439916779012,-0.005756312564193422,1.286004288068325,-2.5378735487280295,0.4804629876739985,-0.490116763080707,0.04505535596886327,-3.9164414263619327,0.2313440507481001,-0.6625655916087757,-0.7228795608272492,0.696290145745407,-0.4513493162445077,1.8292589636776153,0.9950763448954729,-0.8388871670585192,-0.6172812641669774,1.0366581843766862,0.34326720290318524,-0.35558256437773345,0.39443877468133165,0.9914792483610906,-0.22652283577275906,-1.3601520032395547,1.3603965753662721,-1.4344067652884898,1.4213437031138443,-2.1146053963245772,0.8437228988235974,0.021840700004740175,-0.8371406507288599,-0.24135278424122358,0.8258556553812237,-1.0950971512501073,-1.3646280734003868,-0.3194748751086501,-2.1267076128735827,-1.2968039260417616,0.16460899430606893,0.42412360670871907,0.19574284460729344,-0.0012399326314672956,0.07787194473798423,-1.0972925386279058,-0.08714954672631121,0.6637820514723175,0.42998913270040656,-0.649641304935132,-0.4972651229430433,-0.8575853166021062,0.06611935214390459,-0.9966812183756288,-0.2510761521802821,-0.02792073015362571,0.40771555080085076,-0.6575661961830503,0.12997115373480608,0.9659350099711692,0.723737227906279,1.6489437448620599,0.5169923681510401,0.7011514318605878,0.3409243149836809,1.4070908358919456,-1.0645509684645336,1.0124918943885057,-0.4126648353672691,-2.8553821573682487,0.15204091960798255,-0.030033308990101613,0.38350325074953284,-1.3143681063812342,0.6635318834112268,-0.17187688630996134,-1.0451621403131308,1.5582194189914307,-1.2435088335357634,0.43197696338978026,0.9303766596314513,-0.47158480988133317,-0.41079281840316695,0.47199156031769796,-0.39945167829054046,-0.558297884137208,-0.5288779477619544,1.1002705396522574
2022-08-02,-0.6147881351222222,0.565485779419347,-0.5548342778032719,-0.522890032332698,-0.3898067149245978,0.46241311599573265,-0.015065751601512445,-0.40929564022031684,-0.6849328410438029,0.8313234381315866,-0.2667929536991502,-0.745177205651408,0.8530155219739624,0.15648699813911568,-0.7631899676568397,-0.6998930156875253,-1.144324615301914,0.5430772620835502,-0.4871951689021527,-1.0612383338105869,0.0680689030186356,-0.9182673119846064,0.04428270126184691,0.4947736708486259,0.2795069507459148,0.733340259267992,-1.2837286265052523,0.13316723829596805,1.669004096845466,-0.23763617250583,-0.05807095562784462,-1.5876406942533996,0.08816058079107332,-0.7435408599973619,1.1210103720478068,0.6491085143223965,-0.7983648552118506,1.1058578666306984,0.7861547837673342,0.8937566279308435,1.0322675576621638,1.2127253714698711,0.46308315309514325,2.304257063943281,0.7024273252281402,-0.07725329811585999,2.108456065370883,1.179384753721565,1.1704935455654233,0.6169359587604777,0.9936935756172606,0.30330508299515907,-0.5970461779125092,0.8695697420769888,0.7933564054419464,0.59979681438838,1.2771297293949948,-1.0478057467766118,-0.8543927388199528,0.5923429421537336,-0.3965473879719861,0.9258856703517829,0.29807472496846377,-1.3036957502451028,-4.416605450390244,0.10904622552011135,-0.895488713633105,-0.6852261904997708,1.5870422533246291,0.37949559329599036,1.0772033033086115,0.4367694603471593,0.3707685469454678,-0.6892567012209345,0.6303677365453332,-2.124216200495357,-0.40076519205898636,-0.0006549688653742264,1.2362870247205562,-0.020794264837980282,0.518074287299015,1.2632547875508207,-1.8077257608005661,0.8876521385011138,-1.1115812902057152,0.6766847306662485,-0.5847590837398283,0.20435606426101555,-0.5680661508746497,-0.14944697279719354,-1.0184367826940153,-0.6234217704299708,0.36570112768115665,-1.6164111270712804,-1.462149233801304,0.35293078318306537,0.5089280953589,0.39659704705645166,-0.8576256346941514,0.5242091608202044,-0.5560002332646645,0.23582017786781403,0.7128176608056356,-0.3374491610172465,-0.6128091306970468,-1.1535230562298935,-0.9429182193617535,-0.3105288839468438,-1.0931491304221597,0.7184943382697956,-1.188871009347294,-0.07533574734066197,-0.6419111641847496,0.2359815074809059,0.2944291860706473,0.141189570933519,1.1588292218466751,0.5701931673777746,0.6653572349423363,0.3227800126212886,1.269157517308953,-0.8609203013018967,0.9220801032527121,-0.9962377157571085,-1.3548165938747905,0.6972263894155315,1.007225005997672,0.3544083342801277,-1.2004315169318969,0.8109634627514413,-0.29911879239921124,-1.4900492135655987,1.3485141710580637,-1.8068526693958973,0.5056055634433543,0.9526935852445766,0.5628357363937498,0.043480216567017074,0.15565218098433575,-0.07237844694335364,-3.8592573054507278,0.9514493001277848,1.0648728350783154
2022-08-03,0.16267980159736184,0.4004621855179334,-1.4916197097884718,-1.4604501697628565,-1.6169772986769304,-0.09086918427730045,-0.2334139051425143,-0.8792439660166145,-0.5903840158801205,0.5808079521128411,-0.7676857621411125,-0.05737510402430046,0.4792585427123161,-0.29110176790360126,-0.004718491264857449,0.09209050756609165,-0.7167441229435483,0.10009021203117215,-0.9950594435719592,0.08120434771513127,0.4206137608780244,-1.4119581745281349,0.9342713500537074,-0.29352247637290285,0.7865305642708835,0.5806157389967926,0.048799069372148694,0.1622617257547427,0.9158680449327883,-0.7121597257948342,-1.4603228956026053,-2.4904940204711554,-0.7475836069576113,0.2564138848762121,0.4316880876065426,0.23695988707341803,0.5963014508381181,1.2427214893617564,0.9250541382630271,0.6991319197518482,1.1542690186931313,0.6843587144479067,0.0015045052534706088,0.7362955466264329,0.6809273234929103,-0.06790747652100271,0.9433784979598676,1.3508597929000639,0.9445576661602882,0.34555618694184215,1.5582713352938606,0.17698391429619256,-0.38370931375508477,0.35148331738390776,0.5781875341226443,0.6966983982626556,0.3995848470139192,0.3149661406911133,-0.12411084529521627,0.5697436683550063,1.0494558256334845,0.36661790318113996,0.11249484515338568,-0.9414533295776581,-4.843958925845047,0.18690263371566043,-1.644859521591586,-0.13751004915500809,2.8410228728011844,0.016047320673225618,0.8179281718689342,0.11006454352942734,0.7452122444021597,-0.8927190647915654,-0.36810632065969157,-1.1164313550185019,0.1638808005277492,0.6067431262845911,0.8157730060095874,0.7327375181965602,-0.14575038701311313,1.3429043267033993,-2.3172365815584373,0.558961059133246,-0.8083431151513634,0.5026031651979453,-0.1595500065527384,0.7355118198779715,-0.9882243868622455,-0.007053995290396549,-1.6313055731993642,-0.8221302097573566,0.5295433776313414,0.33327548473593144,-0.9891869262423755,0.4560876919236447,0.7236637658251965,0.721341780067994,-1.1319218113027705,0.6328662583922839,0.04695391922759095,0.7104724273570318,0.8956947123402866,-0.5593339861986701,-0.6055493459720863,-1.2175507466665716,-0.8888325397702259,-1.047143140287942,-0.5532080883734419,0.6821974595240056,-1.0619011499758775,-0.18922301939327507,-0.9643952557000272,0.4764271447897635,0.04381898309528593,-0.1905599782511676,1.1110015942788647,1.6325041788911578,0.35327628967698954,0.7351534380933706,1.0954596835335495,-0.6697911036693934,0.6257248435090045,-1.2818600323761775,0.19873575438860888,0.08092021822451925,0.11408917620023971,-0.41616099699636444,-1.0015152299706773,0.6994427515747647,-0.23744046500267407,-0.46776867715500364,1.387718935748699,-2.5470143461752324,0.29627929888980326,0.9274504690254862,0.7135213150451448,0.6295855860873657,0.6557448348306244,-0.2388223746908895,-3.2527062431048455,1.5997855724032997,0.7888805586133015
2022-08-04,0.2709129769744106,0.6829676896214063,-1.0866999103361716,-0.343152070391028,-3.7790567349670234,-0.28265964091458984,-0.9730989918286733,-1.952969170032741,-0.03328524988107178,1.4257325229222035,-1.4904887157459488,-0.9709441816466788,0.7932037628386711,-0.10654113049105098,0.16197069672014927,0.05980622586211614,0.5548858364905805,0.492241540369743,-0.570502227288352,1.7194770138202338,-0.8919423922284629,-2.6825508483749974,1.6215129122456293,-0.1530342273120882,1.066496468955205,-0.4478042209677867,-0.3585049218747791,0.44953327407421223,0.5819896390842969,0.474166960429323,-0.8191990347817676,-2.0408521931491075,-1.8587483947581414,1.4825711112972404,0.020843495894002317,0.17613109027000345,1.915795671853885,0.7076430930382466,0.5167525365494683,-0.4494710214691332,1.1594026346014739,-0.19796591723352472,-0.3558743692270471,0.5822506191586173,0.8554705132781444,0.02457970052215983,0.8251772075385526,0.20000254999236453,1.1781627875069418,0.5878151015275559,1.7048977415491287,0.3377568483595269,-0.9670550996539837,0.15257440168808803,0.5828968710488893,0.6348281527786285,0.3642909419247711,-0.31018109840153324,-0.32338587253835543,0.42023345353864683,-0.036912454513096014,0.4723717069113271,-0.6064545701042505,0.5970196239073128,-1.986738831678516,0.3541604027139817,-2.214243239451128,0.20278446756835838,1.2933623423178833,-1.2084871008807054,0.48123380841279023,0.06819454115471674,0.4458637000417497,-1.6920088386030119,-0.5407334038625153,-0.8063493858175874,0.4427699715928918,2.1117707322213093,0.8419130896984853,0.6272224048112339,-1.4924814451947301,-1.4042309633119052,-1.1264059163930904,-1.1039874981520998,0.2322686761684372,-0.6278763013268898,0.3186617248648453,0.9166465976018898,0.21331445401518448,0.35792646767202774,-0.9151231620170701,0.23331923364884938,0.32467222063058965,1.0720350576892808,-0.34306953378134253,-0.8485874140497113,0.4505609878024456,0.4178260912715947,0.469921948610259,0.937759057951898,0.22711043581150214,0.22487093597857175,1.7616683216903206,-0.2549564516384347,-0.8722971817899147,-0.09178242931378336,0.20482594371593915,-0.14831157532003186,0.5586386778450796,0.25504838575769034,0.112330921625843,0.45029873143982846,0.3238788603336965,0.5094138968409574,0.493777937959497,0.49388643925156556,0.6052809728016263,0.45335039980823516,0.4157069355125569,0.2728617424147954,0.4942819985295008,-0.49367306015321943,1.8422784789863007,0.31323421493084197,0.23807769809541582,-0.366629991228139,0.016106707202918166,-0.6138381692653877,0.029766774940203387,-0.998272414518471,0.07603869777337248,-0.07474894114579102,0.23879039922662113,-0.63941575127914,0.5232599314394013,0.025387240480218145,0.5906172109170627,0.5303325720539218,0.3549323236079674,-0.38180511440850967,-4.329026731810105,0.5161789566153608,-2.1563705906862034
2022-08-05,0.570054752447621,-0.13981752124171756,0.17907904451041307,0.018877100199078376,-0.2351312323748049,-0.09762504049204536,-0.29325062849734723,-0.3178992230476831,0.5160878606963983,0.9025385207320316,-0.901011138686239,-0.46971488475806006,0.47660823720090123,0.28229808974641546,0.5730037860127158,0.4830291849893559,3.836688064764918,1.3505667902512948,0.41990332460093727,0.8735190751544469,0.7042816727721443,-1.577987315878054,0.852092043798104,-0.35373267578153894,1.4497214867833916,-0.17852167976652367,0.5183061007929929,0.14887065156043133,1.5771535437591653,1.294947013311283,-0.2374831878988006,-1.3794134036288472,-1.0260616294629366,0.5134157022590004,-0.484315121334117,-0.49422394527453095,0.4775676905013619,0.80229422167822,-0.00406981879533075,-0.7978935133138731,0.5765635923760453,-0.2610745427992011,0.578303165640664,0.32943556409987546,0.6112860744202543,-0.03906498456324143,3.172268716723934,0.12089836284994958,0.7765225022946128,-0.2617637565922567,1.1547388372051697,-0.15685861579327173,0.4441556483540482,0.24247449547902356,0.6830786798793801,0.16844499297798643,0.5946842177856348,0.9587601081653605,-1.2492843800995768,0.03838219575232477,-2.6454967133961755,-0.6495536845497072,-2.6822985542923035,0.5826517046986002,-0.15257202570080894,0.31004147925675263,-3.369239459307043,0.7490311255632428,1.276112634561284,-1.7404925351458116,-1.365191176548802,0.07042825555449542,-0.9892971920644471,-1.1249057015804051,-0.4870644785105529,0.11458989194065881,0.622944989230866,0.3636841310042878,0.5366135590583841,0.3504930455706573,-1.3712307493916942,-2.07014414058386,0.6496884272106673,-1.0688652553403932,-2.6576257522095834,0.6472815212918459,1.181634449058355,0.683602947969772,0.3195761679517998,0.549818747041209,-0.026209707401390864,-1.296725268038862,0.5237484372453889,0.36834238189198326,-0.6732285157667708,-1.041510098422639,-1.325411026612875,-1.6531163643522384,0.5178931269026297,-1.8756366255696577,0.42308820976506345,0.5375996533070863,0.458876404022351,0.4058721484696052,-2.07221021101052,0.3251531177351697,1.332073925416856,-0.24580060052803787,1.4472106669511053,-1.2909982474316495,0.460703151905768,0.291990693624791,1.2538392445087403,0.02717814206323663,0.7681806366980235,-0.31941453608501547,0.4881530306043227,-0.4322649711560005,-0.440587936470543,0.3510179575135248,0.32031874010799344,0.1960726189017493,0.8368609270124626,0.03032666581279667,0.4114922237851643,-0.5427580346264451,-0.06695535622922594,-0.5584440537863147,0.8343266270851815,-0.8620332363639915,-0.5000011875066189,-0.6463329678566787,0.048550993618517196,0.39515823597088306,-0.8668413322494232,0.3591579915258488,-0.3027953609257204,-0.20450825976143994,1.0084222240092378,-0.7565128519921013,-0.8967047418223514,0.22591977767421317,-0.6994449929521638
2022-08-08,0.33487193640696383,0.6832343847958829,-1.1930332394590488,0.7299979631898631,0.6945381631716898,0.6499656300301319,-0.5972419515957813,0.5440811306139551,0.13229545653269667,0.6789415711138777,0.25985889443203225,0.4894863052929739,-0.6568070137413401,0.4172364813627189,-0.5898791787586075,0.42642127136580715,0.9549011421788927,0.6429289607668742,0.6608063041521085,0.6905147966893109,-0.29462941294851863,-0.7853931060837863,0.49120453108381024,-0.2732842374503877,0.6523657001725433,0.14735482491635685,0.6852874460486653,1.8895899398161122,1.3773746070163415,0.4017569106269178,-0.009148840113828107,-0.7567418630548062,-0.32651787177330394,-1.1294813332775937,0.3427617464236678,0.40020222678180717,-0.23079104196871997,0.08371859359834913,-0.5563032013341477,-0.8813313821126432,0.31956711236663055,-0.9771888300812129,0.5992989943153025,0.2196278446020143,0.16863687299942237,0.29533374391003275,0.6550828222130827,0.6430496827978315,1.1407916747034752,0.1796935011137543,0.9233300235143395,0.2399890390409417,-0.04023528221147028,0.12413928522599596,-0.5184350444043306,0.5427870272753894,1.2357820277701552,-0.32250472357515453,1.7651493325290828,0.22591599127164952,-4.873411184909946,-0.42889352187217356,-1.3871559616495055,1.2001201762365963,-1.1664339274714803,-0.4207224939925966,-1.8692553972086465,0.5498308375649982,0.7930602150292667,-1.2566153433126726,-1.355562227154461,0.010329460932949727,-0.7524429730981942,-0.7121406621431831,0.6627527729793261,1.327214829167721,0.4195037408841702,0.36345169179632564,-0.6102286659773968,0.5042680916551265,-0.7918716139538469,-1.7827160578790064,-0.44271446087452115,-0.8924919145447835,-2.254484868350654,0.37076137485646254,0.5955848187933094,2.113971272439464,-1.5430463620743233,1.2074211592713957,0.9217091430546736,-0.12917690794053935,-0.15574396508718147,0.6689184536637132,-1.203529109561084,0.10815487249973726,-2.1958453344329647,-2.6707895570510805,-0.6703984713786236,-1.7456517944483678,0.5387204287413553,0.18381906085242972,1.2800448302072083,1.0661396002836605,-1.920948042164102,0.7620062966646246,0.6824883347008615,0.6408288059348303,0.6048964150545832,-1.0161741709473069,-0.3570531269799159,0.6344655750808734,0.5533491690450411,-0.22880403535280303,1.589531994812187,-0.06078373924821889,-0.5638903288108591,-2.554280837357228,0.08417509815286704,0.5336143628247221,0.6107141620704154,-0.16515267298063646,0.6405036798915436,0.6657980684531045,0.6081437654432972,-0.02619937751967317,0.27565362999789017,-0.1284853854058233,0.5826287450347715,-0.6665766563881642,-0.997767427824991,-0.6693990551122985,0.4988951686270196,1.5499483173059638,0.05536154388565895,0.6091552579118925,-0.5781630654269988,-0.8705947946135206,0.5860185586036843,0.20071421529478095,1.9245244043311565,-1.2540604628866836,-1.010460784928491
2022-08-10,0.18541622325770182,0.46582975386625214,-1.2191125620567544,0.9856712871128313,-0.5137636393536297,0.5322789496005887,-0.9138254786091978,0.5155320779675959,0.29838602746152565,-0.01898373583674652,0.7918478466676169,0.41175126142018065,-0.14847898555806185,0.2648074596264338,-0.7482985861751614,1.2161908740219294,0.44892030186048204,0.5798835613607014,0.3427503462833779,0.8776946686505606,-1.0198257217463942,0.40624231098550784,0.23731324047263264,-0.7106540180562056,-0.14343868431001636,0.3694443267972391,0.6455351210681957,0.44513005558814517,0.48193533903612773,0.19455950181486115,0.4208344695128145,-0.01406378708282135,0.025600182075710545,-1.680673209704672,0.9320318870105675,0.5998339147018326,0.16727729991765755,0.6657563751229587,-0.32359709241008966,-0.2602785534294363,0.43576530565141147,-0.5144013795837591,-0.049977073826069494,-0.7860305172190443,0.3684319356091269,0.1407501991808948,1.088951884283293,0.01086969912280626,0.4352644030179799,0.5017043476896094,1.0013288582343125,-0.13932672079611524,-0.16582770178842457,0.6988915424695797,-0.48342617595761384,0.08611818181982127,0.3446043753779557,-1.9853450121827,0.4762552432452414,0.28077198538987513,-4.160896975218721,-0.6972855249567365,0.4021346138374851,0.7123334526957273,-1.0289799331699847,-2.5776233930088233,-0.5829374506529356,-0.09338965453131204,1.5303946004890046,0.2778760411686919,-0.4527577258149752,0.2583907792769003,-1.033799758084861,0.01962734291616187,0.5038269926142284,0.5559626065371329,0.6200204839355523,0.3655128996963196,-1.02933747422612,0.6536792446254432,0.39833326368734523,-0.4957839269075895,-0.06742153938183323,-0.13954801260053573,-1.2225237297242897,1.1311855701104174,0.48315205876434086,1.1755645983533503,-0.9159909797000106,2.360558814629724,2.2112868378861235,-0.264481578799506,-0.5666145259948736,0.6562965503251754,-2.525194819582319,0.15112073337293958,-2.660110871244986,-3.2013908662604535,0.4311703481071775,0.7058221765638744,0.9890122642753314,0.3349735972973886,0.5084864761966958,0.470924624155876,-0.8820046616124815,0.8714093225132692,0.5100110556324253,0.17486640577103893,0.45551641466270687,-0.6477191740930365,0.26642353263601287,0.43212438838101486,0.16621207026610788,-1.076584656877474,0.8871115209681945,0.12134683769684869,-0.5603750806215024,-1.9371682743139471,0.7045965916495889,-0.0218178280197778,0.6049533208750374,-4.420565362050471,0.37981558484938627,0.45191612737844844,-0.27772904098966417,0.4826397793145134,0.4985811920585477,0.324616604400692,-0.19881231395738366,0.35766028750936935,-0.20767634271952137,-0.931801605964719,-0.46234248491097635,1.3518691448805078,0.5095945501441554,0.5052559157786383,-1.3042195272886652,-0.6045942307050929,0.5106372118403972,0.6924579546817516,1.8136411139399509,-0.7435994359559193,-0.5266591280760418
2022-08-11,0.7150986744085545,0.6674539496754882,-1.1243913630528897,0.74078659669122,-0.7506723056684262,0.7628772513687212,0.36653025837468023,-0.2080435212572092,-0.1693173476702635,0.522864267758591,0.8368447333446469,0.07989401214433815,-1.1734653743342145,0.5271239333521999,-0.9181001639092978,0.47497339060571037,0.5823499333896981,0.8276872809182547,-1.2495964935015282,0.3651110268065774,-0.31347172000983314,0.07975642990883867,-0.8790080742148442,0.24230231036725403,-0.18946471115920252,0.42416408408895023,0.42207307262206084,0.6679568728509782,0.743851538070218,-0.7721952455134211,0.9309953462190649,0.29036720312204417,0.5373242596634585,-1.4427265379559366,0.6823443558642891,0.9961745494960781,-0.23069954940275883,-1.7163825184615895,0.4002683434722578,0.28870853988298545,0.1699985356541259,-0.35844826234613186,-0.1847835878772816,0.12118908821752515,-0.011844193381650233,-0.23528287650378316,1.4337215541527482,-0.9032709234682829,0.6060880653629447,-0.25195485232925563,0.6717707993187253,0.6058363709292369,0.5409734085968532,0.48980122215054017,-0.9386768122860858,0.32360283737271384,0.40220733585817486,-0.7554065575345444,0.7186005383660626,0.9689042189300013,-0.747191076379861,-0.6415035944771031,1.4311061084369388,0.7129002674968202,-1.2021232709927105,-5.511416954758919,0.6117136451410888,-0.5997438087369354,0.7070855931261778,0.25071546634873026,0.9271896929670919,1.158870893959052,-0.1219863254863498,0.28369700771818845,-0.7922504451181902,0.28736608232905636,0.24812519863164917,-0.04525201914906695,-1.250456391752828,-0.719610552523217,-0.25407165433939827,-0.909864799125095,0.41550227619286545,0.2224960117620931,0.07708986090686364,0.7105077676735108,0.8817163744266434,0.7238799199869167,-3.3384509817453845,0.6081469864653215,1.2011014100936972,-1.3614594587789246,-0.00405016278376784,-0.7984659145987629,-1.4297201051109194,0.7533358800846011,-1.4771840218460124,-1.8614871643128112,1.020188384033326,0.7146981881271275,1.0384611055386603,0.14282193013773425,0.6237787248680972,0.32443221704647934,0.4088014818143915,0.5978744271876567,-0.8477657276595065,0.508462899713,1.6938442152197615,0.6036445077666046,0.15361530648752073,0.03131271512165821,0.21949961257118128,-0.04548002172738125,0.2811287001866843,0.3911899100254831,-0.6854254696109434,-1.7838823996283055,0.8765340344012253,0.45371658677898097,0.1790013404356928,-4.636649006698205,1.3107043270660124,0.5096769122696695,-0.016492822612997896,-0.15109569210519397,-0.17724842189939277,-0.010010898295489531,-0.10583264503593039,0.9417745646631289,-0.7207269126968987,0.14920485265146433,0.08436946945417348,0.7202570956786234,0.7456504769548222,0.4822286577886706,-0.827289649331121,-0.0053130816193063795,0.02572667812776392,0.3413148086326862,0.7665382329678033,-0.06342952671699194,-1.8614410273480084
2022-08-12,0.6812886235714942,0.644816715859118,-0.5491814210788497,0.7481770382291484,-0.8736600112668848,0.20558430905038497,1.0961312588026302,-0.5063781758823159,0.14840029923843348,0.11757474383134045,0.4691793725107716,-1.0205250150127372,-0.5195480410283599,0.5009861538827342,-0.1182138050176862,0.47593339886284813,0.2701289532501273,0.8764076264921821,-0.9733353315422888,0.37952511985207715,-0.7006776327364524,0.43246300212360467,-3.137588532646239,0.36901412350976803,-0.12049811219648797,0.8735241598539941,0.6515127053664799,-0.08212012534614951,0.44260575462466006,-0.5322275113307604,0.6489853125915542,0.08180175409975264,0.7343595497689197,-0.6528875115065581,0.9039692184939772,0.9330577609337597,0.08736692690443143,-1.7223128401059233,0.63121164146146,2.1822206166152367,0.20015937391676572,0.2097471540397175,-0.5077871182533518,-0.08961614666370643,0.11850222834172597,0.19294083075639606,0.31825044534845137,-0.6868328707323801,0.6191569644244904,0.5880456262693623,0.6216981068701678,0.10028240108932247,0.6178063703202823,0.6286571370981007,-0.11019177146364555,0.23050006490597705,0.5951447607322429,-0.8163837586454742,-0.39932911935048226,0.883131548172434,0.6981149169394516,-0.9223563427403672,0.4175266146658921,0.40093169074021945,0.07287809127880611,-5.763498401231172,0.748618723762989,-0.4995661904685368,0.3534605337060095,0.8226519378106673,0.5839252197349146,0.6076668346439243,-0.4354835501666675,0.1354914166147545,0.2816591217471693,0.3371321031627621,0.4895160550315937,-0.08430823881906477,0.1433076842778552,-0.16982207184418224,0.5089836937590296,-0.1745271264726301,0.5210089111248376,0.46361469197150185,-0.5696409126709828,0.6662400990817304,1.06430496758783,0.1538551471352388,-2.8794842792417352,0.6019189180265347,0.6055919557699386,-1.2914655846735243,0.07709455259412855,-0.7998817710028904,0.0676346263987485,0.8314135298554383,-0.7163689026563532,-0.9307925359935592,-0.1262867447577151,0.14170592886008931,-0.8670988138220316,0.05550256068172417,0.11366915853648658,-0.12820213924211996,0.8303533683730492,0.5950825200574733,-1.9601867371184385,-0.2564508091712939,1.3445805701603128,0.6551425225830454,0.17470512597401885,-0.3389898622149738,-0.3842920036985167,-0.9962143629421831,-0.15669140963483666,0.6462466127205693,0.6326726511706809,-0.15134523718417606,0.615057369817223,0.6378569767624658,-0.023040125133325637,-4.898374063593823,1.0607311398190562,0.016754234699582364,-1.1929187274691668,0.23094828262087164,0.3102381994291901,0.07068220391844858,-0.12571598160915592,0.6420159128074222,-1.7817184926683023,0.6297152508377754,-0.011527071151562027,1.0494242243553016,0.8318930210712382,0.2719066316148397,-1.3091046225798868,-0.4031934808223543,-0.6072964677181558,0.5387206121488485,0.8621463413805793,0.9215196843731727,-1.9689243819416344
2022-08-16,1.3699244664179084,0.22201012226673877,-1.0811340573682875,-0.6405471281662871,-1.7212362677834157,-0.5971095378780588,0.9440156845395677,-2.3958077611873287,0.020121772270606377,-0.05071794721826325,-0.024069671440753733,-0.14052346186156037,-0.05615478433025991,0.4280181399347955,0.27007633840712003,0.8631852080349999,0.18972711775140608,-0.07691984795639949,-0.033599216208660986,-0.4748031151243861,0.002324573624704218,0.5901485993687021,-2.315089306920685,1.022781747134046,-0.034860993879592336,0.4619225647855988,-0.7366248969194565,-1.2218279615762264,0.44861662229888744,-0.25373458511624347,1.1105358846517326,0.33323603851273614,0.7995615793639594,0.11533718759909425,0.8964742985921161,0.9838636498993518,-0.30648439165347924,-1.4025806555630775,1.12183120183612,0.9989889955901771,0.03986692056660336,0.4670021023158079,-1.2778399380003174,-2.9212294829210363,-0.5567696761968877,0.779453944150607,-0.47511878044494676,-0.45279323599289306,0.39433716077502756,-0.19136315482216168,0.7171199472284063,1.1537191006923035,0.9856039500935906,0.8999725214620564,0.03481367197474729,-1.1285771678524879,0.1301622201636276,0.8715414858524178,-1.7631497055804122,0.48887688458920586,-0.09764308697810938,-0.4833462118197389,-0.560326643549398,0.06235932563069649,0.7187659652599343,-4.702316721365062,0.035654777534231914,0.12884607663273692,0.8173638452353248,0.99964581607985,-0.17767386646965408,0.6927618858140433,-0.37788363122116075,0.7781568544138168,-0.07431156231297215,-0.06393364813244015,0.844187962581433,-0.39091378059660786,0.885736512870552,-0.6685721487216338,0.9616609068429202,0.17235275253953863,0.28339937824668143,0.7892199104874239,0.996405830995957,0.9090068717316999,0.06621123300361317,-0.6505537541873186,-3.5464883415921418,-0.8424184811130198,-0.8127407815566963,3.558623795828906,0.9701610723043728,-0.5053636869979129,0.08819883466073597,0.9025103125571523,0.43345474443730164,0.35877584845690824,0.14977119820914755,0.3854486253080424,-0.8200637036398822,0.12606658007787938,-0.26335728102187916,0.38296914186879555,0.5331112383513292,0.6336588358966079,-1.2679378455588448,-0.09495727455323194,1.536966457692961,0.5729693768048759,0.8520898292387897,-0.1024946351042849,-0.0729955638481873,-0.8952323159294461,0.5026760122852963,0.4558726953673122,1.0876179373304924,-0.455018111429747,0.07336296861419334,0.9344546584845954,-0.4451534035976527,-1.5461957219521751,0.597407674676562,-0.26811744287282757,-0.553109656101375,0.7486464851510002,0.19434914179634916,0.2164212005647083,-0.27533490323302784,0.13179496929924164,-1.3086939710291232,0.06247702880790302,0.25096515994164614,-1.1736427086140255,0.6050896059366904,-0.5271016965763179,-0.33165498372912827,0.012868576508246592,-0.5323526437207459,0.7874572341593584,-0.2966297910665658,1.5499462811168403,-2.4778944002243124
2022-08-17,-0.10054976546554963,0.14935231296014104,-1.3733498074895047,-0.6376870384215013,-3.287420944850055,-0.7948412470761699,1.2967246384533087,-3.4486479961942447,0.7170029217783307,0.8574932745297457,-0.19829942886423832,0.7425086471861787,0.24228054942146723,0.870426339279882,-1.7385428280245747,-0.37507763614413125,0.290837270563766,-0.924526639091859,-0.8777717357191299,0.5269214402036884,0.6405238879313645,-0.7011532190824276,-0.6333719170317337,0.35065453018318854,0.49060322645992377,0.6040496222950277,-0.5065084080979788,-2.09381740229526,0.5279864950048944,-0.6399615325195136,0.48570710491519914,0.47568565523446893,1.2874011901187585,0.8637261489878446,0.3382732801071039,1.2098318097912701,0.7267814636881684,0.406606618901692,0.9522305627533657,1.0293430626450357,0.22734916502037286,0.6098210467618977,-1.7267622034573245,-2.2267521966094583,0.001723864555600887,1.2345543995187547,-0.3688948303304585,-0.659733612127631,0.3160887872157423,-0.12185326434070683,0.04390468190449626,0.7353310552733588,-0.3512002409256865,0.09650365999867068,0.39367439286203726,-2.3945258045340294,-0.996023798151207,0.5903268908664795,-3.400083624084586,-0.004408025399791667,-2.03401761565543,-0.06326594089672709,-0.7091527932913431,-0.5483131472823478,0.3063084958134653,-1.6051748796999703,0.5440834423760107,0.7207299792003498,0.19736322142018706,0.9529913518604604,-0.23033461334316568,0.603973102005258,-0.12396209946985313,1.2054135269497532,-1.1806794315312485,0.30521513579445814,1.1835006438410476,-0.3536507736331316,1.0631263751076334,0.27021890150091304,0.5170661136479803,0.7386081724028708,0.9090723008071622,0.6876713473400453,0.8890593507237042,1.0286310050005985,0.4723023341632132,-1.723965521018111,-1.490788362180998,-2.020855573114958,-0.7410082734200405,1.0072543201554613,-0.44120342195967277,0.11742770981465199,0.9067053810623305,1.0502957345095527,1.2039836000671322,1.2191007705124468,-0.45478815145719625,0.6087262586662711,-0.7080586014678318,0.6926620827369354,0.3379676594740106,1.2010428649163645,-0.11782756895797297,-0.3332189795334837,-0.24971929165901946,0.21629958508758976,2.1238441257736507,0.5660570530573582,-0.2622971013971898,-0.5313753637483543,-0.031730751601635306,-0.46527507574437416,0.7810198421686494,0.6584158937147624,1.482505855926758,0.24912032697560121,0.317182967780297,0.9266660344770374,0.42022147041884345,-0.04415858991441098,-0.002257375672278461,-0.2824941563504694,-0.12483513537911987,1.0272810757404558,-0.45163063828286854,0.738148959836512,0.4098525031674997,0.7063221908785788,-0.8977140729766742,0.6199938354882819,0.9900307979863522,-1.1014124357794304,1.093515640136972,-0.06433973348647597,-0.08808812736672977,-0.5530698540157223,-0.553268889085582,0.420021964899423,-1.9195572118156587,-0.7615653323094826,-1.1724112719294673
2022-08-18,-0.24490190934907596,-0.6496557070638059,-2.756879200575801,-1.0021718468239267,-4.487212895901685,-1.5328468432451379,1.2525374850335431,-3.639709457318747,0.34440911312794636,0.8330226953027424,-0.29735620271025226,0.6861296370309425,0.7100455425028358,0.7276532660361323,-1.511342375681183,-0.01975147655516324,0.30829761946884826,-1.1848374929271774,0.5939095096221745,0.7854679889373732,0.9241925159572832,-0.7432928119396897,0.8125037996314788,-0.37244084582820947,-1.3710204320327706,0.8642389023719601,0.48588672474640016,-0.776366546305959,0.5613358728011372,-0.6374174098287819,0.541053761000434,0.9191589705872876,0.7562270524102012,0.8016430694774611,0.15164271995530143,0.9410437008758517,0.7440727866653292,0.8934897631579842,0.06618190677360057,0.8259465819935019,-0.704455218288957,1.2114098500410635,-1.460401639023726,-1.8070252208001494,-0.2506070755731857,0.6893723887876658,-0.5030058236732112,-0.10113146468800072,0.021463821443647033,-0.9963693798186196,-0.3793896878336193,0.5822531243584191,-0.7202147625607771,0.3223753565971956,0.276023084740279,-1.9143974806322999,-0.8432759379476286,0.465335230977938,-2.205765205368721,-0.10645472089667851,-3.699648316109434,0.34921060470364934,-1.5268131002344292,0.024103906078698514,0.6121409675593408,0.6097080656218783,0.8959185522100996,0.06635116448414338,0.26524934333034017,1.1851620327527193,0.11831193073812583,0.009783070219464608,-0.4170709602423822,0.9518963033092147,-1.4674478222968013,0.8372067580056163,-0.3651226735717938,-0.19397307890746227,-0.006026734056406873,0.5461885507491469,0.8191213920053789,0.65051138563986,0.950625440518779,-0.005797355785059321,1.0810760581314747,0.8088894107212792,0.2653549124458522,-1.1104917687323352,0.6103396917239146,-1.390773333501759,-1.118639917475493,0.8085188040862777,-0.0373009177661634,0.5790194170377416,0.6961274439758447,0.9556473800247003,0.6555288434318266,0.6284147735317056,0.15358087131219356,0.5975513976813437,0.7997904269449138,0.2233062457253852,0.6807639076473504,1.0283024689972524,-0.2965660683423266,0.06375858410879837,0.7427257270094468,0.20641858099730254,1.2239296243201774,-0.28614394243833646,-1.0613012095975947,-0.11219853296296482,0.4133110220813906,-0.0418347080627088,0.46589775205256884,0.15727562186668387,1.1262845861450286,0.4895770173607647,-0.34129947566920693,0.8582139399793955,0.7236143925051505,0.34150274328900854,-0.8291963427038523,-0.06527801252308008,0.6949623804228697,1.0689396090897294,-0.15090578287631984,0.8582944092707264,0.35088697465042173,0.4038191666433651,0.09795801348963562,0.2725427240801948,-0.43517900757392747,-0.9679572848829603,0.2834581458639824,-0.05877091887138162,0.8949901067126813,0.2822266701532614,-0.6053732236261686,1.0432899132945002,-2.0684132824734256,-0.8784225305573344,0.13174030388770477
2022-08-19,0.07556940718848872,-1.3284750631411315,-2.136401607051167,-2.4112298420280673,-5.238195199593846,-2.429157637176364,1.361926948665372,-1.8286481670294568,0.254612191771715,0.08486329935176018,0.14189202376520152,0.9128852629486315,0.413859689738624,0.08255859910359879,-0.7788497898128034,0.25860486150391004,0.4961216240475305,-0.21377780489084247,0.6401291721094469,0.25320265248149243,0.7078979650714163,-0.807732875058457,0.9243221332104008,-1.108399551136908,-0.13469023477121106,0.609090530726215,0.21937076883248988,0.15976083033079175,0.26963574318311456,0.30917155536254126,0.23834366718987451,0.44763677219668335,0.14213816852909691,0.952824174640149,-0.8353729079596997,0.22434892403089166,1.111143735386493,0.900385869859902,-0.16060052950070594,0.5537241151821104,0.25786998142855627,0.4469904673633345,-1.1173833962746287,-0.17304503874159397,0.2228064038636586,0.991575989960193,0.16320676258868405,0.49302412688374986,0.20247247256474765,-0.7175569121205869,0.17561981044144714,0.20000739191902783,-1.2908439586493161,-0.26186427547093516,0.23150780526487144,-0.5525700427553245,-0.2334263807385826,0.4002017069078996,-1.6053637498731388,0.1476699348684399,-5.843002899837228,0.43332375155728875,0.013693091641313798,0.17902279078915587,0.6208153956572272,1.0041011300422624,1.0372278247005677,0.8277252778809063,0.1935926235722366,0.13619367129509383,0.1848216435621676,0.02272447641164277,0.3100334216205702,0.6904074280401125,-0.7534156618039521,-0.07246517742381843,-0.545943423252469,0.15797623278641706,-1.6588036583750487,0.5473915856197982,0.26621178172608384,-0.06755394504489254,0.8293718399917398,0.745401509103286,1.117876652369564,-0.10658623672960524,0.19850962816002493,0.047951065358401435,1.147189768088823,-0.08397951164385441,-0.0876519117992972,0.24382734931547245,0.2982336246489077,0.05548804746691409,-0.3468647007426861,0.45911483341556303,0.29090674171782743,0.2761714724309129,0.43875310129573125,0.46585003943986447,0.5233739008976582,-0.24628825961891218,0.44166571155982304,0.2357396511695996,-0.7242799906155396,0.2629825122573947,0.8055078950404325,0.2736202686157923,2.341658522169972,0.15895265444997753,-0.5321211103933765,-0.4939795633487654,0.5273426334437871,0.2604850797988503,0.6441919994843124,0.1644354331999408,0.3206070305458659,0.2614065551270929,0.21819328484527323,0.735233617933312,-0.3281315111408771,-0.03296900167744092,-0.30234623962797413,0.2669848358690404,1.0651659566739367,0.26480888572777883,-0.8652703805302866,0.7154303151962728,0.7506812218004723,0.2606553906571151,-0.14661746950252558,0.22088665292244186,-0.27508485688501955,-0.1759435459788145,-0.03125886302932154,0.23569285508017843,0.52906519773324,0.34567622027216577,0.2109048607186753,0.47780081168739813,-1.7125882460118815,-2.8855474260251297,0.2442472597667647
2022-08-22,-0.653485952898584,-0.5217424507962931,-1.235842074572668,-1.3458040118190464,-6.5077518123297855,-1.6395018371110128,0.5553545780589618,-0.42904540784025064,0.550104070463505,0.9477196943132092,1.0131392070353937,0.7191479880243907,0.31730026141769424,-0.2932534464013269,-0.3700906862079098,0.5033851947383575,0.43744818266266605,-0.2317165815751691,0.2378889608748144,0.7537370425124978,-0.639562861111895,0.1790873893178775,0.30105552503724736,-1.0167410452232146,0.5659706236911611,-0.14868229100056554,0.15536233345766426,0.08223400849568148,-0.5095474033956288,1.120439423087093,-0.47913874124775035,-0.20937667169957272,-0.3566919830371349,-0.5248458717874056,0.17399119445491845,-1.1265479775698766,0.27115023202973304,0.23295425222208083,-0.5479353037336051,0.7365091520861649,0.441134358071627,-0.3217757548800171,-0.5443596384344848,0.587767983657054,0.9603365726799393,-0.1575162785492226,0.6878238496490475,1.2154052764283156,0.18404912055777395,-0.3705179800265145,1.2712782815787942,0.18449269531766846,-0.060231288787624404,-0.4863076364699295,0.10249799059037992,-0.2125876006000745,0.03590856366389571,0.31921513962742787,1.0420297243808123,-0.3619773346374179,-5.80078031033438,0.3248277598360007,-0.48627419288845,0.17644058636085083,0.3853353766236027,0.567963075245132,-0.44455435189420234,-0.2576355735409294,-0.4812683190146649,-0.30028696875615546,0.09419670016020146,-0.8707510913092418,1.562420528721793,0.7861951674927696,0.8246470770774916,0.6222009623244285,-0.3174442548508963,0.7746882482273303,-1.1301057083564252,0.9410434791829105,0.8392184098073691,-0.4383825116866064,-0.08570867760005559,0.2759741658960715,1.1898329142893662,-0.6944803877699731,0.1822298581259775,0.1651125512215975,0.19481928655237898,0.29191164256251756,0.40933828610453254,-0.08415466637720274,0.5758417028184379,1.1607913374301733,-0.4170337599369477,-0.4798746947969138,0.6243651912730009,0.8555883328292488,-0.1744574751931511,0.45500005151512496,0.2946379178096407,-0.0957116676880092,-0.35907464335495837,-0.21537268845682375,-0.5244771034051587,0.6219022630901023,0.9292585331234661,-0.100985419812003,-0.14245042160136812,0.9300501754439865,-0.5074983934580826,-0.5013125111772425,-0.369909035469154,1.2539974165386243,0.18990581691327016,0.40320528111604964,0.4975139193192845,-0.556929059238634,0.4921857751461462,0.4120487348456865,-2.249433357108477,0.2020231019634359,-0.9745850669338539,0.948475988557015,1.3724685476558744,-0.17550342358559526,-0.4822695706314293,-0.11719829051601466,0.8802458000483157,-0.08095200168868688,-0.6315888745604241,0.39874568204562033,-0.37022311598406715,0.7360360047165457,0.3515932492968565,0.40824817927856666,0.7127431930448526,0.3483938104018587,0.984773276135672,0.6372982604287205,-0.732212100262204,-2.238417812283105,0.02022293648320534
2022-08-23,0.20609779018002913,0.010253699989328204,0.31298047772425003,0.28362932193862406,-2.278112925910023,0.16301330988957866,0.25461706048025484,0.2948944123961304,0.1660219083897088,-0.0415890942674123,0.3889338266936761,0.21909816113998196,0.3176550538463664,0.2850989303850905,-0.02446588918357046,0.19746703113559183,0.31895012386420096,0.3409147664600701,-1.7846010361286733,0.23127846862867726,-2.122305101262129,1.0494276041203798,-0.060561840122051125,-0.6549166885337188,0.2136784884735818,0.35006133165180053,0.24813762786276525,0.41361835142356146,0.319452365136363,-0.057257404576635106,1.233258790625744,-0.5377132159139589,-0.6632213809884179,-1.1419809330432635,1.3973971619315255,-0.6433079189074409,0.2819749151987478,0.5102664442931624,0.012026642888003947,1.2117272704969668,0.284718758246661,-0.004104213397358319,-1.1290554626709906,0.1656900069635109,0.23311662352122772,-1.2168874457796823,0.07671467361133297,0.17007333542356765,0.6737892186679707,0.34041646698470907,0.19347270825275803,0.1336051423492079,0.3680257760381354,1.1865656492741266,0.6003616816881922,0.5004305225868637,0.29599501609005524,0.025751047384442678,1.5813198983575043,1.177318422820789,-7.783045962807558,0.22312806436694507,-0.01197582649314508,-0.23631089520847728,-2.098361718492051,0.14593831200732932,-0.828619207035338,-0.1881691300444865,-0.5092651010366214,1.6677617506592153,0.6797841832639319,-0.3742926827714431,0.13489991059536513,0.19880436563808365,0.005990128075070568,0.735886082394804,-0.2677282162865998,0.13142534186445315,0.2537133928910532,0.25152295822483667,1.1253674012886228,-0.4679061650119369,-1.6435286322873135,-0.2073618087679038,0.09718582403474177,0.4100273169378177,0.2648260382762821,0.5562704077702189,0.28964163361846956,1.1117656193099665,0.23849877846362313,0.32898316371051184,-0.022389230870110886,0.3590194219033106,-1.6435378637266371,-0.23258241879887917,-1.927234029291247,-2.262131008039859,-0.10658184488899204,0.4008747275400607,0.21939648145448828,-0.6387837656173279,-0.4281357465407841,0.38782165111707717,0.4704384613919568,0.13433898517858825,0.14358120332981375,0.3144588331626106,-0.3974564472855659,0.15760063368339666,-2.705885450128062,-0.13819026911597668,-0.5255253727924034,0.08347197159222927,-0.04785995951872343,0.2846404794916121,0.16104923348822522,0.20480920859341853,0.28535677887264793,0.290484885659235,-0.2941804591203387,0.23760916329035658,-1.116535091839669,-0.03844607668335909,0.06354214119042592,1.6526388925156255,1.129167910374248,-0.8724357597374924,0.23568976326975508,0.3566106975329512,0.508291605738029,0.14244265546622067,1.1559635243515891,0.20596639597793187,0.356270012702931,0.8789652850260997,0.13514871844561635,0.02632234251422592,0.16646392817807626,0.8866451020074405,0.5962626307441392,-0.7452622388798485,0.3977382451216751
2022-08-24,0.4283196044083428,0.4181797737673765,-0.6585375012592395,0.39836462752450397,1.3952614961481453,0.6909663435986888,-0.9942926989113765,0.5713995243880594,0.34848601965800463,-0.5600088822272631,0.2663876433698689,0.3046758129238997,0.33172018270224396,0.47821001070233327,0.22421551649868246,0.47779838057615986,0.578404207669226,-1.8174794162656838,-0.8118524137188383,0.5623991986322203,-0.32474597312315834,0.6639404063523024,0.42424865988050936,0.13263521098045428,0.28493436722285836,0.5391046703951643,0.48861213694478967,1.0374921957340817,0.6097268493920543,-0.3284067112622386,0.5429211137288895,-0.6536496031540718,0.20183633520714175,-0.5256636275471429,0.6007398770698984,-0.026075450307584135,-0.2950419064667897,0.5944955814128288,0.5328695567108291,0.9388221991076977,0.03619344284347567,0.3935931096252943,-0.052770136972111144,0.21497258583553822,0.04219664706765621,-2.005142760288325,0.3836117642248488,-0.023762303412992358,0.9455801896420069,-0.061935172965247594,-0.3206207881799397,-0.05773185071193661,0.29138231399549697,0.5556791867870665,0.4766531267008839,0.5641916368966241,0.45380680051385525,0.23821958075507374,1.3580106741761255,0.638474679623429,-4.451856812017933,-0.019566817014577353,0.02217992760016684,-1.498216566696851,-3.21413060748736,-0.6319312822544974,0.5607325865195479,-1.0275699020665547,0.2961774174927143,0.6899138253695392,0.8998993106911721,0.5178941703041048,-0.35882673888125866,0.46020498622933137,0.3551968931609014,0.6014438701042134,0.1823711008831701,-0.5256625244518247,0.26206269301713236,-0.2638021842341268,0.6255199654312587,0.8545177645286826,-0.523763351764285,-0.12345741897871702,-0.1581323213755385,-0.26422874359882453,0.4992002938492274,0.420376364307986,0.34884034402088177,0.5191655403872024,0.5312989053523078,0.5569329822896599,-0.10495117334288324,-1.0403447068852782,-1.4677823398878986,0.07483295138204753,-1.3771283343421101,-1.6321522204169157,-0.3343468984026342,-0.8117892311903979,-0.2843359432659146,0.4335251015635155,-0.030372496640141997,0.5109925082256292,0.6698102305641696,-0.26187449031095894,-1.3699027176341225,0.13160019654056174,-0.008498406620582008,0.06593233060472889,-7.496260500292857,0.15212380034042694,0.1165888714201779,0.43144707546558425,0.43994534554392434,0.03523396496992131,0.20484741066514406,0.2658751263593833,0.7549371737900824,0.5721916649589942,-1.7547357576594569,0.5147051521595911,-0.147369567620498,0.3659706798775114,0.4478690855340136,0.8958393033437498,0.5342485404433261,0.13110760742421018,0.2008592401320609,-0.05486341282249682,0.5751984918661628,0.18640803210576676,0.6732894881025187,-0.08811292086265686,0.4503317484714455,0.39246654369377987,0.3909390606565988,-0.465527572252007,0.36672743546927083,0.6115372203859331,-0.118603045047635,-0.763272643340892,-0.26995671855937703
2022-08-25,0.3141977400263426,0.5553061823086373,0.3419940429105559,1.1279520964685406,0.5055403042088394,1.0549555578757501,-0.34385030451673326,0.9241040724452748,-0.04719265182707976,0.11531410842005098,0.4831313976840871,0.5186037216081005,0.5449639437461963,0.5218850470768659,0.3968333324419934,0.7586554489066055,1.1699894102193447,-1.4938866200421914,-1.216779977616312,0.37377925855342736,-0.4398878855702221,0.7264396176282946,0.5083249101234746,0.10171604500836463,-2.2256535863220854,0.5362103514030525,0.51151902402318,0.5543559395744612,0.6559644193514274,-1.1993557956593426,0.1309142547168972,0.15019493082878263,0.5372158040163401,-0.5104830560163635,0.6545739230108956,0.5443777950731449,-0.7246530030589851,0.5779319145801524,0.7775145962000307,0.4529480193430371,-0.2977273443801068,0.2488525822577176,-0.1429851079747632,0.4415571616773007,0.0808353063752636,-1.4567193918975487,0.2353806155055903,0.01521670059617858,-0.07091644986492247,-0.1166507714705377,-1.061047806138513,-0.21213311722401815,0.012073482937390226,0.6515489741011091,0.5783583080358543,0.278375576245246,0.509089041120749,-0.02342599530328529,0.4507254163508255,0.712686238608768,-4.281994254778375,0.1246424381558048,-0.16294410300148499,-0.715951944570808,-2.673309724920882,0.2503160286091947,0.4912817810302171,-0.3399377930930086,0.19620312777865623,0.9176884516367425,0.24695302110521197,0.5513451332228805,-0.6345829770440546,0.49682016740139895,0.033827864278476616,0.610638113377324,0.22536226660240105,-0.9023915350263646,0.555971478014442,-2.3834211453611074,0.7213112222839451,1.0964477178964716,-0.07700834474211145,-0.34614004377570395,-0.8446526375546218,0.3600537127022059,0.3695769122890741,0.13272469916875618,0.5312172307176939,0.5173402747170405,0.44897103263052085,-0.11833728506003448,0.17026994368905815,-1.342445400844899,-0.5487955493348068,0.42157499419888206,-1.3739620161953112,-1.6496491277954182,0.24935697194313064,-0.5940606318300522,-0.2729345769960626,0.4627384214131496,0.20079283651080948,-0.07716293935372608,0.63942835932178,-1.7665067255848417,-0.5437518637842434,0.5485731678395512,-0.12202915620882991,-0.34779058505772603,-7.239673432325577,-0.48787799146668803,0.29734547080603246,0.3122487995768056,0.37672284044967896,-0.45297276257752495,0.49545284776577536,0.40196113495202057,0.6777698968592122,0.6633621174921104,-1.0510143001766303,0.3615719861396928,0.15159470443961381,0.40120913947107706,0.4771297094340132,0.8838750694165057,0.5275606085121834,0.12505546304950008,0.48908632671445085,0.5332259099316408,0.996874033207821,0.4691285235790563,0.6568329361967722,-0.46221862629897925,0.5509546941150891,-1.3077642458538816,0.28037696332678885,-0.09054452071502123,0.40337344037763995,0.6282521535110267,0.21818945513970306,0.058422996945587106,0.4440639026733846
2022-08-26,0.48353936049876284,0.7426837154464121,-0.3946809293225195,0.36676520388381095,2.0383624562159457,0.6572602067119327,-0.6762282855612258,0.9444050580209061,0.15669076636026266,-0.2737203306256096,1.0199861351744768,0.8793589768419569,0.6710081155989345,0.7445067037948554,0.49048483379979035,0.7583619029833641,1.1550951893368162,-0.13852563672676937,-1.1685063791603656,0.5170174087926911,-0.8410676100763194,0.6974374898537583,0.3632760229755451,0.734299299916256,-2.627487473154667,0.7113670750417144,0.6102245600638367,0.8239198683381621,0.7618863393504837,-1.3383496501984766,-0.08468538959029583,0.11888846693196548,0.8240581999139668,-0.6029233107558218,0.964728358703197,0.7658186520343603,-1.3140018585342685,0.5257732851180844,1.197162491874314,0.07982775690881767,-0.5342693735449567,0.6619709888236582,0.8467609327310195,-1.1344344072544885,-0.46412080873046857,-0.8651554920341401,-0.17778362575299114,0.4763029109936231,-0.6064062795099934,0.4229178365100895,-1.1117317521864307,-1.269472796651848,-0.21719034515423633,0.7540749777210379,0.7674410639325069,0.740895443287607,0.32110214699328526,-0.4961812362962426,0.5891477742554323,0.8023388311218274,-2.720483178873958,0.3465403181359601,-0.032670454049232155,-0.705635170455568,-1.590351665543117,0.2516404474116963,0.6813476486930284,0.6764556358914252,0.10330509105195744,0.7518656962417379,0.10400024431663461,0.7549398488034395,-2.104522221211203,-0.38810124098050064,-0.22057549357335388,-1.5872566645029176,-0.2957472240175617,-0.8321921007108306,0.19306933558979275,-2.255973220693565,0.7194169069973808,1.3632748215886448,0.09714682749841608,-1.6369175777184528,-0.6881924562654463,0.6864483076356408,0.6248360321799362,0.5855248704374864,0.7487059462156755,0.7223962668566444,0.7253782585582965,0.15520236715493224,-0.6558503119590205,-0.8273947402160962,-0.2688242699998289,0.7354535086761715,-0.8610731012076875,-1.0977380782002508,-0.4889796290708707,-0.5475441509583441,-0.18523545808558028,0.4550032360785374,-0.08513593686797531,-0.04995369596380311,0.7588899166840739,-2.3158631864117214,-2.5646567965148734,0.019198034440322507,0.475058940891708,0.5047198837875051,-6.095594189441034,-0.5501160768326105,0.7349266996107836,-0.45010431192572947,0.3072593026968342,-1.045493360315652,0.4450293881302575,0.20259863167690573,0.4050874090277419,0.7438974551446402,-0.0039835966756473955,0.1626124809230299,0.6864067015497239,-0.38377567904676324,0.25508402958748194,0.7597517918353724,0.17252023716905293,-0.4971876253074984,0.18933819970123253,0.3456105508800594,0.7089906538156402,0.44599094256301824,0.7558465884022713,0.3648855740253938,0.5039437376805008,-1.0948616853274542,0.5899027375874532,-0.5859222391185328,0.1325885490631838,0.65315385966201,0.5041281592603619,0.7265847624278751,0.8277261177712634
2022-08-29,0.5764282645873009,0.21444788252104016,-1.0274350008349684,-0.1394086509576832,-0.5612901941516362,0.07347094737198744,-0.9049252047601397,0.7532554605976991,0.5923029440397117,0.017265371264697547,0.2288026322858493,1.0328346614077941,1.084278425218557,0.5242507546448368,0.6815433705820607,0.7710519463526553,1.0329338142702174,0.9931278985926191,-0.8702382234803497,-0.13792250748670626,-1.74904897915075,0.044713368615859075,0.46815512888039873,0.8511536289112341,-4.727245003770446,0.6791031304091121,0.6272049279043647,0.6567148665287025,-0.49086037639153945,-0.5288027170000452,0.3359731309030239,0.24944578174542606,0.4236111332226454,-1.2454832235322688,1.9803096722293771,-1.503588708284179,0.11622249620316819,0.7846346246629405,0.26904582982772757,-0.5051870563505082,0.24165447782855823,0.36018677176509606,1.0520548633853513,-4.485671453395525,-0.3955027379246251,0.0023879486653447524,-0.38175630994999193,0.6810672580518873,-0.5304010194879586,-0.3373242519261954,0.04751150978249902,-1.3555244524624144,-1.4055660675576744,1.4236771978263738,0.9868244083738533,0.6335292159571401,-0.15541616130612917,0.10980090038554746,0.19929836416491226,0.24622574552679105,-0.06072094238652835,0.6601192452403752,0.26166361836926627,0.28720705511276545,-0.4054917460148486,-0.14004195362526842,0.5199236872080207,0.6821031530776666,0.2796962911033927,1.816935549332646,0.19782854010060033,0.16842740563192157,-2.067731124906444,0.2734747053376284,-1.550697775049373,-1.0848989885113312,0.4104336566265531,-1.0188117246486978,0.1879056267591265,-1.4713212343722641,1.7044156188736794,0.1487022279121836,-0.10986664935037073,-0.5524933603759647,0.18567251706800342,-0.4679433902349985,-0.36914523134854993,-0.10298860795402787,-0.03389903735348053,1.274142561102437,0.6844565061931434,0.15254234211255682,-0.12809489515949232,1.2885097754580297,0.24354315685562897,-0.011465921747008393,-1.109317515179739,-1.3792443433937651,-0.3594092946597514,0.10183095861240771,0.12950291980058784,0.5179082996398455,-0.7662935154873675,0.09398625349964876,-0.3426435453871321,-2.241348136486624,-3.04474403029101,0.25154274960978124,0.47918549219634393,0.9040676305724079,-1.5027991709924065,-0.4937151494739737,0.5978359879422648,0.12604112170837067,0.6298861797078675,-1.0528725772209329,0.28533692211194456,0.7212296252511259,-0.530096874961573,0.2652248833032435,-0.07825574837872971,-1.1802049258283056,0.027666650395509494,-0.3752774119534554,0.8361876784799401,1.3712280923626705,1.4812194094340527,-1.0125859804960737,0.7952553603183455,0.01939265356420963,0.006339736872302674,0.055932216032872725,0.40309017215391424,0.6787805821989952,0.17318047901081685,-1.4408387354203873,0.7691264433922077,0.03627781702744369,0.8512796034695777,1.3471220310151497,0.5319405095416659,1.13915146886072,0.8229039157543153
2022-08-30,0.2164130874918806,0.8137538580230363,-0.11357061393026513,0.5091740937145767,-2.3946049562054803,-0.12614405350065014,-0.38663354403716493,-0.37594142895682287,1.1119385883461022,-1.045152935907374,0.30629581391443267,1.0470674983288093,0.3437396969848341,0.6791282102257366,-1.2862473345903185,-0.9063746652593551,0.9654790028784925,1.0315248415872795,-1.2785998576641295,-0.977039989118057,-0.7031241441106874,-0.054549938595179134,0.02585263282846509,1.0714507490984766,-0.9069375690027036,0.44581554387806077,0.012580306114596148,1.0756853552390626,-0.2947925329166717,-0.4573913956132655,-1.041183588350567,0.936794307597242,0.18106359401936242,-1.237045318671889,1.0149221322176414,-2.283004681715166,0.5338549949341643,1.0793557862849927,0.1384470027149037,-0.3515183651872874,-1.456281991425744,0.7894205509971831,0.892675921680852,-5.300241867466513,0.2804274338485782,-0.38547678009987635,-0.3850117747872951,1.3189970754741285,-1.2641625585174996,-0.17964616089502633,-1.2070377904654714,-0.7020425521135614,-2.142576060706791,0.9092924216490654,0.18025798124028689,0.22687806101678887,0.49975579385480634,0.01486883471195751,0.07781451108629604,-0.637661302671851,3.486719623071103,-0.055156952215561696,0.16581882044559848,0.9175767360919256,0.5073337095367958,1.035927889941592,-0.17065746312501306,-0.8348212697753137,0.640243968384716,0.9309302972354048,0.6183970188643455,-0.1701842101854154,-2.8719270101415253,-0.2936301337572212,-1.7651667848251096,-0.5488754644508451,-0.32742113070458945,-0.09905779973684782,-0.04295522063077165,-0.4488712149129778,0.6606687168520801,0.41560533444232306,-0.6260960541686463,-0.8990834674977122,-0.4863817652676689,0.26224381818665893,-1.0703561038986307,-0.18738753120024806,0.34209436604617943,1.0004563984193307,0.987692002607546,0.18760728259009182,0.73449233237693,0.6835320258459437,-0.09838056215530681,0.05192130832809736,0.9450125191102349,0.8963880362889798,-0.05008975170778027,0.4627844469136578,0.11401995804439748,-0.3858057058929661,-0.21132837763550305,0.6579471896360538,-0.2651255391712559,-0.2885485514197005,-1.8436896934761666,0.49750341503759193,1.0791137884071664,0.18375236009943516,1.1132547674693551,0.22791902709171385,0.6574849938974071,0.06252542640211338,-0.18016207891977398,0.07183741713846646,-0.059394914629082605,1.0223133127797486,-2.4185966718619705,0.2800680686016404,1.3802652168636802,-0.3464580882445069,0.6336204798285124,-0.5749690071618163,-0.072172790365212,0.8911440500815629,0.5001174843808214,-1.8104719682667545,-0.3790600183382701,0.7721534812955856,0.5254484803052538,-0.6538039244576616,0.15123079268301964,-0.080754039647782,-0.31666985479422644,0.13833133071008055,0.3429475460978578,0.202073449771343,0.675813388433641,0.9165165037979525,0.9943022437905232,0.9164277605760576,1.1412026003395384
2022-09-01,0.25806971995040995,0.4288760825654813,-0.6596485123728983,0.3642568745192238,-1.115399135862923,-0.13667406425325862,-0.019145670633909432,-0.5989257369852196,0.5960361354365112,-2.9274320124901503,-0.5682903585659418,0.6490807059822263,0.4222610468631112,0.36238126962638706,-1.98622355639092,-0.16445973054934748,0.5415756719116676,0.515746988846343,-1.5672225333776817,-0.3219793611282292,-1.3027343686663857,-0.25286892728319277,-0.6957184591397493,0.11427639352820476,-0.889050106100769,0.8037243593673069,-0.4319092277539878,0.20556412788766693,-0.08879420921163873,-0.4665968823263815,-0.07301582799753625,0.5081437882245105,0.5048981529783836,0.3859173617868017,0.720896971220048,-1.8103756298955738,0.5645419679812173,-0.3715403591337244,0.7403888097540782,0.33760451681985965,-1.5750484881594924,0.6720780798131529,-0.15725717605845163,-3.139620897294491,0.5222056644733646,-0.9885398329300061,-0.17332887230957078,0.6698389236307484,-3.1526966849492566,-0.08766503313921196,-0.7085972414677846,-0.03667110670762235,-1.1356714015367135,0.5424003230302883,0.290782815909391,-0.03955458148260036,-0.143491759942121,1.206046181913211,-0.2810655616641563,0.14168910755246011,6.3718105084046766,0.3303633369377067,0.2587682468866408,0.2371620168322378,0.19554557260323502,0.67818474170513,-0.6436223612748398,-0.8816887495892791,0.397636767395986,0.5997741214633505,0.5982421649788731,0.039175772430006785,-0.4899662627656612,-0.08614903618406654,-1.148419782870426,0.2864991002405349,-0.14236168218570308,-0.8086671201503711,-0.0256992184439999,0.4448791638403838,0.5086860333251987,0.5205755157972275,-0.55600791341463,-0.7926451867120414,0.5646475165245557,-0.0735624769972231,-0.6139615493046395,-0.06864743709108942,-0.08540880537100355,-0.3119310999247754,0.5479272612289723,0.5619850233727227,1.3546776367398938,0.43420856642821803,-1.3283269198981251,0.2193757787587395,0.6062595085937038,0.6020554524161149,0.5274621549529854,0.2545835998375743,0.8804863992174264,-0.12651171385333754,0.40248372844835245,0.9194519226306461,-1.4638850814769775,0.034361179956614654,-0.05143326856134265,0.6399060336968729,0.05230919597862652,-0.1985256330140618,0.6497538549660888,0.6018735710097168,1.0540568846964353,0.12493686740689326,-0.38443976103918914,0.7903115939759591,0.48971481213166346,0.03398185131450486,-3.2417633598863174,0.8022471296300467,0.6397118654766676,-0.4089388893205487,-1.0381642223315344,-0.22264216402265935,0.4523101173450533,0.6207134755993156,0.4842830692540887,-0.8833096356342462,-0.10765036939586901,0.5978910016286446,0.11591289033398665,-1.694847084563468,-0.5556715343226537,-0.05933614445314431,-0.14534553376229106,0.5389197529064443,0.5523297396641524,0.8990036458247535,0.6295124439923047,0.5011941851990297,0.5428439438773628,1.430578737087749,1.0158958090601995
2022-09-02,0.4497802918121431,0.4930329842125707,-2.290309418376808,-0.22159457222803422,-0.6540576784158108,-0.7751282916697113,-0.16666410897869025,-0.7367063325138625,0.32719116347199917,-3.4819720180970677,-0.6517044753355079,0.808113015296427,-0.006771327296515891,0.5308318587134387,-2.235925235001477,-0.385177333479316,0.8184747626563722,0.5041981028158137,-0.6304303408864338,-0.12282895135793044,-1.973219615706854,0.10812224161201033,-1.5388367664155382,-0.04566767060087135,0.01749626577316145,1.252612304089475,-0.3607931008660834,1.0168151262620666,0.4036554401716554,-0.47691057955895755,0.2818694364022159,0.445080942123123,0.5924230702608388,0.6327308722267398,0.8653373448423646,-0.9835205807423484,1.2689989210082044,0.13481957148293214,0.5160045546690651,0.38949436344198907,-1.3762058811713422,0.6346096179837862,-0.4989040033005693,-2.7327315713304374,0.5998024310600418,-1.6203720584456036,0.23120117921159503,0.6098043304034562,-4.336606525635595,0.05641734440872133,-0.766086178153845,0.14221663492341566,-0.8379435260915747,0.4664603859755218,-0.22928931122663115,-0.17144729972319353,0.5537542213356644,1.1354313153931819,0.7704654384888119,0.045489895170216385,2.3714608314975125,0.30198299019941266,0.3081313851378305,0.4340673920844475,0.5148323141360422,0.4822270891751521,-0.7289450724875239,-0.7997611635562583,0.4730562803874257,0.7465586771960742,0.4004932869096277,-0.8002022416177951,0.48752489262846876,0.37497660668569577,0.12096022661597243,-0.4673631281942516,-0.09525786621568234,-1.0530371565173262,-0.37756373947746596,0.42019217281479126,0.43480258665298016,0.5195290715992744,-0.799656560495682,-0.4866385088942027,0.4857867195595109,0.3646616915902064,-0.004033008883401631,0.14879067044447866,-0.08428291139928253,-0.5772622940208737,0.5590347380833667,0.8015321841146471,0.810138735873567,0.3351069938408681,-2.639640853721864,0.5176829949162931,0.5766718881278067,0.5818126861302025,0.28661044438393374,0.4285382364987468,1.0526918039580724,0.439832192869775,0.9771935250886036,1.0110884627751018,-2.142751362617317,0.5330860023269938,0.48664924127661974,0.8345934595175417,-0.22899971232604552,0.26126949594082727,0.6057862945067166,0.5661692150818549,0.9534142554577519,0.8687740938689597,-0.679744376929943,1.3697816142684178,0.980088624186161,-0.0358204759056747,-2.6594245698591896,0.6268493554104457,-0.8970947787748073,0.460276640232239,-0.9752417785724125,0.4219321393623323,0.4761289226453982,0.5478072076703571,0.23472613405482043,-0.8227310370200759,0.37279203473948574,0.8946047497269918,0.5169701833149675,-2.4334955376422887,-1.8355806720504086,-0.0421026314497191,0.111905770965091,-0.32001704472598835,0.753587187646264,1.4231814201764856,0.8414145641846631,0.45993656126862026,0.5330860023269938,0.39049985383949537,0.898437012291632
2022-09-05,-1.170477425098286,0.7228642206225835,-1.6210869323455448,-0.04130327396517043,1.159724288347033,-0.3691665689290343,0.596986321449523,-0.18238775397728707,-2.1225984525811903,-2.8300766343818657,0.11300429109638148,0.596687921141649,-0.241802631089753,1.428489346691257,-0.9159781247478882,0.3274256468524492,1.087645835508353,-0.62892950648201,-0.7742281072619384,0.7032970284390475,-2.1505202208448293,0.813204004162001,-1.1906585392654574,-0.25949818512820816,-0.3822221116629079,1.0833926541711083,0.3129960894119313,0.6285389001096302,1.153020434332521,-0.4266935634906664,-0.2770301403722769,0.06432517737389801,0.30762494547126995,0.4050858680249025,0.694524671345874,0.5459377707017873,1.0173095696976233,-0.10487197179728062,0.7068541796126974,0.6877055990435716,-0.27607831038139313,0.5480292618947102,-0.06548136207164623,-0.12165688583693762,-2.845940904963055,-2.1393268377469834,0.07864806648356475,0.565033553417544,-3.6175778868738355,1.331347917852496,-0.3904317660676129,-0.26907454137600595,0.4621267077608692,0.05010416275898849,-0.22964124418034013,0.5022477880950046,0.44512134738858217,-0.2665226838062566,0.7045659094271489,0.6235251983323707,2.724397530761338,-0.013162347321275027,0.6659487931058669,-1.1989882744964313,-1.3400438730346236,0.7616371784619218,0.3670331569525392,0.03958918961198154,0.5778893748018673,0.6606357829828562,0.7804866367165344,-1.0442127957025331,-0.1754661242204441,-0.9011466203391827,0.9916643418582287,-1.518305381031955,-0.4173961181310445,-1.2933263050998185,-0.7927001077756408,-0.483105571346392,0.6625395545810087,0.7477076347683582,0.05106321958505833,-1.7093216260398372,0.019700231856332684,0.8778815807883554,0.4597713103705557,0.95225258355848,0.34358443886962486,-0.34722598683314504,0.7622824637096484,0.7096916034121153,-0.38516638478391235,0.47217102134150923,-2.2287151442500974,1.3188643597939076,0.566042069941846,0.570386954046531,-0.33769489294988864,-0.06828922824041544,0.6685040300661935,0.6388480659025351,0.8119848291013795,1.1988165645342734,-1.0443752422979566,0.11887519361035481,0.9371716702065584,0.8561206287683364,-2.020696856995549,0.06177599471108821,-0.04105985569023919,1.0413489892726064,0.4261595998617421,0.2968962741827179,-0.2605921809502066,0.6225362948854021,0.6260390317813608,-0.25080779153483307,-0.8126009698986651,-0.003232952072670465,-0.10359709970160687,0.7376504777344098,-0.9216243576972089,0.35714767841003486,0.0013031100212884845,0.6851967639176038,-0.00757603275142955,0.0323868945947365,0.5980499952784482,0.7095989506250483,1.0379703783856529,-1.9731248201865024,-1.0339568901776164,-3.641560224505728,0.6922024544164724,0.12042344446272639,0.7018614097311052,0.5884146207503812,0.2771471359573658,0.6886706575128653,-0.585131485713113,0.13126630227357178,0.6504829786455517
2022-09-06,-0.8279134322022622,-0.28215614797628014,-2.6689014279450243,0.07754986509217109,-0.5154111645065406,-2.521472658338714,-0.9919559859229734,-3.440374081607217,-2.395634489318027,-0.6875115526011742,0.6452801745108026,0.6034006516603903,0.5722173259823679,0.9574497675065304,0.6524780051317989,1.0231759843796029,0.20698325638166284,-0.23287289190519664,-0.36464885053510715,0.732016165423051,-0.7642718198520276,0.8313611628618706,-1.2522679187055377,-1.3360983754135594,-0.7725684830790661,0.7164093616107506,0.8628299734222831,0.5814600059084543,1.3048266502168322,0.4127878986625389,0.4032321717888939,-0.13300703203662867,-0.35187501503552177,0.04516258175067921,0.6569597602467145,1.393439954056238,0.652902089042508,-0.3364521262292471,0.5618247808309894,0.7448325882564826,0.3862083768302286,0.1488816322243126,0.36705938841270935,0.3414392301885335,-3.7993551878753773,-0.5980056282835072,-0.8408252370396623,-0.16086956432972296,-0.996320729860503,0.4628990424113384,0.4761855621566026,-0.5828337483101376,0.7026764540950208,-0.04219509588870978,0.4206182572008218,0.668326192312214,0.04104726368736271,-0.6552406864288031,0.5642393383790562,1.1214133809456224,2.9356384881847437,0.0612704151922045,0.543941915028434,-0.055460872492688856,-0.2901385107823499,0.9413409483518481,0.5999879608589986,0.5251719021724429,0.3026559715847412,0.641280239414138,0.8541211603091944,-0.5429446673548893,-0.9029184135788008,-1.1673985246620076,0.08383900709524124,-0.8185536358267802,0.5784129403414748,-0.2447984690697747,-0.49769226803973265,0.31574070719156555,1.0018076933433662,0.6969177637073903,0.7334697225655591,-2.7036657874079566,-0.5129748343385009,0.6861820090632034,0.8077873532964265,0.8687628951238727,0.8706777063676298,0.6371088290402922,0.06990746318713159,0.6506346595388149,-1.2129293251886013,1.357889737619358,-1.0094065406895265,1.1544794311934974,0.6569597602467145,0.6569597602467145,-1.5584907782075892,0.2235613447256503,0.8703361527038436,0.6411073171901522,0.6487787251192452,0.23147571014095014,0.3506047197067219,-1.6661916986441043,1.251872615833116,0.4038402661486002,-1.5697679058883605,0.28985103181313937,0.4133630192315581,0.16380893318369816,-0.2300835074859524,-0.5413699481743367,0.16101074641308907,-0.3508697486848776,-1.9497936372777036,-0.13350023169647052,0.0070016461656484015,-0.344120632105606,-0.4914581314953749,0.6409541493794831,0.5426965524777845,-1.791761148171053,-0.5744323299109664,0.7035158294813924,0.2360985497644904,0.23091237864000821,0.7741706433421888,1.1470837293869791,0.3142278380233862,-1.6791134669338996,-0.37309534445766485,-2.3418153239425807,0.8339215137519652,0.2767318368873266,1.1111782258096645,-0.26321696783446763,0.25241022937371366,0.7775232519410746,-0.7375770454812413,0.48874405024724915,0.5472772863342475
2022-09-07,-0.580696890470235,-1.47016292511904,-1.2451297581393614,-0.6868938230756374,-0.09545525813847852,-2.7786565401662227,-0.26633637660939613,-2.949522149386347,-1.6022402557736348,0.9106124436799786,0.7108925818692664,0.0770125183221091,0.32767151981499293,1.5227946734886784,0.678292021649139,0.6609338450618955,0.3386660288117919,-0.23777479387261907,0.28977926665362497,-0.29125335146915743,-0.0529910150263706,0.6988482647447292,0.5594362762720815,-0.36980059803441817,-0.8333493785158463,-0.7070056547009598,1.0356766437041922,0.26869719228391364,0.524765024238235,1.136110867514887,-1.3783041537478422,0.045338043289773595,-0.5765651745296728,-0.9460905320565463,0.23632621884100705,0.5868388789531112,-2.8705241623845694,0.09864102103436408,0.5372074846163593,0.7107295839622345,0.20126895845373283,0.1913562569358647,0.9063879745694612,1.225777758112796,-2.333791762379152,0.7245818608815957,-0.3419854638426166,-0.996241820882877,-0.1823903554895755,-1.1762995402215168,0.23997541496795302,-0.9134523307397966,1.016938227359786,0.4321651009416168,0.6617805388503222,0.4611853116983342,0.4588141505724735,-0.5732686013777798,-0.39397086151446187,0.8455840701659103,2.5428296606442355,0.6079146556228531,0.41115140964294,-2.4582106102008896,-0.29459865006265196,0.5448450000697069,1.5035972722637385,1.0863340699197663,-0.020076391543477963,0.6315980765658054,0.3173795112489029,0.156664640626426,-0.1709375569844626,-0.8112709786983382,0.17673072005832993,0.39635985382478706,0.6987537578918702,0.09243332505726715,0.18597844538166394,0.4379259102363268,0.5138196819449502,-0.18429518374992815,1.1973212431401348,-2.1620023216844464,-0.4481050202919147,0.5526025478922659,1.1561642260347258,0.1978657485710515,0.37898358812189736,0.7914105298806409,0.29736682371831114,0.4858087165649798,-0.7396193324031388,0.7028247083940025,0.31306274487046226,0.6589122407220953,0.02476348330618379,-0.0765837778158365,-0.835703784069972,-0.07364775431913809,0.6985149990783277,0.7584185828905867,0.19688453230316127,-0.06591837895522083,0.8808348113381811,-1.6933320563466214,0.7200129677720338,0.649792061898067,-0.40382616807928157,-0.3498929239280562,0.4090854538761657,0.35221883759369965,0.24205960339134558,-0.39064745168838816,0.7554138508288124,-3.071882300538247,-0.8851051042991168,0.39133830467421515,0.41912530541835125,-0.4171385613655338,0.17429594671007775,0.5023152850133613,0.6489844660565373,-1.2619862457566418,0.1201780981805203,0.4366786619674557,0.698359685471664,0.4195658017204624,1.6998863579276589,0.5674347968900828,0.3820003608569938,-0.051057282546744485,0.6196006578759777,-4.102827112845829,-0.9883380795804793,0.8989386582711615,0.6873492488984968,0.31636617468959644,0.6133605797424391,0.48241032154096797,-1.8605577226948378,-1.519570537021147,0.06337178772498119
2022-09-08,-1.6032377061525227,-1.610369995085682,-0.609866670959421,-0.9283885273402357,0.4326192109239699,-3.441070372646422,-0.30944268645531187,-2.9711057749899394,0.32934081905024964,0.4790871605243624,0.1202639968109721,0.35460834959647924,-0.8950826209679975,0.7620740598529911,-0.10300986755084134,0.16205679396016157,0.7194564409503916,-0.8176233186489505,-1.0264729829914703,0.1060991212642845,0.3966534147018502,0.37707466308862475,0.7644054211930988,-0.9670910130432581,-1.1706956706473453,-0.3252155558941401,0.8968810068135176,-1.432236208430461,0.5166192395217517,0.42999563626224707,-0.47123704915937953,0.5734186652910648,-0.5776767150937896,-0.2248198410318147,0.29653262871330544,0.7296997263496942,-2.9935220120096546,-0.0819458025040195,0.7598054376373052,0.9320529330784493,0.5023746694249085,0.12611963210926017,0.3990643408900658,0.7543199208270648,0.2287195466277787,0.9718521453674512,-0.03533948649798689,-0.6341495722410596,0.30059697822373754,-0.7491638929241663,0.771804048298881,-0.809580386385365,1.244212340156141,0.7024063087448028,0.39531243864696963,-0.038586580034252214,0.46932446252755167,0.6469033960333406,-1.6410030504583228,0.666836232578395,0.34948422448642225,-0.37215968948214906,0.5372913973531226,-1.8954915993116006,-0.493595561107366,0.7243147241409813,1.4323117033109258,0.3812751718261871,0.008463085397675771,0.13566266805704028,-0.8521877235018529,0.18051460505715008,0.22070128801457609,0.28521065555261566,0.5844148452254017,0.7499943121678507,0.40550731816994395,-0.40126055079070105,0.32541701211613855,0.5615177870271896,0.43541996390454984,-0.1354559988671446,0.1411488853347366,-0.6972131083564814,0.21311083590060714,0.6914723358038779,0.7586845601773992,0.618998761511393,0.44424362809895745,0.7484249679363448,0.22155581520196693,0.349525681656132,0.3997039621332755,0.6655500141252719,0.652652940170222,0.7269038331608513,0.639312847046879,0.6146433994906676,0.0198331828394065,0.5242765554595397,0.8361241753335016,0.884419393869353,0.3339484961745514,0.37537730136670644,-0.0920396167723463,-2.363728213331681,0.2623197201929431,0.6927378169987429,-0.09331710171639825,-0.9267158060472154,0.06190726316721779,0.7479731016676452,0.36833944540818986,0.03556358224124883,0.06426762602261024,-4.967497318523757,-0.6231509846557528,0.5087648073482286,0.013286496827836293,0.1428972176991031,0.7781140451232272,0.8348816667001275,0.7552166358803147,-0.789108012587498,0.7346448657194845,0.2136436737896063,-0.6113482130455773,0.7174567635044926,1.0516809037821062,0.7267416717308991,0.7514414544003409,0.37975439707551284,0.726875167581892,-3.7433391761846857,-1.782393674245605,0.96956696448031,0.791603703118781,0.3145720642401863,0.7285423681231984,-0.037176561764821967,-2.1673865394357636,-0.659645191428766,0.30334705783639465
2022-09-09,-0.6188998603762017,-0.2122448096225656,0.23098767313104207,-2.3465169087730784,0.5261958346456871,-1.6732193446196495,-0.4299226226038528,-0.1454375263540484,0.7803290084437456,-0.11248061291957723,0.09644806416256048,0.41970502236531076,-1.2145777174541526,0.6776335141702406,0.22634820424563776,0.5690093487383436,0.5293612527029016,-0.9576411333679906,-0.9133202921581769,0.3204106316017141,0.5937194124693864,0.3576013927211201,-0.6854304572629928,-0.2731207737091014,-1.955150035791589,-0.8348078172186353,0.8515705766416806,-1.4276182079499182,0.5964233875286422,0.6076020693509703,-0.5415461878027533,1.156274158253045,-0.24963562310260912,-0.3562028653355317,-0.5947476363256449,0.6866425545398609,-4.7633155918091425,0.6381605080157375,0.31484297735144806,0.4198196266172179,0.47264340633809604,0.4657336904602393,-0.3744233630179996,0.8748761622207322,0.6142665317877984,0.3182505313124945,0.5650167670076017,-1.0584166461688878,0.3064740703762541,-0.9519776097060983,0.9602669383922068,-0.07507610568429944,0.7887661295934548,-0.17496048284278853,0.357244999837382,0.5067814810404732,0.7590861215708737,0.5802120649247533,-0.9036335902839809,0.37652502965721685,-0.18582940507524545,-0.392152130971061,0.7065808994852566,-0.7414497058634181,0.36394729489952893,0.1546785264171863,0.856791698586624,-0.7162366680180186,-0.0450311713357607,-1.0743538790719167,-0.7101896232744804,0.17442901880699488,0.45216211653068106,0.4966478545518833,0.6720666924609323,0.7041401687356604,0.39533289846870123,-0.8331955897422073,0.8757887914084178,0.8810754393096133,-1.2397380473111126,-0.4399371737561948,0.6189061933804269,-0.6109139029813574,0.6221967171476653,0.6194865314946565,-0.15740872955446006,0.8975969289846959,0.23472102978963072,0.47298205381094327,0.7281641717641902,0.009708317007999012,0.4668324202709672,-0.3537955714760306,0.2512990179152072,0.7013963323302962,0.041161876391111685,-0.027072110507409704,0.5820728657420462,0.6378004460286537,-0.010633590975865375,1.1974184842359836,0.2934758276083338,0.5630414978286555,0.17175347844637717,-1.9543868387323435,-0.20432980067245443,0.8031837096918862,2.2479253233151906,-0.4565040616617516,-1.4863160379999187,1.044117628835633,0.7162609034153183,0.24366058575463945,-0.7696648912766114,-5.185171645645268,0.6823344331961365,0.8448784605699791,0.2834808135906975,0.5467629469591315,0.7046460048048234,0.8432464716445388,0.7996852574309121,0.4661102565002836,0.7659833491813339,-0.6060782549086459,-2.1928979648461455,1.0594281878746754,0.6181004346807635,0.21055933142199107,1.18850204264266,0.09403240792507339,0.858648831260546,-2.1332398368079373,-1.2372328249664533,0.5269097135032784,0.4387362900970878,-0.3065662183924572,1.0889476506643743,-0.7083043323324691,-1.4664993161130102,-1.725703094577012,0.35013047409368603
2022-09-12,-2.089332558017986,-1.9803099321922466,0.7630690064464605,-2.8212851749359866,0.9865101497178327,-2.216902872727341,0.1300308290430061,-0.9594737763143191,-0.004973477176030109,0.6463672144204199,0.4983981444675956,0.053783552383510444,-2.050684771200005,0.6779553231345273,0.6948719951863582,0.0662754709401605,0.6943291624768424,0.1236783105352912,-0.9161309540321124,0.5455863739429391,-0.6793586020875056,0.5922820950840656,-0.30387969872206033,0.35114064140992546,-0.6083312724497488,0.15302704510098314,0.9647911346387333,-1.641449403572796,0.5650420716305314,0.10969381362654185,-0.8292058524494069,0.9019705778743438,0.24360830274558487,1.2231349086304797,-0.7366263890447823,1.0163669912071072,-2.404841138948174,0.9906752975740731,0.9996780349458939,-0.3653784129949706,-0.6654116610346419,0.827711402398705,-0.9813427554300997,0.9725719668722856,-0.042065199479035,0.479749912240993,0.8627050882117255,-0.05200416112686568,0.9464033847865526,0.13558765500782372,-0.5373135068993583,0.25322501283763177,-0.3323836357913008,-0.31387897816866733,0.8034292901837816,0.7201207930739832,0.877499206909861,0.24213141498327373,-0.7260153000147502,0.8171167676873408,0.8375856154933458,-0.4450445050563907,0.9303563129837432,0.023344161300359916,0.17700858454821952,-1.0736225953623428,1.1311279993525356,-0.48378092326461264,0.3990700862806151,-1.6941025270704597,-0.25653821581136244,0.3723746136645328,-0.279682910581231,0.8502482864762437,-0.5936592475670036,0.9988156518207356,0.7333414727726114,-0.7326638405885222,0.8537416363093131,0.2727911777191235,-2.390538650042832,0.36843708410754994,0.9403563084443086,-0.14727577401075773,0.9203338852059803,0.911488751913601,0.18971182957029994,1.4998552066051787,0.17936118576866686,0.09706172400121404,0.4750547436171524,0.43380133641379864,0.11930020993374402,-0.36207399839530346,0.7470876360000638,1.1630408961789198,-0.7464462842701625,-0.9683388486612867,1.0500072116589247,0.3674081329974751,0.2395633208935044,0.9744879640590244,0.7063636363683791,1.1807542512712645,0.19007151368868266,-2.3689285394480812,0.37312335093258836,0.9487365811438989,0.6381832987170285,-0.8986742204251201,-1.0702888234726637,0.9354845944590842,0.6217580273485097,0.18860748265517022,-0.7067068974892875,-1.7315898833577046,0.9642184117592927,0.5188352531120419,-1.0405064560994965,1.002036594990122,0.02165500234941154,-0.9689988658959294,0.5162809065040128,0.9802760129510828,0.027708790033986762,-0.5798164877765326,-3.1060136134001817,0.2306174251122823,0.3169518117082533,0.9927171540653102,1.3542567075011978,0.6817873606704924,0.4957902702594327,-3.6460921231800505,-0.17264539207018603,-1.0724145105093998,-0.2708232386490564,-0.716127298094074,0.9915579071485732,-0.8850511152356724,-0.07401106826543155,-1.8950735883671186,0.5716562140320978
2022-09-13,-0.7319845819598704,-2.899902630294475,-0.5231053908941172,-2.9662725420780363,1.426786455234856,-2.875449285407444,-0.043891480348720514,-0.006039785374331661,0.35618204742587684,0.8733045030624487,0.9444923404119501,-0.11348609073221685,-1.170075598979227,0.7176642877903832,-1.3197533493056108,-0.7061259608371517,0.7383770511226695,-0.9982298401895212,0.41725986099857004,0.06729793815024714,-0.2911030003172415,0.8809381904073627,-0.5592556847058539,-0.523119186071453,0.6184222782549434,0.7072440300196342,0.17354152254539953,0.12882459283374365,-0.41171946578466917,0.040760564682829535,0.21567662380729682,0.9148827312321489,0.8138189263568422,1.0605811173047661,-0.6149279535375711,0.6773676920845513,-1.9109403799580587,0.24186896084389617,0.9574894817215309,-0.25380060834326024,-0.614390140682542,1.007740769742209,-0.689972631758054,0.9935930964229034,-0.4789777655816868,0.7574298652609979,1.0673439725085705,-0.2736100297927045,-0.38860295347790563,0.7831675740367969,0.011211386490747424,-0.26263739242858564,-0.24146926962978502,-0.41548428673787885,0.18845862496967047,0.00960135044739349,0.6333740977361748,-0.5272047019641227,0.9228202187061003,0.7521585536957932,0.8691899539396446,0.025153481600352252,1.0375282486553838,-0.5493986191936883,0.9950024820425137,-0.35474585951137094,1.000011818268459,-1.9038507241968716,0.8654207876835204,-1.6863088357197018,0.8487618542622459,0.12169644097857031,-1.157026367626711,0.5313974832618646,-0.651121798351413,1.105153966173725,0.9273454863508712,0.17480659367931994,0.01014793737053224,-2.040174166492782,-2.0743020649390393,0.3962675797722878,0.8290970347556592,0.022410507947597302,1.083426156863636,0.8355977195421359,0.13590125831488575,0.8907728458651586,0.8401697016682038,-1.3585294951860574,0.6128261832537449,0.4301845750051898,-0.05502906224054772,-1.1728989193780248,1.2667156824844623,0.9310598199142628,0.14328003299075137,0.01612674087264448,0.7295114685301148,0.7700400072207074,0.35899145005456473,1.571021863070715,1.000733352964706,1.067629508873748,0.5899013933084054,-0.9495072679955799,0.947351825379221,0.22082851461099884,0.34147733892369675,-0.6298898622881953,-1.103423796129013,0.9203358576042384,0.12775320342304233,-0.05447017189854996,-0.6000494506328322,0.6570916521451867,0.8065526280205749,-1.1431960534750942,-2.856889679110344,0.9784941511914453,-1.4411349720784983,-1.1888026039692479,-1.044786098623216,1.2658124019427188,-0.04925084393533469,-0.11585271549027809,-2.298194819291503,-0.755690199395865,-0.45305324754217763,0.8848324491950256,1.7083277682978417,1.137378074974246,0.5200357310506046,-0.11493884256397995,0.05774947716224272,-1.2010647493033484,-0.14667990622010627,-2.4337831362175937,0.8164762995011928,-0.46039483605317644,0.9190781921934464,-1.4193855866670388,0.8328190494232444
2022-09-14,0.5159460063108088,-4.258783043334083,-0.6564500953645038,-1.3194675790311325,1.3397728431185405,-4.291341147664982,0.5687834485784459,-0.010344781111437685,0.4546389994565833,0.794102874299713,0.4902543052188226,-0.1270682442636224,-0.36403193402890405,0.5716670722788156,-1.3140200139492146,-0.6682550242707987,0.980509013357041,-1.402831420282804,-0.057510177814777935,0.5868323092470701,-0.31787249474648405,0.892043705584363,0.45847866884991867,-0.16679296914290617,0.5855466723875765,0.1352350130463989,-0.07367231960802985,0.8161369228731075,-0.2568035434473558,-1.1707313483997164,0.2945227412819952,0.5506727730703054,0.5127466076332647,0.5012512181474236,0.9141567091533225,0.6802820218019879,-0.4296872544598698,0.26220862237308384,0.7834743860487704,-0.19710957342101196,-0.3948475295469649,0.8856728854727509,-0.28917094511703834,0.28987962319439897,0.08887993786770272,-0.010114234359967614,0.8149926440273089,0.48903152958017176,0.052689582575859664,0.8962119114648288,0.549597065160549,0.1798271047821587,-0.0022447236463335562,0.5837340443482254,-0.23900440264601608,0.586332449496559,0.5539326465749714,-0.952400665951523,1.0109163167158122,0.6633248459988794,0.5712622021240262,-0.16245914532471684,0.9426307907430571,0.10031005915357617,0.2073874727398235,-0.4921496575527821,0.9642182236827657,-2.1877269655546367,0.5722546750067005,0.6027044524092489,0.8406206161332149,-0.00023179707270214175,-1.7224715337121144,0.21487403942783037,-1.2425988415759734,0.8390495960924925,-0.03785884903607632,0.3107345422285577,0.5749102030298681,-1.8115779870610744,0.42773614506046026,0.6086576784624488,0.585722460652622,-0.4181595148426458,0.9760970919707594,-0.3434407085646152,0.2895844564664018,0.5274370103723319,0.716245052472229,-0.8439077808005713,0.16823182243189597,0.5822901143823919,-0.7447136385605376,0.5305755831394542,0.9194750759522544,0.43970889766866256,-0.49852905591303265,-0.6451030057594761,-0.749877016994014,0.7533744988909097,0.5076220200407646,0.6367168214552626,0.9782926395306618,0.7307971543760698,0.3908690001715618,-0.6338857643880238,1.125214417746258,-0.9533492362459601,-0.29351171248909497,-0.18265226269916238,-1.203539338883014,0.65265002769322,0.4966891107729094,-0.36325646918676296,-0.81500900712546,0.5259868086554277,0.37792665668183945,-1.5269216804650545,-1.895726286347058,0.7346877251408223,-0.6564542318618999,-0.782294540265155,-0.4403639082240215,0.5769918884107714,-0.6666480890148353,1.0961790280037709,0.4077462161569696,-0.5698165843882401,0.14602516158454537,0.6312297104398035,0.9484877449726372,0.6180448223371531,0.5676408368573961,-1.1692467662457209,0.4562992234039588,-1.5620042560012624,0.20739075222301454,-5.019380666701392,0.953083658221117,0.5253426259372109,0.962331963356076,-1.749581227740687,0.5003786959667855
2022-09-15,0.8784145285965969,-3.3143060923795495,-2.443632717500918,-0.9640690033371556,-0.25845969702164334,-4.268324561418796,1.0547151497494265,-2.2360657567454685,0.4428744648446513,0.1263497163105753,0.6958622661527064,0.3899009367066772,0.40764536758168624,1.1034706801135659,-0.6744617959977361,-0.16759868876443276,-0.4265240670635155,-1.043413938183133,0.020850910318508574,0.6220093905868048,0.34119214628127287,0.5956283707569009,0.396227143878377,-0.34439855583999035,1.1437213005665932,0.7298661303297462,0.20796269668869813,0.9191268741996884,-0.09371045883967069,-0.5327762337521869,0.4521359174686222,0.4374060916263562,1.1892381491897774,-0.0009743773337755177,0.8994574877992455,0.4256635795079592,0.34920569687418157,-0.37829695191825735,0.6476617212525396,0.4518297194458248,-0.08244182129617188,0.7854767144038907,-0.692131706277359,0.20281279024008028,0.2977452439388864,-0.34276655285860363,0.6328941613454115,0.022235926213637805,-0.23944895095842023,0.4618582435543328,0.8661191001848895,-0.46135285051458963,0.38845833360847287,0.8550790016239188,-0.12016926061221951,0.9482773503216977,0.9984147468138966,0.5710752343585093,1.0872795991366537,0.5870004869443083,-3.140657895622757,-0.020883261902134867,0.627980867921544,0.37856191024670083,-1.2212883105410588,-0.47102995429172584,0.5039115125163259,-1.4019920617757482,0.41056243345867083,1.356841381705258,0.5978747691291068,0.0877454518909779,-0.13634764830189794,0.30446716149509195,-0.43145289162483635,0.5074063796297317,0.25608703890786266,0.1757567606997447,0.3713528465837998,-1.4134025462620372,0.6011753748624227,0.6167710014109632,0.4569713677832183,-0.3199950750786458,0.840272544517989,0.3471651883727052,-0.7028068656739956,-0.5169960972358106,-0.26837630816756325,-0.71167849212297,-2.633332946444386,-0.0768371554176512,0.7261242859463303,0.7273649110449486,0.41070872249078066,0.4410485717977928,0.31846618260636006,0.29608870673818577,-1.3882033338278565,1.2045789923903665,0.6050319496458949,-0.17069313452041332,0.4493534340784396,-0.5521628973856315,-0.1563182372256856,-0.4842712389229602,-1.260396259297398,-1.7980356952048215,0.41023159848713386,0.3220515721498746,-0.17429528288487753,0.06940093587632566,0.533788755115946,0.44777196030325306,-0.7041573761993982,0.4819055529826223,0.4455588298461577,-0.8306384802281637,-1.033664484691716,0.7841064224051574,0.305015843201179,-0.285585222931695,-0.16327957868538112,-0.1581546607940714,0.36186575546742095,0.61345182658329,1.3654494818097473,0.3068461049875033,0.43362930894359986,0.5104627870936773,0.30186947397192276,0.34727491437307495,0.2259806546595177,-0.9963983891882191,0.44983950852230736,-0.5171512122963359,0.4505982259409172,-5.315810405320651,0.4187526775483422,0.5536680150966236,0.633449796990776,-0.2022623169740508,0.7180966359123855
2022-09-16,0.016756734735731586,-1.5377617923972353,-2.6891996956564643,-0.5573650810239835,-0.6493864177129665,-3.5532311268176486,-0.016692911807407906,-0.9046258876835898,1.436759953686847,0.043010759141359094,0.2658553994256985,0.43461885087161933,-0.5357578831521657,0.24043915081130446,-0.6853957930758152,-0.4909892325155862,0.46326077615177563,-0.5761448251085267,-0.15913912679914544,0.4387808059744947,-0.5352229759754608,0.37493152627154486,1.0984637573005847,-0.6978310394417229,0.9057497487488748,0.5031714797385005,0.1163542787274536,0.713409554775874,-0.23141094673898094,-0.11112329957696766,0.8760521562455151,0.6300983862393207,-0.6626561730994615,-0.5252549671935172,1.0264643958876236,0.9696100234817642,0.713493229090679,0.37546573027626984,0.6193701464119035,-0.2310441836570403,1.2028271428912845,0.2878390973644,-0.7499089633457237,0.5774946979053229,0.7278035531951074,-1.3061815700857677,-0.7331660290421406,1.1104067598742768,0.32344798128543506,1.093351978151644,1.1394225503059534,-0.04880084402078468,1.0702343286934874,0.40751382789621704,-0.5491297235656009,0.8241846895465736,0.979789728908564,0.5296128741843998,1.2879583311137257,-0.08351589967467836,-3.0412281591002945,-0.5894560269454502,0.7213785582607574,1.2940961793134336,-0.7378067492218774,0.2523849933646128,0.8011020889558387,-3.244717588055225,-0.732772498517294,0.9729814184196084,0.5328233132241195,-0.5811828156580422,-0.07557944957345743,-0.5306611055432973,-0.6896502284312646,0.7202925096114128,-0.727949618510221,0.03071894263637398,0.10317555021295555,-0.6688919212579951,1.317893221012488,1.2838269470925736,0.8614173799736118,-0.64030899445318,0.7754251180010678,0.4529249895154441,-1.9285870232294635,-2.356662331968368,0.4723244664425394,-0.245136163159407,-0.7664193136648643,-0.2672165885120364,0.516314989088715,0.12362041896490765,0.6951093591066313,0.5980817183410321,-0.4629945432722388,-0.4423748720265114,-2.1129988288756865,-0.30973287211890643,-0.1772380513184357,-1.005594590653753,0.3849491067803223,-0.19313716946307483,0.22541725266487933,-0.5917979453409693,-2.5575283131471735,-2.516404127697887,1.2530345686726443,0.7954859569426085,0.5335014031506006,-0.16674879344956006,0.39969491941011326,0.18633364314862497,-0.9442528899104982,0.40251965420818187,0.6767518300629669,-0.49433643753770856,-0.24193417741013928,-0.29521812886737314,0.4031677467435855,1.1584860410165676,0.8808624867298351,0.19634496121696263,-0.08454790857424144,0.6417314627941443,1.3177567123739335,0.07743349520403338,0.7290646318999194,-0.036178259176874436,-0.15019578092210387,-0.08812554345240792,0.48687643063793357,-0.09427380040228842,1.2448633963332494,-0.5757992997789232,1.5536146850038923,-3.1593218056041397,1.2021626424591267,0.6979108117567504,0.34033049919739905,0.7648789865908524,0.4428272321228766
2022-09-19,0.10658138446609397,-0.7302954300841799,-3.229517140747453,-0.7374166066642109,-0.5932838473803095,-5.6761545747022,0.04392822447866014,-1.5268274100163697,0.5781008934049181,0.05418745400558505,0.21550886667491653,1.3887717482232962,-0.49994107929824044,0.06357779487098696,-0.08870705291324285,-0.9078849564002317,0.09089018891256366,0.10491189241725775,-1.0890663686188575,0.05971058326209942,0.3423656613866167,0.6883315693262249,0.7339031968770712,0.07586156141873925,0.28696221666861366,0.3319982121911046,0.3457357016746213,0.19160082941609985,0.7586323428301424,-0.01992000719513923,-0.06870456050342466,-0.13847037379094834,0.08873354232085155,0.36080862241087847,0.8332498864676724,-0.003609604559661703,-0.020714729167306573,0.016671545712365628,0.08513775515972914,-0.21757122097273476,0.6193014664391556,0.05887050003355367,-0.7580706822119732,-3.042339730965742,0.6784794463238093,-0.9454435763840127,0.8121788884748556,0.3390293855401346,-0.000838687707744641,-0.010503185435256822,0.9508878115961065,0.0911193492592563,0.022522765344836788,0.11159622363357018,0.04491472116702913,0.09395080728649606,0.0345496338384827,0.16474341400710976,-0.1615240970823042,-0.46880449461309265,-1.4262962752624053,0.6557395060721776,0.10852562876306937,0.6547355592252567,-0.2663812234252995,0.10058538208825657,0.10727951335303686,-1.6656372995638373,1.478232534595478,0.008571868600098089,0.39372312455149233,-0.24673275585252966,0.588303133367308,0.543016059841638,0.8744641780245671,0.7605427516237238,0.08551366455370238,2.1640374900487136,0.3589135658505491,0.5725329545308792,0.4044902676130934,-0.04773380163466909,-0.23769389453841905,0.6511292514064153,0.3932604119827502,0.04114660345276414,-1.9706675307891324,-3.7290419644040647,0.00970272873906546,0.681593531749706,-0.1457369970479204,0.37282180238395257,1.8417325953114039,1.4175521858338276,0.5367291533750904,-0.1080735957940716,-0.1972341568623122,-0.23608199042996728,-0.13062812602483867,0.5934381855910672,0.3838338970996998,-0.2141070188941775,0.5010385121471275,0.5788322699221976,0.09013431404838705,-1.0271487864056066,-4.582249054678073,-0.33823099613053337,0.008886662600903619,0.09686378445080865,0.10915142470810982,0.5689777516760588,0.1075002691800633,1.2268458800415896,-1.059578142642371,0.08065116954446672,0.09554611332168955,0.13442721013704176,0.5110235137179207,-0.0005753179550813883,-0.001215324917659376,0.2551697749189972,0.2594385822840546,0.9452187261114033,1.3860949147047767,0.04353431921821473,0.04951613049007469,0.08681565480533397,0.9321251475756603,0.11024133987211089,0.25816311352182586,0.09665641812397152,0.06709931206855753,-0.5160153664316817,0.2849138940358159,-0.8242048279944837,-0.02571313536856515,-0.0679336012096168,0.8572262843262632,0.11144807658408884,1.3059360465543202,-0.127834307197132,0.31842468102704363
2022-09-20,0.23139608442496665,-1.300413594537717,-1.8476652569082077,-0.7547714187502477,-0.9516120432808507,-5.086752346313143,-2.860748391452324,-0.3931266055218797,0.29877297972419636,0.3872044817849802,-0.4931040149509267,0.547022437373619,-0.9628069427331352,-0.21276899480959327,-0.557582647821718,-1.4302599530765008,1.1374094083905246,-0.016266716229822807,-0.1273196600209439,0.7091268408501206,1.0815146462197862,0.8863087831087042,-1.299012441415332,0.08251622247223303,0.10517563891036252,-0.7691149873129804,0.921998442310275,0.5867208106118484,0.5566044759464062,0.26580594001608043,0.720155415374165,0.5698355955486915,-2.5565189975360245,0.9473737010888997,-0.36734186717983064,0.20011548139743568,0.8250827794943276,-0.9021093739805931,-0.15429221029360007,0.3327237588583651,0.30905281965592446,-1.0013551566167178,-2.0421914037654907,-2.563589458229543,0.8618930552288807,-0.10893935612289814,0.7923098893086357,-0.853120359915234,1.1461559749483294,-0.9218131631674644,0.9065179482048369,1.0264384770502606,0.5134786854369252,-0.2727028591816764,0.04161419528956047,-0.5000328249497594,-0.85555078905827,-0.507247595775651,0.5910948322343033,0.16283076792243448,0.6622021402547238,0.22701444082825553,0.4435607936793547,0.8611407628410084,0.4619553233914054,0.018601369326246224,-1.455321144846183,-1.8544347057219932,0.8066964265436163,0.8231732421221115,1.4802978103623232,0.44092566395906635,0.3542974847849371,0.5113476801844881,0.7275624531013759,0.798567530719479,0.6009742549272082,0.5674274142513698,0.4271915485053801,0.6872187623583166,0.4559534968384852,-2.259172540199059,-0.2033860649411798,0.3730337788224415,-0.010983940938676322,-1.0842990605380933,-0.19307022233311402,-0.23781660793541995,-0.024208745185698197,0.6958424634110678,1.1932073785664046,0.8298616906889399,0.7217772378900772,0.7690276465333782,-0.20847806944527522,0.7813181646825305,0.00854284233093899,-0.0977205254411515,0.8642249994493685,0.9347769118656968,-0.1476296697815581,-1.450327529882297,0.48467311297121846,0.8679198349948787,0.25102083704416406,-0.13616219095803184,-1.7473750830533183,0.9268942471850764,0.9053846118286789,-0.08390547891097616,-0.7437119468662369,0.8762164398986951,0.9082293779024578,0.5509570341630339,0.431253425106616,1.1087078485234596,0.4356874573650409,1.1291944452838814,0.935781640114389,-1.9392493728102103,-0.4597208775762554,0.420517360804318,0.14255447442643748,0.7686612719617576,0.5245910459859161,0.5908331480694351,-0.24100211697526522,-0.7170157946653368,0.44353267621504866,-0.5556654511683731,0.31085789544354675,-2.5151734655995197,0.09423521944080056,-0.6790452763400199,0.8562266898393217,-0.763869876222585,0.05274263444538147,1.251645799207701,0.7733946930451289,0.44599610604742224,0.8936933287208333,-0.31267373041821084,-0.8618240187801621
2022-09-21,0.2158014057431367,1.926406498804885,1.2163258974375581,0.6654448944376896,0.3051240904729107,-0.3933551971399154,-3.5827909736498165,0.2008049422248611,-0.03472991278068684,0.01305982773419495,-0.23649716369238938,0.26127635408824,-0.8620460088642314,-0.035465962911115076,-1.0290084385492904,-2.1517698763069975,-0.11864639065108182,0.3798988893090757,-0.44850439553168264,-0.5545484710062925,1.1716747509532586,1.0618784027809474,-1.4216230486720138,0.3818350895906577,0.4722949468475193,0.4991366653603014,0.9275081246100584,0.5439158577351689,-1.7880962702058276,0.11132146499612458,0.6032685055686788,0.3261400237007381,-1.5716648789109087,-0.04765739331895904,-0.556162345893368,-0.5052374007601296,0.33429978927504034,-2.196660961286897,-1.0863368291855728,0.3903682458804974,1.0788761417755617,-0.4534826925700364,-1.2541942129279509,-2.4354586309132285,1.1933807565259196,-0.004081287899618526,0.9680706204846365,-1.3695922747658043,0.5172848389906077,-1.477414672605024,1.3872900671001434,1.0037101576120666,0.24531114052473788,0.16666797768563396,-0.3175444925464754,-0.0014858722036668423,-1.3306584139052102,0.4845336627206739,0.18614835209729222,-1.2163749128091867,2.7663512300261677,-0.14724971452290125,0.20725964925756815,-0.00434925633288452,0.5811807789701937,0.1652456265923658,-0.882925322016909,0.10956560758952569,0.5252392215671561,0.38861044300260905,0.9817705659816754,-0.929282967012879,0.3763630739866147,0.3037611299681066,0.22814371323179722,0.3545556125435767,0.6679838221049372,0.1789329608520761,0.7747752503835513,0.9361016490659424,-0.10991091559993686,-1.6156374083712013,-0.8005056202853732,0.3727785097683008,0.365864865176286,-2.306216670230783,0.11438454322238802,0.6207481742563395,0.29642956464419695,0.45255737650444594,1.1827863657500843,0.15327368550042378,0.5570992385509923,0.13029246173334874,-0.6779382854749078,0.14243344877973604,-1.1138983311250714,-1.3075718993873562,1.0796021287489574,0.3413813172367252,0.3553836503086027,-2.4049371289162873,0.5040567724767773,0.38366577075985003,0.09921717783662204,0.23836188162473643,-0.5360965628833121,1.609909218236353,0.963386838701047,1.2258961418309768,-0.978357698190434,0.5080607112949564,0.19961204408349434,0.20146890025194947,0.22251342134788077,3.0697362330445648,0.8183471522285443,0.9751718112851676,1.4058096811791463,-1.7656883634702352,0.3546788009629246,0.6308510741678732,-0.32126779889808943,0.6312051070925965,0.22823567876129305,0.5113665472387308,-0.8946184345689927,-0.7092722483513177,0.3266486377799399,-0.4357018740466205,0.5570961351355823,-1.9723337454675456,-0.4293134921774061,-0.5838506730633578,1.5107751653289276,-1.3044103325974234,-0.2023340879915925,0.8107761008427863,0.3214396182272852,0.488930444906466,-1.4360760543021698,-0.9044631255808563,-0.49183372167055034
2022-09-22,0.578051953927313,0.4588669137947324,0.1801795310954002,0.025468434858037,-0.2866030353284337,0.21466119835672615,-2.9833295047885175,0.2557336777309362,0.05266529800983919,-0.5680591446251989,-1.2188927470950024,0.5365163276316044,0.5664959114047129,0.2150750643813616,0.1817469201643494,-1.296725835506365,0.2642587733535109,0.7912510957143943,0.46330002417253463,-1.0629584815417223,0.41083343802516187,0.10889141607294757,-2.0046599281115434,0.2884190061540976,0.36361982184527314,0.5555661138305862,0.7644298969382127,1.1554102845249414,-2.16807555987503,0.7947574448480997,0.5355771701615949,-0.2698450532652836,-0.4350617011731311,1.0858129491136976,-1.3926986427017194,-0.05993816097685049,-0.17905718841675836,-1.754537991218685,-2.018403578264301,0.46577807918673864,0.5344815992457365,-0.556245152789778,-1.8105409337782674,-1.2931503101021793,1.024575781769578,0.3398397022572208,0.9462273112394868,-1.696357229000391,0.7858807964414236,0.05831993613147694,1.4595133534994176,0.48200425990654905,0.46975280508014877,0.5521817437518546,0.756276947149579,0.6353329406648826,-0.9609762303812601,0.5416843005442208,0.47446353526169294,-1.8886028036687392,-0.9206792734216592,0.5115157131508898,0.815602770501922,0.561091220316302,0.645304097058145,-0.5582218236881996,-0.5397423828929747,0.8310632148393597,1.0196170782454541,0.8448368110430468,1.0885218083346524,-1.0360153691605791,0.2909749032367497,0.5987629554187495,-0.5783929230934416,0.6880371193333814,1.1413770046490865,0.15021523166284176,0.7293842901285984,0.8028320254974504,-0.12898483058865315,-1.3576234125887934,-0.6375710184797002,0.5481752131488624,0.9319940209227544,-3.126335385039573,-0.3780155691386214,0.550558762246118,-0.4734778450715883,0.87646143894656,0.5320893063675186,1.1414153301087244,0.1396682031377319,0.501666390807376,-1.2392324384715507,0.3768636917931568,-1.6471021271409463,-1.951523377285419,0.5579298045091763,1.1566682019882812,1.1883533095772236,-3.6977294852969123,0.605649927101098,0.7987169700084684,0.4707744084604468,-0.03222604551662281,0.4251334213375075,1.9476705755246593,0.1913596751627598,0.49682801156884454,-0.7467698991810982,0.2524528551227904,0.7842777312728308,0.19635860000599473,0.45770852095811965,1.1908706237419795,1.0869486409414848,0.5371165462809655,0.6424202484018378,-1.4653176448087297,-0.7781022153888787,-1.6823095556878402,0.0005995141625592856,0.5403765430754351,0.5076211711601065,0.5391076384156184,0.027971649990452235,-1.7643335838585577,-0.049938578279835444,-1.4388701318515205,0.8206884520141721,-1.424214319546664,0.5360497102110079,0.561091220316302,1.0693631167943984,-1.0503376686522983,-0.24334895312129465,0.36891662381599466,0.6299796609502177,0.8671668271724748,-0.5848323576767874,-0.9517352607778053,0.23960212913810505
2022-09-23,0.2894346488437014,0.251509353695293,-0.536723815861496,0.4108353241796863,0.08732880225806793,-0.541889113827536,-0.696121461918922,-0.14141446282779865,-0.2917653573740059,0.08664354645094531,-1.1498569354589845,-0.24842157423780106,0.6514902258841626,-0.3399325529088597,0.6017390861993558,-0.4620551495254679,-0.18488687635638093,0.8927134630316953,1.5007220835758928,-0.4678082682661431,0.24670368957220437,-0.7496590485563841,-0.586363031077581,0.02627935484991058,0.33186257332622204,0.35594777478220574,0.4866455598945655,0.0897412598357341,-2.5600376298188134,2.2371137871022753,-0.12954137512566075,1.4471723615286738,-0.9820309319921408,0.3150867629948274,-0.907610427056016,-0.3951662511464814,0.43194785583052686,-0.583473720364372,-1.650492001411835,-1.3343926128110137,0.6387682184182384,-0.5402264544670379,-0.7839368674702915,-0.30223838328509667,0.2537680255490154,1.6020406595480203,0.6993236698755071,-1.1361427334915162,0.3806348664776795,0.0026218420237821747,0.48170843868923585,0.09749330982212838,-0.2262713201827648,-0.35973629338483254,0.6807926276171417,0.03842815012189169,-0.6625561282833199,1.1019185330002033,0.3136307255848459,-2.3304589107174603,-0.806791923336973,0.3419257739072712,0.11903785128642293,0.24189648028160649,1.1914762780251529,0.3744543966735084,-0.4732038378583482,0.7026360175506561,0.033564078768332575,-0.36701138041664827,-0.1714659981983826,-1.985164727574397,0.11868097742497313,0.18932479636547533,-0.5459472044986903,-0.012349228768436346,0.21631142696306133,0.7556495166132438,0.24694003076086163,1.3830039904754796,-0.7008846757993819,-0.5533526973564045,0.08245774997910954,5.8631449418996056,0.716918046744623,-2.199533053185016,-0.8192352088205592,0.9932877389685405,0.4807032859780528,0.8013512565928508,0.38912549425450854,0.03840062167634629,0.17422613715008672,0.78794611935863,-0.5494773910631763,-0.1770655323975734,-0.7765315290711747,-0.8136896393189336,0.7151317092397925,-0.5657878125284594,-0.42454397804939537,-3.3868795966339564,-0.00022163600918825095,0.2986357288605192,-0.35139340937586666,1.692271972269563,1.0627862719966108,3.173763361655716,-0.3665675588366224,0.620653503177326,0.05571678192639214,0.18240050294773916,0.3370822010919114,-0.07635184702402839,0.795410920894733,0.5241527041493615,1.388779957548371,0.3911252114777708,0.35031980748785485,-1.6533281032225318,-0.3452554278899707,-1.9131433019967636,0.15536540530530848,0.7755699438592694,-0.8499341765037043,-0.1797628921452608,-0.2643528202037913,-0.7310965983713793,-0.21765985586783793,-1.1051338084625868,0.5159419609434577,-0.5434061923496232,-0.5089565169574211,0.6019082815564297,0.2189505439616096,-0.7055910225190742,0.10278659581651109,-0.5060624938913528,-0.5458301887013788,-0.07252558848518277,-0.06402897762931248,0.46473006926292515,-0.08726550316694758
2022-09-26,1.6130306393329643,0.8624980523207743,-0.5559669983045714,1.3958207263976703,1.1017870245976187,0.7802557669598194,0.1950149722299188,0.6078409051517638,0.5003902747501868,0.2124922568734601,-2.0874011658926186,0.10386783195195343,0.34422684141188853,0.3370958469381468,-0.021086870431645782,0.3182604570296384,-1.0428544037209215,1.6251157135476515,0.3944581172604482,-0.17586515404527053,1.4278939383379763,-1.2996600248013837,0.2108296388679533,-0.2600407488839835,0.9233265171137831,0.03194598082475352,-0.18877818173535485,-0.09601445389875178,-1.8982280564352978,1.399018098268178,-0.6005600955432285,0.3160502852655799,-1.2713911314266002,0.31652959226963345,-2.0629112675681682,-0.808547653405065,0.5850235210453516,-0.204464984811344,-1.1832325136284445,-2.6297232300582913,1.0569222697272045,-1.1063822119534898,0.9000934777953808,0.4910143269071056,-0.11009544217668238,1.0999889857701146,-0.5783121921587597,0.4500990517239327,0.7912873204169668,-0.2662017541107479,1.1882684323792563,-0.3675296287240638,-0.7582760948013818,-1.8157448077276774,-0.6133522638275261,0.206229783121578,-0.5329656941018389,1.5348389459785279,0.4231168623568702,-2.1826309828780555,-1.0519765559582865,-0.1235090881030356,-0.35700748392562726,-1.294309484259469,0.14957551909036473,0.36039929232734824,-1.1094216149673022,0.08971689408869396,0.4864660140521938,-1.753591725773384,0.003108956231421388,-0.7701540861084348,1.997216000349042,0.3600349548347073,0.1425528351856391,0.2827894122609729,-0.40240063965332157,-0.33922160641235477,-1.1005029342725976,0.7145714223321175,-1.2449297633915184,-1.3281572663549746,0.07521684038654987,1.5949490636807535,0.2605042011047669,-1.1462544345979644,0.8721622418094658,-0.683876503041303,1.0128208962396237,0.896315460929041,0.7260405779214922,0.9477997659498649,1.4772925221676274,1.1069666755333127,1.0338769930718703,-1.1293432362339573,0.43673667326403276,0.7052650458147528,0.2866339392936732,-0.3266179907364854,0.6404865140003762,-1.2942508380304678,-0.334914595319139,0.32677482282656234,-1.2382162017473815,1.456925683106085,2.1063412691513954,-0.8492832137911048,0.4339326064130484,-0.11867264697152294,2.947604541927355,0.3552969386553371,-0.05386401198349849,0.8471453997299747,-0.6269712124214291,-0.24912410210279465,-0.1495515938650737,0.18712541149061424,-0.18977458363829933,-1.0019006214486468,0.42328588570632575,0.20537282290943074,-1.190935723331904,0.6916838481955492,0.5197440430809057,-1.2782037702784108,-1.136007670849601,-1.0427866544982056,1.6627557338488894,-1.323287627405421,1.2391275154650843,-0.6739810372147282,-1.3206556469911406,1.5179018996497777,-1.2994702071714779,0.09346591844090914,0.2866034774124234,1.305882346930413,-0.44619725536621796,-1.243419139423743,0.8010764078649016,-0.6899534889253597,-1.181263476034162
2022-09-27,0.4596401045574517,0.23405088660752288,0.6576336327542597,1.8014675306947372,-0.22353421195703704,1.1084513545380899,0.7897376037659125,0.3720084127869181,-0.044898238249274934,1.9462577359086046,-2.186724324267893,0.05286839373635745,0.6041664494175814,0.7708311627013831,0.050107528768527324,0.2900316279770336,0.7071465158688736,-0.016036984809916027,0.32854943121680397,0.7168207926793175,0.8014871612166163,-0.2944391780668608,2.2801090539208215,-0.05691933888557683,-0.12172686377419491,-0.19569042532528647,0.30452010639267335,-0.2904055701846366,-0.9331749773272849,1.227786624103268,1.3693808318562424,-0.09474668755652133,-2.8277713680215366,0.6509632830222886,-3.400722570274666,-0.05940099821783446,1.4877539648061948,0.23052063861605843,-0.06400811176203748,-2.523663569317435,0.3614326479611251,-0.9263202246683561,-0.2102286175403075,-0.16897203811764502,-0.26735107418251575,-0.4809666088377909,-0.48035051169529613,-0.24715570388203462,0.0017246824692038968,-0.16515079026766935,0.782082227460453,-0.11076317118513769,-0.6508111658865597,-2.127518319779211,0.7659198713845755,0.357010497325997,2.558637591196275,0.07094757775535387,-0.11766926314194934,-0.8396825202367149,0.8955387744272111,0.8352454367500786,0.45751390463692004,-1.5723424943028552,0.001362369621547062,-3.4954619640014184,-0.0162941841036152,-0.1705117116273245,-0.22402429823908485,-1.689855530935691,-0.17292161210239979,-0.04626406706102715,0.019394841845531384,1.167632637988468,-0.06218154623261932,0.00358154406138489,1.3296774247470722,-0.0479388066530707,0.5021811691955043,-0.060631876047212534,-2.059111589855339,-0.4260243716216797,0.12085949440416964,0.17123052428074234,-0.29170664412093666,-0.4406579537550579,0.606108082026006,0.4402950038469479,-2.291262342600381,0.8431473228096009,-0.0787681477554113,-1.676324130068777,0.06706518286320709,-0.7602269449626367,-0.502264184533712,-0.8527263293585058,-0.14722954393095497,-0.19890203393826458,0.033496556903465965,1.7656412901083367,-0.07494593919200374,1.413191114708831,0.4083558963199853,0.08107119610871708,-0.003894422369204704,-0.27943973680903805,-0.2671422511459399,-1.1788168174877058,0.9464184140824307,-0.000708603236551738,0.24946762606492948,0.8621107039696353,-0.06795754322557894,0.030574749956283242,1.0398354068953675,-0.2895384073370255,0.7303731389098312,1.2562848784705218,0.882265372273307,0.3803913220564143,-0.2342057515620421,0.012848708783267927,-1.8674937802601344,-0.11021166359234424,1.850562047192478,-0.7186216820264126,0.8710430386709802,1.6853739822523415,0.02252345900628808,-1.368209071410187,-0.2716324534753545,-0.10166948209665222,-0.4196264012821128,1.6533416049469893,-0.2728491348931878,-0.2127953732923998,0.3254208658615184,0.7296406231801414,-0.9154511089579452,-0.7855582242831756,-0.2191021226862497,-0.8762578339639978,-0.8845480938791144
2022-09-28,-0.9729019558128303,0.5618345611941281,0.19939495634573198,1.1268940809613917,0.003314245569026013,0.49654944708741755,-0.03180925602929969,0.021433569970776965,0.020800710860949062,0.4802709368706218,-2.561866100384467,0.21452935782187899,1.5813667818127035,0.03257872580075127,0.8248942593802904,0.3376735263760721,-0.050161815372300786,1.6416517910897923,0.620152985842308,0.5226330451769573,0.36355868075011566,-0.007128762131419796,0.7432244226558187,-0.12028467697932872,-1.347689999085368,-1.0365791960126667,0.5476985423078709,-0.005376999254655121,-0.9402611901542341,1.1909470978596028,0.020623412740674123,-0.05928827630874304,-1.8703183831768113,0.8057396017569585,-1.3613568559442322,-0.4623437913743134,0.028665946767992598,0.5819112220471516,-0.4624847857791995,-1.242939642199641,0.3470284126752765,-1.9817779357207344,-1.1887087114237396,-0.26903971068858384,-0.06121810489176536,-0.05150145296094571,-0.09079915021491412,-1.58038979082786,0.565972560103556,-0.25460054473192767,0.0403294472037892,0.01862916779885017,-0.7223936415081225,-1.618308947854975,0.956744033181708,0.6970679098183147,1.0303132957334156,1.8781179532550207,0.3048162163694947,-0.5944234768976687,-0.07412856851507033,0.2350891316494302,0.04277245793847133,-0.02482831771823954,0.6624503391577745,-2.6275300594163102,0.6084871258350877,0.44572824382684056,0.8310321070970507,-1.2272053743547502,0.35091010823510593,1.2735099896426378,-0.8266419941725456,1.7834473045741142,0.03145138522302052,0.719633239412508,0.24277512997052952,-0.01125612894826083,0.2112022627163516,0.1913754662405572,-1.5330751395336824,-1.6434623352695343,-0.2742730026450889,1.6839434358754406,-0.20957486223642582,-1.5007419274549447,0.33060356174263256,1.129111815474414,-2.4117926344310874,2.3884418536397263,-0.5370247742327339,-3.4001140478149954,1.4460353291411348,-0.5745604957210594,-0.5866413973217439,-1.17282778831501,0.2826165963353845,0.29846261997300416,0.2624879587120665,1.7561283318034124,0.4391164773656731,-0.012785771488697962,0.3743675905946044,0.6990122629492266,0.6281356870768995,1.7738101501714976,-0.150602438210634,-1.710056995821868,-0.029857748008368133,-2.2439568773608762,0.44578982334955375,0.7025629936985962,1.0525617940602086,0.7918713562881272,1.2063518522868972,-0.012430439877338917,-0.0633923436857215,0.5247576088702429,0.1960190720114648,-1.222002654346236,-0.09992033861847956,0.8147736203200934,-0.9586763519074674,0.38932876811518247,1.4472993253604156,-0.8920754534814612,-0.04519209926205485,0.5216766743413612,-0.05205553046244496,0.6939311106383648,0.11636356361651921,0.2316827791089278,-1.6365692693446836,-0.1599426414261225,-0.02209235502352928,-0.006876089338864872,1.1504656922564565,1.2526643306385052,-0.3927387150814626,-0.48409641522326646,0.2166049493193268,0.2510200665181602,-2.1582717185687876
2022-09-29,-0.3039523731892856,0.31439687356813845,1.496463003854222,1.0568374945762318,0.1265793731802,0.11279633739443382,-1.261500427065992,0.8323238746999807,0.5497944799052163,0.5729776854293999,0.5878287180267149,-0.4601933957064341,0.4017988302703003,1.3199077122544385,0.9097361518690058,1.069221379044239,1.0182843957070058,0.13137428323401193,0.3453250733842387,0.3997564241223918,0.5142318440719069,0.9323445031214929,0.9545757481044974,0.048434627799910375,-2.2273792922424347,-1.0907120706504478,0.4349402129965891,0.740468064198432,-0.6111613123158647,-0.17072277329641172,-0.3309354096907574,-0.27883456389351247,-2.0863927932173967,0.275783039544107,0.34766345803098897,-0.7285264169241689,-0.3461457451365871,0.40516149014251757,-1.1939970010455836,-0.018174293936436842,0.38155175547454667,-2.5597690568453086,-0.5989244355135873,-1.5518357670680323,0.44330459079412243,-0.24023327486523222,0.1759197409196347,-1.6432762323778993,0.3772792210291934,-1.274879986529236,0.09684754294153225,0.7157890999758955,-0.8630254221910263,-0.7307352801026384,0.6871170239364912,-0.4909403234741843,1.5010134291469392,0.11384253135387988,1.086165837731335,-0.09925718299731352,0.7604589753695813,0.7539422589001726,0.6729916385855536,2.921586264147277,-0.30421667019110865,-1.3678734839778635,0.39463016644653565,0.4294730778436959,0.2764786548301032,-0.45032859639432493,0.4094109302497105,0.09390076367668479,-2.33552750229495,0.4101784373222856,0.4093744311122803,-0.6556276496835746,1.1672423065133293,0.4236204197136643,0.9577078647729691,0.17132790529284544,0.13031976586048816,0.26725920534862235,-0.5834453958615055,0.16934488200508538,0.026894189845677544,0.009659000197655398,0.9963740925181103,0.1111483527221185,-2.506378142482928,0.9111258531111242,0.3748550968666681,-1.8279839430054845,0.3321499401349039,-0.4857425296050208,0.09045041619609841,-1.074755372274066,-0.7302739285713546,-0.9394927603258235,0.04721444557001188,-0.12611138622470836,-1.1150970305205692,0.5331302498947342,0.408379749584357,0.6388200503068634,1.5788960255677937,0.42605371109065254,-0.3819195298503329,-1.2263587755597452,-2.732885878902196,-2.124293223347685,1.1251359923538902,1.1386550632468855,0.5869190788206106,0.3800878626869819,0.7214400200348468,-0.825978557450411,-1.3108142170113202,0.14380407273993098,-0.8784207381390668,-1.4874949764484036,-0.33042794446327817,-1.3089327603678593,-0.38189234713019915,0.807214031639856,0.23652424802367042,0.3384684169597047,1.1833380852119393,1.2837568193438573,-0.09969417707813337,-0.9459436373842364,1.5144838373356082,0.8758493876882906,-1.407472333002003,0.4163391604004878,0.3528209209221417,0.8030535687561522,0.9336769664437092,0.30449167265465876,0.17838988314540558,0.6377973964584688,0.40555298824304564,1.5149134699093079,-3.5580595986278953
2022-09-30,1.1769687934136979,0.1407510300297485,1.3849974915640273,1.1400446558353474,0.32164611386777126,-0.08258106451119789,-0.29000373622266834,-0.005227786656126068,0.4677746729234966,0.09773336905647317,1.7484345159446324,0.26111152128538284,0.1039029495856058,1.0397508607426857,0.24219927634003072,0.053122860863499634,0.5754603142890702,-0.28241394313543006,-1.0487969908731576,0.1282470212341391,0.20927362496077456,1.4294628499398283,0.9772134995099531,-1.5546272063795947,-2.50368150852296,-0.9784407448691748,0.691512179835984,1.1317639810209152,0.8247665896265273,-2.7346022691363836,1.0014255746329317,0.1901718371031324,0.01935491435803203,1.122039583571559,1.2288391776195338,-0.696526617533001,-0.7319585810437751,0.496531652444281,-0.06861020576791609,0.7990335345954898,0.20869063057546047,-0.8759300495305326,-0.4654552409193893,-1.523047314849448,0.3463797013228443,-2.045717065184001,0.1818869909510346,-0.9683585351619707,0.9819928889191777,-0.5680255871998491,-0.57239423300797,0.8285525850505164,-0.3727760911191802,0.26134070248247754,-0.07703714083556697,0.07949837853533828,1.139012163890135,-1.7930444238907077,1.2327379044584874,0.7735525700940842,0.5438413156433111,0.3360113468681165,1.523632707890622,0.8251546575600156,-1.7639727901844766,1.1690009033979327,0.32998250691584124,-0.7893834543408912,-2.1352001128938083,0.32727203318702747,0.06184711624683053,0.9595166683691174,-2.648284230676078,0.011019518706688214,-0.5044958578058052,-1.0518723891970614,0.2367553500534885,-1.3601233137354158,0.7178142288947277,-0.18136538289090853,0.909742532535202,-0.823690979563758,-0.17462432592955496,-0.11127562165409638,-1.02204440057365,0.8481541563258898,0.44524852806691684,1.059343541057542,0.7514520914685743,0.04502569133548128,-0.22120108696884366,-0.8544715447171572,-1.6164720983962446,0.7591040735967416,-0.7161684864436685,-0.2702119510651046,-0.9818090379795925,-1.3382262437544248,0.7939518474765085,0.8920918783514795,-0.3216470279338063,0.20223913218412715,1.1668929709071476,1.2484979040617423,1.4199096673151337,-1.2718762798371186,-1.8451352322233332,-0.9384125841431743,-2.5815539724627516,-1.5657100667528725,-0.0578451779821233,1.3123135297782687,0.12817555141451242,-0.7760459341785639,0.5426838032487721,0.6584370680493798,0.0823081574359835,0.19648071015840662,0.8253499362799932,-1.596837998812537,-0.38956831646006596,-0.9961047400157961,0.3401157009821584,0.45946287961290583,-0.3885650734282129,1.0545325904593985,1.1794840870072327,0.37989945393354396,0.381214659455688,-0.5753020594624806,1.1069741438470424,0.5174904544318983,-0.5815456761320015,-0.41166157151489463,0.5018025711887512,1.1576574582011532,0.4091467294657201,-1.212202488706583,0.6359337510298373,1.156997722433965,0.6397053350437101,0.6804002948064715,-2.6530840739882118
2022-10-03,0.7298610979689427,1.0702015928032285,3.5984964663973003,1.7436558548675882,1.6003549180165997,1.1405493903724702,-0.6681683642363618,1.224557608539671,0.49639272830735315,0.13310541432023193,0.7484472890723575,-2.307882045621405,0.08055868025320723,0.2405472651694165,0.2788716545293878,0.2567090436246342,0.1473430770997723,0.05553699600430588,0.04805490815230372,0.32141379071156223,0.5278759770245857,0.9919743274207822,0.27070890398056263,-1.925403836324872,-2.31683329362319,-0.9196083440839706,0.4241746940192467,-0.31595330869606697,0.840701027728562,-1.5130179851264351,-0.2070738550755365,1.336995655694916,-0.9002796063501388,-0.2625412356534882,0.6719773333417367,0.3111931534144561,-0.07840674049226133,0.2375628811263568,0.5425911715579956,-0.08069689666272696,0.42430983097091063,-1.3022932946782388,1.4037787714520846,-0.2666146623957638,0.5146975175871873,-0.9751400157172222,0.5734197516613417,-1.7968066940142051,0.8822810476709186,0.3174115684477144,-0.007192491352641205,0.7438384553382443,0.17414471594215783,-0.1225298759659246,-0.4298228910109401,0.2642365961964138,0.4874674636486293,-1.0065479512339714,0.3781674949522234,1.0821955298295214,0.3349684326884644,0.28968626599991154,1.4218751389062776,-0.2015216164610014,-1.458026080840912,1.301105387897242,0.7740817657248323,-0.197733759445679,-2.2543775907638683,0.33372967213470184,-0.3663983828292528,0.3965090679338103,-1.4014293370996587,-0.05613301259326291,-0.4644905283407381,-1.2374301488862125,0.24495969087100325,-0.37418600586534834,0.31693736144438156,0.4781492914424409,0.3146995307709048,-3.613725577512879,-0.01962164051625096,0.23272977743409945,-0.5215309906629078,0.7882009738241684,0.6494876284829573,0.33038515017768794,1.628622634916088,-0.7514306865246502,-0.11206318960108334,0.18782162685253045,-0.31742180911353907,0.8340945230929611,-0.2816467536716409,-0.08684414635484101,-0.3206323143194355,-0.40447846410194077,-0.0849528541872658,-1.2816256888548798,-2.3651464135858276,0.4101163496758607,0.44809030143920925,0.5842857643575347,0.7795665069738635,-0.341607882098528,-1.9446270352675106,-0.4386432440195566,-1.917263261643889,0.050242440119920975,0.24168491057365787,1.1624955673242483,-0.3656239215297619,-0.8179396986506242,0.4678417388401335,0.544043897404126,0.29991401089496467,0.3132006189133652,0.3607384650846531,-1.0721154330203007,-0.27596281945303475,-0.8627996604102238,0.9843242484128242,0.29851827388885,-0.500415615016592,0.4778355034557003,0.3889222614949722,0.1917734368038917,0.4295551303770182,-1.1115006211937382,0.3385441239420732,0.9038276864836571,0.2411778135186731,0.0189002364764114,-0.12995124903771585,0.8358331797378917,0.1543330434553822,-1.3019237954227862,0.6307283227815816,0.27024615614704905,0.44708028475393286,0.2972256522748748,-4.089416874205135
2022-10-04,1.2684058041429538,0.9807567081496803,1.1178305415908054,0.6441677309467972,1.5557372444026754,1.2709479617972481,0.7565737749268449,0.8531530507067067,0.3354497570065634,-0.5850211439030482,1.242867308822123,-1.573157949330924,-0.08953331499797586,0.4617018873083996,-0.11549478502619764,-0.5997086239782176,0.16734657996489588,-0.38001952083523854,-0.9240650291060182,0.49961775560374283,-0.012896556409997184,1.197092474103071,0.33846629116729804,-1.0694626450567988,-1.3246207756796373,-0.4521091577352241,0.6395608276348375,0.289492665988938,1.2216053144621488,-1.3137084198298803,0.42063933847855256,0.03924536690785277,0.07008890018132077,-0.8573979017002755,-0.2158476009474416,0.8829441806918873,0.20995926665368292,0.06688096953668464,1.5441223527358874,0.42841942756460993,0.05850442771932033,0.43271330821509646,1.1094551865683557,-0.1720942604063238,0.7334781387280701,-1.5738303560891862,0.45257143678660083,-0.5979873802957529,0.7115680983012371,0.773482326232254,-0.37432896522088754,0.5076317233897439,0.6564340782609573,0.25800298273599837,-0.6069115365616097,0.1810089015250127,-0.17754202716506148,-1.4186575901838627,0.7509954921416077,1.185513722171872,1.6188361529396118,0.32175348207394366,0.9903400442148367,0.07739588247866173,-3.292912306028489,1.2312512501553519,0.47369001067277067,-1.4222915610178033,-2.127550831560083,0.27221819062671576,0.1447324748702553,0.28389507487139676,-1.0598210890828952,-0.3768523735057016,-0.7150157797327891,-1.3533279680893617,0.32970756206338003,-0.985470031060432,0.10195596165378187,-1.1569228915085965,0.01157122071112125,-3.068011756792319,0.9613832371386054,-3.384361163469989,-0.6132892764538923,1.558508944663991,0.9272582237459177,0.5330173501104006,1.1071487688812174,0.6173203526108856,-0.01446237700129087,1.0221774713661598,-0.6510249154841159,0.24857628053799743,0.35446716489572794,0.6560336025664225,-0.3896908721583993,-0.649827377628403,0.44548467894233174,-1.131513207076055,-1.285705504625038,-0.7985255761811483,0.4474727637527855,1.116244245638754,1.235263647924426,-0.5202150992727772,-1.9224878961409477,1.219838158877284,0.9677056006546761,0.46928553681766944,-1.2293587168333677,1.161866945951611,-0.14587512696552843,-1.7420759439418483,0.4071265280062305,0.9397055944888247,0.3985192724739414,0.6353332620099604,0.21868722042501393,0.5777078876399576,-0.42867492875223173,-0.8373211454735191,1.2540501843261334,0.12665188530134275,-0.7336843200472251,-0.021363897873753156,0.3952436621016922,1.0066570154991985,0.36593070241577913,-0.20175692556035654,-0.4007745360480083,0.22938751233757443,1.0277476553996998,-1.16469294351274,0.42196420272130153,0.08701921058203753,-0.4088118203001945,-2.070105588414396,0.12632822007940941,0.08901371780668699,-0.7064380246085439,-1.296149661603892,-2.7871483460100808
2022-10-06,0.32112953397064903,0.7360968420993835,0.539986116269822,0.6239554709144818,-0.3449335644320733,0.11542651634095909,1.1849976424064215,0.834981516638161,-0.09211480513903929,-0.3366662775188304,1.2187110443811018,-0.9839458433923215,-0.39860752325044985,0.35097620944591235,-0.19970321351542572,-0.002817062647134916,0.21358633831535415,-0.544777080387483,-0.8157441841541525,0.9711495929459728,-0.827340658648713,1.1361097697955733,-2.3817637312991318,1.0461903153936616,-1.256190553706713,1.138002649053629,0.5936316296609748,0.26530101718409366,1.2899666053950327,0.16983751644913536,0.13552046747577387,0.9283744872284365,0.6452019216463334,-1.986876727969463,-1.536224381980967,1.4363765758492442,0.48439808484695307,-0.1636437964607571,1.693138040353605,0.9699795158446775,-0.5232938434122797,0.9153371300518274,1.1312392575260493,0.45330168333918375,0.4633835439229653,-0.3709078238571927,0.43941536890159466,0.13815773174320745,0.6915968209765927,2.4044957555354682,-0.789963346534242,0.5697133368132091,0.6811419586988608,-0.13912970932331628,0.4808799951484695,1.0250331715908534,-0.4041838699554862,-1.8414789946799932,0.200456285629989,1.3781248583808186,0.8067355140960523,-0.3630046444261484,1.1062270695461054,0.17326191954022127,-2.4348107268692134,1.413995903799613,1.196647254758605,-0.2331948619400462,0.13427165958591905,-0.23277588847208636,0.41238213017708625,0.5952350780325735,-1.56609921905232,-1.6690900514915512,-0.30885031990015005,-0.025760014440880604,0.4640985102510965,-1.07109938610082,-0.6097280211173789,-1.2248129630871991,-0.5063620321333607,-1.279929783407088,1.2448027794676964,-2.4488593348925427,-0.7956402754032779,1.3368844637363673,0.8665664294377796,0.8219099894433028,0.8953076141617451,-0.8345665098828874,0.3427807389787646,0.8626076039379793,-0.9710062375434447,-0.25759009971290014,0.06452748424141588,0.6632374405847006,-0.8144150490447445,-1.0972426569187759,0.5105450895910042,-1.0757216420354316,-0.41464002789444143,-1.1979405530613227,0.41095380862675834,0.8620181574769175,1.2619195155683005,-0.09203076777901266,-0.9597107535872216,1.5418534055392656,0.48467661653800587,0.5033344007917789,-1.9869733552813182,0.38916417189119795,0.30714160730194645,-1.89555254417844,0.14278379468020883,0.6153536829676117,1.0933147288276746,0.29578238249406147,0.14176680301232075,0.7908483006799726,-0.39988496720565936,-0.5310635447518833,0.7679847071563268,-0.22804887307236427,-0.8266290470601563,-0.04269434978530451,0.3427345962965593,0.8773626670440136,0.1002849955475176,0.13990448784906465,-0.21455553264706176,-1.0773269374314745,0.23947162427276483,-2.626278862967891,0.9254473426389493,0.04420968740680251,0.020363455267756004,-2.3673263539443354,0.3486153273570863,-0.24159111445625014,-1.0866602589870502,-2.5442026967927918,-2.080640007743835
2022-10-07,-0.24533027078457226,0.37821558026147994,0.31218963288285695,0.6744269806623687,-0.9745696791679647,-1.315579056443747,0.8607403909092222,0.7794718025884853,0.051963877144348025,-0.9239718472262224,0.7533228482134842,0.2829714018643674,-0.3014112458274397,0.12734523204368428,0.35944332994195555,0.7578924104872173,0.2749014997363562,-0.36854847082367986,-0.18340373407997687,0.9840605726449217,-1.1766747677713814,0.1828113744066534,-2.7644178591477444,0.9452415737155937,-1.1715879990668427,1.8997230586575697,0.7658762738821342,0.9201844548013365,0.8122355091638187,0.4360243443767212,0.14450612210613278,0.22129129843433742,0.8810837420755487,-1.6549090502134642,-1.7259345920159825,0.9056837782175001,0.9263708612999216,-0.46586490611604287,1.3577470827568774,0.8497051283022008,-0.512992706052395,0.915915812214379,0.9104088745758786,0.6067707183517768,0.6721104140862846,-0.492878319082558,0.8241901989178919,0.8028010113455969,0.8223203122827052,1.9010821125590422,-0.27021643169829435,0.27085952854566103,0.6529086126403598,-0.07787414146092732,0.6839917471135507,0.8674732076216749,-0.27499132550008104,-1.1794534736839586,0.5067425028838594,1.1649735841317344,0.44824774144983126,-0.05683066543000176,0.7396217545840109,-0.1438978439186508,-1.443932420620068,0.9902887003640664,1.0389662344534518,-0.12169829683878128,0.4253193730621856,-0.1501111729064196,0.5790578433123524,0.578142698807794,-0.7441552083810676,-1.1565005442530365,0.938980479603237,0.5485643051292102,0.6967074895754253,-0.3432405455034063,-0.7120077026848739,-0.9041447578220763,-0.6233802260643686,0.535088623765854,1.3107191725753498,-2.416262384859739,-0.9867693511424505,1.2217819831411303,0.4598923206038716,0.4478260837610686,0.825037935473458,-1.1416625762056987,0.3566570936149863,0.22366261024704168,-0.07441210701595574,0.27129544461341243,-0.0975098461974711,0.5662015577192266,-1.2175315014223276,-1.5296625309895677,0.002103649761076008,-0.9003238120242301,0.16434478948721892,-1.244221027067735,-0.18605980087722143,0.8153307998463593,0.9640489756108888,0.5511973908284526,-1.859780183254575,0.7239211112996222,0.9302745508462953,1.1669091768747175,-2.050089829640134,0.21012570169560618,0.0715413426684169,-1.1892246157621924,0.8338086065989159,0.3708111572322356,0.7568770825143851,-0.11247993410471724,0.0312091475494633,0.5493316012493847,-1.398847451334522,-1.6720457830465634,0.960437816338474,-0.19971511430020386,-0.6785708191717081,0.1578648294264313,0.35709253147003356,-1.1552574476613917,0.12990577998749003,0.9269216894792808,0.6053330555081994,-1.2033850024899724,0.1615535415450297,-4.405356024864394,1.1901951350410618,-0.6053805730121323,-0.14732283725787051,-2.2778994342658514,0.7042347314869203,-0.33524398673065575,-1.288364024554386,-2.50949514043933,-0.6220300387714822
2022-10-10,-0.8734011585380658,0.21085641100704217,0.2807328505603284,0.36731428389623233,-0.8450594255581944,-2.3352604633274776,0.8901728666163892,0.4205479957759419,0.24856718690519797,0.39299873877320546,0.968365566605278,0.6575250916816396,-1.8009902487876288,-0.03617151826100262,0.4365641751132157,0.49669875441302297,0.496709634801822,0.423432110707477,0.3274569563287031,0.7096417997396216,-0.8395935771454017,-0.10896299805202861,-4.130624848819795,0.6146301136384604,-0.523109442007248,1.452443340420343,0.5735530501401103,1.0506905155851565,0.2759264897504016,0.2513430701644679,0.61712840132725,0.18138981020723377,1.081026905695624,-1.1448872250287172,-1.9293809978827194,0.499600433374428,0.844399688865234,0.03206328973951112,1.5022297485333438,1.1013566091959508,-0.6281673590541073,0.6547587259758576,0.0914850658075209,0.4729652714315019,0.338678495541418,0.07803656388231246,-0.9511343912434619,1.168699581992096,0.5334877788639684,0.6332226513116868,-0.14214699645459372,0.4369637563295707,0.4331442933171642,-0.40256281735531296,0.6494285968956216,-0.09023866270057065,0.47926530605049467,-1.3204851540891085,0.9153985722329266,0.63945092473528,0.6348209914987613,-0.3618526075422177,0.5510565387457437,0.6622199332227157,-0.7221530143847076,1.5500913841303618,1.0824342564811527,-0.09922638116458325,0.6826266538978771,-0.7258001704260946,0.307631184708739,0.5558322243951094,-0.5741565450228189,-1.3556565863507002,0.6491556550413905,0.5936423249522164,0.5268131737763019,0.31939378307217375,-0.615999200639658,0.07958215097705892,-0.8027984186079216,1.4584629342275155,0.6286479636389234,-1.4231884841921996,-1.1201277676970587,1.1661135325378105,-0.47579887065965937,0.5985612999585271,0.6030228022066987,-1.2564171547542111,0.45722549961348025,-0.03234389028559145,-0.6170945213178801,0.635862366741228,0.13225371785214468,0.594903370125219,-2.0462854318662647,-2.4134813777451782,0.09796383784767368,-1.0249563721908848,0.39717461496449263,-0.02042897560207568,0.4604660886663524,0.6260493878533274,0.8264271539334491,0.24607536479216474,-1.1454077914409135,0.438985199411792,0.6293798219568397,1.3814057413515288,-1.1046654889820826,0.5324726866073735,0.5105030128498548,-1.1917082151485359,0.41213715736309153,0.20792829180403616,0.5939174132469038,0.052873120419148066,0.41685981673378486,0.5819722109291758,-0.9589836224002133,-2.193931033329037,1.767461404858789,0.09636060035526006,-0.6539821005352099,-0.46051156812834676,0.20208822428331566,-1.1608182006549819,0.839277804612689,0.1546066779653853,0.4473388465569266,-1.2057590768127677,0.10495827895454442,-3.9465103892597746,1.0127752674168595,0.302993444582445,0.39899729847095533,-3.0013182090161283,0.5867959656867091,-0.3176404098932824,-0.5908860732218213,-1.790921676542789,-0.21396304008427564
2022-10-11,-0.8308585511404567,0.6315257398583635,-1.3245450907920568,0.18600247602433492,-0.8210390000134885,-0.8834497243488943,0.2919811316375925,0.08214120276804229,0.20156567022749367,1.5673665894743745,-0.7350397571384643,2.37009735345703,-3.8426641475590175,0.24113154854312502,-0.20905681586516184,0.12591442476684564,-0.6929288294721291,0.24312100695891817,0.6631934025729115,-1.7519600846294023,-0.7872514314335721,-0.9151892800072954,-2.7755486707077237,0.011932981854052121,0.4151243961227747,1.3302972022583053,0.09034693795087108,0.4247599391811741,0.011876721306424013,0.6184938530354742,0.34957193086246713,0.1692981186499733,-0.1566020049923497,-0.7882433863599212,-1.117792312468499,0.7203172716663127,-0.6637284740164372,0.1563053985300075,0.5577637567215257,2.582432140926604,-0.536437018812759,0.703969952392164,0.9867001475894811,1.083038527031834,0.253578323533671,-1.607255250066111,-0.14316214575517877,0.8028437346899896,-0.023518298608356747,-0.2754382482950222,1.0578546120434866,0.4555293330176428,2.416798912802499,-0.15648515829181636,-0.009824075023312572,-0.13539077090840754,-0.08038151644039092,-0.7160666226966719,0.9683842746999025,0.537676558440205,2.0666839888307744,-0.6906557154686918,0.17882123803730113,0.7757257471896373,-0.6676334272811257,0.793244055386734,-0.44526173720279344,1.2681053954802304,1.514021067212097,-0.39820211828069146,0.9794754921799301,-0.34615642524367213,0.9243852560183602,-0.5959967132190704,0.946211237190046,-0.12639308830632467,0.05751990853552258,1.152845250910622,-0.699066401575356,0.8294788470580723,-0.6939677380528827,1.7195848619316374,-0.17608339455155336,-0.4555575449680213,-0.7467570842988138,0.32681341904110334,-0.5940939977886601,-0.03583482568461509,1.3214504188000613,-0.8175886038515913,0.2825108841534467,0.1204801497331698,0.0118267511410276,0.214838138403244,-0.6495177576113899,1.582865611495775,-0.773252979648225,-0.7844025970125306,-0.0690109935818804,-1.0124729259916754,0.0672819547203464,0.430430559068389,0.5797529141444693,0.3299082399468793,0.1434812839691426,0.6486033481668113,-1.9600596568530548,-0.7940820472506112,0.40562899864314744,0.8405874516309013,-0.9381048251776386,-0.0074276740189452885,0.6023993018611827,-0.4460774174153463,-0.3140235929970079,-0.028125483298576295,-0.4303370226852459,-0.11303238574536752,0.31981340522505824,-0.6420673804597583,-1.406598430506907,-1.813186157711084,0.558070337513531,-0.10352636507123755,-0.13412277865282893,-0.6619994188985066,0.553766057347334,-1.6062327785556425,-0.23217099342454162,-0.7900351017661972,0.6789810599435392,-0.9330732942849259,1.023184023297878,-3.483676959162107,0.09763019390295702,2.537914552576158,1.0944780458399013,-1.037526064368649,1.202998834589184,-0.4691007193661856,-0.44941924940455696,-0.8885418185545946,-0.050423501620482945
2022-10-12,-0.8064355914990954,0.42947971701686605,1.014592927965041,0.3148854493168017,0.4724730965812707,0.2715804672822998,0.42059044160826936,-0.6714932438507101,0.2548701519385388,0.5261613048911915,1.1810501756387117,0.2181561597218996,-5.879717607998301,-0.6737720492871165,-0.24655098139940526,0.4055486085409574,-1.2312881204309845,0.20118297534062332,-0.5028061948002744,-0.3445401904250525,0.43500834685990875,-0.836969844808926,0.4547660289242519,0.9463076189580915,0.2683860011531371,0.8485214070205371,0.36348175696235463,0.28427302055773646,0.2920650938621357,0.17183303890795854,-0.01807350685865525,-1.8393248578706018,0.5876355021819616,-0.8703533586594396,-0.04845639561648682,-0.09470423181553117,-1.8300886498499165,0.350780120729176,-0.7109778600813604,0.33212099829978003,-0.09429166618074056,1.2294752514285336,0.19171227083630904,0.07935596863033423,0.29235295070270734,-2.8768151255476435,0.43771359996879877,0.22881255534489522,-0.6716528693811444,-0.7747875166301958,0.09497410348641566,0.1582610074363469,1.0328221087103313,0.20023383987443444,0.34625744272854386,0.3237230642478268,0.4575025189775137,0.2719086669682093,0.43921225901694977,0.16869865249746707,0.39005330804298827,0.6729344236876794,0.3478375093052509,0.4724730965812707,-3.072824328842829,0.5567943044010004,1.4798260676047275,0.07476755121542204,0.34632401594176104,0.4061388294055987,-0.006963577414901442,-0.27949560809303337,0.29361583574529604,0.22443312067207888,0.3476086859369557,1.063568059535761,0.15086806453294757,0.2004689888112047,0.08084272295706932,-1.3399863696401346,0.3158205198754757,0.6603897291266758,-0.3729962581195324,-2.8559141386324076,-2.8160843834629983,0.41350609339941014,0.4670180412366093,0.8972692711036592,0.6758686102176035,0.3699092370799673,-0.024424048050164324,0.4452121423034654,0.3632009098939758,0.3829306102680683,2.412132685486039,0.1874060847235572,0.6205728547743311,0.6200218089295099,-0.9751847003222464,0.017477304884550345,0.4406357681143521,0.9154531992940707,0.4093525840645985,0.4724730965812707,-0.12775023439068828,0.14902370724584207,-0.7991226610714183,-3.0201935991569604,0.3076621855954315,0.4179256043901982,-2.036018956352758,0.3992110623250113,0.33152109745568664,0.4359803097064546,-0.2811733674650458,0.27912714016943996,-2.3241781219828415,0.16816910025438725,0.2621764143495812,-0.5152820598523316,-1.0926258624075038,0.22134297631890273,0.07559178166913551,0.4014800172744619,0.43368458446080355,-0.5295941749054269,0.2551788997395987,0.2621907818411523,0.20325524762203978,0.23874286040423698,0.3385618780295905,-1.6026536488393224,0.25871682699018494,0.08253001102379592,-0.19172728702596994,-0.0332842493959748,0.20157987945671563,0.3619520849032723,0.4569877666824296,0.29844600996007176,1.1977672357181388,1.831455357993063,0.2563448699879403
2022-10-13,0.06349689274667657,1.8298636230255456,-0.007399584392617432,1.1640146948300882,2.0537787510613184,0.5157474800192338,0.20144218159964128,-0.7301371971375461,-0.058171161188179214,0.9764581720542477,0.8967040769818474,-0.13408225366378687,-3.1408689646943846,-0.3396451403927465,-0.04771675538846357,0.5331854352079042,-0.6729868166258705,0.0036380603813544045,-0.00944474694964569,-1.7822388346905753,1.1790576418293641,0.32477742266788656,1.5673665819902747,0.6484303235615378,0.3907334843108501,1.386008144408324,0.17428759012137326,0.013621269715384394,-0.6115143703357285,-0.0187315245077461,-0.1413320244322472,-0.08443034273313685,0.34916509601634405,-2.065440468511157,-0.7793335490411786,-0.14112507356807577,-0.49020511815381634,0.696129342495616,-0.4345517194239598,-0.060468603311472316,-0.1479444004606933,-0.008771235322637011,-0.5310558427841453,1.4909136626870312,-0.05449984154426365,-1.841349144646777,0.6969498630550304,-0.39533590106254096,0.44877891411136744,-1.396683270274339,-0.03166340188934114,-0.6535137399210345,2.2658439912382335,-2.8575824124108693,0.39606158255833335,0.30044753752434594,0.09602216224791332,-0.42590866600390953,1.1735150984902538,-0.06034945617285711,-0.15101821473794497,1.2491887678060793,1.1512733992164732,0.4511180870797493,-2.142678906703036,-0.7236024588782705,0.48944952161837696,-0.24229159265358133,0.7480242861460594,0.23762172577594717,-0.2539435146569809,-0.25046428025492007,-0.5738121871026124,-0.10385759974902392,-0.1377584549653045,0.31336264098070754,-0.08492440118905867,0.10799909354843715,0.15032006788790428,-0.2835994666909129,0.16606242262064902,-0.7803741850451161,-0.7349497090993571,-2.347701753033528,-0.3394877901342857,-1.2125275449106183,0.32487337185139054,0.7241313624663638,-0.09917945164217268,1.8022813362713084,-0.1721101552590391,0.5308476122995296,-2.212581012897295,-0.011178398408199976,0.7007127477954823,-0.38571169264504257,0.9097487748610134,1.033738054996765,-0.6823457451646272,-0.5057558284909939,0.7126508637088851,0.3649824831372109,0.5437522935373689,0.5158763194776308,-0.017279706922056742,-0.05330723261809451,0.9338110841741453,-2.0829486902741285,0.5175995335196952,0.5271210576242644,-1.6242917168263564,0.12213929389038983,-0.35577701760754715,1.11522321110456,0.840661824284018,-0.3891304260948244,-0.8353222844148965,-0.04025801013890293,0.18164411511316056,-1.9849458942874518,-0.5121688820938014,0.7171961945020391,-0.3164211279913571,0.3684602745709093,0.2309704075779933,-0.9258631825364607,-0.09747371466016902,0.6544570872904052,-0.7327129130933849,-0.18569040169464263,0.18432920297263525,-1.0225578439807657,0.004907309263099393,1.3327653475803802,-0.607745342245046,-0.19654111786146156,0.0737648782590848,-1.7911158108073753,0.040467559805299154,4.690481747364668,0.9275099084488244,-0.40951429960891034,0.23943717433826178
2022-10-14,-0.13725563958382217,0.6688852976027767,0.6586135101728517,0.7552641234187167,3.288430673611604,0.026961010662948454,-0.03863352010000218,0.01931392197031862,0.3791050514849157,0.2986940067687005,0.8431367333472746,0.2738265394874193,-1.2313944929330327,0.2050637437072408,0.001001120959565666,-0.4678974589999927,0.384646606808214,-0.0030864944834178613,0.04851949475125152,0.34897566306993155,0.7547434089608059,0.6650551401961945,0.4227952408352099,0.6244017685770077,-0.4460955412588538,0.6466300764318634,0.6892822031992394,0.8341662839878422,-0.4371655533695216,-0.8539498492712387,-0.285949116559892,0.061007001715465574,0.2868562031308022,-2.0532539162935817,-2.2668502699996314,0.23013932433967246,-0.18974903709105584,0.5712162614664021,-0.23919193568782465,-0.7710015938039719,0.37681439287915075,-0.6705326376802048,-0.2621924324596023,1.4809874037595345,0.38546218295021273,-4.4691623578380835,0.660473182033989,-0.18596236736630756,0.3407653198595838,0.14259796411602768,0.34007531357582393,-0.9558102618918903,0.10644642774109182,-3.731974681759004,-1.7593970852892327,0.2623919770350154,0.6530640308609198,0.3425041251844157,1.2387082455336904,0.007622027988288277,1.3744936404394559,-0.046727335799332144,-0.5420749999037102,1.1153356649476307,-0.585686234624613,-3.1757516766137748,0.07738179256402115,0.1623183141523341,0.33625072395778477,-2.3093577009160144,0.2804080410678879,-0.686321135152589,-0.3440345145262675,0.627708360106713,0.6553785810784487,-0.6391814434588927,-1.103784165915411,0.1083967367397346,-0.9617883916053779,0.13120297815603607,-0.7013923714089335,-0.7407479760972282,0.3760072868928774,-1.3126331960240356,0.056442994901315414,-0.1315315334646229,0.6176422953433448,2.560678239417398,-2.2055819066770703,2.1285142633633036,0.3341569269351204,0.6971557643174439,0.47597756954165893,0.38546218295021273,0.5203301089714795,-0.6683003687871206,-0.8274309296751882,-0.9936193649065164,-0.42713545126933866,0.6850480789813331,1.4890828228192348,0.41895442576652014,-0.5812853763468175,0.36646670041201,0.33928440997477016,0.31868630109410123,0.3182369938188763,-1.0516444285651994,0.6402999497222618,0.7900176385754303,-1.8391521971103806,0.4192158532275643,0.30172924189001993,0.5845611751510414,0.2163016820367851,-0.4137266311447624,-0.0762952960267134,0.12859621974726482,0.39167455637504417,-2.0379955074855944,0.08883830423472291,0.8275535134159936,-0.328249052105773,0.45730012409168797,0.38546218295021273,0.2373278815526093,-0.2832700649531779,0.2720032135559478,0.2262705693913918,0.07478949106994175,0.5866354700907129,-0.6206224035908084,0.02892552038881965,1.290201186676173,-0.32502845494256216,0.23667346310768492,-1.2354817676933754,0.21787400576375035,0.5599397730620965,0.6873563239223807,0.38546218295021273,0.5133781540219337,0.8223052406468451
2022-10-17,0.44328216834280104,0.18440119988545806,0.7047413944546831,0.5167701384985722,0.34775547159867687,-1.9602535908670529,0.4516958696801911,-0.7598513736586329,0.4548877938348746,0.5970301046510863,0.667328788425885,-0.11674626018388148,-0.6378351186151369,-0.5115206738621398,-0.7991061846020869,-0.7701457427395622,0.6726849511392523,-0.4128022169943591,-2.4981118177861257,-0.8577079664313992,0.3787823328054545,0.6889913400344893,-1.3968322903239265,0.7166504170278452,-1.4525574093661222,0.3352758740841707,0.5467127811022282,0.940589587786919,0.33624377249368304,-3.5172506109605073,0.6247697598852809,-0.07841071810934233,0.6636585394951098,-1.2998796483873594,-1.890967840932322,-0.1549541698307146,-0.9978932197153324,0.714720209508631,0.4422259313897208,-0.3763612934761895,0.5809771636135106,-0.5551431388212313,-0.5379283184594296,0.6935992885898254,0.524619267203706,-2.862916954082206,0.7521220822778587,-0.3553407707276752,0.3940348865495887,0.5671648733613057,0.23201491978418196,-0.2592072990642476,0.7062126666163047,-2.3014686866882275,-1.4553493802117181,0.5174673001275311,0.4640246245073243,1.7763486340463897,1.554281493542993,0.01868276233948272,2.1385230237826787,-0.765776198150184,0.3935588988450755,1.3490747497588749,-1.2927094655215112,-1.1901849974237777,0.6502524231576745,-0.4681862827774801,0.7139990976563535,-2.261357610427803,0.6928947239737391,-0.09250972334282666,-0.48887213584788286,1.4568432844343926,0.8331730167023771,-3.1866163831129657,-1.401280359742789,0.09219727256619693,0.5481402381032507,-0.4398650494769668,0.16421779930397332,-0.2455273210355503,0.7126639118799855,-1.4174600797957724,-0.17703757351529334,-0.038584693286380777,0.10407795452105013,0.7732653150862763,-0.41364074982256016,0.8785204522830872,-0.06567675914064303,0.5313019630317353,1.7271084995322767,0.23634844901080843,-0.11614124682930052,-0.15591742286849797,-0.8334558761625763,-1.0277967017154055,-1.0303771807093136,1.256651537190232,0.6950844501954726,-0.0106302105317292,-0.0914925622573522,0.7826492478073603,-1.0850799165423017,-1.2241831937462704,0.3131396693891175,0.49127707576326385,0.8211895082365167,0.17271644777033926,-1.7408649409657029,0.8622267797880652,-0.39849416122649944,0.5903973030292933,-1.4293068774925226,0.6990524296740876,0.13084186602000705,0.5199860943160031,-0.6901494133652565,-1.0831026041836107,0.7825479091524874,0.045248612371127477,-0.04432554159585051,0.15463353460819804,1.0230568618514269,0.32284146485867027,-0.07629373615814135,0.43887246774039773,0.6251098639214221,0.9726170622129957,0.29678259465950946,0.4726296504491747,0.13180544655666554,1.6166843341737274,-0.48779257319958996,0.40993962588474386,-0.6436266961672585,1.942967966235762,0.8090200528322524,1.0204170017476555,0.8859317623315824,1.4610671020905883,-0.023436252137118155
2022-10-18,0.9617225903531499,1.4241628434239264,-0.13713493014452544,-0.6563079139735033,0.00313592255209382,0.2800050905060487,0.013400953936809047,-0.5096299520234657,0.8875183943033423,0.2925560104020564,0.49668296580939925,0.7503959995813956,0.06909829769435422,0.7885427062772222,-0.17398918582220807,-0.25579014331241945,0.7749249632876768,-0.030877218032759876,-2.940779389241103,-0.9510403972683358,-1.255064123365826,0.49543940092880145,-0.921199188833618,-0.13185842976912876,-4.096244824518775,0.10099131599390831,0.5221664499685201,1.0872222686324966,0.9680992560192876,-4.374626450169625,0.4873018358848497,-0.41863859181011687,0.14130100699925832,-0.6228005405756057,-1.735091573154487,0.17317589014112977,-0.8162928984343096,-0.04931459152046613,0.8487597544237295,0.3367235917504613,0.0929147768040856,-0.23645490309319536,-1.040035184492415,0.7487852558462856,0.623715904683436,-1.6413567478422433,1.004918464137813,0.028025015277217964,-0.0521741459251913,0.976633768221506,-0.0382781008932398,0.6753041147737249,-0.03979393985866979,-0.6845236530977373,-0.32854637448322077,0.14670947222090708,0.6145126906200893,0.8458030327818464,1.0700071474674093,0.42679712286493177,0.8887712763564163,-0.8012177921204144,0.4385669865196829,0.9184897923367531,-0.8004785146384208,-0.3190632185863732,-0.09616840297182584,-0.6590595510838171,0.6553271033643429,-1.6082540871129873,0.5265199687066493,-0.5881189478698838,0.5722888471347937,0.8941024487509962,0.6363702887161544,-2.4044891419967294,-0.41771947131211185,-0.21032345235503155,0.019213166708934006,-1.0522709673317903,0.017452707643579854,0.3780974881797452,0.02627266741231389,-0.5018111794915049,0.08524340847587451,0.49024691940777787,0.033451944778119004,0.24092943095443323,0.07234891892652608,4.337607049067428,0.2903811352867365,-0.07652438869776647,1.0025802008946392,-0.1702117311093918,-0.4672997341061938,-0.6723002743775761,0.3940725106660477,0.359407871152924,0.37141680306340963,0.0753792770955966,0.620917928078333,-0.5411433629022118,0.3699482352738199,-0.0982618161062146,-0.7281929303773711,-2.886411205447097,0.20839293636337122,0.9556759409653921,-0.05926726817695042,0.6404479862320546,-1.2819337734194285,-0.12781599728945675,-0.6124656124915381,0.46466564201543664,-2.3009222086893075,0.912337122995059,-0.5219600623264057,-0.44507122302633695,-0.35347507613008017,0.32999582221605056,0.8931738264972688,0.2733966030863253,-0.13192339997470304,-0.06645928145238059,0.6322330854259395,0.2651044242151625,0.7713114168918751,0.45793538871764283,-0.03554309198631447,1.4297173846057494,0.6413045606368104,-1.3535514305796024,0.25436807809994844,-1.0158906293503038,-0.3453766126849919,0.440840056959938,0.20703936469798173,1.038135167148641,0.7410060405014232,0.6487237392711365,0.7866364779424972,0.21334104917339464,0.8101784650467039
2022-10-19,0.8236181528231378,0.6628411818530145,-0.050480690715095845,-0.33105066098856595,0.7524514283169277,-0.02430538811077466,-0.20400829727065573,-1.44214639239692,1.007223239827943,0.8841194407039903,0.5740664223157141,0.26908094942675564,-0.6580173354296711,0.12226723310765704,0.509843166636284,0.024629502739855837,0.6043123501722956,0.27232053533264805,-1.6621708785382368,0.25315691480993924,-1.0782362983460105,0.4438676597384546,-1.0178961684181556,-0.15145827169787296,-3.1507678575310822,-0.3965153529164888,0.40206819252980114,1.2819254590782145,0.8070886553136962,-3.449074718429093,0.33318924715125775,-0.3632667649656722,0.24161885687269027,0.41251724200398965,-0.22837904872986828,0.1537883940787506,-3.423919893529745,-0.2957443987430593,1.0643906426074743,0.26504639852452694,-0.48012516685989315,0.6358450457815003,-0.8230171070458142,0.29536445169953024,0.48013630556408987,0.1380925446805168,0.8970208310739457,0.2874619971715066,0.537913619323331,1.093749270425475,-0.4540597934730701,0.7871347930000033,0.22618519201608622,0.6564851288026582,-0.040562762741008174,0.07607028469985117,0.792151826870871,0.7665019004790914,0.7523900439597727,0.658659678765898,-5.34696316440939,-0.41135522143023834,0.6856254481476061,0.5052159742372427,-1.221530240311496,0.6774297663067378,-0.11220236418387708,-0.4216622307359145,0.2307949626078124,0.1675160501517368,0.1813769528840132,-1.0539234506537158,0.40715075616168855,1.1180590763844465,0.2555553716386498,-1.2094417539968436,-0.15855209938743345,0.2628705136035452,0.2855404416139835,-0.9766372790604233,0.24121298917708572,0.7857467158772978,0.1809758015669173,-0.8313642300355121,0.5056648209228578,0.5143799997498096,0.4322038992019678,0.13945482812967258,0.7816575245259215,1.03184292345561,0.19139316450651142,-0.45414508806193327,0.7093853517249263,-0.22546607438612187,-1.5467649362586249,-1.0563471114916108,0.6591734225002682,0.6411742455432194,0.9586976414283435,0.12353955135311571,0.7962327924274492,-0.9275480010119986,0.4710706954277814,-0.1600504289014881,0.09984240593828603,-2.99394020225862,-0.6828446099954176,0.47406813186194263,-1.373753636466204,0.8406950867090272,-0.8337729997221516,-0.04407776146155332,-1.160063723712168,0.6451822865486769,-1.3292042489999132,0.03219127279748897,-0.1339657283365666,-1.3120431859297028,-0.595283952253098,0.7142489619521634,0.856673015515188,0.28905634515691475,0.5809355749952162,0.35485623935838567,0.7658551726418569,0.5420649162232596,0.756607883276022,0.3101564512965084,0.5003950586075974,0.7310084608908834,0.6165860814146039,-2.677123521578224,0.5794912678939927,-0.5565662958467343,-0.5998475506191668,0.641025913851444,0.6461283560086174,1.1492818011603405,0.5956545555126357,0.680014992197036,0.5113036338443258,0.08479818295209347,0.9459864282324051
2022-10-20,-0.9815999684748874,-0.10128419732369678,-1.2349961099900861,-1.2109531754088718,0.17043603021346745,-0.10122684976042218,0.6855982756794676,-0.25803127626737615,0.8825735867764775,1.6270649936659802,1.5930102353773485,0.15876383296212063,0.09933574281729433,-0.24006559718304218,0.13394822071355555,0.36305733563800424,0.15633490613622666,0.5597909831933794,-1.210687169124333,0.8220806996864449,-2.065400531005997,0.5554815290604168,-0.3874511557268357,-0.7536727365226574,-1.9423959233522972,-0.399029738521167,0.2678495542098883,0.6486060093165069,0.7040883045341846,-4.039000946270949,0.9705329525088817,0.9626217726706275,-0.27374310631485743,0.2886934553962081,-0.32501776535041116,-0.23036889691572324,-1.412984980212645,-0.06088935902336383,0.3501298896715915,-0.11913429784725513,-0.9572415934204566,0.6084465310653743,-1.0379378463239304,0.42507540495659824,0.21589548116027008,1.0204205406000193,-0.5687864373446058,0.42543755179819637,0.9599219914976727,0.9838778948574953,0.08793998308309636,0.9592486549587024,1.7650184965688953,-0.11366120551728903,0.7914050627123524,-0.3069982390651276,0.47078848340040025,0.3097658289810364,-0.0031812039964225877,0.6193021445474975,-4.361231452168976,0.6290901533207455,0.06587866810135533,0.3380219677634195,-0.21763969912421202,0.7915083567658979,0.0249196357849209,1.7780508218874693,-0.29427887264452357,0.3939316150787488,-0.5623243630277517,-1.5852976624951065,0.33708549481744426,0.9632976269914727,1.3231817552099365,-0.8956562006171153,0.7201333113367623,-0.44193300907727445,0.8905229142449809,-0.2537412520394609,-0.033953253211153604,1.5807196734032782,0.185586006604501,0.6124375208836036,-0.40856720459206475,-0.022976327545747632,0.8973069059571454,1.2292957263877473,1.1262476294109538,1.004517282548227,-0.28021215523678006,-0.34695691330664846,-0.18316358302900998,-1.4782063454417342,-0.855878353773481,-1.9229998069026937,0.6528947375633087,0.5771271619424764,0.3652958510197555,-1.4244578514466772,0.2743236324623203,-1.4732389115901423,0.5995100529287302,-0.7376474446819219,0.3527674991330467,-3.870615159936694,-0.03471018273500669,-0.26828161037945936,-0.3979257569210443,0.23852813313991078,0.06334197460783117,0.008801814457364781,-1.056723368885527,0.08036017692897553,-0.39833677053074185,-1.2553754380387534,-0.058638246498041044,-1.3314721398299514,0.28016218414511274,0.815866942077669,0.013376040078906215,0.8752455523148545,0.47166726205274156,0.2396447566507991,0.4988913574298111,0.2157864779379014,-0.13721922824612398,0.8482069602819916,0.7550374602318446,0.37696362580410275,0.5050389979881849,-1.923494940674934,1.0582075479967707,-0.5296632475013031,0.6206436004093172,0.6522728917472589,-1.5872397494091497,0.2812081612994229,1.0283589039501642,0.3647459178349821,0.48484467461115316,0.17424983861476775,0.6581511932474229
2022-10-21,-0.7536550028854131,0.11235972173256857,-0.2840141518525168,0.273088387074901,0.6369636482052646,0.2219859977314953,-0.4028053408576485,0.05409244958705758,0.017493923892104118,1.030559732647618,1.142521587470801,-0.03099835381414517,-4.496793252116271,-0.14483116581783612,0.8386915141035971,1.4506101509550295,-0.03105614395224436,0.021651497309251772,-1.8935335127338053,0.5991060126473476,0.29824356506702293,2.5334660743183064,0.35480369189136857,-0.7011648584625446,0.09587741352284437,-0.03926910347331228,0.5127204605787723,-0.1466992702545754,0.13456707441657376,-4.095787423880146,0.44264179199355946,1.4952715468671092,-0.2475965757186453,0.34861926606525,-0.34603318102149977,0.12097939403478783,-1.544483898534261,0.2688311944095832,-0.38677897331982575,0.4875095186901599,-0.2966551528465672,0.4437556619712917,-0.058886471346982903,0.12683637907796572,-0.6894608628948301,-0.12223932837430421,-0.4998625392776177,0.0820411866113952,0.4014714766570558,0.8083021062710491,0.3346653047767902,0.6627468018205105,2.072318118051964,-1.1615865764319866,0.6307041975083552,-0.715897962295393,0.07721552028108498,-0.04089935803929433,-0.7368996748719073,-0.8181111353004878,-4.95008840598255,-0.6439566825135511,0.4150522187927692,-1.106777564690859,-0.47546063189868,-0.07239471153089479,0.274209596742123,1.1345540659374405,-0.8692910409372179,0.07291155013688484,-0.4539189510587441,-0.5778091727542314,0.4762060139524819,0.7398864249053915,0.5527982292866105,0.08184892491372064,-0.7278467188854439,0.022151618540120002,0.6231627170004893,-0.049345326916795405,-0.42586817686243533,0.5336434180477987,-0.030007574946128525,1.5948776615162663,-0.1778442965994065,0.10165756120088039,0.4973940548815201,1.1665028526448202,0.46929908306166684,1.430052127836811,-1.5517927024706684,0.3650340798012471,-0.3283228047443569,0.3872758823271185,-0.06266710799600556,-2.1385859059843226,0.7864856893721675,0.8287864005282336,0.4131818596451011,-0.9419317327008697,-1.0253198942856634,-0.3726828166192262,0.18205102359258868,-0.4149793906314765,0.9179569556176687,-2.494332082946564,1.6725656337778962,-0.7763230485950141,0.37451841629354604,0.38321402814682476,-1.4480343024488582,0.25100075014240214,-0.14177853559075498,0.6953105935396852,-0.41103849602264714,0.42469854384087863,0.4309459121914443,0.21949661010871296,0.6518545138510832,0.4687414332598269,0.7230827894294515,1.0207239237855366,0.561972419671692,0.4070926528799253,0.33815399228954957,0.18055337465174146,-0.6648198994757388,-0.22754829381332253,0.4251902410365581,0.40667411041795504,0.2279081283770355,-0.6159233299898808,0.9254436967224503,0.15086877050379446,-0.07876374499586507,0.7435624306499286,-1.2186687658126698,0.28598988535657577,0.6415023965576667,-0.23766866290788743,-0.24919448227909663,0.3484709364813908,0.48775596377747527
2022-10-24,-0.8398553558460209,0.2562200908121831,0.18535640186960492,0.6623615386054998,0.2861682805398825,-0.16715319310036303,-0.08816357559598258,0.708915932302829,-0.27253034833706824,0.5992737585055883,0.6289415281567362,0.29665073387807595,-5.90668026726589,-0.25439794076302225,0.5172032769849283,0.7225171265484404,-0.49973948723777434,0.7830076391168218,-1.5019163757238931,0.7431056991610347,0.5926605568444203,0.6507783340146407,0.010465820432615076,-0.8962541071822239,0.5584408004411607,0.31542382530046703,0.7006219391123695,-0.6802785378735964,0.13349097631131607,-4.953726755350184,0.04218273319180316,0.7459573995595828,-0.5876319382556476,0.20746314288071438,-0.06132963388549195,-0.0017948408384451532,0.06857276666774827,1.0423576084487416,-0.10356167428036786,-0.030816350530990383,0.684695574316378,-0.04022076321919458,0.20200043112987817,0.7132377761824731,-1.0225354584016495,-1.1594882237137818,-0.8480061728400952,0.5746893030943521,0.7415448652101381,0.7610045972255581,0.7453809552863677,0.0887186376542341,0.6412310014199423,-0.9646819480839922,-0.12369216571392035,-0.5557911612474953,0.07456287731889381,0.27230995284868964,-1.2683158126308876,0.9801989062423961,-0.6171076685331779,-1.9098658286342955,0.47631027763343464,-0.9502898716607375,-1.2786491665867914,-0.08917039104009095,0.2563965154918108,0.7172986737602687,-0.4510859605855455,-0.18959612530085956,-0.724626388798259,0.1109194416834616,0.6955245008699592,0.2582679417344905,0.19564795998727053,0.6004184646782593,-0.4735905708907751,0.24843461071399872,0.3503337767467545,0.637035578692222,0.44061329963411705,0.6337066355555468,-0.4252192551225896,1.274860216354029,0.23568551457538742,0.3416105585095109,0.2854779057571631,0.7557789562276395,0.5434633193664471,0.6026231414127493,-1.8310385474958062,0.7296693909397468,-0.589025566625455,0.633152222207476,0.17199563822153063,-3.3372271401990234,0.6968670830678388,0.6899024768991349,-0.130360991781537,-0.8046326700935746,-1.5245933958991535,0.18473181654686693,0.4504962185026781,-0.5900170491029824,0.7296712568625141,-2.427775828926136,0.6195599745265142,-0.9959799405279985,0.6746379689062874,0.5855210484770885,1.4082281333800433,0.012452416113012331,0.41137884108488,0.5721140877261355,-1.1653012223841501,0.48180660614260745,0.7470794197602394,0.742373332942266,0.7228878634981681,0.08201151538005148,0.788826956118331,0.5993703951522006,0.11728417746136956,0.6193569075537693,0.010751338766448676,0.14692969194052843,-1.2376599420579069,-0.4200275033150875,0.1436166345836881,0.7238528862037439,0.24931675258948868,0.3379217337159701,0.9664713184207826,0.445976435318431,0.13247900974323787,0.0410418475600563,-1.9542872678706693,0.07800606365097419,0.7569553977736558,-0.2836864639403137,1.1221604019222151,0.7353323123708039,0.26906919625929054
2022-10-25,0.6584212446040869,0.562779495674327,0.49677612655758635,0.6324713007409741,0.5674545982443063,0.4816417717934341,0.24309599553693254,-0.44037660421284647,-1.48979092908975,-0.4944208807443082,0.6647700289462276,0.7214372216577021,-3.5224418161321815,0.5843013082427526,1.1925304648557995,1.074849030084887,0.0905418185676123,0.6721023968228982,-2.35681530169502,0.7438324247062765,0.32930738884216076,0.7074406731789524,-1.050850827482761,-0.13725989042316347,-2.979310980163113,0.1112556013157449,0.4501253683706362,-0.5968402483151003,1.1646750274758646,-4.512370281473145,0.5674545982443063,0.38150646226144136,-0.458432649857393,0.2874930455619522,-0.029879133292443544,-0.410274635633822,-0.29240148007648314,-0.09398269870872163,0.4536858831800895,0.4958204287542211,0.510620017981792,-0.7193860238387294,-0.5731643500108747,0.23136405989008246,-1.6850988288585613,-0.5883401778787075,0.29966309255067003,0.04542891788153401,-0.36146019610049235,0.5241846136234448,0.2462878235649329,-0.3600584355961224,0.4840456522583677,-0.0881392653241341,0.4281243639395239,0.5318126507248608,0.0660239735209337,-0.10319161469089164,-0.7763105679272312,1.6490706699862774,0.9984401482449826,-1.252088424633301,0.9170422223168974,0.21837509571833605,0.7799914988972828,-2.967874612813711,0.8050955125501328,0.7363704698784794,1.4341347424467303,-0.37698655599417663,0.09539127416756904,0.5474072945933963,-0.8717715036197754,-0.9250067744962925,0.55645516520059,0.4866593812732204,0.9348708882418674,-0.25956571077041424,-0.7271179573498308,0.19844847411580097,-0.2662321509601262,0.2034327590871916,-0.6711138380111834,0.5887516362630977,0.43216030529684474,0.6139624792934679,-1.0906646396544648,1.5779901433031212,-2.7015446748638094,0.5674545982443063,-1.3662266064091286,-0.2491380463066735,0.4587951727576187,0.7515508404875304,-0.38623662263447106,-0.13809378982796106,0.5368408900274995,0.5230075042255596,-0.7620776080105255,0.9199811094688317,-0.0034253157667625054,1.2878272089225682,0.5085114104907007,0.10215223603879,0.8609672138726192,-2.9330739492658937,0.886859186149766,0.12734875008148624,0.18182546078483017,0.052614201491395486,1.6990962811772081,0.16993291899067725,1.0610726839428226,-0.1009362324691564,-1.4692196058459925,-0.083359926175479,-0.18286076633324141,0.26641192767777877,1.2102108066535087,-0.13950576585474678,0.6360279391802158,-0.5577070049934216,0.37129177833102084,0.09352492240761517,0.037625745420402215,0.12740975304055005,-1.6028428264340773,0.036059284683553385,-0.23367586300660287,0.39114869067958297,-1.7456343872794176,-0.07216996410049678,1.076534273793399,0.14377342783978717,0.061156830751319384,-1.5498227457389815,0.31283066928330333,0.4581579844169422,0.49764540629109083,0.07652779852819677,0.9523371266703852,1.1767149430014043,-0.2920303196904048
2022-10-27,-0.6290085007384109,-0.03653561823552362,0.4062337846744423,-0.014354156870560299,0.17597596267936283,-0.09134647809750976,0.2398436059290568,-0.0039010140012030368,-0.23401358940526512,-0.05475695684845187,0.7595373450637819,0.2687748901661893,-0.1958649449689377,0.6740254025866479,0.817837968468705,0.8483488893606675,0.4396169011159404,0.3243774448272714,-0.5247523009390616,0.5090351648135552,-0.15589021282419258,0.8069853492681349,-0.4608904076429687,-0.03596402532532565,-1.5508449016289436,0.007245078620155152,0.33209290397087526,-0.06545485709472124,0.4695772618196011,-1.3305452043454498,0.5071071416425542,0.3759240012085415,-0.03924594906812128,0.4129098573685953,0.3716088781089756,0.16467263998712334,-0.7021759337793136,-0.21141112666188183,-0.03776082935726083,0.34216876336829966,-0.2960075831872946,-0.1975284308692582,0.09232914443628426,0.1718216306252062,-0.5213072441282695,0.11594950958450222,0.11420286979318282,0.4313883004054568,-1.070939025981143,0.11493931092886957,-0.14070558537862568,0.03466238703651643,0.2828300926614073,0.36161430501044567,0.4032694263833698,0.5340622821422565,0.15219833981588263,-0.41649049719910414,-0.03641584735457914,0.49533887653646685,-0.4005551434128089,0.019164480747853367,0.6390820188609948,0.49350780160451546,0.49585635049281496,-1.7761894746423021,0.7963841674859198,0.49579583612422007,0.4290418446946449,0.1843129862531683,0.3029876171113148,0.5162107428601008,-0.9461498384360945,-1.184176453927516,0.45850349716986943,0.5294507361016849,0.46190668868765306,0.17662806794970037,-0.21524347994215812,0.019543843032777123,0.7533559020202928,-0.22679665566642826,-0.14142599435606407,0.18179135579826602,0.1731331736564831,0.4830602656072067,-0.2991248882671512,0.6194647811191648,-1.6495805075584167,-0.05185288024570782,0.12807764700658789,0.37261827906694206,0.029950009366668286,-0.09031479611777306,-0.003987018062773943,0.503380759557756,-0.29763524485898357,-10.274929129786578,-0.008307791692633366,0.5262294739409076,0.30922014770737827,0.8988113392585382,0.5333565106321747,-0.35176961557943714,0.8908170778351077,-0.6623307477602515,0.7127990871605144,-0.129205173736541,0.21933005620373558,0.5160269429650082,-1.0584229229571487,-0.13240809059587713,0.5019754812753204,-0.5979650570605228,-0.2378669025335767,0.017050303358274687,-0.33447715818793494,0.03856197822573935,0.5255164091181908,-0.17498254179866501,0.4301951427963841,-0.11308889722549724,0.40023688718572126,-0.15778818774368247,-0.23620835098467313,0.4906527316767888,-0.20122761632006433,0.1521426988088601,-0.00035860762595473124,0.14250961513146376,-0.40026650234156735,0.7898955339920462,0.3420438031206737,0.20083306557935987,0.2243306394023244,-0.6113963341354962,0.28801008712651516,-0.1649150375354095,0.3119798766623195,0.5073979682571733,0.47713850188049667,0.47019684504831777,-0.5539145041068485
2022-10-28,-0.503577470419691,-0.19349701902323954,0.3799900177231206,-0.036649634887479556,0.41670385197083426,0.17590601467803926,-0.33699428679937,-0.10491519638142768,0.06323504353197817,-0.28685888939256604,0.46981308952527023,0.4642010604557271,0.4672730717891374,0.34434634749160076,0.42315047989892013,0.4587460505619051,0.45617048188750575,0.6481416433794243,0.04095565852856871,0.4118588565787681,0.3128604747145977,0.4774688285883455,-0.8296929218782167,0.05055039603111152,-1.7902161774478316,0.255637009002525,-0.22362154329046066,0.2516210233397993,0.2999741246826954,-0.984506188178146,0.6592564944532688,0.3753756611896846,0.2745447944756214,0.04935604528389926,1.0894746463821097,0.05964414491323219,-0.6004020825624296,-0.9879220938368116,-0.13663350005734948,0.606404849628695,-0.41311524477222944,0.01893199329859059,-0.16063354856245898,0.3849919250430457,-0.2631551957134163,0.6845221638663156,-0.45622679234324276,0.39630641810879885,-0.7408787047431299,0.22408757014513883,-0.2744115631800021,0.4652754127109327,0.2263431538151273,0.420013404255905,0.32274446408825846,0.5834977727605106,-0.1394307892795627,-0.060371112112103734,-0.11347477192943685,0.4131627362412247,0.13991499283803,0.48106162717647794,0.4687895655026563,0.5903218817937727,0.7114498171341411,-1.624923421033828,0.43053671729952603,0.37199534885315483,0.4748990581465308,0.4464492181029853,0.2190824857197687,0.48152457074971716,-0.29399475412174564,-0.9423493787006744,0.3711601133574416,0.5419729923230638,0.20941099411233638,0.1766652514501498,-0.33851764286640057,0.3124762391032608,0.8479395339951423,-0.036201930138385456,-0.26595793144462326,0.32100804948720724,0.27901068049806854,0.46232899073225353,-1.2768464944623488,-0.19755983518220574,-1.376587429377355,-0.23966277268101768,-0.29721067570335796,0.21002730042350742,0.4587432188958344,0.4638465719370759,-0.12609667630600094,0.4511060368021804,0.3699920114598838,-10.15808050995066,-0.4871051508320918,-0.3623138778200755,0.10056788360420017,1.0891919374491787,-0.22312391428010214,-1.0599742158867358,0.5113902380846177,-0.6046190737737609,0.4845481917782463,-0.3883229083626666,0.13243938098484528,0.6114311908677399,-1.3077389065848921,-0.7834648973413174,-0.20480481843809953,0.31845201420161223,0.39819182698633254,-0.30153439583647235,-0.8633973617046131,-0.3004457154405601,0.5208032800595427,0.37355793568694956,0.7429631494877744,0.6691043351283693,0.49176387036574254,-0.1312880395313452,0.34620687427672975,0.4141459493149363,0.4358391226777366,-0.06927790525512662,-0.011378425623142065,0.07704170707299297,-0.1588413922610803,0.47411768506199214,0.1945245638682525,0.1499331234141183,0.28254852063963776,-0.5710190304813676,0.0140749894831583,0.07711775189214043,0.34934756312439164,0.44844098990310455,0.47010146574577516,0.4827930973642746,-0.4350648732262451
2022-10-31,-0.10594020197266743,-0.7574362629486865,0.28690988461409805,0.021512732319296464,0.4265580063970261,-0.17400226159228568,0.0013105031894396504,0.20263249114208312,0.06594694140720526,-0.48227380480193804,0.139542324427098,-0.14779501309697632,0.48541439147982973,0.41120009471192215,0.028513928535011022,0.09515683363739955,0.3417964491940062,2.6610363232417216,0.36178777025300557,0.2964573975678354,0.15820046390859493,0.12002172285565216,-0.3222986576404116,-0.27215804956009465,-0.6735821867114913,0.579778258842647,-0.6368055943505571,0.4545185169141715,0.44041123820988853,-0.20438367991190529,0.6609362645096325,0.6651728332999965,0.2852554628850261,0.03725021689861084,0.47360999154828176,0.28601404550799625,-0.6408435202706652,-1.6442838482579571,-0.2284706078541554,0.4222039131835519,-0.41693245276091584,0.5032268799316614,-0.36951647536169063,0.05088901330320673,0.21452007116247268,0.5500433829196764,-0.6740570549476659,0.2594579326579302,-0.7031987042734767,0.3248393133741499,-0.4071859785353704,0.21459322184053328,-0.212898895882921,0.29671752333052037,-0.11018127716923481,0.21554679511139047,-0.27135678161318316,0.112348882898133,-0.021017246573902783,0.24738737030969038,0.7657877436467636,0.5581045245789737,0.2979483242073766,0.5624727512186596,0.5375000708318513,-0.8247532290540212,0.2530600218158874,0.5387687568655917,0.718555369226556,0.2478363049079198,0.46551040607431177,0.3689261981544588,-0.005205665411582805,-0.5652441388506392,-0.10361551374235989,-0.527551912370317,0.06367498900174488,1.0685345531095896,-0.38242368294451884,0.2198605091424392,0.15842570450203586,0.053060438678754374,-0.6372038151774368,0.7786248749972547,0.21877230439452822,0.29049643409393894,-0.8356860962131817,-0.34505783782028715,-0.3539998390297205,-0.10217223347618488,-0.37246502317640995,0.49668387670114883,0.41706947408796413,-0.05363144578130315,0.10580555770183084,0.43405303553871,0.7029197406747208,-10.246989379208902,-0.008111879421683827,-0.119952084909294,0.1312610204911339,0.5114563008423814,0.22353897214988575,-1.263444590707655,0.37491095354176235,0.39235126121087127,0.22827251989711628,-0.4144278020088754,-0.09907324898987087,-0.05150990041393384,-0.9146848527934569,-1.2476508615091606,-0.3571708910455036,0.5506051750246723,0.4363254627886134,-0.969367804311194,0.26140390422871385,-0.19373658415576897,0.013105991039561607,-0.06896597869164987,0.5187078721167525,0.5589686838215155,0.431713341137554,-0.024363138154165277,0.47953485845887767,0.3262104620736424,0.23271449936823643,-0.11666116835582512,0.0645920181444483,-0.48782824048969925,0.21802949982024641,0.16681249323730274,0.2713197176754359,0.17331514852424118,-0.49276361858015405,-0.4393904539775736,-0.27423415099819504,0.548780923521767,0.31783909729936255,0.34566957082018307,0.6225356609592778,0.5980805583198939,-0.3432717003276496
2022-11-01,0.7136948598525071,-1.2954706101945934,-2.155566992777883,-0.28147734751358594,-0.976517675526958,-1.0167633307468071,0.23346818567554511,0.36631009085659666,0.42901634659155546,0.47940478966449085,-0.4572554197543861,-1.2097803675416765,2.3695171259202614,0.05941156193403016,-0.502712110844155,-0.21695953033645576,1.0322900988357366,1.4805348606080395,1.0386381191241847,0.3418686010876108,-0.2501498869370547,-0.7104968996319592,-0.6338135176326344,-0.08240040023238601,-0.9968817242755658,1.0682249876270544,-1.293884690386973,0.8788286675109853,0.5937531426978798,0.2744069575078265,1.3451951998437557,1.0813256818827113,0.40569665186610404,0.17278395875489563,0.5030177571627993,0.990740576264462,0.23327158531926076,-2.3713321516170147,-0.36604691117722943,-1.8446253761087898,0.05380715578446522,0.14214864540762132,0.04205217529578588,0.8907030873935903,0.7738137496268478,0.9226363199145927,-0.8323558460051412,-0.4114410940985909,0.03762784604564491,0.5048156855978203,-0.07605941389707979,-0.26475733310722965,-0.2606276247109735,-0.2241365426863763,-0.6895110634051386,0.07930446782526511,-0.0974730322930575,-0.08699957232766492,0.6759571526954706,0.45588789948983316,2.0917710265006755,1.075790930699438,-0.5150871528485068,0.5622011022634861,1.1479625795921744,0.533530330060708,-0.46659969828868525,0.7050289751317488,1.0348998603708661,-0.3834489284117545,0.8118054582518619,0.6061517188301933,-0.04398117811716667,-0.30623831827399633,-0.912167441702024,-1.0207340841803434,-0.04703750650103504,1.5247247405605915,-0.3279822142053036,0.5935915667389222,-0.6636718475902679,0.11544475161273791,-0.9953967156167379,1.8057228195629635,0.4065562299781105,-0.01593265180740646,-0.9190566092568103,-1.2330473363831813,0.38673703418487776,-0.11017146025265391,-0.6392208509015112,0.04155145073342253,0.2936142051449331,-0.9561461765166113,1.0404828681319718,0.3433886410591423,-0.7479645382198608,-5.167868243475435,-1.7453639233436489,-0.13172107165876495,-0.10298779796315527,0.5188199725691937,-0.6461784807926292,-1.5372922593964213,-0.2832639918875654,3.3777432201698865,0.14340143170788014,-1.331930802080283,0.35720866930072676,-0.5650812349425369,0.34154537052231415,-2.005849159614775,-0.35253606140076327,0.46353099857233615,0.793395293072831,-1.2454493313952815,1.359374150007569,-0.058913307304721385,-1.0150465131146038,-0.8889229325087621,1.0030279878665673,0.7056167086462973,0.5585487506674656,-0.1734660461155906,1.0832313527778243,-0.27919793722173736,0.6326281945122672,0.13684452204405734,-0.44392968431659385,-1.345099014878191,-0.2317734398350117,0.6329362240149958,-0.2681488583272337,1.1560703292133645,-1.482594181256755,-0.08814751097003418,0.2674266093420111,0.015513736098819607,-0.8257416289872608,0.0033528296678938655,1.1995387506345776,1.0814783727440076,0.5035408324012841
2022-11-02,1.1693066521013615,-1.5621596002478988,-2.6990402598711607,0.07823066351182245,-0.42374834598025024,-0.8951840843537252,1.23937885706713,0.7984371483462139,0.2758536938088297,0.6204736534326142,-0.4553640778979583,-1.7638924863882177,1.1756377545698917,-0.18972738645455325,-0.9574798058963213,-0.24392909173950816,0.5840600409912966,1.3679185370491154,0.8006210972590941,-0.4680321356661421,0.5519761847049137,-0.918585931283605,-0.14701180465531646,1.1422459116395933,-0.05607103192387334,1.0078943897618096,-0.7865477777500899,0.5021438381437029,1.1334250401164196,0.39079832116343227,0.6989600898980222,-1.5137907453032098,0.7693016661446677,0.3946142715174702,0.26741629808366557,0.9248508372055761,0.46756721690990594,-1.0996648451084776,-0.20708055760826574,-1.5907169913033459,0.7055982551521617,-0.28243728163441023,0.7547963280981776,0.7512954517321473,0.7946354478448457,0.15261424434647075,-0.13621627023073396,-1.3309518409450014,0.7376007988370673,0.5854817846778706,0.8208976849774843,-0.4725545873708596,-0.522035420573393,0.1680292599533911,-1.017117215069812,-0.08446265190310377,0.6756253057633225,-1.0323556256725719,-0.02761624299106559,0.8144208496993115,0.3389099871699347,0.939970912036791,-0.6596004401881427,0.8035281613757904,1.0513245209522475,0.8499585219125386,-0.4827265490451868,0.9515733770320803,0.9094395783839505,-0.1895234810847659,0.5244442948488816,-0.4180784638956021,-0.38342664315961167,0.018867283248969358,-0.9476340249467409,-2.2099896147943543,0.04566638629089027,4.507248787701956,-0.1806292062871529,1.1736845621284953,-1.232698021447713,0.182442922298139,-0.7974583747940829,1.7509842449292623,1.1058404027877105,-0.16718490618273077,0.6045540895583799,-0.8700080112211143,-0.07911230362874361,0.36710431774123126,-0.09030087978658709,-0.0015179461006688808,-0.2766325082394933,-0.24064552668272712,0.7703636181352568,0.4767757516341156,-3.025517811516118,-3.362304578377064,-1.4541497234251493,-0.007840600469288845,-0.3410491818361643,0.33029790371689627,-0.7023191154729911,-0.5041187203073181,-0.5121831917663257,1.6563177828547244,0.34163623367717677,-0.7082893452612673,0.13709765839084642,-0.7441174690736474,1.1256951772376786,-1.1956266562806817,0.14098710362959968,-0.14022879409624722,0.7471903378300104,-0.5147528665402537,0.8035281613757904,0.7058209479550893,-0.14716075954429855,-1.2746668813989026,-1.215791451040188,0.7966092076272934,0.718293623960176,0.08496740158236706,0.7994213468407889,-0.3995777700067474,-0.19687991701570823,0.715019568692867,-0.6711329970790607,-1.8970551335033297,0.48644187836537145,1.1391676160828115,0.21650522956025603,0.7641043944814053,-1.6230233274097299,-0.31587199565216606,0.4526763965846646,-1.549711336433024,-1.1143508389424677,-0.555800871827587,0.8035281613757904,0.3486090354308184,0.27575786965635307
2022-11-03,1.2706117857133474,-0.8743508611960605,-2.7465055374105622,0.06943296877932655,0.41699433564904076,-0.1207179967689162,0.7040116307606036,1.0409847930292966,-0.09587962194930161,1.0412553024790971,0.017946378081280186,-1.3791985580128892,0.7254723415960396,-0.6273584434377418,-0.5209229595907562,0.575568896458859,1.7608305088336917,0.6860052068991548,0.33141293949248724,0.5456094595177918,-0.8272844914634564,-1.1896745431533544,-0.6334070169391792,0.5342902846736233,-0.21854066606206238,-1.1028066408058863,0.29254511508147846,0.43976978854824755,0.6664884320972027,-0.18220237381460075,0.8386341255856046,-2.5329349064538538,0.5293680255111175,0.5707754781475791,0.5785720830953156,1.3884892156371862,0.5263258851085172,0.4419737847366969,0.5563173379333737,-1.7322497611013992,0.7273755903076631,-0.7538529376595524,1.3231979841049881,0.5224967148638031,0.7924545615984449,-1.405961779166573,0.6722622921571079,-1.5656024248330154,0.26025835720148927,0.609504402534007,0.5176606937368402,-0.1765835856043234,0.5663746606703336,0.4308656516420257,0.11615715210808894,0.08256628795391871,0.7219718615043293,0.1368229793088321,0.9214204742392098,0.2703069698686165,0.6474186640022309,0.6519846759992465,-0.49974137314554307,0.7313055748918982,-0.6521073988810366,0.9619346034960808,0.021897806927645428,0.4573432000595544,0.08718989063791784,0.6160632537910913,0.45656497611897884,-0.05957331038365503,-0.36413414541178935,0.21557743028971985,0.49602972263719447,-0.05923680272338397,0.6469551150380201,0.6406544017032769,0.5624372461563764,-0.7070043569630249,-0.6257689019087882,-0.2361816888075754,0.5520261467122122,-4.614592575106696,0.24809653060331846,-0.7836046228110839,0.7207222949784645,-0.20787179496421035,-0.7822047368729145,0.6422849852042732,0.5712732915009012,0.18453915833419474,0.10200492198317658,0.3468016794599289,0.7586422812202316,0.5427667580501652,-3.7757040262087282,-4.158583125950509,-0.4824177163594523,0.16546938613683174,-0.17529235462334156,0.669160719449355,0.524782642778977,-0.06692917517180924,-0.4881358173959688,-0.9462515218514836,1.1520074133977851,0.6741330976641623,0.10396810614441834,0.48424014154508593,0.6491080099961842,-0.3043198874868852,0.21644145063230036,-0.7565778876283565,-0.2777695359809904,-0.5888065598883829,-0.5894496756772584,0.9710974343568157,0.3980019989838931,-0.8461116525847504,-1.3997009687190471,0.7473415791565337,0.7125737264156519,0.378890169677872,0.33924302169858617,0.42355717420757427,0.692245862235724,0.20533622706330848,0.23889194467540573,-0.7396927374170613,0.10053842379630251,0.2902071046427129,0.5969203713723632,-2.355701030569553,0.22850235713131212,0.5056036894494182,0.051174521844210286,-2.6528183297810766,1.1994813871914467,0.4031430921239122,-1.1470317776375616,-0.19436785591650158,0.017760049441662387
2022-11-04,0.9042883891258428,-0.4293638904670583,-2.6661352575131794,-0.92714313158677,-0.657037332982132,-0.9299060162899245,0.71391144447489,0.46313531782837214,-3.459229980300856,0.8597467569393493,-0.1355652604002793,0.10592058232921146,0.36555196245736077,0.012669565578533817,-1.613287908155981,0.16451881297344229,0.47496189572982556,1.218969127149959,1.154626323389023,0.8622964018457027,-0.1508261564285189,-0.1555648100733971,0.0690864754397661,0.49510705586316317,-0.2547516486119769,-0.09896621387841747,0.8931564313424435,0.8057474024911604,-0.09322015665889606,-0.27273618183846116,0.601761832546897,-2.3311353577938445,0.9349960075264198,0.5124774899518388,1.0626252005538555,0.687351199833505,0.5176470833075274,0.5544375459585306,0.42592929727374146,0.2613399542895205,0.32568722630299235,0.3960405637078065,0.6348748989530233,0.8294393217741179,-1.8514375377037977,-0.794701112663206,1.3476625055655365,-0.38046846137192436,-0.14700820224047137,0.5664667782216587,0.2251619013889205,0.0009154563683470209,0.5480784242257001,0.52154014801978,0.5583833422084877,0.6301516443046359,1.2823291023214083,-1.4423508490633672,1.9762616219102354,0.5539270518288344,0.5151749161818575,0.5551558489072684,0.448791736480019,1.1433137662920891,-0.5243832692317264,0.5469752017586067,0.48660098830284276,0.1734106529281495,-0.1952545319245679,0.9216067428634012,0.5220264554114799,0.06841156896245403,-0.5828419403666549,-0.7647953062845579,0.6708949777741381,-0.7201881592466742,0.5639982664704387,0.21301068914238544,0.5055008613456441,0.02664214075613136,0.4467624080625509,0.27986846283524675,0.5428841072496144,-3.45783812284287,0.5292142700849765,-0.2269935021853991,0.5604746177196201,0.5135927220909502,-0.5799873156968941,0.23512554021147047,0.2934636100901879,-0.22643888544053467,-0.8355396663567405,0.81207778940693,0.941069677957198,0.47508757779130956,-2.3865859467114334,-2.6370229939535355,0.38305374240363077,0.3836847365402873,-0.30327927828282697,0.5421398707987466,0.11536243881416709,0.14631475029799618,0.19700400950142977,-1.263151305923239,0.2384823685826764,0.8455335714459732,-0.9201282012844916,0.218169382722726,0.5000399385471594,0.18009401279198006,-0.23039722109496802,-1.554247089465617,-0.8205940438762143,-0.12619345587512987,-1.1155105083947001,-0.3709119639863093,1.4243357028028403,0.27655678102899506,-1.6532151707102833,0.7973257710850653,0.544351905242213,0.34972108574455946,-0.8542171418954096,0.3910483654771394,0.5548928813166181,0.26526363791795177,-0.37689261039745847,0.4778472971059886,0.19955990437346335,0.585459962821864,0.5241553683502531,-2.3673510476913386,-0.43045270087099663,0.8852614939898318,-0.6222051803340997,-4.367861402782627,1.178302941911258,0.29855340645419104,-1.7952379008412713,0.1583718531079323,-0.0706509915842857
2022-11-07,0.6462738746015094,-0.033306723332433945,-2.7089891669629518,-0.15491560818465663,-0.024429792855048264,-0.8967206720285319,0.625764284035812,-0.818996262109944,-4.384298745144929,0.5404483458076919,0.8812212491635856,0.349383714685375,0.2699630947093037,0.3181327013318099,-0.6976785045982435,0.4249986884090075,-0.31637030044750475,0.9229560858859338,-2.089329756053833,0.6829401660028112,0.17518705262544804,-0.30604189277719535,-0.3828854793786547,0.30673506229195324,0.33491932581159656,-0.4279080629170981,0.5753741122423803,-0.08877538391487466,-2.691827419332872,-1.45468937862037,0.6822885364120308,0.1320509797342495,1.0007392544863047,0.10193292937815228,0.8145860093191309,0.6062586798857156,0.997112349011675,0.5380191924098321,0.7429909708326465,3.3244470274533033,-0.48262875268243294,0.8721018704334601,-0.12599602902336116,1.0948799124337874,-1.6729606890483628,-0.40053950898493434,0.4642485923472279,0.13553314422620277,-0.10802429543474874,0.7048815472795378,0.30280780057411816,0.2760342423797863,-0.04431364549114055,0.5627306751914698,0.5522467797920528,0.7985623590481778,0.539217072793279,-1.268503829698515,0.3821972872428854,0.45150843961046055,0.5986787585015138,0.16178415155918902,0.7088164859603014,0.7938800198503982,-0.3835321424143447,0.3784397251186405,0.9391065486983698,0.5915862792005482,-0.35018475200244636,0.7482775538720065,-0.38011753286154143,0.5493728323198767,-1.1961318545260515,-0.6721992095731608,0.36095577302301585,0.4665632761960893,0.8834772359412251,-0.6283478394946798,0.5370487426978783,-0.13773840848161442,0.4287253488078306,0.5807499069627189,0.27899396480138516,-2.921798726742674,-0.32285358048998736,1.9992879202817835,0.24172963490161364,0.6232904674631956,0.042385313956482346,-0.37637162819153264,-0.9259309984940782,-1.029125154948968,-1.6088097393783611,0.46926415794327453,0.9941606795506129,0.5206033403422988,-1.201934119584705,-1.347962895333052,0.8012995772352732,0.2525105889958698,0.03474346853434255,0.3767838625716577,0.2699105470764406,-0.22514502436360403,0.6889174878698023,-0.9642234209148889,0.5328294216223534,0.5696561761482665,-0.6755032486725975,-0.09009120182532333,0.2075028786875416,1.0650004385450071,-0.22582857341605725,-2.0571707949951743,-1.5111924080125754,-0.601336500086306,-1.5656256397114483,0.27205658455723775,1.2718457316379144,0.8503519539760729,-0.1545149340181331,0.6524033231373094,0.26144763767942236,0.4717191855002197,-1.2106034986996428,0.4299287141233943,0.6235383363986985,0.5945149415108756,-0.5423703085737125,0.5680353283755216,0.5244070597800625,0.6625943629440918,0.7318723458616765,-3.409884186620935,-0.38695708046988125,0.520587805668097,-0.8100331306701837,-0.7612176470628952,0.9835484015467243,0.5083745227627958,-1.573573108488789,0.5778314019306637,-0.5046244243653891
2022-11-09,0.6101668424795244,0.47022271796569126,-2.943413475524366,-1.6740090383380775,-1.7085246477858957,-0.7595212676886447,0.4607743032108091,-0.3997929469896673,-4.780209372835239,0.4057397137458281,0.5989920010129856,1.0508618916589665,0.08168673782024671,0.4476941710954685,-0.15060264200846493,0.42900946744890794,0.05968997883266568,0.2881410678209009,-3.680263589574061,0.43904933712760275,0.39385579677224475,0.7635949576670702,-0.5163552562403784,0.2917001337374547,0.43892877320258494,-0.2982177849577022,-1.094323027167285,0.1707364162459381,-2.9843428847939015,-1.7449356245186658,0.700973484524403,0.45403038495641734,0.48752838783163144,-0.8235653557725948,0.6868540804073381,0.44616883483197967,-0.24858028807043206,-0.017278085297122284,0.4456552173777762,1.3847820790875645,-0.5496612285831006,0.3211801088265964,-0.07587143509932988,0.3521693091157893,-1.332181904450157,-0.12002132663007269,0.44809955838494253,0.41039870392899797,0.1792002295003273,0.8434564966989258,2.0681173042715257,0.4545385870792671,0.5416754996962121,0.1918818546304148,0.38884625393325456,0.6645650618811352,-0.027622663556112207,0.3447711043391935,0.4167954613663907,0.5528387440439674,0.6385354338506913,0.2582260652319508,1.1155701095100103,0.022522344425994732,0.09936092066837234,0.6435436769794828,1.3687797774280113,0.27769135374457476,-0.5137139034525313,0.43576674068620186,-0.1362297998441969,-0.19920561761412806,-0.3371066936172617,-0.6357417614195482,2.3234349483604917,0.6935906800618836,0.4143651414842285,-0.44775334916870246,0.5211944373048929,-0.0387991993142438,0.4108511962331837,0.9573313783805615,0.44157151057958205,-0.753169983205832,-1.0648701677697814,0.5924092617827962,0.36605146068259514,0.9888319547121827,0.44581104350073864,-1.3302130937381098,1.552281079615019,-1.2677513429283782,-0.6855899070513893,0.520668509560354,0.4384300445248257,0.541144551372632,-0.546123110165809,-0.6317499005174214,0.8275852188080557,0.19056228268465708,-0.06817439116758968,0.44539538217814134,0.44708378859759546,0.009968414307674384,0.21486442294424613,-2.5429805687585842,-0.509567109724698,1.3708417638462318,-0.22082136633817345,0.8896821386254258,-0.6566062181718555,0.6366328317630034,-0.19549851760289721,-1.446339933030836,-1.3203927678204852,-0.07144254928931024,-0.628363243421426,0.32639967757739097,0.8383061018444347,0.840149293160215,-0.10648170536289082,0.7007054011471057,0.18597032060032997,-0.011359490314263667,-0.9229367109129896,0.4330420286615289,1.0956187014332093,0.5534002173161681,-0.4786786030455734,0.6967127463486733,0.5074093690246327,-0.4434950902234314,0.0484839291224683,-3.291176888767938,-0.19195926394008425,0.6870784550910389,-0.8320788895693352,-0.22699500941552178,0.43597313056910325,0.3812271239158968,-0.6914030831886111,0.6496352144949095,-0.2919995535479505
2022-11-10,0.3136424754481532,0.782692615417827,-1.805073076166107,-1.7120220622640834,-2.5737574619292807,-0.06577961074088787,0.7337184614898102,-0.5199795395855341,-4.061407662214682,0.23418040828762474,0.6078754863439533,4.279271693600207,0.931641442175435,0.31340392668094624,0.6089773607094321,0.8293170153485379,0.42837933240236203,0.6818500766343235,-4.191305818120513,0.6616905853149037,0.5794127204252938,0.48470582161277553,-0.8410010739002305,-0.16024399206101564,0.03325887244705917,0.13791757496267082,-0.7043191779145046,0.03443668333977564,-2.981990613328022,-1.181725145416247,0.1701558751953512,1.1499762503737179,0.385109681130832,-0.9361338748870635,0.23258675647695115,-0.1286293091835035,-0.26922210854244616,-0.06978029388005699,0.1866387483364853,0.30293877378535966,-0.23716259359484368,-0.08262947993485663,-0.09210949681667711,-0.5491621346546904,-0.5807822267117649,-0.12358576205454212,0.3179898372993959,0.5603679035630932,-0.16282877944196664,0.14071074772837502,-0.21727264048917322,0.9289124534660061,-0.4495411812409376,-0.069671924866847,-0.29466343185021876,0.3943044113101048,-1.2474512345257531,0.10292958024820527,-0.13804927901444872,0.1761342419411894,0.716589092184327,0.07612659755170377,0.9129859685552413,-0.9632334722496688,-0.08249102579629264,0.13953279141301989,0.3407451063271093,0.648518609314942,0.41319094136485796,0.3032730492879583,-0.46674583874859904,-0.0673219112336164,0.09377234319633398,-0.037576697640222465,0.8640558968354846,1.3359127456824498,-0.22905059879980386,-1.0405834957831572,0.5922753270730239,0.571168965656765,-0.057764713626690375,-0.48276715083478283,1.0709373590420233,-0.06812139841073377,-0.13518682020786843,0.1633762933519735,0.6373124293562187,1.0037815424360141,0.1833637991829454,-2.8074606930485593,0.15118747240715796,-0.9539463597287552,0.037092860348467385,0.7342475526470319,0.21215717954888208,0.41001641401940725,-0.22482017460626721,-0.2579304647381678,0.42281089716988407,-0.009184987147626437,-0.45008682480681633,0.7362906048023992,-0.40288948248275,0.19079766455296485,-0.03756436889139807,-1.8593789922329804,-0.40643810752737664,0.755984526456403,0.11101959716737839,2.9517483676953042,-0.6772344513898871,0.5606720155510391,0.13912795162239414,-0.11015079881294014,-0.671833191199886,0.7608874208667163,0.15996551983892263,0.09358523856970204,0.8829995851113465,0.27893247822335354,-0.4811182638970602,1.387541203842191,-0.04434337746747041,0.009884809135962474,-0.014383393061681219,0.20133733071132204,0.423844799767338,1.0874751184320017,0.49383484277554746,0.13106153019957364,0.14025975119842518,0.379650579636017,0.18684769251539615,-3.229257987852478,0.10832337741999885,0.1680924005171592,-0.8139079211826191,0.0185695737637806,0.5049746439342923,0.18274233212072777,-0.08842944966641561,0.27827401158720155,0.5341993829394055
2022-11-11,1.3145993494130375,0.662224889050835,-0.4108983050923923,-1.4965724105879925,-1.2724633903631146,0.6806792478536314,-0.3343709992212365,0.5771826493022113,-2.061257508003817,0.21894777472978377,0.5938275820756337,0.3653579697024923,0.5385614580024745,0.6225108966743131,0.507211929872103,0.5112359274475601,0.5814560165989177,0.2661609264133779,-1.6312994897382873,1.4315284054759725,0.5684603450706712,-0.36124193040120367,-0.363424173850649,0.05728589749678164,0.8145166637386997,-0.48371699253544115,-0.5410397866464868,-0.19379826725681573,-0.18276466599829022,0.3386070605314667,0.5293213853661963,0.5322492819435226,0.6682708080679234,-0.35416913090079866,-2.546663182393557,0.5696598494872035,1.5992040273703154,0.07030204910989876,0.6728713250803537,0.8446947425611238,-0.8076773512244346,0.35209812570842763,2.5294782812714947,0.4790032997304818,1.6141540406973551,1.0684844324889717,0.3805397565553261,0.8457161745171845,0.319773779703984,0.5744095040863877,-2.463494158623919,0.6058801522004202,-0.6832469609913965,-1.648182019420896,-3.064425270437248,-0.5801227577215478,-0.557671027693079,-1.1026146655668092,-0.4431235642915853,0.7360637731153616,0.761647016988978,0.6162327322480695,0.6782841473089475,-0.10185959196414823,0.35601757975243015,0.16733554865395234,-0.9418218898575732,0.5060402765576416,-0.29754469830026775,-1.6701781546855814,0.19791693384007436,0.19587778384228574,-1.8739887667270552,-0.7394299410420232,0.45564933736663665,0.5601467734453274,0.3972098632176289,0.5070388836333147,0.2718549595234714,0.5137490987028621,-1.9124413888923115,-2.4246164166045836,1.023034828189071,-0.1632493793022541,-1.0252726279646764,0.9135648639774138,0.6802827185945103,0.4748328459003073,0.6888209315584811,-3.198211211870285,1.0851746965144504,0.7205605459637727,-0.41367720340725556,-2.5625318896256335,0.9175360506704299,0.5459380217103473,0.033481143199351686,-0.01112367484814112,0.8038279880651334,-0.05667401268851241,-0.1886909732907499,1.6857760982008192,0.17956672151610212,-0.9703784016329396,0.2679769665372995,-3.0575527803426334,0.4911401542404705,0.8052097329852496,-0.3788133805855908,0.960547240569841,-1.9892063931230264,0.6034911989936361,-0.2961334120991808,-0.2434561733032688,0.4932604627297542,0.4015236033730025,-0.2607205225507152,0.6288066091059664,0.39332572195900983,0.599423430380476,0.7265177068349924,0.7487147198270325,0.23691096094735956,0.4418494294860899,-0.9019352623397187,-1.1118175822201743,-1.103438616019824,0.5856859959552553,0.3285500959508519,0.39441987880520585,0.5572373301026081,0.6165093115868677,-0.2787571266698619,0.14502326595903056,0.612062593546004,0.23974867845097403,-0.9452761242474049,-0.42611176496196096,0.5915191763776383,-0.7049055346702569,-0.579465482391697,-0.12717114839050075,1.0913071032230868
2022-11-14,0.7477608791616451,-0.2419700867011234,0.11146775949571384,-0.05328123127564914,0.22686836498153468,-1.0697428576430645,-1.3866840576753627,1.0394931801488665,-0.13184112410534848,-0.9517410725550051,0.45803845158370865,0.319503984749658,0.3986887666455847,0.47599115978279066,0.39475791726153636,0.4218646880812713,0.5740182731543334,0.3077486224092728,-0.25161825751995287,0.6742605884448398,0.5096159195714642,-0.4453247338839458,1.090020949348533,0.451329852105851,1.8813486249719562,-0.6638742723841534,0.19803640798859473,0.3398275635449799,0.4688976958827564,0.5025382323545398,-0.021779686351204926,0.5510331895495086,0.21558555746434313,0.7880673297194652,-2.921664900758921,0.6257088458119534,0.6856608391994649,0.2537098289943543,0.4778640994845693,0.468726082797094,-0.5762174850053623,1.3802749911191199,0.5073305869798025,0.25115362272175007,-0.7566081000524537,0.4199852955829406,0.5198961113015627,-0.958993392890515,-0.21085119980157516,-0.7976915899447936,-2.215358969404163,-0.4635098121304186,-0.0966647792099793,-1.2693263786212492,-2.177002573486693,-0.10496740873891239,-0.19111793896778206,-2.963044811349154,-0.10812011813961428,1.07384056304547,1.4304811906958848,0.8978774759752484,0.678819750903017,0.33685956663566136,0.43014094556464083,0.47544964112695226,-0.8543104546778242,-0.06263109260254951,-0.26308866796815555,-1.5308939799862602,0.5292720746998069,1.0653718522994369,-2.273567180382396,-0.30339603353291733,0.36729882759074145,0.4547067041777447,-0.18320610191206424,0.7358884552225391,0.3899065376986235,-0.2842027263895409,-1.8688740829239265,-2.325216776458704,0.7054405931389662,0.9909893643407071,-2.942943673798727,0.47285923924726014,0.2277589791582051,0.7498582729832468,0.3247974222044563,-2.263154581845942,0.47712672480003654,0.3802027489450139,-1.6848876613817223,-4.066340838983768,-0.26009935240004295,0.6595807106386619,0.4188915608746864,0.41485441709391147,0.47932341828307623,-0.49546662457795226,0.30069056082143936,0.9735518208712419,-0.005299055786031208,-0.45249242297877135,0.37105962082832433,0.09372704154597306,0.46895187295678487,0.9065464132201587,0.4143660783751317,-0.5998700654699304,-1.487307844092313,0.3785123344499932,0.1507787029276786,-0.0856431189036248,0.9561663948544711,0.036053457901914936,0.34857444916298985,0.6135989521295835,0.34422262004257115,0.3233262712583897,3.613046043353205,0.5475295335988986,0.5197786682563673,0.6849585488999108,-0.6258927394827863,-0.991379335637291,-1.0057763447428323,0.6168503143900992,-0.6778176674354095,0.5400443935090785,-0.15147363204965533,0.631871583753672,-0.42512802494603696,0.8296865977414709,0.22268590775089409,0.35933741207371267,-0.6400171427078605,-0.5891994231178783,0.6048961250456624,-0.13512597015423836,-0.8425633923245609,0.7409497894355739,0.9098300393538469
2022-11-15,0.8283088342649795,-0.8197815395496733,0.029242984586752487,0.019614333903550125,0.9450433990775958,-1.3976721617915795,-1.791966175234473,-0.5279667056243958,0.25733359212213613,-0.09904357223983203,0.2948013077262823,0.09437890228107601,0.2137256170929787,0.24496840531313052,0.6398274297348413,0.6196941518844357,-1.1379477128038997,-0.014691417859532837,0.6144862918243517,1.3812307673676003,0.5325088741694818,-0.8464275642103662,0.9301167654183926,-0.034018381861000035,1.1928453434035813,-0.12157049913958454,0.46206919270702496,0.32922682520319424,0.30297807347210276,-0.02244241048268709,0.9357340544356734,0.6688565606893205,0.7620175228931745,2.903558299989869,-2.4879749142396967,0.6601290775819201,0.6730226557298785,-0.15749577987276897,0.8271458907654075,0.013426417722649199,-0.33262440923504744,0.5453209575805877,0.7653495227134369,0.1269686933541105,-1.215447286100633,0.6019642182388936,-0.19463553566330916,-1.2847670228188415,1.3298667243761308,-0.8644998819117381,-2.2282003595469653,0.041635901155560096,0.09775262573719093,-1.2870930346774092,-1.9015646492007123,0.5318551765854239,-0.38914560879544136,-3.0927567321032536,-0.43486993095556054,0.6849337219046664,0.43531814101518546,0.3293399124076954,1.0016726560564415,0.8837671700783678,0.8308358163256785,-0.9944432145250175,-1.1341083408456263,0.1085776913032957,-0.28088760089262355,-1.5968593649115144,0.6261524966918182,0.8760841563730883,-2.926773093208763,-0.32266543275467574,0.5783023896964293,0.5242877303023573,0.35690698291681344,0.6409796187020674,0.5995461179518479,-0.15584937922207123,-1.6412881553928538,-1.5514655444654446,0.4685777205083794,1.1265658895848856,-2.5473339252059555,0.763429937790402,0.36763222229376485,0.6655095722108368,-0.4070157332119832,-1.6214733270253716,-0.004441446611559183,-0.6755393714709795,-1.8251306414414823,-2.271379412710685,-2.848982495212588,0.6944311949706296,1.8454246673974564,1.9428701732405607,0.5187612130784932,-0.6948599813461062,-0.2835511398343382,0.7894172430075924,0.2195564188215324,-0.3093282344410061,0.34597533976697603,0.6807452326980792,0.6642470563474108,0.1772905482856568,0.402725762428175,-0.566388980118382,-1.1364339837693702,0.5096195099186902,0.5233629993432035,0.20310197398900215,0.5622552303833067,-0.11846645843432836,0.6293921483577217,1.3366155034565397,0.08990126031220916,0.55073566273943,1.0431093725907694,0.9420025110834503,0.44530162955632463,0.5686187378704006,-0.43662764926054765,-0.8459453470709152,-0.9619853929351175,0.3919329335172847,-0.8809049055629654,0.5804533525016732,-0.27773736223571155,0.6616958234403958,0.5634953073331571,0.6038843289855574,-0.2659392356553426,-0.5894253350624359,-0.13366098145952562,-0.9241407711061683,0.8588683702090862,-0.03718099438982424,-0.6021331238126899,0.6625664826928555,1.2611663179812
2022-11-16,0.6429783793534107,-1.3850562218766784,0.8704953652238414,0.7673336178472475,2.0891826817202266,-1.5878266583064735,-0.722291164674022,1.8366346847217419,-0.7873643259171312,0.24555432349286713,-0.18805843224756003,0.43020409107569313,-0.0011003913816257434,0.07820481828807305,0.857193291268623,0.9974599188115976,-1.9416458979018716,0.2972822349771932,0.20153823719059677,0.5816828776088359,-0.4773016754082379,-0.909755267379692,1.2595987983646353,-0.7403393718116701,0.3896633103897653,-0.5042163984118353,0.7058076214446588,0.39681741568718637,0.011451900500188988,-0.10664182180387603,0.40672108753961167,1.3515888886989238,0.4061617515992021,0.2880949442979587,-0.9860472734259683,0.8043195265288737,0.5046245345159878,-0.4922715398990599,0.4946893518754415,0.1560931659260727,0.04156333126084427,-0.39884263990700936,0.5008301367563368,-0.39633296057036493,-1.9253111984023994,1.1272657590460788,-1.2237845348322938,-1.5985100385202236,1.2350181047310556,-1.4259288902458775,-0.2522069400776334,-0.2648621192624926,0.3754925896071299,-0.7887569512975586,-1.015931089461157,0.446574521980113,-0.8356028593450757,-2.3548947835045384,-0.14239405879728237,-0.061010658956543215,0.13554986536592553,-0.19121891942302574,1.0577872664187893,0.7224580378734295,0.4753691942523568,-0.059952141502905634,-0.11486296256518683,0.08019335302491576,-0.3614140402642136,-1.3258315080647392,0.574317716554615,0.5962949358628957,-1.9693357712158885,0.3090542219520362,0.4152142629431057,0.4649585757716705,-1.311421143816997,-0.5218380158402747,0.10390080545412879,-0.5738796863545205,-0.014496258580014831,0.09880178659698029,0.35189675523785935,1.5879546139913834,-3.7835828474694257,0.8815801114656591,0.16874827556884606,1.8208029803920402,-0.5453609995844455,-0.5917676564665442,-0.6155068807465909,0.35898929167226756,-1.3728889455081081,-1.1001344728404034,-5.034246511998053,0.32498542176645684,1.1348412533244239,1.1968148699341954,0.8623258238753632,-1.8127774944493684,-0.9110384956606191,0.9477716076534337,0.09913380676161347,-0.015335329155293554,-0.16511250542113132,0.1491861963046954,1.1545646822987101,-0.5834558715985796,1.0433270986290377,-0.6213665329011498,-0.061457358497036436,0.4266480023410182,0.33968254860490676,1.3755283072889213,0.2866765465924382,-0.8299780620263932,0.8864203608330632,0.3049198223561731,0.27355726477094294,0.09351339980473582,1.827664312987106,0.8038589893323168,0.34950823547544196,1.1045215698417428,0.21503730611439592,-0.6816323839779468,-0.4844214185794022,0.305288793354725,-1.0129613001952087,1.3225953040052751,0.3909448770603321,-0.4261164382749135,0.08228710229587344,0.4327501739973878,-0.4578248766486491,-0.09574581893143297,0.25259768814781713,0.23033372630231636,0.519109493185108,-0.0378766888873067,-0.5306771504466911,1.359313740079234,0.632101013469737
2022-11-17,0.988190500136911,-0.48931640496959267,-0.188527413058325,0.12624943925646295,1.8679096865774287,-0.25657220569498246,0.4791593152540784,0.3297440454347482,-0.9674397739858891,1.4970896926305426,-0.22740393286924918,0.6434051459795358,-0.4596953708656699,0.7118215683318792,0.9587121553970026,0.18624784132954406,-3.352239983885276,1.1815265422766243,-0.30053141248377435,0.770517680840644,-2.326752138158234,-0.94824366841961,0.284719464549245,-1.641111245387022,0.18624784132954406,-0.4975819185655181,0.16014546449044428,0.4352980759392038,-0.22670531468037594,-0.5580314673751681,0.883809736585312,1.0313696651453779,0.17601695193628483,0.1686013107452345,0.6999011359725836,0.179421586350382,1.0039001587198724,-1.6403365836557706,0.007773599960853255,-0.1655956582535554,-0.1529882041669109,-0.012361191215600474,1.2724125761559617,-0.8131991509171068,-3.53137898754023,-0.017445034711809967,-1.1280169511793243,-0.3722416271358777,-0.7745974808657089,-0.17512243371126548,0.33307595161793346,0.16653020728479265,0.6330546498634689,0.15969026100961634,-0.0006090922012952214,0.09712688225624752,-1.5346088037056909,-0.1812759643627204,-0.6760544394303692,0.11609915209601113,0.27634405116824046,-1.106284550649206,0.12381142292734235,0.5520276633093506,1.054244008585335,0.8979204270067395,0.795825097053911,-0.028203141521980644,-1.2899915063452196,-0.060994570468852385,0.41213717086281093,0.2581732596465216,-0.3255152583150926,0.1787048584778838,0.47926234077231983,0.14970155320757494,-1.4113068530798851,-0.09201639773299718,-0.9574730575316828,0.6767407341758285,1.6489479292499236,0.48084445518732255,1.0981486862795504,1.5046341061631958,-0.7862794908620093,0.8242463553172373,0.8734732507359486,0.7171786174683792,0.13413030227832407,-1.2449489800305285,-1.3039437072246758,-0.0999349822323543,0.022730181009014534,3.195565007572795,-4.573129404482275,0.3817987985784391,1.2269703653139201,1.3192645844367838,0.7851226479043074,-0.7190538299653891,-1.4106386049674855,0.5867083471646998,-0.2691512723887988,-1.4269730698297014,-0.7584275785321768,-0.41680030884503727,-0.3656094516494029,-1.5110938677200079,1.0664384792348176,0.059980171926936755,-1.102137266823291,-0.14871603353430304,0.14679665523403193,0.8213847921556132,0.02054631526367027,-0.6277286163724135,-1.417793086803689,0.07937732685982844,0.980156052024924,0.198303938486621,0.2558498231999504,0.9526134015670855,-1.4473994743062877,1.0691418651145712,0.6019599768782385,-0.26359225766995603,0.19228333488459562,1.3171053188415298,0.23866351858251703,0.10182415084495805,-0.0260613102865904,-0.25367486788208593,-0.1232107870255746,-0.0889108535831917,-0.09920650605369835,0.1654846767236231,-0.17283425553156673,1.1842208282736568,-0.37318142667533466,0.1783982871955644,0.09615163149086466,0.6201933722126929,1.180902056069173
2022-11-18,0.15516373725440064,-0.5502491821466254,-0.31664272995099924,-0.04291885491269243,-0.03839534454427586,-0.00010424150903297825,0.006016958339777658,0.8606792683960686,-1.6985238243371885,-0.012327607970665257,-0.7938687508771503,0.7881686727981946,-0.49012082155154824,1.17606099247279,0.42032370847824907,1.072842704238396,-1.4618800775636709,1.5294307063997585,-0.02983384803923138,0.22401303326530425,-0.33100477697290526,-0.07511407995652139,0.0505751769488258,-0.5068082558286541,-0.5082593878730526,-0.9464388894215664,0.578201938283376,0.2749510728696861,-0.021300107599140392,-0.9197011132161396,1.3526906332637507,-1.0667124076800965,1.028447583519398,0.7757792355241865,1.0006878978272862,-0.953874622127566,1.186320968466828,-0.04676884573206214,0.1859772919875666,-0.07450011324653326,0.13664390758317252,-0.19237916134117763,1.055734127234461,-0.9854595691383283,-1.3977234651721668,0.22564116433743253,-0.7938556417380018,3.3178933176187435,-1.116140962134233,-0.01337323836248616,0.8552464435893747,0.061882969751650876,0.10543868162466279,-0.4448939485608546,0.031150921680009172,-0.17239984118130675,-0.2447383973984234,0.2836654191245126,-0.1719529636877311,-0.9291684323388286,-0.29570419219166033,-1.1560394598126758,0.7795055585990398,-0.012327607970665257,0.5530878993755126,-0.46560688192210303,-0.8240979346252769,0.9482834396774729,-1.331327269478868,-0.36575369904691407,-0.0600003979544847,0.5348871666325887,-0.5324513280298071,-0.007373192067234882,0.16595763946364064,0.4257509682082988,-1.7505263579551644,-0.017132753605838123,-1.1085580504745065,0.16147882387127155,0.47643752771348524,1.4523751452165012,1.8290234646522185,0.534142869695678,2.651727542889471,0.3052686954311294,1.0853300233601153,-0.9312773882302413,-1.6458815423145676,-0.023262733701419402,-0.8062655843699973,1.2471017646897073,1.7625099584309447,0.21287889670258364,-0.8569765454068663,0.22717528232349307,-3.1783882486609416,-3.4541211867481927,1.0243148388044663,-0.9719437681736606,-0.32668085827953947,-0.10103518425054082,0.4720045405766294,-2.9450393009093765,-0.9313640489035888,-3.6541179379736013,-0.10051492565113297,-1.3538315857925753,0.9765296524159788,-0.1788339036110582,-0.16456282763437646,-0.07369947553603899,-0.048461969362218305,0.9447930559078817,-0.7327586203693025,-0.1063435891300609,-0.2576924571181651,0.27327698565361924,1.955422454406953,0.24832393789967033,0.5075908545973447,1.4004859713638425,-0.7518967163806193,0.29007942089473204,0.22727148754151544,-0.23611859433327834,-0.050379358706043584,0.4307406043101868,-0.039382488098555934,-0.042076252005584035,-0.298382966420756,1.213623453250322,0.5322158679946809,0.7574092862470871,0.39907245467629576,0.5777775912661836,0.12615868388570975,-0.20025928297548704,0.615814888118411,0.4965772643352617,0.40413735853488186,0.5760526863992517,1.193657431400898
2022-11-21,0.039902734064395894,0.0418278366814627,-0.04812914991160344,0.9170482788249787,0.7447057074756108,0.9053767516243357,-0.16316384974748105,-0.829907360486248,0.015413263737110267,0.4150888761494969,-0.2449720583515639,0.5951705317290675,-0.741411391716142,0.2523877152677973,0.6061166260033287,0.8429874098254979,0.3315472968289182,1.2432080042040934,0.39506896640709666,0.14429959954296176,0.6280636795146186,0.052481735283159796,0.6325880317182054,-0.888549845005161,-1.2802530567038435,-0.15241057652997742,0.5856777090249338,-0.9734125301095468,0.0430121300932211,-1.2328987899992059,0.05678416638456019,-0.627845684356024,0.06081983536436636,0.1038846156679163,0.6965798671587003,-0.4653082299745102,0.4484316587416487,1.051903125069738,-0.028874601203310948,0.3849612997311568,0.7494051172808921,0.7115292552356005,0.24155238250843097,-4.681447502480773,-0.04747481441201537,0.18693296397791298,0.2246997111160208,0.03175586481366262,-1.0235248301025839,0.07468572295134811,0.6772819892620003,0.8086739003808268,-0.45142710769707334,0.051156478503862075,0.5623317703138249,-0.10974301059182809,0.9017093241725274,0.9460046080451402,-1.8619678232399943,-0.8850307523747488,1.198802926156216,-0.43040367181719436,0.5191087475999933,-0.26147164364584935,-0.06121248616005226,-0.48025244574373105,-0.7553708835521348,-0.022690552436716922,-1.9566927480263276,0.647863363216185,-0.788136144894237,0.6049737917700234,-0.12122513058913947,0.8549165655288855,1.3218695536962242,0.34522366503580776,-0.10606276904562166,0.2728388467348262,-0.18358698582055832,0.22572600814795782,1.332922387804557,0.09186914084904911,0.4197524872356518,0.03900105164601932,0.3103393792253108,-0.11121422990769586,0.05991433714681584,-0.021655887020980265,-0.6726145278240508,0.4989706682929533,-0.8468668427914853,0.1760203405320562,0.03430793289030666,0.2907543000559173,-0.40542853019555897,0.4609598177969744,-4.006337504324067,-4.331071900767684,0.48971291364725966,0.741967286426627,2.2391044933482656,-0.6530780218168813,0.9484523406862355,-1.9320844504843617,0.3078624216200424,-4.149481263443079,0.22574946233254808,-0.5140665826200242,-0.05934884979343513,-0.8320971138208478,0.08225676099395278,0.10543643865756079,0.8327339785764174,-0.06617332610141936,0.15563452843152228,0.004925085382530909,-2.249359873440202,0.5211814923364957,0.6765969662895187,0.3792923782138626,0.0008817056710814367,-0.15122514443308324,0.061023689222112466,0.03270025387515369,0.6552585813678656,0.7730676309053875,0.8101716867891592,0.0483721274660595,0.30531569052327084,-0.05987066204194916,-1.5363790488471019,1.5539369167399153,0.32810488553168476,0.25178739432823355,0.489867147010206,0.05063115936219493,0.46900251720048414,0.05598850990396648,0.08225676099395278,0.7006431066010467,0.6371768520881271,0.7827912132366156,0.594135958596044
2022-11-22,0.7121641598303922,0.3320624618794227,-0.11886034342998496,0.3266631233580695,0.8524440159599602,0.4313379563747348,-0.42795204160249,-1.2241478655131248,-0.30845027927453195,0.43486941797277695,0.040688371301637105,0.7769560382140528,-0.3511936848348079,0.4743793771124529,0.41545694576959186,0.4592815969362257,0.44137237111168404,0.3120917029756611,-0.9362742574244551,0.36192695535693237,0.2487584230879856,0.008979524082577657,0.175619974399537,-0.018563015741610928,-2.2462787558018915,0.8260063606236094,0.42255402937738057,0.10381437672630009,-0.0894319418607103,-1.7233463644943785,0.41723337167144936,-0.002953267368605204,0.4501883017270345,0.5432695373604658,0.3245951437122398,-0.0316227526430562,0.4415035148806027,0.39922476099474946,0.640210825271601,0.07648866585064858,0.938195887576133,0.4343058289916434,0.5161917594391486,-4.620130489467899,0.5183677400501161,0.7998759790615181,-0.23391138702834027,-1.042490503355794,-0.5043810083121333,0.25237507874666776,0.40746858647482875,0.35118916029753733,-0.34026710826891965,0.02603092475318874,0.5369959364626791,-0.5286276756166001,0.43235384397278875,0.4652046875333611,-0.5681980096626023,-0.4775862858055516,1.029815648839697,0.14833310371646316,0.4174944991949741,0.4678715244178055,-0.1286066881961684,0.3903468076385318,-1.1895365537338947,-1.1265755505867714,-1.1006914687731137,0.34578215703356074,-0.3543509407495558,0.3644581959651589,-0.48342909162982173,0.27490530738966457,0.29606430286969215,0.525627285256999,0.5708921997347148,0.4615577624371139,-0.09567139166756866,0.2551912828831326,0.571221203093828,0.5412716939172298,0.32389750116880683,0.13467059237811843,0.4319014432991932,0.47732397959713535,0.39034674523560636,0.8419090459753785,0.8738275440660184,0.5064513540810305,-0.2464949264065561,0.6923040062118297,0.38051703439457735,0.7659827000926249,0.31267242924385447,0.814509740048504,-4.351002829213415,-4.726427341060208,-0.04431800667708126,1.3834807512930447,0.5597126523096313,-0.583867833505706,0.9026248257252839,-0.8819277774337438,0.0701429125511849,-4.212819205480492,-0.5603100532512704,0.4283433443578504,0.16055157550620014,-0.751029062733866,0.8081599108732846,0.4621118789599924,0.4044588879847701,-0.06273012376353057,0.44486755237399195,0.32903078671885205,-3.743481568726115,0.6001580969020816,-0.017098524775507114,0.3661109455308566,-0.11367874161918473,0.07609536355384436,0.42038591821573673,0.4652672765622838,0.36144571459263947,0.3589121572483665,0.3775305993568697,-0.28919897545383827,0.20667633038531313,-0.02202856410028899,-1.657687029503125,0.6946380351847715,0.3725911853582678,-0.09388172224443594,0.12784669419063946,0.24389702852826695,0.16650241080296774,0.009864864318302228,-0.09723911736167759,0.46184595618964563,-0.34043813255854927,0.03420443115319277,1.035886364524184
2022-11-23,0.02132402049870247,0.551577658922023,1.7348979948086294,0.6122576831028885,0.9707293008445245,0.7260202542460059,-1.784782031978786,-0.8906462284732629,-0.2686380553450737,0.10310026374650631,0.4575942749049024,0.7412504555332707,-0.3387848322848286,0.77314368795484,0.6348274853941839,-0.13272708865145066,0.6326845141369442,0.1118611309099089,-1.3831659497004516,0.007482475641751411,0.5252544877580203,-0.17163684096310683,0.039954473858068586,0.5604223703213652,-2.4677923685529803,0.9554525727165829,-0.14167966098101228,-0.3373975736338351,0.14120762522847013,-2.167186038316102,-2.15508758826843,-0.14289762426946626,0.429084359728231,0.3408508760387427,-0.44328705144755587,0.232617359658331,-0.3011083323777707,-0.3687537007434961,0.3107589227719594,0.35902419736801705,0.6121610490497942,0.07192061031138411,0.5887457832761188,-3.9276486556847354,0.544895446806762,-0.228926368009966,0.1621604710510534,-1.1663268410996879,-1.663235225051473,0.04668821562451593,0.5113144984770025,0.4354759392559124,-0.13453033328836153,0.21878742361246853,0.5596336263583477,-0.9682670114960267,0.9534317966087873,0.2958727319277821,-0.7215951780372832,0.021505832643265468,0.5710468845893656,0.2144590822524107,1.1287662856591745,1.1644053356524626,-0.11643465599811616,0.6213399503428011,-2.730294429240676,-1.0954058231044916,-0.4354062349651961,0.534462982528653,-0.0385960987036125,0.5539016328964849,-0.3302791497652665,-0.4706016870645176,0.5586950484940393,0.8422823160596713,0.3554565705479717,0.7992589935456434,0.5525737115658869,-0.2900322003734261,0.7664912958261914,0.6794995173854806,0.1826167104966259,-0.4163288043158691,0.6274006930852326,0.1362054724210928,0.1945395522729391,0.7826780809503727,0.5720253645105755,0.6371536667807262,0.07437784475214335,0.6660575387037739,0.1520151845699134,0.6936816234823763,-0.30066556669117755,0.7483228108257045,-3.194446886581963,-3.486939252934494,-0.16848955010395028,0.632987166523842,0.18512302727148186,-0.4538609713367426,0.5464377904889288,0.3980327824723352,0.4467963386222076,-4.554545782685878,0.01729643925661321,1.188462446019227,-0.6863734459063553,-0.9016540983638763,0.8840398685936698,0.6589901440306877,0.6108305612355487,-0.44834116262371876,-0.149379964779501,0.4510708854595393,-1.9464980608130553,1.1669666293045597,0.3682397113647177,0.13811940469514655,-0.6065358877463823,0.5023450014442075,0.6828991776858585,0.5608150037859635,0.40006125740726967,0.5556346906818562,0.6218957073312688,0.012077738647664088,0.4732622848656393,0.6613066953853008,-1.9316891917149022,0.4004354596951951,0.4687278087555358,-1.6863087006422102,0.4656860975009567,0.4620568253636991,0.3664696189601871,0.6144768473730889,0.4265099460698042,0.6314482283387116,0.5080787033329011,-0.15553733792234864,0.5874792137751055
2022-11-24,-0.0796628575860296,0.7320132664168032,0.7467371047684731,0.5784586525719395,0.9336709076601427,1.1991261713981132,-3.81751208282404,0.19072335066678284,0.490857157035071,-0.02099244007196997,0.4433512974893693,1.1231213727289118,0.12259598261802526,0.7466561761017114,0.8472809822471566,0.09160625497062046,-0.01707458226792185,0.7133673102050363,-1.7758399523197077,0.39271472744690206,0.6309206538411177,-0.11439528017180495,0.19685955476626743,0.3852785760605969,-1.4375027971566625,1.7195893355429113,0.03236132994282632,-1.9365281064742066,-0.18275893847314764,-1.9407585440410688,-1.0355222372262294,0.1202354818345553,1.0829028875506321,0.9013869740953284,-1.3059804081491317,0.7601230616065136,-0.4381020867832991,-1.1818005056086769,0.24431244222405155,0.42185945476456155,0.693618705905167,0.12014331090004989,0.7894231767871529,0.01160339033392212,0.8214143115727559,0.3222797218052996,-0.4381561139409738,-0.3480880019699016,-1.3359778890884135,-0.7360236454088788,0.5092097788027772,-0.0793146267735754,0.3051397770017202,-0.5784370139519348,-0.16925581020565564,-3.1172863374238124,0.7354873298849345,-0.18094795345319098,-2.046919823527692,-0.32026448997869167,4.634148423755895,-0.24751228103926626,0.7513136772762445,1.9006515844346785,0.25930149798794844,0.48516496518939795,-2.3272596341393372,-1.027264353308845,0.3753579438365024,-0.8942753772338211,-1.4208607786815741,0.5614578389702486,0.31829511666285,-0.7389399062501286,-0.2259276286976989,0.8082115641857048,0.750732947009113,0.7801502012268223,-0.02422022191556362,-0.3486191511532279,-1.3612416814022934,0.7962140041600875,-0.4729374702766647,-0.7465869497143697,0.5391768565928966,0.40902638969053057,0.14473723769122768,-0.29118841954598146,0.8301487594091704,0.6342492649907171,0.41119731530794856,-0.23907770052005048,-0.06614590392474554,0.6388477305920013,-1.1851759135188422,0.4255979807560936,-0.45067852814591486,-0.5475137361634319,-0.4937569916075021,0.39145528206344876,-0.817204647971409,0.6906394216218429,0.756263600434955,-0.9661539907092526,0.4996312277007327,-3.1356033925441786,0.5277369699212504,-0.09420657706424633,-1.5360685055981715,0.6942420348871804,0.6561609780890936,-1.1704202316103316,0.2960039701759779,0.050784461387347844,-0.15528971294053676,0.7725957796483414,-0.10467183060914252,0.40518099397325,0.7325971646348509,-0.6401691913644886,0.7278855012289959,0.7096641138297484,-0.7390802850800108,0.7315849577167722,0.527096338106255,-0.46482714296335575,-0.5648819629595164,-0.019066372135674994,0.7379339430089733,0.981374859269837,-0.8086972232779047,0.5210993343232163,0.671544052446798,-1.8536614017763522,0.33019087113781775,0.439247888486688,0.1187738909292958,0.22201813804250217,0.2001643903631122,-0.5172562349757858,0.33834648332043504,0.21512370185582164,0.7757922378187406
2022-11-25,0.17440191957018789,0.10081128859302166,1.0331967671850453,0.671472482209435,1.1280733560084997,0.7833623790638221,-2.2143631876324905,-0.8141572965535773,0.4231753715278557,-0.5124907889369021,0.885004065704502,0.5004779872592326,0.07820575641388108,0.706226187959713,1.0192674336643677,0.5542556356995487,-0.8353263945811964,-0.4777952723980214,0.40806935765428193,0.1623102033894273,0.8068648229904375,0.40972738425712285,0.4326893210782126,0.9725485211637773,-3.7330551571433683,0.490953240948688,-0.44666320383419966,-1.2880202836240113,0.6140289693368967,-0.33433815864371713,-0.25796194268894096,0.5352301429925157,0.8852189639317538,0.5229615847857206,-0.7335087244737479,1.0100119416268463,-0.7240603890111876,-0.7129868138192518,0.455068821245707,0.31854068426043997,0.4004224445765087,0.3967485727164273,0.5017255999493844,-0.9210741446577948,0.09828176241546736,0.8922003456510351,-0.41845193098620187,0.12662427327592163,-2.3721601622032646,0.03588304171090904,0.12512485243831697,-0.039209343611672644,0.7470094745526024,-0.08317527406404844,0.4133844701631695,-2.8351445961263195,0.33138621337932894,-0.05303669276470927,-1.8863404701666262,0.43461378806793505,0.9659174553080224,0.6568111303124049,1.675657987802571,1.0123842994945995,-0.06917385675164417,-0.7547082748278228,-1.2800116909417252,0.0738031063518766,0.5809854469549462,-0.5771563889854224,-1.685043539580213,0.8691240273718946,0.9350139108928482,-0.2967165507534939,-0.3757595904764348,1.3436435150191153,1.2329998027222564,-0.49544774515076434,0.0933608663331652,-2.222649156532801,-0.742591489191278,0.9694198190414344,-0.2656228346050134,-0.9698572049330582,0.30046736691876746,1.0075664004829674,0.24636613321224893,-0.49229459115237445,-0.03804689036720554,-0.23246115839563433,0.5251894638072149,-0.030314298498207888,0.04762971821638699,-0.21375881717328735,-0.7439210812688487,1.0776393249199565,0.32718916811076953,0.2621890399562168,0.12084592377347884,0.041898540611002955,-0.6995912579563114,0.45048346755721413,0.5406827338330936,-2.9135746856371925,1.0123842994945995,-3.8142413155506443,0.5241646116574069,0.28888108936287865,-1.8116655479748593,1.1607763226500072,-1.6293045664406363,-3.0306856576562975,-0.09328982869789612,0.3321992707646984,0.356705048508251,1.010203570738176,1.5979457806194477,0.982722821264285,0.5626987486483265,-0.12696015734883576,0.6672807853715571,0.8062826928556002,-0.07623866471611196,0.3015238317585747,0.4684172635701683,-0.18065173650454938,-0.6100279225486597,0.9327717390466351,-0.09671786074076918,0.7237065408515204,-0.481973254558674,1.22374584724769,0.9982383940878804,-1.6672832817786,0.5775834571053339,0.43181216464645406,0.38326395132533986,-0.36004764306111586,0.055982841397131264,-0.6292873449907783,0.6253890485012027,-0.5016547344785156,-0.06545735174938264
2022-11-28,-0.31187107335306985,-0.20637797002944205,0.9953930038728208,0.7508435578804649,0.44083947356448594,0.39881196550237363,-0.37243565722754174,-2.9252992097030344,0.7050702529337188,-0.469896398200732,0.24865927461947512,0.1388888475443549,0.04918481793896948,0.20174521412082513,0.40286459491020565,0.6109333666984497,-1.0252673431553425,-1.0965540924851307,0.8139004470908283,0.30129776601423297,0.7101620412137116,0.4538755797141739,0.10160501683973339,1.0978159862174663,-2.5142494297667755,0.5519296394060978,-0.040326330728948326,-3.1277647816864707,0.3279015296278743,0.7243466421876898,0.40684591445754964,0.6901524253535337,0.8223375448981916,0.7171575630105197,-0.3452787725352252,0.8790515268605038,-0.1944734663378121,-0.35092610344517455,0.2714281667223519,0.008496723216148479,0.4794240992641592,0.7965118512451348,0.10478157047300182,-0.24240147393174624,0.041271961446963795,0.42140379826475866,0.06979097153754311,-0.11105288426862932,-0.7383191783377956,0.5276268313268487,0.03996435147390343,0.5137194226294751,1.380209668864202,0.3080295692424233,0.8228244636974461,-1.9081549321915896,-0.8525084169603989,0.8602833442040054,-3.960522476849307,0.6892355416201887,2.763148351454101,0.4039376022150253,0.8150561056027584,0.8697483811830203,-0.5182960723887261,-1.8201541047945995,0.12686420382119898,0.03541993034328302,0.4542362840090409,-0.10383389896537833,-3.272890829356464,0.8641980912224564,1.7451359116500897,0.7853543474181711,0.1982767003068157,0.8635111974789338,0.8739812994658351,-1.193110961526481,0.16583647633878743,-2.289174916208688,-0.6826315691486168,0.059863748219437185,0.33300900396953714,-0.7440191244138138,0.011374878606141265,0.8487757699511331,0.5833975941003837,-1.517108037005789,-0.8886323394061542,-0.05143687694359579,-0.2733773726001888,-0.4794911857521954,0.7589712441781915,-0.046889401494221876,-1.3070329038511943,0.3367830201222438,0.8592891948408503,0.8580687856091808,0.25905769641616005,-0.5373373925287299,-0.10978217629688172,0.48401904068866475,0.0644828794849948,-1.922811471286979,0.7775942725198006,-1.7942057902198985,0.356645706273873,0.11589665208802301,-0.996220461827339,0.8536246644394586,-1.5462236905175288,-3.042686251951201,-1.301603204494087,0.9293954071538064,0.6779765608837638,0.4815762313019892,1.2698475992056473,0.9294260875951152,-0.019929889163769792,0.13580654589863075,0.624830467787738,0.4262502406466073,-0.8166299719875447,0.16114118151010595,0.9653900986183355,-0.11138656355000792,-0.21541572015554522,0.9094194921777976,-0.011266652881543786,0.45348265526607634,-0.022786375697697713,0.16286269292641803,0.4743566979728842,-0.16799371956979434,0.5556454992855044,-0.08525271963404872,0.2973324719121147,0.7455752383680038,-0.21828400529006675,-0.823337775285811,0.34625733012168064,-0.3691412708592385,0.1453068278924475
2022-11-29,0.35204254433441223,-0.20525300650339723,0.8294499068672014,0.6450326592931572,0.7358789774606941,0.5105682021224167,0.537175267056267,-3.7928655966070632,0.5521107184264606,-0.047493876419668304,0.34535948654684756,0.014222213590734882,0.00434539860091652,0.22944310659331366,0.7947805319708524,0.8379100046162892,-0.7037064878792082,-3.012863044156514,0.7686303025273881,0.5773371378943642,1.0139307214572875,0.860288845220179,0.5007725694014787,0.8243483135007416,-2.6825603860304117,0.25876141027073796,0.3523040108736673,-2.115116408387471,-0.3824132355955744,1.0527621118740387,0.6767275498954544,0.9553934754754447,-0.08193383035278827,0.9718998334452289,0.22523670561536477,0.11075574331645606,0.2173399945466223,0.6368616938865943,-2.3055093488676484,-0.165253600572824,0.6978018750635288,0.26416298553289447,0.2788424188384377,-0.33445602636722593,-0.06750341167218807,0.7843514721433991,-0.43032214178208666,-0.6946495617500987,-0.9904639800150136,0.08497717459238226,0.4143612526693511,0.6222371213804515,0.6589241047377923,0.2239591400620952,0.7887609159446554,-0.5867472070625432,-1.8767153322298944,0.4397682949132069,-3.303822111038903,-1.186482705218646,3.805931523231898,-0.06064860522952753,-0.8416727767613241,0.7568839894702579,-0.05854506295619738,-1.0915231492435695,0.40380285370209584,0.553117047412205,0.9940105126125769,0.3744407503372266,-2.0207400161255333,0.4512027076212264,0.6191318971186107,-0.04889929629749526,0.6652743637935279,0.7545659612143397,0.806007497081832,-1.0272149597230167,0.643557516761172,-1.7530281541143373,0.4419326034083499,-1.2014612608895208,0.4168370565240866,-0.5513096478253215,0.09607241614427689,-0.6904863479128923,0.8561018009058746,-1.8826989837514736,-0.3594266657702118,-0.29277346763627826,-0.8382194920137944,0.04068273917626562,0.20368276759767234,-0.3972379866840311,-0.7580628875599058,-0.5151741090982034,0.7180674380696279,0.7178712491207826,0.505650960139293,-0.8119408813889712,0.322111011514401,0.615934234105256,-0.08858253617667691,-1.3351742117704124,0.06207699910756138,-0.7566008203925276,0.4215848646326225,0.5788797264665619,-0.2883409204932182,0.6699413109771392,-2.545582128343543,-2.1058717290758033,-1.5475166298599676,0.6194947115225059,0.6858921918354417,0.7273480477220058,0.7175032092295359,0.5942554028889319,-0.14638266045005663,-0.07652590075557499,0.3731176130237604,0.7179628176353747,-0.35549141386714056,0.2155290390926459,0.421808330139972,0.3342979691625808,0.3073464859022756,0.4266566716344245,-0.20997347312020734,0.3260454989498043,0.751807615405069,0.7358921074869532,0.2856554884898077,1.0782680954823187,0.2585391776698835,-0.5646193340061111,0.651033707288994,1.5388854551679154,0.30369484648326056,-0.2435160551966762,0.436819348996077,-0.6872384269173598,-0.5344125320990757
2022-11-30,-0.21545099433060705,-0.3124943941156674,0.5813782095991765,0.8422652610748015,-0.2631480134664173,0.3391769559074723,0.9717367738840029,-3.215822496276058,0.4890477427883859,0.7790546401476274,0.010689513414377872,0.4811773353937056,0.13086990670109122,-0.5789228013112659,1.1710648942767978,1.1225786598582608,0.35985247207748494,-3.5237180348535575,1.4410289269618726,0.46605205176307646,1.4498701134665668,0.3472116711928847,0.22229356774244657,0.30398726667193526,-1.4286409875805535,0.4691192172276154,0.2823537277153068,-1.8579790258252091,-1.058002398483585,2.023429887354773,1.058598470259428,1.02693871500803,-0.7844643415237342,1.0259213925092798,-0.15357044451690574,-0.66196227548019,0.07461522611355242,-0.35713473605595863,-1.8746119529606893,-0.04800577897200492,-0.3047875007799973,0.13705833286174193,-0.14820442799773895,0.11468170012917855,-0.09966650046001262,1.349340219928755,-0.23225297913117315,0.33911249455398085,-2.4256052776689847,-0.35711810289496304,-0.1182275634624189,-0.2017427781665144,0.12987837947033368,1.009594571193568,0.7438360022920978,0.29537780322630147,-1.8608510155320643,-0.8096657513060965,-2.510527290849591,-1.9054624047073552,2.6124637626028884,0.09208441895781251,-1.3701139730867753,-0.24994185739245697,0.27252612888091965,-0.7325024387803183,0.14575662125313626,1.3083759648161088,0.9784184695854471,0.8016748635215936,-2.0211361723952193,1.035587277052375,-1.1674888195143758,-0.3555042374030024,1.0129854156712683,0.24458115956325793,0.5024599358965798,0.2278778958271049,0.44437880751189335,0.4222970252412007,1.6701085311963608,-2.170896460241314,-1.080711640638166,0.23803010823082904,0.025518029418089054,-1.1480161739280301,0.9201192148911672,-2.076776041550202,0.1142532797753398,-0.338834155628028,-1.0868691320857584,0.8556896263614746,-0.4614326925432708,0.13028297434239466,-0.1122579053720945,-0.2496568493868223,,0.7133711472182498,0.2628481213663918,-0.34737609295694843,0.47078638726723493,0.5550364447888674,0.04372127911702256,0.07758539225482765,-0.1701841310336928,0.9353448177970446,0.9707739875249186,0.14981157870846828,0.8704513146164032,-0.30083076607288706,-0.6800536194494234,-0.14235028063514357,-1.315823572813974,-0.4320529597785,1.3750310935828352,-0.46541506993994447,-2.129657690387308,0.989500073094525,-0.9966604146322263,0.449698463153001,0.3282490581761643,0.6118527350252515,-0.6494874082664971,0.5850696445423391,-0.12186110589429888,0.9809818361422743,0.8523329951022574,-0.12899074078990633,0.036690001494253485,-0.03359981630892815,1.0244912548661842,0.5866943053344679,0.29783831193346777,0.9544039716847939,-0.5047459896189866,-1.4880020619887346,0.027372775710351526,0.9352977229139514,1.018762034483048,0.3781826432475886,0.41346150009068616,-0.2725952356425887,-0.43043672973481406
