date,ABREL,ACC,ADANIENT,ADANIPORTS,ADANIPOWER,AMBUJACEM,APOLLOHOSP,APOLLOTYRE,ARE&M,ASHOKLEY,ASIANPAINT,AUROPHARMA,AXISBANK,BAJAJ-AUTO,BAJAJFINSV,BAJFINANCE,BALKRISIND,BANDHANBNK,BANKBARODA,BATAINDIA,BEL,BERGEPAINT,BHARATFORG,BHARTIARTL,BHEL,BIOCON,BOSCHLTD,BPCL,BRITANNIA,CANBK,CESC,CHOLAFIN,CIPLA,COALINDIA,COFORGE,COLPAL,CONCOR,CUMMINSIND,DABUR,DIVISLAB,DLF,DRREDDY,EICHERMOT,ESCORTS,EXIDEIND,FEDERALBNK,GAIL,GLENMARK,GMRAIRPORT,GODREJCP,GODREJPROP,GRASIM,HAVELLS,HCLTECH,HDFCBANK,HDFCLIFE,HEROMOTOCO,HINDALCO,HINDPETRO,HINDUNILVR,IBULLSLTD,ICICIBANK,ICICIPRULI,IDEA,IDFCFIRSTB,IGL,INDIGO,INDUSINDBK,INDUSTOWER,INFY,IOC,ITC,JINDALSTEL,JSWSTEEL,JUBLFOOD,JUSTDIAL,KOTAKBANK,LICHSGFIN,LT,LTF,LTIM,LUPIN,M&M,M&MFIN,MANAPPURAM,MARICO,MARUTI,MFSL,MGL,MOTHERSON,MRF,MUTHOOTFIN,NATIONALUM,NAUKRI,NCC,NESTLEIND,NMDC,NMDC_zerodha_original,NTPC,OIL,ONGC,PAGEIND,PETRONET,PFC,PIDILITIND,PNB,POONAWALLA,POWERGRID,PVRINOX,RAMCOCEM,RBLBANK,RECLTD,RELIANCE,SAIL,SBIN,SHREECEM,SHRIRAMFIN,SIEMENS,SRF,SUNPHARMA,SUNTV,TATACHEM,TATACONSUM,TATAPOWER,TATASTEEL,TCS,TECHM,TITAN,TMPV,TORNTPHARM,TORNTPOWER,TVSMOTOR,UBL,UJJIVANSFB,ULTRACEMCO,UNITDSPR,UPL,VEDL,VOLTAS,WIPRO,YESBANK,ZEEL,ZYDUSLIFE
2020-07-02,-1.133694443514095,0.31213562179960436,0.08671790578231865,1.5918810380189736,-0.9306353763301537,0.433462022305888,-1.0132071597969703,-0.028391776891750067,1.0651653858739165,0.38789155213967147,-1.7953747028794422,0.8183700185690375,-1.5551662159143635,1.7942394220030107,-0.9236652770105457,-1.1609108754239847,0.4110344167350435,0.9444375847210108,-2.0175420948222214,0.801506852664982,-2.0552171304104667,-1.6996455211433834,0.8103374860402099,1.36083412671418,0.3151249477177351,0.4112575514725189,-1.4585500071520345,-2.371430323670597,0.23313182751961523,-1.4874513305957902,0.5147077639207276,-0.39295698115294597,-1.0287601071117967,-1.9409567930971743,1.9756742952726796,-0.944194648933457,-0.6343187272644008,-0.7607162625076158,-1.740776813176047,-0.7948462508052517,-0.6681835179907566,-0.0988751631787565,0.823598595983368,1.2323787180928027,-0.2550225893014448,-0.2563356294121612,0.9189533102259058,0.16938133281930529,1.951048477568806,-0.7957673235319577,-1.2670429516914847,-0.29286558556816056,-1.9603936496943206,1.1955666163033618,0.20798530584496908,2.414371345245195,1.4975672095997146,0.4540278708366661,-1.8257989312684089,-1.1969469277731326,-1.50050005048781,-0.776252013377434,1.080279994801704,1.5173777115201124,-1.3253886988186083,2.413694637443107,0.018794416547850155,0.3815554937649014,2.0144756395984404,1.2215757403246366,-1.841751634985906,-2.0300445011164414,0.4527943665994469,0.6768469708995658,0.9577858873337308,-0.3012426081221046,-0.1623601854604773,-0.09672237805074821,-1.4900803646565253,-0.8508332940166446,2.09987019863928,0.15524234625662386,1.4732943663333675,0.029520633446826632,0.36513245052937165,0.07266487525411706,-0.9656052863085511,0.6736872331179187,-1.5866034933834052,0.7781358169332644,-0.5464649254112862,0.7791743705120728,-1.4868612881904855,1.6007025545292646,-0.877700599583625,0.6610483430010775,-0.8985316204944881,-0.8983739777170783,-1.5636266491893618,-0.5980925588919513,0.6316218174781697,-0.3167016416772857,1.098382185922817,-2.0316933044870886,-1.5270090776555323,-1.6894019504161752,-1.8545375048400694,-0.5697744058809625,-1.1967375824181394,-0.36088502293135094,-0.37045776742833036,-0.5902985619044618,1.6372993270248652,0.3970934783541195,-2.0255298032790092,0.4258517193037479,0.5527239871953085,-1.8253321542440124,0.42870525512370444,-0.44849042981464926,0.8157357815105194,0.9998212520273574,1.6944999666525709,-1.538483571033919,-0.2753525079618588,0.9375037010119994,0.623488520310361,-1.815163831148989,1.767842871083269,0.3546623992621457,-0.5381152047157043,1.9440610094141917,-1.450467712164251,-1.4389625911252986,-0.2735544165813744,-1.423593289100158,0.2011796454847073,-0.3314926752653371,-1.2704578110318305,0.27231574208081066,0.029277434814479437,0.9494209751187836,-0.8404685042011241
2020-07-03,-1.1626040067836114,-0.28695075197460485,-0.3363875051325571,1.511184181504562,-1.227296367996201,0.8433542321870583,-1.4804274889845015,-0.44837347929018295,1.505013423837762,0.2346673935445511,-2.1036214149188286,1.1435054276616712,-1.4710458507343014,1.90186442989055,-0.8718792197951541,-1.1845282822922507,0.46526564791472697,0.37680792293326,-1.8198389904457106,0.6345441153192253,-1.885984516245169,-1.7273922384117815,0.3273484626743623,1.8439510975908533,-0.2290593258884274,-1.0395683344090074,-1.6656441907585813,-2.4981588274012037,0.414824737310445,-1.465064091052385,-0.1972875341498946,-0.5367215110787916,-1.6213219593631545,-1.9290698903773869,1.646810501495587,-1.2520013918861117,-0.11180759360699985,-1.254825399230306,-1.6498529396090418,-0.41217197322348414,-0.19556199346486342,-0.9952612461585438,0.038731995672196734,0.894288003596625,0.7176995114338431,-1.2336762998800772,0.7526607201994109,0.2132131399382708,1.1829385406672073,-0.7768554470475869,-1.4469546773326534,0.06285708110517933,-1.9387538852967852,1.2284535595111805,-1.4017282815319172,1.9066121388711326,1.3564258172996766,0.5061865644008303,-2.178801698672939,-1.5469587638489202,-1.5897743858486817,-1.7798676079234124,0.8476515741308168,2.2312766335318126,-1.374475992594648,1.729993877719427,0.5461527886160111,0.025610875053091887,2.2090891153218304,0.7949939133121893,-1.5165544881663275,-1.5414251985876175,0.023062467905608293,0.9991428241736635,0.8860226351560796,-0.4960479217872354,-1.2313589159412968,-0.37908752502451964,-1.6472030265012039,-1.0985983102188481,1.6088860941041156,0.16741275728096452,1.1460011436459112,-0.30149352843336485,-0.028761206323010158,-0.07665608663979163,-1.0084584467476774,0.0052695603348183965,-1.2149115687423,0.3838646822231524,-1.1448574352538952,0.41162639123301825,-1.7416938709360592,0.751507242523551,-1.4096925912001301,0.1837142833099729,-1.3192106318260968,-1.319722819573937,-0.584029524336525,-0.9084661634984778,0.452931612331019,-0.6409456476906762,0.520196726016525,-2.2774371458156537,-1.6883003555492386,-1.6806294124159897,-2.0192443873211974,0.24577804364997077,-1.125792894117474,-1.1989783856582203,-0.7686077995258161,-1.0480514068961513,1.1692680758298064,-0.2753010755919588,-1.778386721535235,0.2216524434439899,-0.4536176934113636,-1.8896556855462343,-0.12524974377961715,-1.0136359804057946,1.9488259276461535,0.8505633136290619,1.433454484472036,-1.5348145649258973,-0.8697015260269458,0.9106856781161485,0.6819712424578414,-1.6724713158370252,1.1007051884728352,0.8355110811037514,-0.7787469992266332,1.8479942759010786,-1.1858295828364558,-1.4832903969961153,-0.7265258133971062,-1.32628425634779,0.27550439065374455,2.105336852503231,-1.0938351594527622,0.08357680198157794,0.1357630406041904,0.3235400425267831,-1.084056814158212
2020-07-06,-0.5667261974749099,2.2337997060937,0.5163134071458398,2.7804918961415788,0.6305991611396065,3.3057545438605995,-1.3176501559324916,0.47169256309839397,1.2721360041539742,1.3669342195392282,-1.5506073330887695,1.1829532047584645,-0.5469947921507924,2.5096773328054756,1.1346827293151363,0.207349054721759,0.855988732635671,1.0653420861255776,-0.7145555836824755,1.680330056548485,-0.8483440862601299,-1.2298148235544093,1.0582280140395182,1.8080819990602348,2.9271829593775704,-1.7462153719546627,-1.0991491668690132,-1.8813426379655787,0.7673309772777057,1.0023000891187808,0.15755749348983644,0.7623609215740594,-0.43698764044142446,-1.283973290510268,1.6591378182234593,-1.0027646749624057,0.8117061344764382,-0.8813406535098446,-1.2126649391282027,0.009132114369796083,1.3871975866379616,-1.711069553238039,1.7192608807066874,2.364813757034358,1.7853586912409445,-0.18941949697836052,0.22811554141223125,0.0042117673339180685,2.077201171492415,0.09089027183363019,-0.02131822396968579,1.1862272496033748,-0.6952647782564638,1.1057895689503308,0.4323902764731035,1.746622175349637,2.156425112996936,1.1173368274092483,-1.7199072182205097,-1.140431736287964,-1.3150094961049215,-0.377335220380447,1.0164659268875822,2.6126024423586753,-0.18364346093976686,1.1222093203352963,1.380817877822137,1.009110671840918,2.3902121121794218,1.083737007421419,-1.094285103481589,-0.6552885603123144,2.3620698357915786,1.863564210761534,2.7997431529411867,-0.17645192210545085,-0.544569061017531,1.1189016795279394,-0.20612989409634952,0.24378039567474039,1.817293626592563,0.23897791817074968,1.909540325010613,0.9232966255647612,0.520765363993737,0.8933844021592242,0.6752052965024378,0.18072088545836665,-0.6637654773271267,1.1772143150939922,0.16894043003882994,0.6841837651836443,-1.0484923414863054,0.8891117848673545,-0.25147032602010316,-0.019851975204737037,-0.2705259285956691,-0.2955154269490441,1.0358260930819758,-0.8810077651887154,0.8032037385222922,-0.07958044450372412,1.2389571926054062,0.06886109142871302,-1.3668374552303173,-0.2749726418315709,-1.927979428638113,2.0105573635279494,-0.89373836900078,0.5148054051684895,0.1668779920528255,2.8591361847505827,0.7802161054949273,0.6342863808767564,-0.6223872167603265,2.5997484284329,-0.2479468791912018,-1.3180254059197856,0.7748821368249558,-0.8991783429061277,1.8076674346874355,1.503198767802421,2.0216224367450484,-0.527406735138347,0.37977799156834857,1.2737069841532125,1.5461673420177071,-0.9454949328354669,1.7276884427408798,0.5686464272586974,0.16772639705231357,2.269316259459591,-0.10649478264226181,-0.24779790846453958,1.0751917503349673,-0.19474751764066925,0.9037574797859326,2.855929373747596,-0.7259219407566643,0.888970332264753,0.6261693317068502,1.4695265055614584,-1.2241859746536803
2020-07-07,-0.615242595409425,0.925007834193265,0.09376704862986399,2.21424605783971,2.3894396677449303,1.68343534811594,-1.5788831210114458,-0.08297968974302103,0.5703117782430066,0.34742104658494977,-1.563439882345272,0.74114772102508,-0.6721337424480671,1.7938964391168863,0.382376673169773,0.4659050182885374,1.3297583630460277,0.8868514543457003,-0.7059722770155777,1.39858558737505,-0.9433906288997588,-1.4121403278467712,-0.19951583541519,1.3778082635939715,2.9689886408526998,-2.8389036600139024,-1.4496677368083462,-1.979027394772202,0.3453273271918094,0.9933786097160243,-0.22097055680777558,0.2644142177460562,-2.522507716682328,-1.2930012851748172,0.9582014737207367,-0.9770114206808487,1.9565734601708722,-1.1183504053537046,-1.002678374840252,-0.2942038294106485,0.25865078637036476,-1.8807916254560848,-0.18376472265357502,1.7577738287788138,0.1590590396938881,0.1182235375895331,-0.42293634366413946,0.9166902496751926,1.5558995544969731,1.2890055812622887,-0.24306664995859847,0.5192563991034668,-0.8295439300661428,0.6315730738216163,-1.278295864197091,0.8084060678247004,1.7803410662526373,0.2193277180151918,-1.842013898097961,-1.296328453425626,-1.3401515609826942,-1.1077087832581216,0.5081094490972258,1.5649258371778323,-0.6807045976987869,0.31857111095997415,0.16560017643643482,-0.36439765289028553,2.8024440730454185,-0.23645815925657332,-1.314748185852237,-1.123043857920373,1.5174858251772592,0.8484973398489879,2.13193636527439,-0.14784532462753275,-0.588439673906985,-0.0010580715145870833,0.07046514251762598,0.2995709449152659,1.3675506911556623,0.3552514332063139,1.3271302279483694,1.135561835010513,0.5375582332037614,2.079603417447887,-0.14838043446900845,-0.19483183202146287,-0.23352578589900808,0.4066900702983539,-0.7901836017120606,0.35165920048737387,-1.0148846601142274,1.3257474510842864,-0.6360219431156263,-2.6552765281830544,-0.6918590159426958,-0.7183566451735358,-0.6920875349023291,-1.391720745199855,0.43775530191609285,-0.39514499283834503,0.8702941677683796,0.19433534706294028,-1.5151316379610946,-0.5520771755560376,-1.421910572213307,-0.14658221653314688,-0.9631051013311451,0.8643047413819371,0.08374828218274404,2.6579477434488386,0.46838715054447194,-0.008948492762248253,-1.2215708033009838,1.524509445287425,-0.31346343352353445,-0.9610545609872545,0.32456475987209044,-1.3056140035732073,0.3624343381769217,0.9931945755413105,1.1887855929758513,0.5651622023071697,-0.9777973055657421,0.27101462291238415,0.4001273293244448,-1.3568379782248436,0.4226981304101206,-0.3107943729191452,0.0833642884714241,1.5937431053845688,1.0355316120322107,-0.3924900736422691,1.7224172199998147,1.3421058720416066,0.7301235385773142,1.4831390674168703,-0.9988417604444346,0.10097313077674622,0.1764445604013834,1.7081113459588846,0.4816791363525244
2020-07-08,-0.7387469297305673,0.4055197486133432,0.38487931865134195,1.919768402274627,0.5941057497596972,1.5649426455867146,-0.2645327503688278,-0.4670168716706207,0.9432841374592139,0.22174047276486158,-1.3766119157766747,0.5262154217707583,-0.8691728423481528,1.4589904411443402,-0.30786639742485056,-0.6405133231606316,1.522999385321658,0.80224535558721,-0.9882475983920282,1.0315744855408244,-0.35034256438958145,-1.262521021443668,-0.4676783719701799,1.045388665181437,2.05800082724087,-2.7706369763159544,-1.7434108298883662,-1.3814217864636185,0.6940261559072777,0.3437577205284297,-1.1787749611039586,-0.5244661157750359,-1.6619021181922184,-1.255552436701904,0.6625504769514676,-0.9252604655386373,1.0560612573082606,-1.682308646555162,-0.8027889853684548,0.3723465610117068,0.3855193568833611,-2.0619067008771257,-0.5437882381998596,2.1573367756042905,0.8679356197593519,-0.11506292423261341,-0.9474949602353241,1.0037379351868794,1.38337985142505,1.6004148604804032,-0.28793550485224206,0.24403933261364294,-1.0757880562873905,0.2529656893104845,-1.9491597833455774,-0.48232219135445065,1.5718815512573554,0.2276070611293468,-1.4719259380074086,-1.136933176231108,-1.2239264406252757,-1.2327366659378902,-0.34486281648774086,1.4400792262506554,-0.8358423943263458,-0.5440555117931328,0.22452893562810408,-0.7346240785556757,1.9626657529402334,-0.6982367879698854,-1.184152185606882,-1.2901533266566494,1.1802735164163414,0.7023670720609126,1.5717508652785135,0.18996515477715326,-0.9998996154096556,-1.4301548313068921,0.28670538298480563,-1.0805112158169645,1.1335028193939447,0.154916903312329,1.0774286882804345,0.2476177252432853,1.0840981934241745,1.9686082604301356,-0.23396356152728673,-0.45759067765610056,-1.0810550015681681,0.19518313113052832,-1.0332702867552859,0.258687141264251,-0.9019923439811152,1.1033532640546762,-0.7419955063263359,-2.658404008216253,-0.4249339821393433,-0.41033366917666,-1.1599194422489856,-1.0400202157900156,0.6492524913283113,-0.30458723469237214,0.29273033886160427,-1.340746654992039,-1.2694081425340615,-1.16880083739521,-1.1196825142504814,-0.7048384340207828,-1.1017064271818031,1.487236930582949,0.016400500466165622,1.753158342074386,0.12006679915742809,1.0295190213913488,-1.4131044836253066,0.5665725649677165,-1.268280346824915,-0.7321853000955805,0.3984143244676704,-1.5352379272506946,0.05570826163478144,1.0239442510719399,1.2799091507196039,-0.02919215914502174,-0.679528590444778,0.0987216897349203,-0.8541009931477433,-1.1727647774398489,0.35178530684917486,-0.05366502108369419,-0.8041372985980293,1.2522082859203,0.3705245289881825,-0.529623216704141,1.564610848398451,1.307928093219326,0.5682979565644959,1.858353442405826,-1.1558744288289098,-0.1452877886410439,0.20376165332912602,1.503120778037049,0.6914500766011691
2020-07-09,-0.760755497994259,0.2931497327618679,0.9930172917910071,1.4060008466521494,0.5361578160487505,1.0812010857380165,-0.42285011812912743,-0.2698784424246591,1.1043989661043898,-0.6455661528935401,-1.2457714172449943,0.6688256411137562,-1.328330472058936,0.8858932522702149,-0.8367935863648412,-1.0336480306940847,0.7710607268982135,0.2803689146987983,-1.415760915980353,0.3158154916598943,0.17183292941220216,-1.3171028137346512,0.04936026230138677,1.0190946717161553,1.8286643616556806,-2.3682530461217497,-1.4687585679506958,-1.358904750923597,0.37771456014387417,-0.31084427465912,-1.7993534418875965,-0.674906897167292,-0.03523381219679322,-1.6366899453362675,0.6970744878837445,-0.3970797974752217,0.7716141509972345,-2.008430748084039,-1.4205758265020836,-0.18963341686243199,0.13024082133251233,-1.8907822897513238,-0.9508464378270097,1.817302813960594,0.7851341327171832,-0.9769080616739083,-0.8703083554930757,-0.3387676056724431,1.3075922867204126,0.6549271366516666,-1.3045329913601336,0.17758539921919095,-1.4008780057524979,0.21094900722541587,-1.885497717632244,-0.9716486835284425,1.215315347501466,0.28641878944489374,-1.6135026999951385,-0.9932404309808116,-1.1428554467235592,-1.6315429909747157,-0.6937181395816732,1.5085190349743152,-0.888583460476965,-0.6989756979437312,-0.7569708838687549,-1.0622815064708762,1.8253735201647319,-0.501949634963458,-1.2018438911332414,-1.0031002202909751,0.9153210569562322,0.37723344213441196,1.3436567315410237,-0.8918704049939052,-1.1786241196033767,-1.9173491366035493,-0.0637861816490122,-1.5500605945548964,1.1304350470841658,0.11277586816091888,0.2858392118739477,-0.2519980179896906,0.557134290020538,1.6139393249748861,-0.2918091457872483,-0.667597384208453,-1.342996615073414,0.12534817398687206,-1.2342800013834754,-0.1799365417855257,-0.7650008625928291,0.03680663295523575,-1.2800748456012372,-2.219114508421761,-0.643104764266227,-0.6450623020847838,-1.488327619177267,-1.0208795648428948,0.33337804280782607,0.3068549284417218,-0.259905351274021,-1.6620511110690483,-1.2451509320628846,-1.4826929825344475,-1.3054607319511926,-1.1046134538708225,-1.6390765261040015,1.636880292650335,-0.45164465305480406,0.8866616688818681,0.16843923173844155,0.5585808750585791,-1.4605062096188248,-0.19067822748335225,-1.3812170177174852,-0.7338202615513191,-0.47986483343890823,-1.6492782956596381,-0.2631480345204452,0.5333591674090171,0.3758167831826474,0.2897118106701349,-0.7306645071644206,0.5738569349878645,-1.1651968486032445,-1.4010384604539106,0.15120273758539488,0.998363251208653,-0.7585442274148432,0.8764391697346289,-0.384215897955106,-0.8490379812673386,1.2743041316243249,1.7810948050032906,0.14569894234473252,1.6701654943799207,-1.195680843508996,-0.29087904462118946,-0.18896411948615666,0.5987870018672281,-0.26197590763386924
2020-07-10,-1.3091498361382603,-0.9974436953718653,1.297598401447781,1.9763672698232848,2.270941788054314,0.13347247675286233,-1.5545692919231893,0.5528609435969113,0.27127844013754016,-1.4244268584565811,-1.415635772994905,0.6418665804025037,-1.870114551375538,-0.015239204361152607,-1.6378280929216944,-1.7336529871907702,0.782413917204981,-0.14565704782017055,-1.9494189409668057,-0.36505698939577585,-0.6492396503342676,-1.3257349520141881,-0.3873814667992176,2.2189678524049783,0.9958670542177847,-1.8694293565136637,-2.119819277973758,-1.8879538109547926,0.13519361740262933,-1.6615429183086794,-1.3906396359632547,-2.490176582969974,0.23413019702428411,-1.8231927529059238,0.7464246245845984,-0.5036272040217585,-0.9921699891549868,-1.9522599058536907,-1.2314323285780218,-0.5647636689502876,-0.4960282677885809,-1.9375922832585402,-2.6588509177470168,1.748236024247249,0.12374865769357557,-2.127392366425076,-1.4670571921115008,-0.7525213012928872,0.05175978074881573,1.0426131871532867,-1.6597616857179522,0.671159554008882,-1.545083715903808,0.20437201783139136,-2.1086457182343143,-1.1342104900189336,0.4572732375854023,0.2344201375199045,-2.0928235413346252,-1.0473332500154275,-1.3675583119022923,-1.8852678944599732,-1.3184647752119452,2.2993796305207406,-1.3400805252805712,-0.9784462659371028,-0.8814137958315357,-1.8859835805820782,2.0600386389295045,-0.3121869228561825,-1.6794072646868623,-0.4275966416052151,0.6036456053623696,0.0762412614451256,-0.21114365087019074,-1.0324715494973935,-1.1875926242923496,-2.788921608880785,-1.2624210283106276,-2.2150407718779,1.1444793769030512,0.34424666708835594,0.5201989572271472,-1.8410465084937306,0.172698882736005,0.8716155015941608,-1.5057292644965874,-1.3172121479725214,-0.9462726792664342,-0.15474769206574956,-2.2296835921226337,-0.8565373763634413,-1.075992022608362,-0.6779983108822655,-1.9193138437718735,-2.1284677288417084,-1.2718143606595063,-1.2854348265534052,-0.9146837279722472,-1.2870045003169703,0.6566052586776048,0.586838751589623,-0.09782788485228744,-1.834145722348937,-1.0416827533379234,-2.132192102708768,-1.4166718449499436,-1.2898949193004297,-2.0090557951747936,-0.026635434052238838,-1.1625026485534216,-0.3567690501711572,-0.1971494280374362,-0.3770205699813296,-2.0470980148904574,-1.16020245207317,-1.59887507522913,-1.3786531574278553,-1.3552577531935,-1.3953769327832786,-1.606833604495396,-0.011926440831535637,0.8084607102408593,0.9024479560657963,-0.07035363598889881,0.7039155237534035,-0.7169851339857649,-1.3054701145334284,0.3342492379178836,0.9758730005192503,0.10397440704780378,-0.6571299465331225,-1.4747011243930188,-1.1113832534613444,0.2683347930374978,1.1775303978658969,-0.06166451864289841,1.2760754166340553,-1.567129471479883,-0.01921191741968276,-0.6641105647873907,-0.4079083116479624,-0.9176825426635075
2020-07-13,-1.437477596912374,-0.44691146817080524,0.5382502991057634,1.9118250804906878,2.2033947470768975,0.8347204907986184,-1.4447124697247336,0.06304580785933804,0.21443109920430362,-1.9342613110878055,-1.2882941471819551,1.9843232400170823,-1.8241339810104895,0.1186367814999405,-0.65132302984746,-1.03625146102859,1.167978418761741,-0.7449629142427393,-2.1623695218690058,0.06803846032491459,-0.9695320199861005,-1.0749274703671852,-0.2055784019410802,2.092906234078148,0.9205368647470107,-0.7060195865463448,-1.8569427681025334,-1.400349227248295,0.1404690972758957,-1.7753999684225645,-1.2403467117851696,-1.70073225392489,1.3619914494829322,-1.4834810184148235,0.8110793169148585,-0.5175269472261415,-1.841210536317171,-1.616475557391588,-1.1974157480425915,-0.13404253162339677,0.6893604172679689,-0.20010692842734062,-1.2619373737325914,2.1441840192582284,-0.5732769838648359,-2.103869937609552,-0.7025857024256063,0.5195949873377926,-0.3811334197744562,1.41041731982858,-1.639873038376972,1.6401294868225968,-0.9927342934403887,0.4333227499176231,-1.884310256895083,-1.2055926838929232,-0.12227160604019827,0.4258635600722757,-1.8509625495937272,-1.0459713226971583,-1.499382637067714,-1.7784300439471672,-1.515674854758261,2.397216974265837,-1.556195602320993,-0.8953612281974164,-0.9916185944000503,-2.0412841159949977,1.6440477010398347,-0.5470204047873546,-1.3045422513909521,0.2937442812664787,0.8380310510433964,0.03343957864506802,-0.8973436525484336,-0.5555279936683596,-1.1095319223715907,-1.2896737355696035,-0.8999503028543132,-1.7782597398005056,2.333045961567106,0.6530146089514316,1.230338953897569,-1.8499499973378848,-0.21219000473150737,1.296650100214712,-1.231599642706555,-1.3622372168485115,-1.0420788768083327,0.37852487682044567,-1.9387034651509307,-0.7686733945297325,-1.063968341872902,-1.2135136676602316,-1.864047727612442,-1.6021978956496448,-1.499578690251406,-1.5172423010423426,-0.28602444919350795,-1.0996358051512178,0.5532578932107071,1.6333929446992095,-0.9180207496972793,-1.8510727028423262,-1.0311558701381607,-2.2617719102743497,-1.4083845682753098,-0.7605310043353218,-1.1375556579517196,0.5054739380421535,-1.202211081824944,-1.2310099204664229,-0.7040275270128947,-0.663290234123311,-1.950465177879787,1.8303665336561106,-1.7186533150976122,-1.2562354587225657,-2.489380307369574,-1.106707276853742,-0.5172894222815001,0.16372530785258593,0.8362670118605458,1.9156473862507895,0.39061333301800255,0.5794322481827904,-0.32334602728593986,-0.9858156985673313,0.04377849891620158,1.9070150733504392,-0.5856487510655394,-0.8139991270881334,-1.5275262218637398,-0.23851067569273182,1.3372078282954918,1.8187258311720325,-1.102395418496202,0.7199084799048203,-1.1420841837239355,-0.12141993854359714,-0.9216024726446604,-0.751227465903634,0.48945689502646006
2020-07-14,-1.001486180591671,0.4204428282040431,0.6973759525112277,1.5535949409778054,1.1317207749192568,1.1081953282713743,-1.1222457407769562,-0.3741157693942008,2.352798282083082,-0.7802167779089955,-0.6800039889161188,2.251256055733641,-1.516818357712016,1.3925202193459367,-0.6038904844882566,-0.7862740630887476,1.937709786708648,-0.9556966095125978,-1.4580735855185771,0.1905121408944716,-0.678645001378569,-0.4265897476390683,0.6064288073404113,1.6295910501825481,0.7118736393321071,0.09914632663595879,-1.4156643346247912,-1.0829983340414844,0.014597472768332924,-1.0006316527078851,-1.3120695011429975,-1.3280793201099832,1.3819386430193419,-1.2055694796006589,0.9750072208475962,-0.6370978795669341,-1.0050585980284275,-1.166196584227623,-0.9168795285269572,0.16863062993162806,0.47370845228769987,0.05973690825824346,-0.16223769494636714,1.9062436098003512,0.8745897123585344,-1.8196776128902288,-0.47690338766698,1.0257902064943578,0.10540925311672641,1.961073505779174,-1.2428407629878755,1.370268093881441,-1.3175947003568735,0.7398936575121663,-1.2511829642246668,-0.43605655110164326,0.3483522764343863,1.706026037704725,-1.5634311775803718,-1.0074601012802682,-1.5618315988860012,-1.4127503355174138,-1.078409093849576,1.8985064851834614,-1.5487131383196944,-0.7029865636294484,1.4230262489808192,-1.9396086347151815,1.1226713679910778,-0.29299516778994444,-1.075849868995892,1.842234429353967,1.4117936711944725,0.18768922237206007,0.18182627400589807,-0.5668586636407141,-0.9713221614553083,-1.2202593987833743,-0.6625526261835664,-1.5116500887068827,1.768267708357345,1.1344315497174737,1.0679233487874233,-1.4953283415137504,-0.011986681660790359,1.325482895683952,-0.11591997970601928,-0.8581511333727164,-0.5539202421796019,0.3774381446353103,-0.9627853332355895,0.3838862778354788,-0.9548609307606533,-0.8706946104158486,-1.572755075903081,-1.5525497335098128,0.00810016208370809,0.005032097215095189,-0.5061055602333422,-0.9943432571706554,0.5874279516020018,1.6939978306673296,0.5688288523494166,-1.6971859630404105,-0.3959201888476706,-1.5573022184950036,-1.0650660924402466,-0.9563281572403338,-0.7852023003994592,0.8598729715786665,-1.061826096552309,-1.1090985713827264,-0.5637633409227008,-0.288223820852915,-1.6444571805019732,0.04177981622844438,-1.7326702347028164,-1.1852114612865214,-1.9885573699670762,-0.33288514732476454,-0.01474472940156026,-0.03995277827355862,0.9797868914233485,1.4094610440071969,0.598017960094286,1.2429847831993017,-0.5989181908934845,-0.7638506430573221,0.12275099407514187,2.161763966503523,-0.8415907884673571,0.05307314589252484,0.018782282648316936,-0.5040903352347884,1.1197784843782774,2.617851357952927,-0.6131326613437365,0.8145522296129137,-0.7274344591750229,1.2384658511669375,-0.838943058593012,-0.11255093143916749,2.4130993374143737
2020-07-15,-0.5581042347382463,1.7749666846362357,-0.06684209495530567,1.0402257188880903,0.8573060427068538,1.5985168386391833,-1.2519832126365482,-0.3226506320713265,2.635683127376253,-1.0538424816218719,-0.2858456014880911,2.0729340323181624,-1.6257682738718517,0.4312462315526938,-1.5051883029859612,-1.296088931826812,1.5587280590870496,-1.6023935138224148,-1.279241550076646,-0.6409242745545298,-0.9427655398559703,-0.33064051088470653,0.41325140550564565,1.2861933308547686,0.3866596488567725,0.059302385937841734,-0.9911335267491905,-0.6594704110987202,0.41143804503959475,-1.0859601436257655,-1.446393629204757,-1.6702711048027263,2.054942559403524,-1.1166913297731444,1.7997951698822696,-0.9745649516312487,-0.6630268761659259,-1.275042579054313,-1.092713137855926,-0.06754116775233872,0.2572344709009654,-0.2535537650121251,-0.4319151927299954,2.0709024107163976,1.0872354267290172,-1.6052554048385121,-0.577688271485313,1.9697441464220193,-0.5025666764613403,1.6594584698919477,-1.1468816978650342,1.1653809547741978,-1.4843350896066376,0.5512099293933983,-1.4062454023948898,0.01503182742583648,0.5549808617548823,0.9069377030279457,-1.1058107465094744,-1.0079543350714637,-1.4868650511480777,-1.4580026184299086,-1.36140754020619,1.449083484473235,-1.7858197427173026,-1.3615241638810716,1.0133032178836274,-1.895175971825002,1.1430558325746685,0.8893166388486168,-0.737848861241345,1.8348318614970507,1.248153779106697,-0.48950442959009527,0.5133190423138158,-0.38446483447031726,-1.1991898258959892,-0.9537981532974028,-1.2763866325763897,-1.5287391091753408,1.8643063614705404,1.4017621843228416,1.555187367804132,-1.7002864694237037,-0.5847861151670428,1.0253050555591476,0.47133571698031784,-1.3179126671017916,-0.7173506714904714,-0.1183599699417808,-1.2105091846815228,-0.18774265273584945,-1.1122711263939007,-1.1719370309290682,-1.890698616554178,-1.5262769749566405,-0.3834016605230377,-0.35950039908665576,-1.0427293484593743,-0.833823586824496,0.008443135315012005,1.080168540081376,0.8637778745701674,-1.9284262941499237,-0.2606508075415863,-1.3880725874902804,-1.243488409486754,-1.4213047477766874,-0.7361576601527718,0.9891041831122546,-1.1965733591600434,-0.989275821648787,-0.7824116358708044,-0.6262771777938142,-1.51051173906908,1.5148219950792912,-1.724762857239128,-1.1675281321251934,-1.9032825242010758,-0.07800240301645209,0.5983093031268742,0.9246002526959171,0.9427138305897911,1.469440993001249,-0.29601093214858326,1.7283938025315895,0.1786156631144873,-0.7777307500917917,-0.21142199862838104,1.8654866221199753,-0.5994444443113724,-0.45349952702006296,0.35908361260413835,-0.7715124951401093,1.6807051940209967,2.1083002311767736,-0.44999926713865934,0.5406595043505468,-0.6397237656975119,0.9037093425135417,-1.2734664064084193,0.7815837886975304,1.8257977858884493
2020-07-16,-0.04593932905740043,2.506874768532181,0.4743978148135047,1.2160879207704371,1.8285564991195644,1.675857773804585,-0.399319573793229,-0.313363915724193,1.9934493051940116,-1.436200291319269,0.05548182570161119,1.8116038608827323,-1.7545992504860524,-0.01869655011342402,-2.2154860973319175,-1.7394442645508394,2.2398161667749745,-1.730431586385151,-1.3569157395969165,-1.4244604036595367,-0.5376960216073156,-0.41144235285772157,0.3699775507138378,0.6243267806068118,0.28133498694576453,0.47035073162671487,-0.9629494464719246,-0.7173256158709344,1.0836067974484813,-1.1711048610384192,-1.8188518165777314,-1.9641441684089311,1.989780460322157,-0.7776316375348805,1.2842708513049554,-1.1725634006894707,-1.376787119880259,-1.1236379411444923,-1.357695006232627,-0.6514882938060566,-0.20553129074627244,0.0553876638973578,1.590107903563751,1.6719187702595146,1.6250377639865472,-1.7331124135603337,-0.44898453196540067,1.593386870242863,-0.4899808326789925,1.6445726771759355,-1.114908811670809,1.48734517710145,-1.5583763533258186,0.5537724776987244,-1.23221287479465,0.48429422393762633,0.5809905886469413,1.4676069367999747,-1.1119357844956206,-0.7337580420481462,-1.3802080279452857,-1.6488159487104146,-2.355684509459393,1.3668379404546522,-0.9289163581997272,-0.16192315949762445,0.4773705317511546,-1.710951187761665,1.0954647631864882,1.04634578048921,-0.09722579531892349,1.9183324286110275,2.7370505062058075,0.515173434717873,1.8227197913360604,-0.19320164601577092,-0.9936406884804019,-1.5765186362342736,-0.5851552450246533,-1.7227117853776428,1.4485383667438225,2.145330271079166,1.5663582432563166,-1.877294338467782,-1.7344794638484837,1.629591178969399,1.3428001747580947,-1.0466669440827472,0.1540667275037142,0.7142308707365134,-0.8456881072130839,-0.6811703504926697,-1.3037865604323449,-1.084658914808302,-1.4651972960616166,-0.8700077929963022,0.4703647454926611,0.47074746332535256,0.021387833106545337,-0.8536338272717406,0.2754535097638287,1.31649841237039,-0.06384013237127366,-1.9726233875224874,-0.05467305955204777,-1.5289013545744405,-1.280369084310341,-1.1284218689787437,-0.9796052295437966,2.685252157029328,-1.5439413061991534,-1.4639401533451666,-0.8951041788442444,-0.366013710854091,-1.5112894645268227,2.3709404395730678,-1.7892769959207815,-0.9726374912603585,-1.2919604046015962,0.27894189971427064,0.361123007932976,1.4060627936202847,1.7242762196421744,2.184579908818997,0.30088613529709635,1.4708812967889435,0.923336814108803,0.2774861062006926,0.09453151083231197,1.6391403029245277,-0.293330017672532,-0.18803892319413304,0.27519250190969013,-1.1040030749257934,2.5670749345491304,1.4394416900487312,0.06769670401921704,0.4575750352340568,-1.066636121137778,1.414869949056863,-0.18462895854991998,0.9291468637736037,1.8142732771852146
2020-07-17,0.32105787287774284,2.1616325565320498,-0.03554322998087816,1.47628969926675,1.9020442973096459,1.4678866966153148,0.05713725262445188,0.5112449617445579,2.0155213232353497,-1.4818712562549818,-0.025334260686356972,1.2643022463689146,-0.29199871723539117,0.030923414423141057,-2.351759753905332,-1.5042990669765675,2.4569422193598887,-1.1458438028085733,-1.0994353795203111,-0.4224540948919641,-0.04088742011662372,-0.6884305680276167,0.9144569870303352,0.22603516648700037,0.16393100285681,0.738774055387991,-1.0571487080596882,-0.18450768344404755,1.1044582976949207,0.0897356507669606,-1.2793456760576505,-0.7626287305983486,1.4285505185844205,-0.28386404228584117,1.0734027932060375,-1.6514852758053067,-1.2589380986387657,-0.8106974805805777,-1.355702981253461,-1.2196377442949393,-0.18568274766026768,-0.23551634530017382,1.9047087634945414,1.1212832175596332,1.4391032678349454,-0.7358050949166576,-0.42095645851400415,0.6774866324694512,-0.20585223141062486,1.2323132887939392,0.2566646083322498,2.252543233377797,-0.9820500633317005,0.32809024563079553,-0.323101129237115,0.1618108522379864,0.6949829971014881,2.0610922961704734,-0.8954273643071569,-0.801242080170038,-1.3795450998380245,-0.6125979225797403,-1.799313522418482,1.162909014687033,-0.3426438441108984,0.20701175181580458,-0.45686784095690786,-1.1612239067573469,1.201012204777926,1.5461131606477752,0.0013023904048770846,1.636327125708517,2.798278127011202,1.7794077196961453,1.1557204541141013,-0.4608690700725423,0.05236480969394119,-0.9971729316970173,0.016327536882389047,-1.2193393515650794,1.3267732393442495,1.6912889163580944,1.4401717283336926,-1.3834222536984229,-0.9303291575179293,1.3714675704600132,1.320206535411088,-0.705681109250466,0.6272953516110626,1.0795319046439051,-0.7621967260659277,0.8811389230024047,-0.125974114870329,-1.2881395114828547,-1.4725195254147008,-0.680229514234946,0.056574125457806344,0.08233261903306294,0.8464932989325208,-1.1931180284872591,0.1750262864373228,1.1048236889322698,0.3772409012198061,-1.5916745422654437,-0.13133458766246706,-1.0821159863799783,-1.4078316276969234,-1.2615372398741929,-0.8103481095883318,2.3084975919163164,-0.6459847703465575,-1.307971288573637,-0.7689590500737932,0.7174492892465497,-0.8156891004349313,2.1474393095862734,-1.5159953490029316,-1.1135543628674753,-1.327660210615018,-0.48681629818056027,0.9451552903669025,2.5307495085064846,1.4590307131980371,2.0260499307292004,1.1032870152267569,1.0839782963610611,-0.294506158137522,0.18957731572387107,0.0548582731654215,1.2804000539294358,-0.5367222944365398,-0.25125350398149526,0.08335332146730047,-1.3692075165521678,1.9345976866759407,1.0279957238506405,0.17613447272658814,0.1809093528143508,-0.5043705084966624,3.1805445577636404,-0.4330543292900464,0.796352016316721,0.4045967963508366
2020-07-20,0.9988260511867141,1.6861984321177539,0.7182060822154142,1.5933684774642485,1.5882051359570835,1.5492256154811643,0.058354225474375646,1.3454548779153401,1.9705516235451461,-1.2266178627427973,0.31354738381839,1.1507967865094377,0.3045438149329782,0.15528002774381938,-1.8191365897365175,-1.1091175760363587,2.419660091334497,-0.614247693014374,-0.7481799269194586,-0.4120706657730714,0.8964193828950758,-0.33511455308143645,1.5400425373695128,0.21492041600276168,0.8976084096550826,-0.07755054336465833,0.20742419677807988,0.049810062787015524,2.4471551396725264,0.4120336681812124,-1.0412676410617048,-0.9466568402621288,1.3161702900236436,0.1390434213262142,0.9911346731294217,-1.2766511244146515,-0.8159117468295738,-0.014724430228341686,-0.38914918298704,-1.6757552749485938,1.298783811462716,-0.07557691943533569,3.1892881025226933,1.3505193339694628,1.117692983833821,-0.14196898350523096,0.04531055327323358,0.47415537051666407,0.6699414524940264,1.9674770735498246,1.0851972637470628,2.2422903330063786,-0.04135447045766064,1.1014281804400758,0.5861184248135043,0.8342964796558164,2.138786342895786,2.523678871132074,-0.6557893186086776,-0.66099581291332,-1.2637506665029483,-0.23745723750570583,-0.9933389170012811,1.532472176591648,-0.3151409405457864,-0.22279061953103782,0.11049339720177584,-0.4473250816648807,1.4105648220775386,1.4193717308693075,0.3825281201951674,1.407558694626695,2.64451233585179,1.6464880812410723,1.3919044707168824,0.842005803050128,0.31137790573834656,-0.831683455642535,1.8888156746695821,-0.887123980242404,1.322402789322347,0.8821316215781718,1.698480825261804,-1.2281285760214888,-0.8120115594349714,1.8956244205646422,2.2029088254836218,0.8187128348427589,0.4553895640891086,2.5645099357524983,0.0034993537020666845,1.5084567401240152,0.32797820466030925,-0.008608917723922046,0.18495188853356165,-0.2694065415445053,2.038452441412124,2.049812974171526,1.3071541362256323,-0.9447446031291344,1.1402405394452273,1.1815609024167262,1.8744112125036603,-1.2865782714146057,0.09858440234178115,-0.8575620704052744,-1.0323815649238106,-1.0992236859251074,-0.4468434345016784,1.9875926930870542,-0.08820480662537912,-0.8340466293207723,-0.2585686358539447,1.3466215638546015,-0.6115811085299704,2.1097876955943184,-1.1999839218362238,-0.010259369447747553,-1.1995406115894403,-0.7713389207097686,0.012033073080555318,2.494923824332627,1.118211700622325,2.0755553197324597,1.964326841505262,1.1401431957327264,0.16849639289281718,0.6257192529854069,0.5868220973205869,-1.1285693784975916,-0.7648939742630616,0.503267534764545,0.8360267769125891,0.13426530572040013,1.7424807593331892,0.7611812687471387,0.6077934764193788,0.43393716403083393,0.986544033256363,2.27589555345972,0.37739044525334814,2.985769740033731,0.6590107336004289
2020-07-21,1.7349186791757538,1.8668246126277697,2.527141859573814,1.2328466501170943,1.1852285370119515,1.6785849792337248,0.47218501535884394,1.876516480432625,1.9561334143810012,-1.2370762203573713,1.0342689979633706,1.9038225962590782,-0.2636397843838757,1.3370546226790103,-1.2521349199768828,-1.0427591871791004,1.9356853800319311,-1.1368676674570306,-0.8737288390430212,-0.02571680840517664,1.066066245507512,1.5434075062286359,2.8165610036732907,-0.0511598466476282,1.3391232546249616,0.430196298933294,-0.16307087710509663,0.7982513978370405,2.485277950509391,0.15238655489077838,-0.8345718129328775,-0.4111017999400852,1.7462846328663635,1.216155673134447,0.7663713814232413,1.1485605105590173,1.3702391784173473,1.1915520202416634,0.8822422997161018,1.4714613929872555,2.218291535756648,1.537498253263375,2.8698584805175527,1.2256099032670305,1.9533362464870034,0.5756786971794209,0.6168533587058119,1.2236385437684214,3.385039780426398,2.3539969296855823,1.9204121479189626,2.3743378564868505,-0.0030926155269321277,1.731577599702448,0.7850140968134721,1.5954923468792301,2.3003717406082353,2.305332108281904,0.07354758489806024,0.11530202385034727,-1.0376992593799985,0.04327526542503106,0.3595691516209911,2.965234444336265,2.1960322076987184,1.4998883521872697,-0.1088557436980076,-0.5007506129291064,2.0030206956528587,0.7508980246282537,2.138837584941421,1.6652872243700056,2.28240929564814,1.078450896946281,1.4330571296516035,1.4187509811375445,0.00828355953879438,-1.3461279513100761,2.312886562317305,-0.8623096814597553,1.1758829754734534,0.4462392542598969,1.7982075006368072,-0.9459217132989962,0.5459568332363738,2.554220976699869,2.469242013502445,2.063896214283791,1.869830544678453,2.616616049825849,0.42210825604391705,2.1401698080864033,1.0712708323445692,1.6459671246329481,0.32869432226227197,0.7225443962326071,2.298727377769759,2.3125681018331727,1.9750167627421897,-0.6028364121784219,2.5693667233904076,1.7018369459013005,3.4374320833494294,-1.010847635706908,1.2506388079505837,-1.0649390395713114,-1.06882541403558,-0.9508974309963574,-0.04589339213483266,1.8474785576500403,-0.26052820336431726,-0.296161208270136,-0.4490189056899184,1.0666297902481343,-0.5803744026396955,1.6897115309166784,-1.1443301719795804,0.6879535526766776,-0.4410225757799006,1.6465256844830591,-0.05362955198125477,1.4162489567666352,1.7174789045290804,1.6771109827111519,1.5715423328257472,0.761099738030304,0.4848157925941174,0.5325862339419382,0.2961187449720513,-0.8021156539430546,0.26449061990390904,0.8885309873573942,0.9339631400868392,-0.7429097125097736,2.0885901136101497,1.2140273897172023,1.610442735457022,0.6661242998841073,1.2645165119501727,2.9771246861587093,-0.868569666623165,2.229895559588625,1.6428911723717219
2020-07-22,2.4661846285849536,1.8188492642202363,2.3683480220927335,1.3845708834460202,1.8334694278781147,1.5528205232598136,1.4235524832929318,2.9613996754619656,2.671549141238378,-0.11233478831534956,1.4276603362694857,1.6264218303195659,0.7661245025389896,1.6595217183482194,0.648128150759754,1.3881063560149765,2.220087956931164,-0.49185310144870054,0.3031838250523518,2.14280308627225,1.3778740909626213,1.9143236777248633,2.6060091975047515,-0.2781204967645867,1.4378052889772135,2.7633136649562124,1.7630849708045522,1.4903252578988944,2.391793084305279,2.2190786861913745,0.6890237217776329,0.5944356409708148,1.6006443698088764,2.1803784455431034,0.7502835361254488,0.7998426268663015,2.695801054640533,1.668260093291776,1.4345100784334575,2.827069482562589,2.7584593815637652,1.553829593576678,2.5505308497821937,1.9689778679466328,3.040213094091589,1.5203598132396305,0.9789356513495716,2.6091514706114145,2.039781312868951,2.2813012519120757,2.642064501911534,1.942891811184291,1.875748623262751,2.9510829149794713,1.898044126154992,0.8932243347184182,2.007527825878149,2.413448480172353,0.45369569374867663,1.7697141461920614,-1.2632024943511375,0.970138871513424,0.6369795796019241,1.6786350078507506,2.6523077941284927,0.23538278900420112,0.10472750718828633,-0.029280562344386644,1.564868727303499,1.263918702426718,2.6256937942898126,1.9554496446269354,2.4746334241173966,2.6084553758443616,0.7987152341170094,2.285482765810283,1.2095350609843327,-0.39694167240584005,2.7647311053391292,0.5074793898099624,1.4832661707157246,0.1870480460412782,2.243450543362661,-0.31871014155122895,2.2203571417078214,2.2697790970965745,2.68896885799591,2.3351289925966197,2.3872413902633296,2.2615766029091766,3.0794241210419626,2.8788313699821275,1.7419529419981123,1.272759484766103,2.44752949737408,1.0280197251609742,3.1210109149655128,3.1018116046866604,2.051571027041607,0.06653639991370482,2.9420174085480073,2.0928655089893007,2.5622306219606283,-0.3714279574730219,1.832004381090935,0.749014344251681,-0.9004617682820796,-0.24947167087570982,1.826374872134682,1.5122714023289405,1.1698535279449385,0.3934928025481343,0.9131939682240116,2.383668573858672,0.4845744141724763,1.9000651728575462,-0.7685404005979829,2.2693271086502276,1.2134159555246244,1.9423130834160016,1.4166712702669728,2.1368066373419525,0.5367101445785405,2.2285820629332473,3.296112031481805,2.156925899494531,2.022561271936244,2.933816274640869,1.8902873769179949,-1.7692765277639826,0.8735170337747996,1.512401835442033,1.4459463649384252,0.392475371494796,1.8559056885570453,1.227601845758491,1.8812941590587478,1.3340573792830768,3.4393328767935563,2.7396512957982666,-0.6125948412548947,2.240557976369162,1.4886968005299988
2020-07-23,2.8366383726102677,1.447686282199923,1.6659252863999392,1.476660376561267,1.7329766564028168,1.2171435374449775,1.514724148704846,2.5007150451839584,2.7146908244966093,0.2708524103877375,1.8098727818205338,1.738915430909488,1.0808818086583027,1.6527182878500264,2.158753146833414,2.381647743696762,2.03574459239909,0.2641881379315003,0.550941913712785,2.6740240386888856,1.197828717194912,2.1883866027128738,2.257562530221987,0.15842617642017004,1.1086007660311183,2.555912374476868,2.3768032447046856,1.0803126911558607,2.052450342617999,2.275286850438012,0.45433812355721853,1.1467999078433049,1.6417589984332241,1.9653566925326715,0.5177482683399527,0.713306645994612,1.6685922019132235,1.2226938127397662,1.7728557492384887,2.7547770118213757,2.2621316288424675,0.7660883844115518,2.168942363593054,1.6818019220451936,2.3854601779485534,1.7546273715689256,1.449513262813722,3.0780939443649262,2.1042379245015037,1.7578142583660878,2.9363878901866927,1.7249845981427079,2.2374398626369176,2.0809679793188605,1.9237958173480805,0.495948319459682,1.6885094720639953,1.8416062983587302,0.23652215595332857,1.5517509539142276,-1.1000510932948593,1.1541572397966464,0.04291442296475199,2.226866500990406,2.0492936321402992,0.3293804938317888,-0.4543067637916923,0.5299720233450596,1.1087736463319484,1.5058658232893127,2.211552836434423,1.5234281460621037,2.0374101445058646,2.0180085329411654,0.8967157311863261,2.339693801976829,2.4924762849495403,-0.15006770180126794,1.916860013953357,0.956245349216883,1.6246407292343406,0.07501462929188257,2.2296435131562493,-0.35504332352789386,2.118412109373031,1.5013981139948047,2.149464119331581,1.4908376294845644,1.6354394834453645,2.5694066033874177,3.013788909184455,2.277694896411751,2.4117226937152796,0.7549277816616775,2.1331549439940614,0.5788883170653227,2.3300756861784255,2.34501726606294,1.5783845698363403,0.016922448617283693,1.9288927606822874,2.427855478214102,1.1342666011209273,-0.08446900877669769,2.042197497409424,0.5440689024772281,-0.3222731430094764,1.5712737431382986,1.6758428561911507,1.9957904969107343,0.9131135563219328,0.550586386840095,0.8610241767240252,1.8530250288539003,0.5947278693109639,1.5425297809734364,-0.8055104661850858,1.898982672584237,1.3511560524280033,1.4947707227851634,2.1379991337126985,1.9173129554032444,0.5143094903545194,2.4462067007347033,2.7714878682348645,2.19134006971291,1.340522649760821,2.5522982569616652,2.977534649254773,-1.18702621951046,1.2359611723559423,2.287216834874919,1.6546668974019734,1.063041176976248,1.1961086119063544,0.7678844560565624,2.0865883021209877,1.233496795742374,2.999125292192734,2.067053533101267,-0.7853840132027641,2.448150268512219,2.2628160650229545
2020-07-24,2.4382053085210593,1.4294921249618342,2.2198542260207637,1.5212516777795562,1.8805163628982238,1.1492962117383239,1.8455415679475509,2.4763023158303192,2.182269580003344,0.7376489351012915,1.8254608507502261,1.5672082613175096,1.788988797921997,1.9332697933422618,2.61462579742742,2.6177475371848624,1.815453833504316,1.224796287697723,1.4027269473171888,2.5602603542007434,2.08271688514265,2.4011391353623814,2.010721309946279,-0.07749488747704036,1.0832624370323343,1.8771511576374078,2.776211623488712,1.594845513049836,2.7141455852155607,2.692250332181471,0.6670309179804074,1.4066386766009449,1.159795026003776,1.505794389080726,0.4789964025095575,0.5157464593816663,1.6676769847660193,1.3020547594021228,1.3173903873971815,1.0386106494186353,2.252809526804764,0.6041032286848608,2.065057602085084,1.796693104321619,1.8678423174528884,1.8109948519208228,1.8376193916083043,2.586136784156028,2.4090512048500208,1.9668175292490606,3.1935361381992973,1.7237810184661664,2.4244695740187696,1.8147761021875575,2.333875574215115,0.2973040205576458,1.3614005111284717,1.8922960378699356,0.9920480288510797,1.9291320158422114,-1.2474990105079633,2.1722352295334297,0.2810879070247406,2.501594183397133,2.2367626151093902,1.5886411420300959,2.243949733191292,0.8372054445257063,0.9178745855585876,1.361346829617143,2.2867509262834353,1.3076899844139025,1.8451034648110978,1.75294469841004,1.5518953870432601,2.4251915913666893,2.953950670102051,0.26849559327784833,1.9879119076616278,1.4244561255158759,1.3475477514613479,0.5737246373312178,2.2556511442238585,0.17041022618571586,2.6802894643540762,1.1252781383459485,1.793020313533057,1.0354638420730438,2.5010182118916418,2.0559156679634363,2.526238536225667,2.628529511792514,1.9780046793685393,0.2553932901535048,2.0252900752493472,0.677950681021137,2.1186416189947734,2.1082207785726133,1.1023552565999553,1.0676344096512727,2.328048191207255,2.3589271979958144,1.6563243563679992,0.13253291275825846,2.1649873710542455,1.8309924928840835,0.427902743358601,1.3079275034673616,2.603572070425805,1.9909804950407781,1.6870687190122975,0.7566353691947241,1.152712518030938,2.0214472789765425,1.6843909300182998,1.72283846065735,-0.19308885871444723,1.898740963742887,1.1736885715870011,1.4329333634078931,1.658905429984189,1.6728839376239562,0.622794169077079,2.1658431936906615,2.3665885952942447,1.5875737204983882,2.2327470589605203,2.448827811839944,2.9000415100861363,-0.9901005259134783,1.3598624873482257,1.9175875788953989,1.4635403709256052,2.0501935843568986,1.3713015618848003,0.6003266066549492,2.049584411039544,1.8358939916888481,2.699086226797034,1.7108453430541806,1.0087597630743135,2.1515777878948117,1.5669627945041869
2020-07-27,1.7855645718402298,0.773698663886411,1.4082701013724341,1.349750009327532,1.00845681325157,0.506195693301446,0.6631006406964324,1.8547964061122317,1.6202123058198734,-0.055801321661272524,1.3407093723468573,2.1433688542255345,0.8799248145932196,1.4040518779887128,1.7121554407898563,1.926719061801013,1.3119694718627768,0.7582287300867001,1.3539981103276661,1.3706402286292572,1.9047035081109114,2.2786570197073055,1.9198677110962101,0.7092919373340967,0.6916300808791578,1.8892222136911956,2.4792204025283726,1.795159815879487,1.6207022191261486,2.134701894587798,0.6398879002300671,0.8838569622309987,1.5561418877510478,1.1355794204602254,-0.06824120995423666,0.33518992554957516,1.090820081587004,1.175748594869938,1.1325723013568045,0.8951276811621854,1.5424860886899823,1.1073237133683085,1.6679088718378658,1.482957465506308,1.49326928935615,1.3685662987226554,1.56588890949446,2.334507637802788,1.5272552086080609,1.6760078286527973,2.1451168697509697,1.5723144629214099,2.1408305477995717,2.225177618532157,1.892271145569291,0.5174660684771024,1.0152066440415684,1.473139235197042,0.8184584672571349,1.448620205983219,-1.1557934641517567,1.5146212247392699,0.26877506059841566,2.1185431832238386,1.4043115303765699,2.5252015064873823,2.5950942138780553,0.39928876698415455,0.6460685400274142,1.0906495073645088,1.5685150211756442,1.2671651958797836,1.8996525388571075,1.3325291581046161,0.5688217095386607,1.7639467887223659,1.9363078111515322,-0.024496884448145042,1.6447268981640724,0.9614568475453258,1.1501003361236386,1.618612736274597,1.772601599347848,-0.025612801263832224,1.9067018730986032,0.8477344694251564,1.2988373023648925,0.6541519794275839,2.582441944259322,1.515517002983596,1.4483195718493684,2.056372498295186,1.3847458189338118,-0.29854477029450005,1.4686051019412836,0.731924774047988,1.6725629951867182,1.6692866934626585,0.3468450847713328,0.9010194563936463,1.6954440315075567,1.577693974957691,1.7852567295260342,-0.11436314383409056,1.8207284063099216,2.117315611234839,-0.013753549536921697,1.7629315258371427,2.6206829689668263,1.171546748822165,1.0721942418702264,0.3801627929278759,1.5359249664594041,1.4689093657116696,1.3348290647040104,1.6346291553082961,-0.16009907649308053,1.5229192441482415,1.8648602154446543,2.507867481432555,0.5152466678949492,1.3420915786650307,1.7008672600551749,1.7593972565902365,1.8057301241325536,1.9635554845273677,2.7704018731880846,1.6459679698424237,2.3091710703636408,-1.278337461630638,1.293867894818886,1.2389021627426524,0.3891691869102238,1.2527870944027406,1.0234709090488752,0.42480467301719743,1.741146504879774,1.9846264380500236,2.123042947325899,1.6613221207357736,0.2838675105912075,1.958857686969967,1.7287904257539004
2020-07-28,1.9630162348623525,1.1783507230903385,1.4712993869892173,1.4666703078149708,0.9820754096128604,1.329491961852742,0.9572137892836194,1.2724647013986559,1.5932518854913942,0.7563515932300848,0.4788615615151557,1.52464276807347,0.6736035743318511,1.3677387466125746,1.3974615468932634,1.5040380412120742,1.4594697046001173,0.7428822033020355,1.8439718300248094,1.2610216885093433,1.570370709840139,1.4517002002611985,1.6568678379322994,0.8592126226772767,0.5699467414028224,1.840208554690683,2.3895914428943787,2.1988438720698396,1.201711662035656,2.3302704745014715,0.6651417938089531,-0.06369569676535042,1.5346701998655443,1.3715831317525076,0.9525735317196876,0.10502604973430668,1.589735883810741,1.5254002259736448,0.8331991292728518,1.3625433709436294,1.3817144627319013,0.9675943323701964,1.4310653281872585,1.3543151574491736,1.5499188233755283,1.1480423641216129,1.4300228231294803,2.281782020098083,1.538737634523463,1.404378295925788,1.6197524086368829,1.8232781559673854,1.932587027718487,2.014119191137068,1.7085929739152468,0.2625604711364078,1.0987130409649621,1.8187832832303958,1.5182515303148834,1.2267424899985158,-0.09210159506265832,1.2701164390236126,0.2731233320163169,2.642754823919319,1.5504902920236305,1.561892721683088,2.9208124464033656,0.26303242359821677,1.4182265068296234,1.1109309971004457,1.9261637716305886,1.1156003634212688,2.033189225485445,1.805896171232914,0.5281401518787906,1.4029714514806968,1.4604166376983023,0.312838846924912,1.3338167217351098,1.3556182058810573,1.0712923762422994,1.88948057213264,1.6314566942937088,-0.019883336613025472,1.4664775263266758,0.7545993511374329,1.33368614607951,0.7203947413390959,1.8343762062452926,1.6350141515706944,1.8164974053364225,1.646853212467187,2.4218719478892266,-0.5903701222866633,2.5346204905887464,0.5541169479284502,2.046611228916086,2.052905177148245,1.1280939408022306,1.673991777427953,2.0549242302522734,1.0226269550026301,1.48118673832082,0.7807403866504334,1.455266945555859,2.429114419645111,-0.18945539204142042,2.28719302403967,3.3246277077951856,1.1021044364968806,0.6529049309244916,1.3915779140997178,1.791843698008263,2.4583484363293744,2.3017104280104514,1.8895923173027547,-0.2044881305253575,1.9391189210498065,1.34725689937211,2.7045784023132344,1.0513856294770412,1.553923807234177,2.0824128025524797,1.746552623688047,2.3832574198486003,1.6872150037783684,2.5114736202102916,1.7153201819569919,2.9591851506898617,-0.9552882432868093,2.588536650962946,1.1128710506833601,2.24134719677977,0.7950051720297743,1.2018053056457458,0.6619386727410164,1.9558625976671256,1.9202360442388082,1.9299650688875465,1.4832537461249202,1.2481118256643695,1.8193843326889911,1.7545646845369345
2020-07-29,1.7904997013620827,1.2554195240368768,1.8153290702433513,1.4044974427203123,1.0287115784953749,1.559213972712468,1.5291714683684297,1.7341448283465466,1.6668577155629756,2.4382230629130888,0.5473088044320996,0.9378302564685993,1.9504087121017797,1.064055951007885,1.737906942632444,1.9474375811308224,1.5067474601802726,1.641543547312682,2.1381369902862786,1.6916522175585467,1.9456984750426358,1.456433847981355,2.1020658188738595,0.9627650698266146,0.8812219392518613,1.357453583786336,2.197418752229425,2.683274539702425,1.1679103385390732,2.092457908408445,1.841462421440303,0.5230937177720655,1.0002366725695957,1.5492305354596123,0.5944050435122379,0.09286512128909306,1.8094656457097853,1.6775989238156308,0.9800785942720146,1.1774850546213258,1.701564814783497,0.9342565897265674,1.4091643193238323,1.1336633047163935,0.973128999922911,1.7714899564252797,2.454373401560551,1.722162905572881,1.7571972906488722,1.2386636959462063,1.61916139861052,1.8961224351250046,1.6318861232795823,1.6189056059020057,1.8129824202144922,0.7330716362482979,1.597769121302853,1.9257887625242696,2.8297383016357363,1.1106921147404978,1.400577906809968,1.7539692666680406,1.0598345549837902,2.7665863744600516,2.3892144697994953,0.8446900143062396,2.3777399158314005,1.238182464930814,1.450102886901586,1.7105462886897966,2.4160433055975283,1.1122400384919406,1.9016934679949646,1.5514772115380364,0.604743765879288,2.165735331897201,1.3908122733929338,0.9752304957317303,1.7064819874186488,1.9736271145066457,1.1291054809692083,1.2689284209906562,1.5504789711464741,0.7287517401457148,1.9747009634976778,0.6870430854527595,1.369033321589325,1.2883539598094382,1.6729683125878152,1.561205606394447,2.013167139173271,1.7008323107028747,2.440476970269873,0.6947248346655193,2.5847862012304246,0.23335370507467693,2.265088086631029,2.26430975718677,1.546197952564562,3.02878217858454,2.4521209117536795,1.1259958849936915,1.6521053766881026,1.2570233527925376,1.3734016504468478,2.46423092224246,0.9046904985454963,2.01485961945475,2.62467282680129,1.03780575334366,1.8055194060237496,1.5924734388210555,1.6819729156646819,2.503659621933315,2.4554645089867275,1.5796351965070958,0.37201950314047494,1.791562232608188,1.0245760246393274,1.6109734680565804,0.6272770687348025,1.49050103178426,1.6854851194805034,1.636511167420925,2.220617242908295,1.4568748879241198,2.2479895772528917,2.1844938405752283,2.778719137774602,-1.0829832318655197,2.307943784025547,1.2571399729238013,2.455553048278679,3.382535939056604,1.0373400871473466,1.0563883668988905,1.8110918360756063,2.288864899456724,1.7509145507154211,1.7235070170633304,3.22556963474804,1.5983694804996431,1.091089091559901
2020-07-30,1.4555807543633237,0.7485852925104682,1.344300764236529,1.5104835642219383,0.7339312162650423,0.9665843597945948,1.0007267676143843,1.3717851983180653,1.1196879109831896,2.291156773732199,0.8640898279721718,1.5231858894136459,1.626182416166994,0.9672765537019589,1.5886470868382216,1.629712915974277,1.1666340584088968,1.9591990264923425,1.498178572132858,1.0830111897792527,1.516021919301224,1.0061941260781102,1.9460758852952675,0.7711237241994399,2.070790238569925,1.0767047835196346,1.568760727834892,2.2710759344326545,0.8404118958700353,1.598675796319362,2.1464777284434446,0.8248975887599922,0.7899327840775151,1.2856327466101896,-0.09298005031159871,0.7457319732091856,2.0853544819662098,1.6288591262369976,1.3270172600513108,0.8379536399754399,1.06284288842284,1.703218002527758,0.9905224890086338,1.1018844772685679,-0.06143911483100481,1.4787729149663313,1.9781638643511148,1.6972704499147298,2.036352339561568,1.4154977438752796,1.6147431712823284,1.51019751472274,1.1110949354302118,1.4375103647776335,1.12889347458505,0.8434837211078808,1.3507458656736264,1.3058370492297637,2.274665566882757,1.4102654122422613,2.5340941645172097,1.4186852547187296,1.2888255608883128,2.1733904336235317,1.7072740405594975,0.09513818469414063,1.2915468140538742,1.5325550044577074,1.3403742561584362,1.6884448817305389,1.718533649278344,1.1698240922872982,1.5935276745042342,1.137423387136804,0.3490885777823859,1.662363594458891,1.2125509706976418,0.7644567469165806,1.1656306219158412,1.4613901872515827,1.126513804617696,1.8663829187324055,1.122354475413391,0.8711607070927597,1.7182938934743095,1.0773503804973341,1.075609210152841,1.1128150997159398,1.0103219238284658,0.8339172311899643,1.6844598236417814,1.9124016651109357,1.7362716490952743,1.076319721247146,1.7382096800420992,-0.19419156374035798,1.9409577696273552,1.9370783333030621,1.2881495003595775,2.206826749862934,1.9344458238306672,0.6942494691948005,1.4641881728272466,0.6514603069293533,0.9956304583412364,1.4517100821540858,1.9798545484139431,1.6219463550024689,1.3838575010800944,0.6240869899476013,2.6277701080711027,1.1765379964716431,1.1770960422164884,1.6872428646099584,1.6637466307669124,0.8468450402141756,0.4765673475733155,1.13934840652502,0.7624459506552789,2.0922085315147005,0.41020632623451037,1.0351227656688506,1.7479470321935102,1.2794639237055236,1.6734630397290386,1.3135748795491278,2.0648342519331577,1.8318749959473923,2.1603936303186617,-0.44897286113311735,1.182103804315373,0.6303791982028657,1.7914515592850442,2.458241488287072,0.5420815012947927,1.2391767162255756,1.4497459962861248,1.748565263128772,1.2861011012426218,1.4646148022968126,2.2849571996452887,1.0738758634536874,1.5797243182412704
2020-07-31,1.079882891049049,0.5072920259891289,0.9361467799149388,1.3541375125807464,0.5933996155165452,0.76310942019109,0.572755138352071,0.9906627079431287,0.96956086551419,1.46928375768947,0.523910407521655,1.704751685329486,1.1402902275432094,0.7800330387211823,1.0388748476273988,1.188124333052731,0.9690193682457372,1.5526884152736198,1.3043964402550094,0.6134763689822887,1.0733630328768626,0.558909331691392,1.3863278273947077,-0.17214810911583064,2.4190515292917496,1.1174798868201128,1.0566429679582197,1.4430550097740955,0.638562701215045,1.4431588038769436,1.0891889164405013,0.8283969352412611,0.5858301411543343,0.8582171122333644,-0.7020504025401437,0.43627676022498857,1.3938501557589151,0.9911915193103552,1.0699692112409347,0.5647393533082756,0.9846110079077767,1.8078173324542326,0.8535587978157659,0.5868057294168861,-0.30679147763768755,1.3426318831565294,1.2113798602121988,1.334275608561061,1.6785172433246036,1.0839200235063093,1.4163938068639474,1.161307219382265,1.049794109352338,1.4207311550547894,0.6760157127600275,-0.4112423492920439,0.9427647718138017,1.0039163981633599,1.4522120124443132,1.038339909799088,2.5878463119994692,0.8087689363646605,0.95021867906082,1.4329138807292112,1.4378753107359143,-0.46015623293063307,0.47986307872205175,2.0320634317892288,1.2838751303206144,1.0518363153346026,1.322843788736828,0.8810847237281199,1.2714705065343783,0.4420049496589384,0.39532311377964524,0.8046846112801681,0.9323419819592962,0.7596032928569095,0.8958737550750026,1.0413934459799168,1.0767362210195952,1.8513734411404246,1.0404722996913798,0.41233408205398037,1.5071207590944966,0.5888594042993877,0.8531691141625675,0.9796834310254076,0.862274935671095,0.5576576153892728,1.3155120002466167,1.9768816374531903,1.302999640765256,1.4388952909365513,1.4713223497613956,-0.4283159598473301,1.4403189395535425,1.4454332239125267,1.2772467747474272,2.00799540402233,1.5588634959796133,0.4199818549455263,1.0377311587908256,0.4362697739553446,0.5424676306573374,1.4914006641801925,2.4909742779940536,1.0789557603522162,0.7017464758449036,0.5012813756355669,2.954398769381517,0.9016090798827531,1.0979008902348804,0.7377132706454145,1.3529102514648017,0.7869733410202917,0.3868422203088211,0.6802449895623406,0.6558876352081587,1.5509803753534377,-0.601182174507196,0.812384469526404,1.9461782512884007,1.1544396713433362,1.0715103428058355,1.683506636779474,1.5516149344459012,1.1676280210217438,1.525994065973659,-0.12277671829906439,0.779348764631925,0.7882846589306803,1.3425852968875607,1.406324946971244,0.6548344443317241,1.1075549263210775,1.0042844130782789,1.6031138044096338,0.9373777417598451,1.0228358151435042,1.4489470257370558,0.6193271986084068,1.5822916225861572
2020-08-03,0.6589507220563002,0.43394932374444034,2.177681817421672,1.1199299728587662,0.5189165301267264,0.7094659402897391,0.8262700982487123,1.2601028806692884,0.8748358010619665,1.2247989815224278,0.07418006926545298,1.625850907747033,1.1720022671224761,0.3334259110034058,0.8535280759711686,1.057549949472595,0.9105619141997218,1.9407211624480265,1.362843382784419,0.5081828407555178,1.0022903884011125,0.6512188553096541,1.1749447039576482,-0.3150600959913882,1.9788770864332499,1.026693855880529,0.787261347138377,1.3534579893931538,0.3272853356214847,1.5736279211304192,0.8065513670429572,1.4456056630656509,0.374641196206678,0.6060052001293246,-0.9082510314671149,-0.05833687518578222,0.8227379614803044,1.2076701281167521,0.39793361734855026,0.10459741306903088,1.1198406305763888,1.19371774750355,0.7666638674889164,0.5857822447568937,-0.15622217249516954,1.3510272028993435,1.4562200990408223,1.1892684903170663,1.380546045978943,0.5787546649346749,1.1142655731639448,1.0507843079254444,0.97150426362262,1.1868957703976522,0.4907299601429712,-0.24740363420928121,0.48818480818177956,0.8674651822665793,1.5789812939100534,1.0885528558607296,2.545799275236846,0.6802806847663285,1.154080916729337,1.4305036316687587,1.5903669777281433,0.11804710576973529,0.40823339391943303,2.435286721142905,0.964916681768614,0.6998657474770285,1.3521644491703413,0.6695118551997599,1.261093139028731,0.33591884360125923,0.4678191528353289,0.4149568271999338,0.7451838069544543,1.876846643633787,0.6948144884366659,1.4246601090404993,0.8605849175988846,1.4647042525049119,0.8525507694380542,0.7637726203422053,1.8135852191665245,0.7187879805768683,0.6470725786630688,1.2748544580752743,1.42168060498413,0.34580370834435825,1.1045564850028435,1.8099620012025335,1.1288383648350995,1.248401794586932,1.2692530565093414,-0.31420581725631935,1.177399165914587,1.1717559749807025,1.105048087372268,2.0472670737150653,1.0829356677457773,0.272465764258108,1.0848408030472865,0.810815068572292,0.03977619515143514,1.6779536810687299,2.59693344337648,1.979494013764326,0.6653711936835282,0.4809608133280627,2.592088053468287,1.5506467759393685,0.853191496689457,0.6260625884623212,1.3519539928267899,0.7507872449134653,1.3278092350638644,0.33054568879606894,0.7929287045769016,0.7730433097557003,0.3078225282085059,0.4831530932264141,1.117082764641279,0.9123919592594312,0.68786553612735,1.1319586791375902,1.232667440573219,0.6451067269915879,1.2442962977104006,0.10541779330698543,0.9606487711531823,0.1830212345384102,1.19765173817469,1.5091759164740246,0.28696741096587886,1.455032505577641,0.8778380982256482,1.1954609981285107,0.9334157256132728,0.7333898458021103,1.8612349917236335,0.390815078439981,1.8929970135832646
2020-08-04,0.12582800401014557,0.20586265351175376,0.40062052288811467,1.009469059585606,0.1677352719275226,0.7446168508840979,1.207885878484948,0.9523047120530206,0.678741748656992,1.242976791831918,-0.03071347439631815,1.0105257712557165,0.35863410495931497,0.7000976570180264,0.9120541839050228,1.0249241565816918,0.7405663543597035,1.6371013569504762,0.7230860942145287,-0.04145790508049998,0.3842569935896793,0.6598526964282909,0.8447794603208133,-1.0127457130330173,1.5665507063014277,1.0228838068781518,0.6657808347974272,0.9372020622603314,0.48802190084566965,1.0441402431761173,1.0599748564412932,1.1307618010259897,0.19896704071532664,-0.19506923656706493,-1.9407715904116913,-0.3123028094222045,0.32737681762637977,0.8592798118795925,-0.16659129273137085,-0.19938842290326766,0.4547061919312809,0.4319280651986662,0.5419361805804832,0.9778707585064643,-0.9262781478395891,0.979668153622333,0.38710844733603,1.0428205987645331,0.7880470345527625,-0.04111056071629209,1.132293518304406,0.5373276400864846,0.7492537089954407,0.8588997216086349,0.41416981574347117,-0.5248631745557771,0.9961753937409447,0.7364236766769324,1.1076615393851108,0.6910817495521377,2.0255322759942604,0.3194398823769262,0.9730512515438242,0.8963530793637112,1.1618197892174555,0.33643154665680497,-0.19398317964477188,1.8703773654993223,0.06629983235829666,-0.2906918178117284,0.649603736206013,0.15300798304182775,0.93119999564958,0.23326419104222348,0.9647998839624468,0.18451875640016976,0.19059134552426407,2.0613543877178993,0.27170011975419145,0.9629208703685397,0.575304895659972,0.9118707843548491,1.5377549903802257,1.032012003946498,1.4496394786298423,0.45725042436723523,0.35661508738848396,1.3144856237662033,1.814898415218422,0.2112792126443956,1.0008366991665762,1.422790632503309,0.47919514534437263,1.6881791446671641,1.0929131803419259,-0.6000538252573858,0.6791268348937045,0.6774440402750274,0.5291965950545908,0.5242618410664317,0.0928315775773536,-0.6256542497086673,1.282940006944386,0.24512486585339377,-0.2727760606454618,0.9307016601106367,2.5917551483933106,0.6255401123538742,0.4375891039715125,0.414401424953967,1.9386883971563453,1.613785860090442,1.1445729956167678,-0.16482644458426415,0.5781783804558122,1.841165650244925,1.9355019423218853,-0.37315557452704323,0.483354113303834,0.09707379475436302,-1.1806371346771534,0.3458477367299232,-0.20710813992318725,0.6969303364661029,0.5018752715634363,0.18817982879645698,0.2699690410305498,0.6887052519169595,0.7749650276946252,0.12236763769917484,0.5134237346376849,0.17115107533023485,0.9644271967063698,0.5740364618677938,0.12672470152718296,1.2932696881606383,0.18152752982151008,0.7508221774044072,0.7466633640300084,0.15720012797793353,0.5160095101363205,-0.5859532453046645,1.5433695767665923
2020-08-05,0.3695388031707516,0.05828254068510731,0.8340718680142413,0.8592837640603235,0.29345037299352567,0.5806325998865417,1.5393126926621998,1.4833013718086343,0.6149037767734153,1.3815024523074841,0.016748134782417358,0.9905242547160201,0.12491696591751239,0.4184493633021135,0.7173122176557409,0.7789181300888536,0.8853558732827846,1.3209769072620723,0.8560604332139047,0.19035960970163057,0.41116414470646073,0.7461123587083266,0.649395005158585,-0.9534513302701646,0.9429506270499878,0.8539964481640012,0.6185912732339282,0.7553592250943465,0.2068779968066307,0.9098541426693204,0.7096825855295503,1.1724342872116353,0.5505452261454351,-0.2779021577480711,-1.5529871346966824,-0.11506784513022104,0.3477560063409542,1.017120163882567,0.09483741683899186,0.5910233147200447,0.34880883783042366,1.0485339127976954,0.6826596441793316,0.855782927044672,-0.9497064617237453,0.7683222376022155,0.9392979370902167,1.0250599586033422,1.037621312989454,-0.2610784665287607,0.9518454077240113,0.5691682840870038,0.7293124808597348,0.8630519462122072,0.18159411706212134,-0.3146930158553709,0.7577283261923595,1.1125969394603648,0.9076959994416021,0.8210646699235208,1.9547206265089494,0.1331070373193785,1.0540693930404286,0.9872179049256007,1.081965151704452,0.32118282137833093,0.11649976949418003,1.5115538488472733,0.13666343418558313,0.10592893605892979,0.5308706919419406,-0.06783350335502193,0.8567940643508141,-0.1500063941891238,0.8453143936486042,0.05717088639864962,-0.07359909381072911,1.7385680615808967,0.22657340931305606,0.9570755369840059,0.6066482303240632,2.0414188275412393,1.5564909873074613,1.3852369131004878,1.2818797341829866,0.6864254105105,0.2279491629954801,0.9128928528776626,1.7286594379451414,0.07974679133053131,1.312207798803148,1.350471402056355,0.30872923425465354,1.3223378313725984,0.9929395865888903,-0.768755840628034,0.7522983701326994,0.7463195902487264,0.1650914263050087,1.5657367744590804,0.33754307816379603,-0.9014202335140171,1.0204110576139949,0.384783706195138,0.12351571600005373,1.129630698253542,2.5317501867592003,0.09052614311504069,0.36745949972002057,0.41118597285541864,1.6188117176269898,1.5817565830863882,1.4899849574367225,-0.28917392923733937,0.39201794697811093,1.0621946845153645,2.0286744972716417,-0.3390527031785975,0.6761255646602228,0.4325903788550615,-1.026453553018128,0.3871088370943728,0.4130747505173357,0.7981037886608575,0.2143646157478424,0.26545288021063457,0.16533375632598393,0.637639358049149,0.5805135994240216,0.5107611468524104,0.600647374816053,0.27151906988910457,1.0241881234201344,0.7934894280141275,-0.19075233904038397,1.5859043823133463,0.0032270078962978823,0.853564900855593,0.802160966406001,0.6331217039508416,1.1313715644392448,-0.34464711779265195,1.7819087348813298
2020-08-06,0.3682500761274099,0.1622292009272684,0.36088831458199816,0.8152949035716717,-0.06965550525968185,1.1586104459045294,1.5948020074414309,0.9735688950050801,0.8095839075975818,1.1123200216866929,-0.21888250225197714,0.8780498275368879,0.06385319610810924,0.4838702785400021,0.629424276507102,0.8034715113894004,1.2164348968574092,1.150462088476742,1.0369781642451135,-0.19162118436359316,0.46775026558185573,0.7048674942611993,0.8009774800750976,-1.2247346580224765,0.6351006685468426,0.7224192120259664,0.5400023519133952,0.6253604593315983,0.09668691008186471,1.016762046400767,0.5474795771147807,1.027136024662373,0.25081566134790567,-0.3323146861330691,-1.6230817237141855,-0.41084964317024253,0.11095037747389902,0.9236990622043975,-0.1296359830834559,-0.7958381227538164,-0.022396572698291976,0.5942854733802332,0.391732049014176,0.5244367322749016,-1.088298874337222,0.6902676170769945,0.8997127137955744,0.7975085546678049,0.7793230605776823,0.5316331924025021,1.063855143529149,0.33552348643129026,0.6344298399383799,1.259552679294279,0.4063809735297758,-0.2110882662452452,0.991664205499885,1.2161201232845196,1.0000951758014534,0.5647294812022825,1.444020853651834,0.31612817685899,0.9183527078074827,0.7490509826424393,0.914367515704276,0.08862421259101785,0.004935106599826137,1.2169063175114796,0.07021145409493638,0.4815410300028773,0.46985174778532596,-0.5523499603721982,0.9362502619124164,0.6684777746618277,0.732045221272762,0.014547621300582342,0.15490890535774948,2.237094037575557,0.09754172593038504,0.9570623586335031,0.6577405063433738,1.5691087992768042,1.4119353772555376,1.5511175962794244,1.037901916253532,0.29085332118333357,0.24335679897805135,0.8543009604530415,1.3807666129324554,0.08251040644238226,0.8931741202917064,1.1413229393018627,0.2386448364550558,1.577256506395525,0.7979861282171377,-0.8923735995946545,0.4730644583712548,0.4765896053999774,-0.5278023482538612,2.123286742870093,0.23709833999036448,-1.5593715939111528,1.01094188530078,0.9585742497299914,-0.09093732039288996,1.2164739821479342,2.4249357402750262,0.08668208509358548,0.28869084115440585,0.0030764399978318903,1.4713434923278907,1.740012888947096,1.5915916271235169,0.11683280606980778,0.4250683692185348,1.1271741988657793,1.6316248670702058,-0.5589085141184315,0.4506692712314782,0.5850229045982667,-1.1456867633570533,0.3156892771044879,0.11842117906574014,0.8219477153285458,0.4563937385227558,0.4747500627480103,-0.01832048297882749,0.32755267804101,0.4231521811003573,0.1941471008001682,0.38401813642399624,0.6239285664210152,0.8735511818313512,0.665339032040391,0.1903460897842752,1.1780979221985484,0.5836941584676338,0.8514666343851944,0.6353917160827235,0.558100016068627,0.553044815411809,-0.6343067514663923,1.0829395599141511
2020-08-07,-0.00402158968912616,-0.8555724980182625,-0.48508695263186186,0.6900195118958528,-0.6602030740259371,-0.23480584302853186,0.2805378396339059,0.6056423136755877,1.216706130235301,0.5896088997466324,-0.6874979704759382,1.1026826195760246,-0.24457227797492592,-0.10662368651344385,0.255963566018004,0.6012077077072234,1.2130044435815062,0.8322249635284826,0.5279872241633188,-0.7129089757659539,0.3691191654146719,0.7094035726762805,0.8801404220086927,-0.76655790496516,-0.003363383979872064,0.996114643919061,0.1708822729339264,0.3551188201897933,0.2504575404537597,0.6439597802449598,0.02562212520527529,1.5109018503625133,-0.39348677367941887,-0.5462635196245331,-1.5597117776971239,-0.5709040898892312,-0.0026399867071899494,0.4208884067034867,-0.21747688364121467,-1.204156641666811,-0.05104484791408228,0.14113568073833735,0.2796192656195754,1.2817588577336152,-1.3264564535447747,0.3279208840687925,0.18943076111667542,0.6611981652509349,0.4155516040795391,0.31036000373274986,0.8172447120858013,0.060966777715692096,0.6324081083261602,0.7017115194549082,0.40363780629067764,-0.4674257733983321,0.5425214175104751,0.9206131272164529,1.1602825776260033,0.1546046923052258,0.6437209986468435,0.37834252935520435,0.6885149562963884,0.5174090781921523,0.6923530161299956,-0.11080096947007592,-0.2943256745597159,0.9160946589323213,-1.0563485878246401,0.2845632990399346,0.05412653587156622,-1.5643195852328111,0.6292118079522515,0.44849296399134425,-0.2159812113491478,-0.4392605055155559,-0.054230639388541425,2.0282573991687616,-0.4317489236666721,0.5270811545539794,1.4000642228591478,1.112018320262753,0.9753233145524829,1.3981295354952092,0.8434492547730549,-0.2575810034199628,0.8142376503700441,1.3620753939903187,1.0307797509832939,0.46218213123411006,0.49606112154781906,1.4170027756416381,-0.2576199551835161,1.1147867668756544,0.3130764195834725,-1.2620942902540406,0.3103973433891079,0.30339606267536895,-1.2699979834803712,1.7134300229467145,-0.002742005586935804,-1.3531270987306008,1.3068485516799997,0.6902837952469987,0.030638445131525225,0.8344020973957199,2.3234050611166306,-0.6026543928310468,-0.05124136525035287,-0.11729852850994839,1.1855338297602522,1.4549496353264844,1.2634055554795007,-0.6173599981825441,0.17289429246427984,0.6501369504765968,0.823309457005194,-1.0808823181610518,0.22570767772688,0.28585534388933564,-1.130563083722706,0.3287365945682896,-0.4903636760915586,0.44622404466632076,0.05068028773580929,0.07105234182345806,-0.4986527334988955,0.29362059696334347,-0.20612580962874716,0.72816491981389,0.09697838362697776,0.6796764581366462,0.5943176460264754,-0.3474170996664805,0.2063700010885218,0.5013032739865467,0.32276798922151073,0.560667699541231,0.48075674642775407,0.5438090225305988,-0.48725470983290337,-0.8406533146109347,0.8142371367044366
2020-08-10,0.13941505447891964,-0.774397564452605,-0.3944772782927514,0.5329994180055295,0.007228976205750057,-1.0457061820968,-0.28981159435336135,0.36752311734215637,0.9936186490338866,0.5153140142606834,-1.227714857251297,1.1595939045932901,0.058193547496529614,-0.6752792241372131,1.0070141351355872,0.9988567137212072,1.367299495211537,0.7486733801061843,0.6602770249480864,-1.1355704781683666,1.3477929331633836,0.307256379051117,0.7992141156598229,-0.2007984158759752,1.395118560906569,1.1656058855359581,0.039158434437271135,0.6437759225048518,0.32738839642496076,0.6544402736768552,-0.045268571699080946,1.8739024718853734,-0.4550354043169194,0.061641950646875325,-1.0245806047926467,-0.09671760423151439,0.3852904138971945,0.053607963050063635,-1.2585906389946875,-1.2206483135073871,-0.32326325110091164,0.19053017523110632,0.36170471453487846,1.3000551829313145,-1.648092567483139,0.473538212321546,0.3197487901687235,0.8670436930011683,0.2796972727306831,0.3031812427632315,0.621950586017446,0.12798903723897675,0.43843775359700476,0.716197812095409,0.7431344866662645,0.1050882407581947,0.37623590367714893,0.7986457423896329,1.4228187503052223,-0.16354170955751526,0.6482849946421013,0.4665115402086884,0.44756640999506414,0.5877830795985786,0.7053286725114503,-0.5912691395405545,-0.23438833059796763,0.8418972362917362,-1.2788854326553918,0.7160369890164369,-0.09344942179707029,-1.5455132377093197,0.7721642493325659,0.3273224963631491,-0.9888322561698525,-0.9434399903762842,0.19916896650369303,1.534591798774096,-0.5146710809253493,0.8541459635404702,0.7233203410091984,0.9404905331310063,1.0114592233549986,1.134366432178994,1.3434773423714734,-0.19738122392652946,0.5595345846606251,1.0504908686966938,1.2696491865596287,0.23244826838026797,0.36856498337297905,3.0245123416593946,-0.25079534185961877,0.8593788290067014,0.5206034660270074,-1.4862436717001435,0.014315030417491255,0.00926288575244823,-0.8783659289120238,1.3453198720197872,-0.24471088271758829,-1.2657112557316816,1.1033754799511104,0.6460018979102778,-0.8181033130554085,0.8412506973617402,2.2368281071651457,0.04031829429898781,0.019343884545244425,-0.07016897997811646,1.044357703469578,1.1168656209463905,1.5118499278817583,-0.6840007898391647,0.4229023327059429,0.4888677940501315,0.8505322308966423,-0.8509954275565044,0.0098137955417227,0.12092852611282318,-0.16535616614139415,0.6386558597477469,-0.49414170646770256,0.6691389050963643,0.16858610895877113,-0.035726729720803416,-0.7267887439793093,0.3406362438531662,-0.20084378912191359,0.7429788502267379,-0.14412280668541622,0.8301990506084495,0.7471434770586673,-0.21397549589549134,0.5005357803097227,0.5722738866354573,0.549991966971409,0.9419975075720777,0.2325197730426408,0.5137810597446094,-0.5773277057858045,-0.6087205967100163,0.5239352658892139
2020-08-11,0.9151373754770031,0.060144188076881204,0.30844216218723197,1.2817769148207492,-0.10674172900484828,0.18467057508711612,0.04400441135394526,0.8113020960061287,1.0054718714231843,1.3207273707363414,-0.9388031978577387,0.9432547301871342,0.5333992211278009,-0.5101807683303087,1.7881293385699564,1.5568279774601763,1.5523999455955746,1.3660707283673814,0.8605639329804844,-0.5002874679826268,2.077693279753948,0.5431556580216473,1.2833827460693232,0.3342529370532851,1.5638983620815798,0.6684911850525155,0.48212189054231686,0.8838321214859582,0.18130583198175879,0.985892200017081,-0.22324508125807904,2.785279420299114,-0.1792454908527202,0.00861108203062362,-1.0955385290740705,0.193378868966217,0.6840657308885052,-0.2244893560828177,-0.8090585216573652,-1.1617308139606821,1.0665461201510955,0.04620084319387294,0.6116521020374114,0.7475910464048132,-0.992184232427172,1.1089804897064457,0.47635526750339613,1.0661975945823072,1.150443841898717,0.5188789425852814,1.3021437981897943,0.054675147259705036,0.9737826331205425,0.3573824201356419,0.9725043144866004,0.5827342885605857,0.31983964587237274,0.8335839763883521,1.3995240356874574,0.027171103184578504,0.9163078143238366,0.8841543511549624,0.3071916276864279,0.325709100318528,0.7656480334845542,-1.840291003643131,0.017277294820306894,0.8743653076753212,-0.8250564467153311,0.18718842305132005,-0.09602116946795217,-1.413863418241626,0.8429326398919519,0.6292416640741201,-0.09520700823846072,-0.7712791010301373,0.2054662505476899,1.1542830840292344,-0.28618099765028226,1.5476828049384375,1.520028758558797,0.467135793608112,0.8798404984948975,1.5601837398714438,1.3490585045966996,-0.18170948002364912,1.259093276219216,1.5781944115566888,1.231886231184315,0.2525666995013186,0.3830716070324955,2.8662083800084175,0.09407945131170706,0.759460653279454,0.9739373500515749,-1.4113641199144962,-0.3060385346584055,-0.3007363446140125,-1.0268986493296188,2.0380367140871734,0.19170486724261016,-1.049447404118472,0.7612630337477884,0.8286561005962565,-1.5864204072902925,0.8928639929971223,2.155208954711964,0.8770818759049319,-0.03685923328205436,1.6050766807547983,1.2186531253239505,1.1009282907263616,2.543503204187378,-0.37251275988773574,0.671746889113217,0.3267250337592632,1.1835764018447779,-0.5062449513185366,-0.03235755750874274,0.2926355533309842,0.5743263005273237,0.25322622969249814,0.5719472980723197,0.7692754897349707,0.4367012915639908,0.701085426638667,-0.6875939908224167,0.5204633451697482,0.3207225344577375,0.9588595544841217,-0.27705024371361303,1.2565757017021393,1.4106908027865996,0.461087922292126,0.7609706098583547,1.5409285564162807,0.8197507391661114,1.052367121464544,0.2037625808523345,0.8884299422290375,-0.5456209220822164,-0.5343673890869326,0.518372408716026
2020-08-12,1.5880398025283968,-0.390829134785463,0.5194220640328452,1.1881376010851972,-0.31027508242874313,-0.14741239523846936,0.8169015202765505,1.3401744797540405,0.798899720252656,1.3671512777334076,0.13147637626645944,0.7803236902050673,1.0275905229161588,1.3254552188626805,2.14800973412135,1.8845720538973034,2.056265265461218,1.9847902434340021,1.450056038147837,-0.36704893691354923,2.190302502039864,0.600111706362394,1.4155022748014574,1.303338694036095,2.0415335049571333,0.24082029021507378,0.9803932188991081,1.0088602841602572,0.31433227474832764,1.4324672180388773,-0.46744218210965377,2.661850862296936,3.2433108719135872,0.48857045892501316,-1.4793558921243513,0.4766131968481887,0.8682730015567667,0.7789406795811027,-0.884857425994797,-0.5676146215352132,1.2280929539741456,0.18300866935490806,0.8570228170223623,0.6038413109040296,-0.7914158165591582,2.172718055935798,0.4726788957808363,3.732599023994141,1.0788994095371223,1.0086148553191217,1.3519036394337747,0.9472770771450315,1.075788216836476,0.19860879223685413,0.9800443735874023,0.6819611491949696,1.0571388475685302,0.6769780277602031,2.1268830693505256,0.31806889315199594,1.1660738930532675,1.283451551664773,1.3706173167510356,0.5183428672840525,1.679761629800106,-1.8728029379480275,0.38662024734177847,0.6612503733870929,-0.1304066560868615,-0.2728957202681091,0.20674593086209672,-1.3961134123696044,0.6825270757137405,0.9865389421042802,-0.3775702487673832,-1.273238563372294,1.1740158369988578,0.5862197649823235,-0.44647755435911873,1.9277502309579175,0.6972100845953605,1.270693797350375,0.6560740778861159,1.9337482384056093,1.8773853657744657,-0.3434025979058657,1.4335127729379862,1.0978130397772206,1.0755224415777902,0.24616879064377964,0.9400708731479608,2.0605440955751635,0.8035045369200171,0.7411693467667652,0.8745254191058999,-1.4120794449016871,0.4201792133870468,0.4188286796379276,-0.5083711785255448,1.6864951851124061,0.07149248757318356,0.20011999882811407,0.890210415856087,1.7543013989475105,-1.4719295992485988,1.2237307703103333,2.0891345173008524,1.7712219632787605,0.16150862341097072,1.0354773965793773,1.835754273784076,1.7437358369896738,2.2553692982340476,0.0622020849316649,1.1217709481050502,0.6557169494429459,0.9691658154997715,-0.05019898248877172,-0.17771430878604935,0.8706359195421336,0.791352547452463,-0.07357233865838066,0.7774397607969487,0.7011240225846593,0.4627949899935909,-0.4008168279636565,-0.34245736346461747,0.30060668157695675,0.3317235793141795,1.5021249014512486,-0.24884948155379005,1.8991898772829507,1.0637269999240615,0.6791318724338575,-0.30498312087716156,1.7945209721476791,1.2176220441807764,1.2456196007044944,0.2912003379634738,0.6145331417573016,-0.48836725609947107,-0.4916012893309803,0.3520836758515197
2020-08-13,1.1191667219656012,1.1003674456373862,1.421231369964304,1.5673122515214521,-0.3830661798673612,0.8165502721614141,1.2692979854349606,1.4607155349705252,0.4454049814802452,1.42321359707846,0.5018209089070171,1.5329013545376047,1.5647870518769884,1.6453489823855456,1.9288890910156002,2.4044294671219943,1.662668697458155,2.645439093881334,1.596707699551136,-0.42559306480957626,2.1087572621039175,0.8944711083177321,1.0603025113888052,0.934401696191439,1.9731769436740663,0.6432339063084705,0.897857344101158,1.110460605770259,0.5445147520908041,1.5082151967996666,-0.2654227195289226,2.093634065704549,1.522009536712196,0.8620373746760108,-1.0529147220419213,1.5564044978753901,1.211075040977005,1.2244509182167818,-0.14060175674679917,-0.13094815369773485,1.8800482041304332,0.9991263538126429,1.1635491517607726,0.3486584956391439,-0.5863715736119006,2.295522059042854,0.3097723795489597,2.501191938850146,0.9275541163181715,0.9117536376199421,1.356919155216658,1.227545550575448,1.2775510287822365,0.5291318484033378,0.9607231875321038,2.1380275080565445,1.065812062976724,1.871756751750483,1.9402262659701535,1.4213656349596988,1.3878674718803772,1.5171243792946982,1.9455640914982835,0.44199323168804355,1.752312591645157,-1.5440797862546403,0.3333630057181886,0.9891817714782503,0.3763529805142708,1.5140280051881403,0.5960715611603511,-1.2801378977841513,0.7991445955096684,1.6333327224901522,1.7832782254856994,0.2483156696694093,1.309197264382103,0.3209584683749973,0.8977000135307717,1.9095249132421113,1.0149229490226617,0.9407218592394819,1.2405025888476973,1.5399715326329104,1.6554573809526227,0.22328651503774327,1.5517346305608886,1.0774664811663097,0.5650928945415461,0.6271567241115065,1.0706743223009334,1.4979104971769575,1.6544577110476955,1.9481170888191592,1.0367141170079395,-0.4996977449683779,0.25615155351718744,0.24703810636246393,1.5611655228185617,1.2325813885002563,0.055125297061252965,0.2933424755884166,0.49959736631452556,1.687517767518856,-1.2616651134728152,1.6959719905137962,2.0326206643030384,2.4887339435815687,0.2781451228709919,1.394702763058639,1.5657154674524343,1.6588302337840257,1.6373920013410201,1.004130434778793,1.1801755072072349,1.713278892932673,0.8781907562605823,0.20678990168177241,0.599983652935752,0.9076782400573676,0.5214882590027207,-0.2973127709053491,1.5272161681959653,1.0197772123002098,0.7252034914625892,-0.6870963198025265,-0.10480949671906697,0.6722496341951087,0.3693657561447317,1.5198083996089715,-0.7045924025758996,1.7616255737488657,1.1430969091166405,0.7484191256019644,1.5882180667047405,1.7018512518909101,2.1419586560494825,1.1827855758558103,0.4260013470121861,0.6707886968369787,-0.9430341567806844,-0.11146956343593854,0.3184981563046221
2020-08-14,0.6876389010393613,1.6041603793601023,1.5913339140714131,1.8104178912663058,0.03415084294486757,1.4248847082917233,1.7951240161210942,1.545422934115022,0.37044167339262973,1.744397778318333,2.780219507002032,1.5497041509616107,1.5865394333950134,2.2710631798293606,1.8611954669947197,2.142027944696991,2.0298190156493696,2.3937782843380826,2.3389186579350247,-0.22433770129508115,2.198479287046245,2.6728578065003803,0.8885474479272968,0.6261571083490457,2.816485135279104,0.9385946800931269,1.0275079044432613,1.1067200018434054,0.4806979293738008,1.6486295890596638,0.24664328329115984,1.7359734696040316,0.5451489010634374,0.7440428360789731,-0.049002062710115396,1.3037003071456303,1.2883989646063871,1.8624262753648029,0.17599465860341124,-0.03501869694148821,1.993686729033855,1.0532975642368292,2.300424902538458,2.074656874843811,-0.5332524440009326,2.2896686993921107,1.208920540002421,1.0655475471100244,0.9257978242550807,1.5602950603303942,1.3266081824608373,1.1416766759574994,1.2051632705837003,0.1696717688155909,1.2725484408783085,1.8985119109487891,3.0106057751564994,1.8802968477310138,1.5850651074755906,1.554926243908237,1.5841364767661748,1.5459466258311232,2.570389385064503,0.3053827480204026,1.6747342312066913,-0.9880677782884723,0.6308307743435285,1.046384277639826,0.7615467211625463,1.5738545133575759,0.5307159069355782,-0.2439667208891639,1.7045747337804744,1.9908057748704162,2.865558369151972,-0.24662001331991706,1.2344321394282827,0.4518118251459012,1.4857535235649066,1.7931198051137747,1.9106287848069679,0.9003737099489583,1.4914222766639857,1.8999083757566804,1.2141137982528127,0.9437521843292136,1.1761058921090357,1.8846518138863462,1.4012735354648787,0.4310458864494233,1.1588207684151657,1.0414563351062753,1.7342221310718793,1.5556447470199601,1.8340533878968948,-0.20884244157977025,0.43947412106188893,0.4327042152294966,2.1927015557843794,1.028522476889367,-0.020495071532266873,1.909820013185582,1.0679494625686714,1.6984981857587556,-0.930825752600102,1.7015467955984058,1.9910908413312727,2.0601023591784595,0.5837155362544949,1.2486134059044025,1.938933114488878,1.4323907394137123,1.5679791668614877,1.1536155650406972,1.2546141263874506,1.73230418809592,1.507100613367078,0.5396779217869659,0.6396781813097197,0.8712865918612981,1.097774879923187,0.5349200982970428,1.6697251476074926,0.8665363507978235,0.9702923575400622,-0.1819351446971221,0.05525861562643992,1.0578669314125326,0.7921263784818954,1.4286824819611683,-0.3086972921911865,1.9093414143772112,1.9525924866996254,1.0177281830793923,2.238995872281754,0.9634889637142772,2.031254033689427,1.3575527634804945,-0.11542917799786537,0.8847145151412231,-0.9366569335112167,-0.3048662020729773,0.6614831296223728
2020-08-17,-0.3812609774901238,-0.34820056017149725,2.4902281527715595,0.5813020828835053,-0.6664141331526438,-1.138354197116988,1.769773103115427,1.2896862834811735,-0.8386894502062812,0.7088383155903638,1.2581653938172708,1.0554812178013948,0.40165647039836533,1.1089945453659797,1.1981771559503434,1.7028781657226635,1.103272482647877,1.55533859866891,1.6795385000203393,-1.217671683882291,1.7698203690344474,2.1791397425989247,0.2753959683933294,-0.9928296320521213,2.0324421887624453,1.2502146622779475,0.8252870187598275,0.49687030550026057,-0.018254952835713007,0.20677111721828217,-0.4310372738860776,1.526183337773369,-1.1143245868150957,0.14242069175679983,-0.7348309135880955,1.5386337088845727,1.4089618033041196,1.2590854693934543,0.20218901832530928,-0.7151318847368849,0.38292656720271295,-0.6968966187454605,1.9104298020990962,1.6634074437279835,-1.1442715162488237,1.0184714053617738,1.8009222255034287,0.8422808446574314,-0.12756150923345222,1.5004171040273975,0.9928304244093837,0.6568043299503841,1.3562693108812671,-1.9011009228494995,0.9515081784282794,1.2883632470981525,2.8339847095059856,0.38941966464587574,1.035843879187762,2.0394933074496193,1.6860985109618585,-0.25997819900952396,1.9142716531850286,0.010456272696830924,0.9576392556073285,-1.7172664460520504,0.019275491027058816,0.12692208829974513,0.11896149949000723,-0.8128540241857155,-0.2821548363697863,0.9329331497106839,0.9805405763564604,0.15951475158179762,2.0538335399565617,-0.659416767631616,0.9867706576067125,-0.13324807263166094,0.5535965781141091,1.4871766055470905,1.1876677163533023,0.8703100654279785,0.9496445330845087,1.295130353663795,1.349924555189682,0.8533456500228247,0.43996264546332875,2.999902949257338,0.5174167644300934,-0.8574465148218199,0.9602622861181477,0.7993925386948837,1.8100352093046213,0.4132002498232431,0.9243105388362255,-0.2108258852556405,-0.5018586530733851,-0.49152091670251796,0.21396749632468007,0.5190802610793313,-1.0466216944157898,1.40528985964145,0.7878333712546862,1.5555361856901866,-1.4817235129996353,1.3374384106005937,1.9568585028128453,1.3342270730556787,-0.03346012919866433,-0.0714304345353559,1.272077995836286,1.5473950391740579,1.2081161638041127,-0.09780704717147572,0.38600820758222276,0.9001005028432251,0.8578462703368268,0.33722386530322684,-1.0667675061699453,-0.17253589911963652,0.926459378779281,0.2098505800723311,0.8947994437951241,0.8141445516771236,0.1033216124759747,-0.43257304743416175,-0.03449048870751209,0.08555838926199665,0.20710704991628165,0.4840255700438391,0.12043579757729085,1.8343687079179938,1.1099873398943336,0.7658279183208566,-0.10501563823114618,-0.10132796770152126,1.0977648931260822,1.132291324489423,-0.24165175087278826,0.48348907150542114,-1.2047875659963312,-0.9006028394359025,-0.12200111466717457
2020-08-18,-0.1822319704653973,0.33966945744937227,1.683549437603904,0.09373468131968046,-0.9763176304143562,-1.8196205413161282,2.549708647185943,1.7103903991429952,-1.8487371907400105,0.8777795554443907,0.5177004099883405,0.46876576616826393,0.32288937519179417,1.1335305964529183,1.1587556735822575,1.640853000920276,1.3591562429424104,1.463915197457975,1.6425108967347715,-1.1809541362163831,1.802599550418594,0.9648770288541548,0.0658920035830448,-0.7706658109672487,1.7991203431223677,2.3387996110058933,0.9747340639919497,1.1789816120214063,0.3016737198800141,0.27541635018361604,-0.39612452362509004,1.4903265713900928,-0.9304140989336098,0.0070153035498699435,1.321205452371631,1.5979264082116817,1.8406795097913455,1.8187520312066112,0.14535614752247855,-0.6160659445992366,-0.06578864539939958,-0.20499178102236904,1.967970980505025,1.9713199931832817,-0.9507597952041877,1.2504894491187055,1.298844383429506,0.8966121828919777,-0.37573112765638667,1.7197908115997154,0.7788194409687339,0.572008465873301,1.7430070929167383,-0.7330558229144211,1.328176903494566,1.786367324467796,2.322304380007823,0.2442789110754832,1.1932293726178245,1.608686630366706,1.815668837367983,-0.14428071525239622,1.729045559780506,0.38750257701743585,0.8232190982176305,-1.3764853751800792,-0.14212214696228115,0.2713956247097577,0.0811590461889724,3.0243029896490494,0.23852650699722774,1.5707028748590985,1.655737627473294,0.08924882424498193,1.7040791158003405,0.0931118393581913,0.7993653583352424,0.22603633055371522,0.8699045766664698,1.572633218629533,2.403164314737639,0.693817634195275,0.8630957213756175,1.4149289022018847,1.5019336569733228,1.4837324596993429,0.0820224887610355,1.8114176745036754,0.8985043966317661,-0.484036438466351,2.179139833479447,0.8332407802151373,1.6922124571376136,0.35052648002774217,1.1966132789909696,0.030324950105263572,-0.7878870687001943,-0.7707925486444216,-0.18735810893132704,-0.29656081509227183,-0.7727555628535655,1.0743930600442293,1.0855735666954849,1.4730941277355194,-1.3942047809011315,1.4486524989616465,1.9292119296913637,1.1014867558208181,-0.003870870586080103,0.7523570806359675,1.3854761670409808,1.2721253160412624,1.1510196365393994,-0.17562504209478838,0.517391005220222,0.9645932722410363,1.7524303125466374,0.3635670008163013,-1.0460387751163094,-0.38719586846553145,1.525311537684473,1.610523308667537,0.7866589629754079,2.6172597161473368,0.20764402088775494,2.041944268728581,0.3248834767480711,-0.2646085372925182,0.0675453453967311,0.34478325645748015,-0.2694310726819136,1.365755815990637,1.0469820316822303,0.6968481853027012,-0.06842579908241174,-0.2606264753174403,0.7757895053548584,1.304764426654936,-0.47926015764800217,2.093768872809079,-1.1929580259090664,-0.5591228044855944,0.5122391609245681
2020-08-19,-0.9726691809706242,0.33263910721647383,1.0669372798546854,-1.0191668748909986,-1.5037511085214634,-1.603605445377207,-0.04739993434786896,0.36698407211833856,-1.8784202057160706,-0.37030088654091625,0.48451102789295847,0.4405962960301058,-0.5351708521416032,0.643514766087687,0.6643234865519607,0.945857498038891,1.1130310392093525,1.1175421873644014,1.0546099103970348,-1.4675809703164253,1.9168070752993887,0.2176162672011538,-0.7618405530316427,-0.5928268533648111,1.157987866909681,1.7307179561515458,-0.09845705606833885,0.9953329252341168,0.8993748199916458,-0.40867565097148095,-0.03631175293790649,0.9080106911178293,-0.5595706659841158,-0.3636624924696002,0.7604481951384384,1.0035038905801266,1.4091075948635226,1.3925320234004674,0.625189677533492,-0.7788573795045514,-0.7204591240137418,-0.5636609242135059,1.575658541604826,1.6644654317304217,-1.2137927203010375,0.5816377203988692,1.2849899107107352,0.9318477641388604,-0.7345031103557274,1.4187118352943653,0.1265131834035165,0.37467654840225983,1.0583493844545275,-1.6188017887785306,1.7419477646894594,1.4306922513617821,1.3198993370928003,-0.38224470591047094,0.7608755340025326,1.8775701702825593,1.9275914194682362,-1.2378303887837612,0.9413784305841174,0.7291782419552028,0.22632345345697213,-1.365020919583194,-0.6739755413162597,-0.2002117914870634,-0.6629843198124554,2.03889729252585,0.4468449764477042,0.7488064392204284,1.5940145559762835,-0.7466913678296573,0.775525883725941,0.39410396003590914,0.37787291225372055,-0.43601938503128457,0.2100375503960273,0.6777789391200596,1.8223161505920944,0.2848504549604486,0.5348179791617,0.5740236946517442,0.9226864833423591,2.414931447471952,0.02503203356756078,1.132007697286659,0.6823063472266825,-1.0435040411334688,1.8231398539867567,0.5293268700365896,0.7447220831566516,0.03820953895720226,0.15167569254759775,0.25233825673152305,-1.4565220814446418,-1.452401597992355,0.08582176443886488,-0.05518700273756711,-0.9789143279298168,0.5977087081424068,1.0223593015289403,0.812893650471083,-1.4371909762640207,0.732500218916799,1.9035032336689452,0.800679233420117,-0.5958214961407367,0.2933110381984133,0.8745793906597473,0.7649796380827587,0.9202559782008946,-0.7623524638255758,-0.29035626516366003,0.492059210723869,0.8111028093221664,0.0613413800379709,-1.3678698065069872,-0.806157108902788,0.9483511100747449,-0.5190224543224077,1.1044149668862275,2.3373666022067394,-0.2431411944836169,1.633345779082713,-0.47987652308860207,-1.0397093654492193,-0.7302814304815473,0.12545216144100707,-0.5948861933756144,0.9686245280935986,-0.17016484291553222,0.20173855930231094,-0.5770381392579774,-1.169295305498789,0.04714720552560656,0.5479258956728079,-1.393900576385896,1.0666078401708385,-1.3575968222024506,-0.884689896289814,0.1539065508216584
2020-08-20,-1.3171334111234712,2.147758382582096,1.0465462687885982,0.1164540640352857,-1.7473821008102612,0.36099753058016365,-0.7549008705332302,0.25232153213257497,-1.2176260668994823,-1.0872777730508767,0.6971991195708495,0.1193845762341802,-0.5993430127979533,1.1444251328117345,0.8183163096246772,1.0092438693303214,1.360582459664781,1.075074835298981,0.5929580006170487,-1.0546577506929073,2.361987355633035,-0.7125083299231766,-2.6899111304818883,0.1323061113227903,1.2778427926208205,0.5019087014418303,0.9277360682765758,0.5025468484094031,1.680214507708138,-0.5240249796491426,0.023754884847713167,0.7900352769683451,-0.37324664843588773,-1.0357209799627056,0.27003737561612723,1.3548369156909614,0.6694248189048327,0.3994793360048587,1.0932315826680303,-1.3595054302041605,-0.8250786796509418,-1.211979745121948,1.4943289432247189,1.946584293410751,-0.9056599976219633,0.4720148017762696,0.78979369275494,0.4863397797570454,-1.129758623021268,1.4035403730105978,0.4183097703421391,0.6050016274666536,1.1671541815667497,-2.0404949445427714,1.4297160761604837,1.8206049596377738,1.5994328433287137,0.02350414852747647,0.5450533478578463,1.7319737400900101,2.012869834624251,-0.5053299530199135,1.0810820684653757,0.8809461248736953,0.04407580623010799,-1.0886999894474416,-0.814385962223237,-0.08427968332484086,-0.6712655959557378,1.4291151332779686,-0.38454425162566974,0.28783693279894973,2.2650423765304897,-0.20198087555747007,0.8483044240871579,0.42749617135757495,0.48981128275372887,-0.34868276421835004,0.07199493024591408,0.5885879484363935,2.4800894859811065,0.12047415900738692,0.7501011001998965,0.10290950610167686,0.702906116328542,2.641928234902981,0.6450082211255795,2.2328960576295467,0.21690905312723377,-0.2403536850477407,2.1468481228763134,0.40656960371469314,0.042955689630626334,0.1814851038236734,-0.19687362629305777,1.093745401845222,-1.2886398625885809,-1.2652109244313268,-0.004739288852508643,-0.30977641055085675,-1.1383146623291913,0.7026219459116105,0.5371143045363024,0.278664020552861,-1.3022637813598217,0.5596300734967835,1.1743466183319153,0.6704181932184571,-0.8985477157188916,0.2273678328167867,0.6946373811385388,0.5741314669527661,0.8472940262108335,-0.24559110435470266,-0.44718824101365456,1.8927792378329644,0.972380194115255,0.382799873701976,-1.035616141282855,-1.2140518267596387,0.336534138033244,-0.7957390855189834,0.9615334087029294,1.1950388693663687,0.8636725222351305,0.9875053916290514,-0.9800822162190269,-0.978315601814291,-0.649055689870976,-0.606452312132875,-0.9821286535469504,1.0746933064417246,0.4580882776670144,0.0021717587559115085,0.5272865651262325,-0.5193688325603044,0.398622875314135,0.5947874681392143,-1.1310503861391468,0.16893948201476486,-1.4711008697871666,-0.7524057146349216,-0.1285340065436609
2020-08-21,-1.0419688466203196,2.03551509014818,0.132118140318872,-0.5394029710265654,-2.4660155963869466,0.5647537295640721,-1.599115853016468,0.24938518187966882,-0.30867547700695597,-1.544332701436457,0.35644352246555233,-0.7997929657219045,0.8394493787113294,0.5847120154708327,1.0582129789065602,1.0156990345695884,1.4209540618258367,0.785765111738719,0.9773967865291127,-1.3705106335385646,1.4096308941799185,-1.0741896623245692,-1.3576078859800567,-0.08435947675490221,0.8975391335246435,-0.7842628268506509,0.48206249020391045,-0.05303535993939366,2.0485435732801585,-0.2577224515526609,1.0842675931645012,0.7386925164749059,-0.9077582899069794,-1.4055234454994856,-0.08706411748095753,0.46137245100070123,0.284181307351004,-0.047137461590971035,0.8945039223471829,-2.0245461914234153,-1.0453915774687743,-1.9765209010506652,1.5374716193320532,1.8659525293672474,-0.9104662096476873,0.5765924167370503,0.3792262901311349,0.055975809885768266,-0.6830519157485514,1.265898519773371,0.1586551237054657,0.3410462082299945,0.8254018508234823,-1.9631804800146027,1.7364791313173045,1.850680277603402,1.4873578895522692,-0.7202986137980427,-0.0026672694405240126,1.3532531781038328,1.80245404535099,0.5223314084466113,0.9921855562293984,0.030076395731789038,-0.19263964253267435,-1.2154233637843046,-1.1548426077535479,-0.13866902126547395,-0.8256183824602326,1.4706222973189285,-1.1094184187859906,0.8564790475484471,1.888740197248626,-0.6519585153706501,0.14970742329848666,0.38684119885033197,0.41224382372310586,0.06178994660224552,-0.27005410652140904,0.39656807928615906,1.8176333379343574,-1.7863677353203904,1.0413305768509242,0.28077056491975577,1.015770062595678,2.296899915791338,0.7032585226908512,1.613916318523303,-0.37620067478164776,-0.4694016223233116,1.297759927450805,0.5765680429449109,-0.40886856407537425,-0.07102944561572914,-0.6059329267129927,0.9478517474734619,-1.783734743746904,-1.7640380263259052,-1.067031087516891,-0.7689102859320421,-1.757982956059331,0.7771447383766982,-0.9365980586588887,-0.8024127241695306,-1.5031504702184393,0.7041511650841585,0.6846821333582479,0.03024579068821183,-0.9564216426365114,1.1700321400728633,0.26632415855895225,0.12398174531422337,0.8554563926369183,-0.7097259748303629,-0.10041179270272885,1.49041056136131,0.929994493778673,-0.05823868470557763,-1.3127761891140937,-1.9632263041374896,0.6215915017368254,-1.1712534342360303,0.43990963110662185,1.5717646666644511,0.029963540523748406,0.9591606653524385,-0.9886452593421774,-1.0219767809691898,-0.7911846730544037,-1.4782609592849343,-0.9402577866420441,1.0087010634089568,0.4573631401133146,0.0,1.029817527192188,-0.9275574336036072,0.5156866922257809,0.029626689536575917,-0.9610689716298103,0.20837707480196693,-0.3810969810424276,-0.5212401892817182,-2.5830265053272665
2020-08-24,-0.5978402624331755,1.7516592052640623,0.4190967677764341,-0.030785272744314775,-1.8822447282219523,0.7038439956927119,-1.1422927366178082,0.46747591501665664,1.4210347694025873,-1.370907547158012,0.5033330520282542,-0.05313675956593828,1.0011552747958676,0.9388242389354999,1.0991385596763288,1.0679234969925657,1.127139293651694,1.337244719022063,1.115404772710958,-1.6842664011272412,1.4112037098384378,-0.8586835442641491,-1.2656095051405438,-0.7553048591182432,0.9245712601594225,-0.16771096745622693,1.8489319038884362,0.58368253890538,1.3135540941468806,-0.17093189651110238,1.3211227217893489,0.7478682188828265,0.056132640067438365,-1.2000904693717322,0.4637559805690676,0.07883824289682699,0.5364539619192755,0.37353782203631863,0.9304471181405884,-2.2675830594423783,-0.7246086518083801,-1.5504860489348193,1.2379717592053279,1.2128659134447333,-0.4051624393687711,0.7732866313483632,1.1046822965036738,-0.03822981907106467,0.4012646487980768,1.2739796293638626,0.2904911398060054,0.6913111441824501,0.7687922018801735,-0.5674751975948427,1.8591735490363075,1.2765344677227106,2.289625577967999,-0.4570751716100401,-0.4900893199595822,0.8732480973034075,1.4744983327405563,0.9262586949369837,0.8243358834899364,-0.4920176920674738,0.23055066797224558,-1.0855692361632354,-0.8562960663338637,0.20654302471979188,-0.8210582795446211,2.3734643785184564,-0.21532773308498226,1.1804310592694958,0.9525035486601037,-0.26866018707985057,-0.1668962661647127,-0.25799207410590275,0.6037526192530549,0.535831685362935,0.11082585175118295,0.8246348526024172,1.629445884890372,-1.6139812843666659,1.5667949802211736,1.3743756365934323,1.2427578780398114,2.2787419971620153,1.1961673476716919,1.6053089018552702,-0.23987716866220474,1.6122077776904866,1.2106937948596315,0.3698976714245683,0.356839189625917,0.2310901662846441,-0.11752545234829026,0.47526802072485796,-1.4849758004033584,-1.5126097654850825,-1.1020861843296823,-0.4804519014805688,-0.6899442208926896,0.8593462954925615,-0.5007024277045558,-0.760182937421189,-1.229707530535033,0.9163798110078137,0.47136622258242894,0.176574221164607,-0.6562409658189784,1.983125837367013,0.36792554259486576,0.043689461347600884,0.9811180514461586,-0.0972659268594505,0.24645209797529657,0.9087638476735196,0.9663598772652455,0.12746369231015445,0.29254172048765786,-1.763262317719112,0.23416332528129857,-1.4765608401998171,1.2537176470591078,2.911543609711724,0.7705257702996887,2.230718674057497,-0.20103937418612747,0.0030478221505755277,-0.5607355231442364,-1.7179818644124192,-0.5157326771880981,1.1142373864007586,1.0131195868950997,0.28307308493405703,1.1482012227555356,-0.8537977059287335,0.7533002255444233,-0.0849872083252667,0.42119279352949324,0.8095662318544482,-0.9478445765233401,-0.3486514591336395,-0.5335552951112413
2020-08-25,-0.1413348932640989,1.4999913758771823,0.86235578061781,2.9154873131885917,-1.8357204054284735,0.6572993494571865,-0.12091822411961238,1.469368776699534,2.1486917217853607,-1.362209286126245,0.7678348412434054,-0.27423500106169535,0.31468137512949473,1.5113582783860247,0.9384434939240877,0.8838543864286109,1.606245495948087,1.1260647127507162,0.8317059183014451,-1.3796885448822644,2.0719992557295077,-0.4566407998981969,-0.045524156691529497,0.8668884876141173,1.3069719418965948,-0.0684308498211742,1.8466145589054113,0.42708595285181056,1.3697674945429976,-0.46250721963825037,0.633886913283605,0.7829173821198133,0.003949201705621418,-0.9308205779979741,0.5902512437954289,0.3140578275117678,0.9373935077090649,1.0085949130220293,0.8095722485347641,-1.8946770393858134,-0.5794579183458937,-1.5583255671224912,1.9891566784509298,1.407569476820623,0.13157851286801214,0.6020231141231069,0.9588419471868227,-0.1196573204736213,0.7594956931196452,1.7301743758087171,0.830777160168485,0.5768131374024209,1.0115183881058896,0.32521718607963035,1.3263018988975768,2.5323945966628156,2.3748789583891337,-0.6714859119960627,-0.7496604650660389,1.0509317100940399,1.2300188491289221,0.5624345288962922,1.747565564223395,-0.7255728792771851,0.0901390274388379,-0.7513272221101692,-0.8405753611268959,-0.3071840707905906,-0.07668199204207946,1.9327338448829123,-0.11367561403886538,1.3146773267183947,0.8269875497640803,0.08539042023271173,0.3239166003274731,-0.40901352243672723,0.5072834636548937,0.4824764296347537,0.2910004630761462,0.6844567322479027,2.0703085112237023,-2.0038403232131277,1.5945985075279394,1.3486315637311175,1.4068953708234313,1.9443564626236411,1.2848607323158772,1.8802267911302304,0.30269640872053066,0.5542077763499602,0.9575067779494135,0.6128361255200698,0.4169806036269717,0.24627945506563034,-0.1924776255852011,0.6231178481324248,-1.2336513809271668,-1.231341972621619,-0.734228249945089,-0.42658457592925136,-0.8548666562791495,1.0843141625349582,2.603891559401806,-0.7258051163483268,-0.8705907086402946,0.5378653880079416,0.056927190180152604,0.48778432129075155,-0.4796838276652472,0.9277204367723639,0.27167915047319297,0.00216700624449967,1.1656109101455754,0.5221560993713789,0.07757896284492753,0.9053453593261857,0.7074028500517612,1.3013732745452118,-0.1448154202955857,-1.2420202655775578,0.15511131243394335,-1.1509699142275367,1.9414670049433793,2.4449257829869637,0.7817706140827508,2.5853947940041957,0.3520147719912337,0.559386556535957,0.04057811475400396,-1.3679870752406365,0.2612699803218799,1.4233429599817111,1.1910134756123316,0.2456209709070838,1.3026289713983188,-1.3485975437875226,0.6718832078029054,-0.43552130767802827,1.0666371656233105,1.3380315349375604,-1.2534608719344718,-0.42935753835108326,1.4150141772989988
2020-08-26,0.9157627228987223,1.3245316503496816,1.0094197372386797,2.2342077607362234,-1.2876954772447207,1.273662385476595,0.2542379413953546,2.193628035358279,2.476708164573694,-0.4091069712344948,0.5505433809666124,-0.8458657755377018,0.744371058408952,1.2032193038722105,1.013576690020278,1.2752721629952206,1.5181443104974863,1.2161299478769618,0.8152482707729337,-0.19786528428953287,2.2426552476056583,0.12247478463542155,0.5362400391226837,1.5239246204141104,2.3248064388594996,1.2430198459103798,1.8426856918527879,1.1026233265515364,2.0117090153981683,-0.37142222479834414,0.5652638648336891,0.5883712418705908,-0.6580771167231976,-0.5347873714219653,1.0829355547384778,0.22637123166440323,1.774909476683744,2.412728148920447,0.7320171316895916,-2.0236652065305436,-0.3134399977669122,-1.7702794910854787,2.133192635152105,1.5946654006571463,0.9162576733243142,0.7733050303642903,0.7005120398353355,-0.22372883425080842,1.8148543099623244,1.5537537455084394,1.0698641701118996,2.1708842479002124,0.9367874567063088,1.166319745949294,1.7120820772983956,2.151839728265138,2.1521028198507484,0.9675304474961499,-0.44131518963889416,0.7566922864496454,0.9553155054723521,0.6647232800870977,1.2059156734345622,-0.9189961543721311,0.5416402789560476,-0.6510706285786545,-0.49148965653781235,0.03485432841930115,0.016424719282000694,2.06449295643143,0.11190897028282461,0.5102310122612316,1.1903704930001542,-0.10437629530834729,0.15375062554032176,-0.5505147102267628,0.7900880263241912,-0.22792519213604034,0.5492627614293715,0.9536615906999689,1.9906239571255175,-2.115452675241712,2.8694497753768133,1.2167609788228044,1.2199355856349663,1.184165470572207,2.0948068841312444,1.7875099951061462,0.5451949312541318,1.245951923951588,1.4948276030682393,0.7166714110855191,0.6059255414767266,-0.17660984919800854,0.8923912774853304,0.21431656135340033,-0.42619357623226295,-0.4377939096102499,-0.30088603143234116,0.013124543945560445,-0.277175936304708,1.2657206137293373,2.5886098802794577,0.27902264420723966,-0.6855428415522127,0.9292953742870042,-0.27850709100525173,0.37715567735850175,-0.23591785851961758,1.1322745201312705,0.07459132222616285,0.4230822434791041,1.7004019361452773,0.6672734688924212,0.7203247704826528,1.1865700589420969,0.835262920918919,2.194007297225738,3.1806234415408734,-0.9561959149617681,-0.04853029382249266,-0.9984058907645468,2.20303169359445,1.959181897550367,1.4587508059078769,2.8736207901841255,1.261235198363881,1.2669879591964228,0.8298455413334327,-1.2231313315151844,1.3809955225904138,1.9391511789114493,1.2348749939793773,0.6024253838437366,0.999975437079465,-1.3766789439640752,1.0873811124489259,0.9011725826942414,1.4667626302293408,1.0783278169193726,-1.2213643867302477,-0.2885529042805539,0.4157425768460169
2020-08-27,1.431279814644458,0.9925165784007792,1.669966093234162,1.3143638182271866,-1.368915898491733,0.14835205469430965,0.6204643958654897,1.8637993050833626,2.174745165862568,-0.094834637046651,1.2262065938541609,-0.5637376100355296,1.438701888435395,1.3721962680539295,1.4863605030279647,1.9499436751990886,1.3092450709670018,2.052015353021063,0.5408007011731544,0.022167346431035028,1.8904371332690908,0.012937146123905074,1.0758899712690653,0.9451160366855867,1.9121843410913242,1.1383382797004526,3.3841358707285285,0.6086504009627914,2.0943072768377493,-0.4928064721110728,0.7922099075497562,1.0903231963027002,-0.7352986175854609,-0.634133851376043,2.81802052101766,0.4862274425466229,0.8308056675965431,2.2971630899181803,1.8992586839614658,-1.9226588494926595,-0.41346099058072144,-1.8106472914696066,2.1457665884764205,2.090347522475665,1.2660107535864449,1.1548653763473753,0.7168552440400372,-0.4284476632148563,0.457692857185465,1.4454725617876105,0.6103847956803293,1.3585168808374957,1.6333990023577212,1.573387499072916,1.3579808899000467,1.813773756132877,1.8862170060796293,1.314562530121646,-0.8629196006629767,0.5889012403167037,0.8579878958634056,1.4600930375315535,1.3697723073032753,-1.4212687420823933,1.1655739904450184,-1.4176680940407813,-0.10263484328706954,1.1615699752372524,-0.3997900635910317,2.384726695349634,-0.36916330298898253,0.37533789590165634,0.8266394784637651,-0.1683368420308622,1.5212731334269651,-0.4841583066420227,0.5986883876155881,-0.009576556300281081,0.670678297912577,1.2438366905858325,1.9710422860688634,-2.410062713135826,2.1973929452287533,2.64190156770367,1.1491187410226957,1.2849130046266022,2.2417360593409597,1.782177502160738,0.08420996684686542,0.15141011619271919,1.3121465910841654,0.26651992538868874,0.7364816718796907,1.9058964753999443,1.4561660596315713,0.6035127086389293,-0.32723297989707917,-0.3087126517831303,-0.5777568265511219,0.08021130295479183,-0.6438542444624129,0.8947807700868691,2.5872124211532608,0.04275698846335978,-0.28676634604273693,0.8733258624921592,-0.11947385476664776,0.3114344707102834,1.074621140333146,1.5392258288358394,0.7878144840497856,0.32806571458398,1.5894460313676806,1.517111135627871,0.6238749203445396,0.8858325578218298,1.4041095416441618,1.802174787506499,2.8180881815840073,-0.4187997319477024,-0.16993650355953238,1.688857273209905,2.280523151063926,1.7724141196541225,1.257187513654332,2.5876674141536964,1.6591838158409153,1.9434291688450638,1.5890194703159488,-1.634838009377998,2.1721414643004353,1.6437774673984837,1.4558083874544632,3.7913797278138013,0.9510622587652859,-1.0634330236352154,0.8712556499577448,0.5167326346981608,2.187254159505739,1.2657011690095716,-1.3340503799019297,0.40300622733899355,-0.18316593730343553
2020-08-28,0.7159234806708946,0.6841304539281289,1.3313800752305478,-0.3623937295622481,-1.4301961529290341,0.7683606903616021,0.7032247703943325,1.9897861194401087,1.6689869867351763,0.172155662009403,1.3117282346920105,1.076670569703168,1.9222704225311993,0.4707806212718697,1.4236187315464388,1.683605958875448,1.090821324245333,1.7231294939519193,1.3371429890407163,-0.6670497990903306,1.8106563524536086,0.21424739261814185,1.050197370946753,0.011753421060416491,1.478124029590887,1.6088728763986127,2.5580877746936466,0.15686457598522502,2.014918294282212,1.3467309568867853,2.7369069867075284,1.1380132332443658,-0.28429029318500004,-1.0514028621237324,1.9694403422670348,0.5503597197885033,1.518905419440145,1.4010254257712509,1.8996945192203263,-1.6357261821975524,-0.5031626537730349,-1.3687536295923906,1.8735657011503866,1.8759815772126054,0.819992843876862,1.0291892301958707,0.4178740112101473,-0.4949702400491259,0.7256466642704775,0.947297825145541,0.6181884404604596,0.5713543608380948,1.5932147323821977,1.5000310769707492,1.4597286136781211,1.75518734428004,1.5904793273166509,1.4428850483081168,-0.9263174762782128,0.9814661089274467,0.862305540471516,1.3769294244848966,1.0361149120693962,-1.1859848144564211,1.5168450693863376,-2.2645407428472244,0.7286564590316467,2.856855338862679,-0.37953659171723103,1.6861444965566783,0.12175374697767741,0.0829314932091245,1.3142618493576481,1.243232482682308,0.22055222612517467,-0.6811804746162202,0.6575695247288547,1.4036748202978748,0.7562199484193286,1.628534711753454,2.3297973051121987,-1.822508327341985,1.9343592834011305,2.466558985017621,1.3002403352623932,0.9535001787667159,1.8392339361956616,1.1888258656680097,-2.517216131274013,0.19752988379975572,1.1439800165500662,-0.029425727891931406,2.41081724103573,1.4313756706571574,1.581679876903501,1.2047921248859206,0.39236287497683203,0.3809735133838297,-1.3804534133179254,0.40767395407169266,-1.0865235263636361,0.9150024988378745,-0.37630286947290903,-0.453794779683515,-0.39961296459172063,1.5616194775395043,0.07837792617873171,-0.2246284516347238,1.0245983688840898,1.14077890325537,1.2869964225283577,-0.21708993219116043,1.158950274902912,3.384651236885488,1.9071217950605996,0.7463544135494059,3.074119348087313,1.7660981862719465,2.9850988049970297,-0.10266857604198014,-0.6956990743112488,1.2352066889081583,2.948841617512285,1.9081938427091512,1.881903077029483,1.886989838635345,1.7768880261851367,1.7594390364693344,1.2631485387777264,-1.4676377275713453,1.7486852493077694,1.0839381984109442,1.4195757779332314,3.6542826454524766,-0.0685246310694534,0.7889093245895082,1.125066942214238,1.563484385797433,1.9976190614317673,1.0370338582230307,-0.631371302264767,0.8857792943757112,-0.806845172017053
2020-08-31,0.9746946977789543,1.0156034439299997,0.6727653792029017,-0.8100752505593038,-1.2929898956487478,2.280733834130874,0.23994871352405023,1.1417207566030603,1.0789440737281952,-0.06777966063149317,0.4936220057016119,2.113853374770203,1.508870250415173,0.358085700434503,1.2192225486620305,1.4291817798378437,0.3124362976313835,1.2460801572687674,1.0224124792533962,-1.4276553919702304,1.4045663507185093,-0.6119153288838365,0.5762809529830091,-0.37575085622634763,1.3300385212719448,1.0761590001409358,2.0697417022411315,-0.4529599971594356,1.6534986505797709,0.7892549063031395,2.3426172740244047,0.7204326918550028,-0.5971431949467453,-0.7663605182584109,2.390769430758329,0.3292476165959895,1.1733890371441174,0.515382272071554,1.13011989928523,-1.6622240661907566,-0.9911445658455047,-1.594687869147166,1.2754332868174991,1.9443828979364761,1.1967802146293716,0.7591218426782884,1.400725148913682,-0.3302920519707644,-0.094695078097437,0.5927161422660365,0.2189960778162598,-0.03972389408422137,0.5542863122623218,1.1420432363086241,1.4085787175150404,1.367278237742073,1.1400604264497018,2.7674695374548293,-1.0809800497604443,1.4696594819134177,0.9282709242785953,1.0274957219934888,0.7353588793748238,-1.8549962506853233,0.9852593216135577,-1.9990147388242143,1.1258121357499327,2.2472058877186267,-1.0882633855871588,1.6210107184199012,0.02239848430193743,-0.010252846444284178,1.5444850476925864,1.259785043218545,-1.1928448644894423,-0.8284733131943127,0.5051434653328871,0.5544593201193707,0.2605346115407926,0.9554257802112993,2.2879896451369017,-1.8604864851912624,1.6246814998051051,1.9787261419913948,0.6774382655851616,0.5707860032046423,1.0017310120069423,1.2339533025368616,-2.5567881522755607,-0.22506709180983467,0.23788603542944822,-0.20901289536986697,2.2613684466045307,1.3893926595157287,1.556369427628711,0.5556465084822187,0.5053110448153677,0.5141230749406409,-1.501600769122415,0.4988265493460702,-1.4485891509303817,0.489155708507769,-0.12701226400852184,-0.7353577674999588,-0.8158110963457322,0.9971754750198287,0.32294394930917547,-0.47188868948372054,1.1175755417436666,0.6885799594996791,0.7801222324276216,-0.8710881845476851,1.0938304237351568,2.5130682390329304,2.128243605462199,0.397615833156024,2.5312244355038422,1.207330689390749,1.8843585216541188,-0.16258728112964096,-0.25394545087292736,-0.18350681482976586,2.3705723505654106,1.7755395586374454,1.807417187024014,1.3596966679284104,1.4440361396850556,0.3992889357488864,0.887693894410538,-1.0279188536764412,1.445341590855468,0.41958366989510604,1.606520988869059,2.596636703335073,-0.533451654615705,1.0952668840761148,0.12473304662124826,1.44885842875314,0.5367343203340101,0.3322086758628392,-0.2729499352821045,-0.7198767585399447,-1.227219678916122
2020-09-01,1.3167089586422072,0.7453412539399653,0.33835218143263246,-1.2813890317517802,-1.532846411262911,2.188755049126867,0.8666571700281133,1.0910783156734585,0.800652744023955,-0.2879209701874188,0.22305297801589088,2.2010771736223154,1.0899423494841347,0.5295679928164255,1.1276045715300669,1.3385665450137767,0.11320583307601179,1.0387237079212066,0.89376649931618,-1.4500128529517755,1.1676739995905248,-0.6357456473434889,0.6744611878206846,0.5101534061826094,1.0790749166564269,2.466334095295328,1.6740029604617293,-0.6397288207340925,1.8829959563569423,0.12338164271567692,1.08468449776631,0.8188469200184747,-0.3605098402990056,-1.3920475671254866,1.8337042729155213,0.05050249343715874,0.5811688214098308,-0.4731026406298802,1.1360754765034986,-1.121146544831347,-1.1614001370687372,-0.9256115583981115,1.2437667746030199,1.7961046103359515,0.8437522318655787,0.8003271148959741,0.6604392060392932,-0.2667702185911239,-1.024245926906325,0.6880850529259729,0.7517991605013702,-0.2934759696286263,0.43154633627360744,0.805521040679278,1.1112134948714,1.519694624292249,1.0717171420491856,2.0194152989716945,-1.3371252601653703,1.5616960957096726,0.45364495092022117,0.34046874358614726,0.4846352186279801,-0.9412850433779494,0.4899341249525045,-1.7365681670741244,-0.6886314186023869,1.4938292498968977,-1.551850666173933,1.4568358563778592,-1.1017226974229037,-0.08708679632453949,1.7926426881204376,-0.2003563377404715,-1.5435520774662546,-0.9782905592517798,0.4397232454830333,0.34815162155213575,0.21843704854603607,0.5580785679604465,2.1879293207535957,-1.8602600363116795,1.597845604782776,1.7800753082548268,0.5706591559604445,0.4016431311944316,0.8625915507948122,1.467045856742324,-2.2020368025296677,-0.013243149699157407,-0.10622641486994332,-0.37268335014814097,1.7297865929295295,0.9903357684565799,1.2599754210234069,0.22542427061874437,-0.22893799306430637,-0.23485650916544362,-1.5358652642925343,0.15198284389037775,-2.2864813323070075,0.3214057469891172,-0.6080720781072911,-1.1578955217634828,-1.1708995204958013,-0.264429747180063,0.6196751990758917,-0.35172390865243286,0.6277905503177074,0.9500054320223573,0.33292115919049364,-1.289268261940261,1.6126018250664553,2.019977409555134,1.9902562848934893,0.17565378219054112,1.0907475386876957,0.8505581607012503,1.6533499448081277,1.172906413377882,-0.5149877375821112,-2.6405793669135456,2.024665495226201,1.4106905968427488,1.258170472887029,1.2750223885296927,0.45267770752255,-0.3802857908903908,0.7645496477035133,-0.8641933550686994,0.5172475236309715,0.7324660720125377,0.7052702753294361,1.8039388412128459,-0.8295112197007931,1.371631718252237,0.2905056027090815,0.8233509883179865,0.7284952916077039,-0.09107668316694842,-0.8032102308416232,-0.9987531336154263,-1.4356748343059202
2020-09-02,0.2887567397061776,1.424603400919595,0.1490055904240161,-1.565523860042059,-1.7192966012613347,0.9895421470508223,0.9463208848634644,0.5046732583300528,1.245846905176208,-0.14721676261548816,0.5849443877318806,1.826341045265054,0.7375989245727781,0.40130872944490953,0.9401041339956894,1.1937648405535743,0.6295370515394404,0.9893081540712776,0.4943501712714139,-1.9987146599771017,1.0572241311108719,-0.5131493128472064,0.8098419455904229,1.4736198020928044,1.0905100083430828,3.4552074834441724,1.7490234835733056,-0.28696981122826776,2.200926115453977,-0.4232830078315402,1.2721879869745436,0.6757393310103188,-0.4095124372023042,-1.2738809264939894,1.9219118463782476,1.6659604017413632,0.7399642482290433,-0.5265944899509781,1.5998344568388136,-0.8743211497628967,-1.1228253184780703,-1.216292165603453,1.1115646385320626,1.8000890294747827,0.7185691673633111,0.36807120802139337,0.11369323905537648,-0.46379741770525723,-1.2342530688658098,0.6615122844124339,0.7192489133042429,-0.4665843771714354,0.37357262619994974,1.929826259574025,0.9021137153289076,1.4770690387745715,0.8470759036511546,2.4811886773665015,-0.9626435170061107,2.1300032465815506,0.23049562682740643,0.15291604785329202,-0.075738883740924,-0.4634214595262764,0.08548595144362119,-1.8322060353868221,-0.6091709284743991,1.381690698911888,-1.7790851932281075,1.7029238079578795,-0.33119445061135355,0.17870165779335975,1.868997485728566,0.5606043217596338,-1.9709438221857012,-0.9291255623637156,0.06955919629512264,-0.10375903858019611,-0.1044769175949251,0.13009888158403152,2.7617872342518703,-1.5816722277825968,1.1320372188091625,1.4274072164010014,0.7360010822212408,0.10013128669106633,0.6500536706484309,0.9930365712785119,-2.700001803835672,-0.4555147027654407,-0.18694723793665227,-0.19531684102449182,1.5860326678649574,1.0349375762260342,1.1102122156232104,0.886331328042736,0.1593334555493518,0.16785412637890015,-0.9333615526926169,-0.021301319139224173,-2.155120979231293,0.11753869036336471,0.17677656347388268,-1.2894372524543758,-0.4576190025405928,-0.7864071844770656,0.5948968344385974,-0.3542459170476242,0.8604608303693104,1.3793180472641948,0.08653327027006284,-1.7770271161445406,2.1426187811664805,2.1541201506047725,1.4602612394783778,-0.25902665863427266,0.5366525946508279,0.5892991748590896,1.3369559308374024,1.364806458918697,-0.8933375211668214,-2.701352244416171,1.591899996563555,0.9506114345547364,1.3915053900914218,1.1002314642053044,1.9065252336632759,-0.9788154844356105,1.4128685300185728,-1.0741433146111554,0.29855830762597363,0.2800346731618494,-0.47791417898758537,1.3952449209497548,-1.122529979221848,1.61063266652717,-0.36233704995571303,1.2303518933566984,0.7576536929338569,1.3514556323457514,-2.989317271347357,-0.6660958054423006,-1.4374681448067366
2020-09-03,-0.024326756066403513,1.4524400569706517,-0.8802285881740748,-2.033791041728171,-0.6288501243164332,0.8576997491101165,1.2697489461958231,0.08678306905778682,0.8277646847262846,-0.6772403605314812,0.2165986734766953,1.3821639594860295,0.06417967773517913,0.3365234987449521,0.5733179906442336,0.6006667563581702,-0.11898318967264815,0.5011409667200631,-0.42100420056450477,-1.5587632981562904,0.8643802226022014,-0.8773551115146125,0.5702589228715439,2.0689168262887874,0.7896965823006289,2.375825226724666,1.4742582574644787,-0.16607419110188984,1.669889084276724,-1.0597619831766112,0.8475257940609084,-0.09965476063064968,-0.5422641731933314,-1.5753299771718687,1.5268515997193586,1.8527064012236587,-0.053202409100420865,-1.073545464558504,1.5154935535902034,-0.580298436719146,-1.6267750635827365,-0.17153137293734766,0.9576815483585442,1.1537185762472955,0.8752909124220799,-0.39626448085042965,-0.5184393427770219,-0.7588807249088317,-1.4131601001529768,0.5279026209963651,0.48237927090096583,-0.832650259608251,-0.012207388347496545,2.2305000828356287,-0.27210776802543174,1.4842803657373915,0.549976639951498,1.8622251718316278,-1.0070205944287878,1.7613986978586709,-0.36597837886616963,-1.2387864524827363,0.6565278115041681,-1.184361728283573,-0.8163054119031279,-1.4042178133827463,-1.5916850597039887,0.5934992241744829,-1.240368517566991,1.5362868378145866,-0.2664373134233749,0.22574381221839115,1.2751092344596098,0.1746555173012126,-1.4506640551474606,-0.8234119170253145,-1.0954683113796277,-1.1487034535123664,-0.536895785102437,-0.7205147348029981,2.404682462606629,-1.2135425480735869,0.7943441834202833,0.9294285203928011,-0.15155862646500035,0.3393755582303896,-0.08815711497350363,0.6977926436553992,-2.019593761423871,-1.8618961624918993,-0.8043880334789553,-0.499220869775261,0.819314690801724,0.7373295984307975,0.2842029095407516,0.8568341698128618,-0.19128037083233948,-0.19593262912617,-1.6641898475280124,-0.6475251421892025,-2.0621622232555885,-0.17100155803867623,0.545941445514008,-1.4066079673145824,-0.8270180076540424,-1.4523649931054734,0.4843959627687062,-1.1904008284046175,0.24643566004957884,1.5644211058192412,-1.0616559589857382,-1.7627885457646315,1.8413112581550988,0.9290627210582503,0.3645014435075465,-0.7860474045420324,0.0328246214283431,0.8597954692441081,0.9035342725102314,1.470613383724958,-0.9467360981633035,-1.685239269929834,1.133580841806334,0.3443693716160783,0.48537670503215186,0.935081794388677,1.7375698056636262,-0.8217253672543863,0.37606568806326873,-0.5089322626556364,0.5314559776049984,-0.008307677567505218,-1.6087719177498412,0.6516270599632346,-1.4197368975395324,0.8723664004443762,-0.49261750036220847,0.18295528551106088,-0.8366416248326576,1.912373390771509,-3.1116618043259168,-1.232965181027444,-1.0154857412939324
2020-09-04,-1.344601436609109,-0.1378152337813415,-1.436580545977851,-2.443756056664147,-0.9552938860673271,-0.5417985663973102,1.5204684496964374,0.24977223212402974,0.7389483021454547,-0.6663915405881427,0.030868133872325204,2.3072650805018307,0.5170016901227427,0.8373700165368377,0.4714764532996735,0.8410225718504472,-0.3290211574496711,0.5258399478562182,-0.7934039067903249,-0.5118669437896616,0.7368678006745762,-0.044549309360155734,0.6368646166178827,1.1097870388462618,0.2207260112648214,1.9755578822279503,1.100956080173573,-0.9494301360041218,1.3748221884185676,-1.0663343106838126,0.38655791228388325,0.15893655429193862,-0.5806510414358085,-1.6303020871886966,2.0234871032443214,1.8709589276240888,1.424849740076194,-0.8892480703147813,1.316059839373827,-0.6728099355580122,-1.7493491886334733,0.6079734870750647,0.3955252501458364,1.1255667756502938,0.5540056357396325,-0.6059530297713746,-1.5283659547373432,-0.7359504594568393,-1.5396056743816346,0.6448525631922261,0.1205023159552742,-1.4805573682306785,-0.10053797828860558,2.482489856741612,-0.12316250993441624,1.2458806930643214,0.4636009994896649,1.6009303371631332,-1.0723467975450853,1.9198778900216442,-0.5288101774632143,-0.8839980691372435,0.24260553564622375,-1.6917288611496535,-1.0918593496879696,-1.2542257139415258,-2.017741635797469,0.2825897156737011,-1.5731025759944548,2.255067380928858,-0.8611098322475983,0.21275815070547066,1.5845887521800837,0.4817941479185975,-0.1784345033011043,-0.42963921283543477,-2.0083619348957806,-1.7094574504359905,-1.0981219301874474,-1.7193392226660593,2.343091885038715,-1.235496255470155,0.9242117877649471,0.6664168771370038,0.03355116472617388,0.5101559126468095,-0.6876571975258182,0.5472809724628059,-1.5049809047159177,-0.8850041851486519,-0.697299965738505,-0.820279668686743,0.4109600010649381,2.365351727793529,-0.003371624469304857,0.862663090670231,-0.7639229093062393,-0.7879370877250217,-1.5642451015947687,-0.693015803943492,-1.968694971475628,0.035047428318807194,-0.6687713493221369,-1.8218849289790326,-0.9992120134305634,-1.6959580509378258,0.016564961423547513,-1.7156976458599509,0.6207795294833474,0.6153138238196509,-1.3649825825045048,-1.510608213982075,2.0668701788422252,0.636977510602883,-0.08131590297627056,-1.128463048866471,-0.36644779951325634,0.8059627411557542,0.5791872796078865,0.9035236460661465,-1.2976880482109165,-1.3630920778583961,0.8879291185019895,0.23824975856701777,1.2387039740635077,1.0590735462904242,2.420071668704694,-0.4723635090214387,0.1191471003123392,-0.21236279655523552,-0.11631676293794624,0.5096597675607278,-1.8361312821885605,0.914282810536887,-1.2133896009901823,0.29516814513133677,-0.8406827217764734,-0.286010287746255,-0.4214695849336494,4.030022584481574,-2.369699534371577,-2.050801192617458,-1.4777116301366633
2020-09-07,-1.2238345207492045,-0.6119866824133847,-2.1664870691429896,-2.4540210167921535,-1.4012510004256598,-0.6850135549151856,1.8891826700030012,-0.4162762463131902,-0.044230266570007795,-0.7951232297101987,-0.5353537369521306,1.7977936566498895,-0.18503039756484171,0.7577512798095363,-0.25788573948651017,0.4166765092735605,-1.0605480602467474,-0.08823309748390593,-1.7729104525045893,-1.110265562803498,0.33716138841426657,0.05291668476052015,0.987458689736864,-1.3049306448014477,-0.3780978681190665,1.2925468082307945,0.7224172063197626,1.349096416748773,1.9010943614077151,-1.2544456516369265,-0.20773151092505437,0.45813224468060043,1.8184744585408679,-1.6624669061532797,2.1843371495484263,0.7479967670796938,0.0028533127053418325,-1.4339956319221794,1.4182335018430674,-0.649457252789816,-1.8300033901526962,2.020957730693705,0.11329567677039215,0.618928461696791,0.21129946243856437,-0.4924538768647047,-2.18512169653213,-0.7227621675703819,-1.2803680316205375,0.1630460367867296,0.3974688443299793,-2.3649231106337774,-1.4882392491467167,2.7729128902987936,-0.6571445655636069,1.1183376986847509,0.7306758726968496,1.226601283392646,-1.1223891278498819,1.7839555159072242,-1.288773678176914,-1.58842418316834,0.09046194168406871,-2.3133419389393506,-1.7350064980976205,-1.6739105540057029,-1.1834439250702575,0.03154374164556777,-2.141812557109335,3.1938183012094643,-1.816327434886916,-0.044711876416184924,1.9591786133278164,0.9152034048194422,-0.1977905942998062,-0.9345888455112742,-1.5461350496109394,-1.8689681831023555,-1.3375074778824045,-3.0128061493321665,2.1230129630251424,-1.0475753376283687,1.356247031415491,0.8114762582106876,0.3778970950875314,-0.18022586271613386,-0.4860512374747925,1.593174813799353,-1.68212601565186,-1.7519475731255307,-1.7069218710709633,-0.09281871909419799,-0.24517399206986623,2.110540353868019,-0.4952238978824769,2.5151949608385795,-1.3936200711449465,-1.3987488747424761,-1.7083363063984793,-0.8854233340639067,-2.13429785543579,-0.6777832862402537,-1.3139993152672387,-1.7785722583922545,-1.468900319226175,-2.057434171515876,-0.9344212902537732,-1.9333138741067342,0.45379961553865594,-0.07689710998358892,-1.7887574390922372,-1.6952549598993059,0.6389978708517675,0.5267837687878713,-0.6578828033441106,-1.7322784266751734,-0.7423002544230134,0.9589356925823672,0.35387740481810404,1.4266549269797408,-2.4057831275352886,-2.3149882084370725,0.46102660092589864,-0.23175305766663556,1.1765791756137565,1.654297962634477,2.3064932185504077,-1.0911113469587934,-0.7997645276535829,-0.45002425549456354,-2.0182111876662447,0.254629377464957,-2.048493970972198,0.5868190522275467,-1.060943293188709,-0.42489656377293206,-1.0923046257307227,-0.3567076164238916,-0.8543805102974356,2.8438694524149244,-2.51778888365596,-2.68998725777564,-0.6883898432419707
2020-09-08,-0.9295557388921626,-0.058530870092644814,-1.4421626714569429,-1.9622240058475136,-0.33523792115286843,-0.061015172014280056,1.9625372288032437,-1.222936911669,0.639533177349721,0.0038485816698238546,0.6697829477687052,1.6607734529479268,0.04577163906597488,2.083460278242287,0.10918111863768186,0.8650110689339479,-0.06362455181527064,-0.2098326750893049,-1.2376491948258828,-0.5652470542771062,0.46533324117573294,0.4070615456147261,1.0835483841128468,-0.465323348653441,-0.1880757711157562,1.2046879109306423,0.9286000086942064,3.9346159304236688,2.0076051405713997,-1.0421322230623122,-1.0192568100035855,0.4239332052295059,2.477702161546828,-0.8512367422752319,1.4781787248059084,1.0421595780176858,2.4811184787411085,-1.3423257561122037,1.8054141475520107,-0.1694872306022339,-1.5033911177972912,1.7246138938070332,0.13347021797795378,1.0997536666352563,1.7849214586857525,-0.7273722911539124,-0.7612433015357745,-0.49133343007404684,-0.6931607951287323,0.45624131187871536,0.017841790310450373,-2.0357597061035304,0.5573256355234868,2.034428875427512,0.5675765653541853,1.405294119148956,1.0834747032301453,1.3661036665269357,0.3565358141312889,2.3619062324987383,-1.668155144149897,-0.8338114815240383,1.5182794446301717,-1.6412108792586315,-0.68095672534513,-1.214877160029325,-0.875773788369586,0.17152985604417567,-2.3067334304950364,2.134929649594609,-0.495114309895963,-0.7142148210228522,2.0405280614021404,2.6092250617135067,0.322953310982468,-0.8773995668246067,-1.2919442110623194,-1.2193566725035485,-1.1326111533350711,-2.2758879981715756,1.6730597095701791,-0.19319811278355603,1.7623484222049395,1.094829633361334,1.205932075236408,0.9447413487140264,-0.215160664548311,1.2549322109748622,-1.1892151954966994,-1.705538453389313,-0.3440878121754853,2.216694554200099,0.39457438883279566,2.3455105399747707,-0.0056431057369132655,1.9016125581692949,0.7452532986302198,0.7425807682467267,-1.4779792718394638,-0.7426607954315437,-0.6905969593833012,-1.4012151411791813,-0.6252810907808845,-1.3628261316246288,0.018944404059192434,-1.7171412714762975,-0.8863571850220834,-1.8140929349537618,0.14744409243668852,0.7359946679727732,-1.4192712312531657,-1.3048932305503222,1.1954737425203636,1.0511852051474173,-0.26461114946392644,-0.9795840980151782,-0.18808003137654652,0.7421543882027508,0.5615271356178145,1.5796393164582807,-1.6257913033724083,-1.5489310617503502,0.8207475369227062,0.30221914157601676,2.1618735056397407,0.6225426997541892,0.904085451473602,0.2564649913351662,0.03959085371237602,0.08814657313659394,-1.5181642447890342,0.83696547455961,-1.8535247371526367,0.5718630689794811,-0.39823906138734594,-0.23762032386529505,-1.0645590331336783,-0.21080969534361607,1.8628290728980779,2.0702442241578245,-2.048883673340001,-2.4063091221268613,1.6647606247694409
2020-09-09,-0.5023000294490558,0.5311544329542799,-0.04876259360587906,-1.7082713582510807,-0.46969787524149176,0.24390124169001973,1.8916522864652783,-0.4173696865137173,1.0085955712769266,0.14472205896198484,1.0663095218227836,1.3695773411724457,0.2594879061146125,2.1743203654085845,1.1798196009328,1.453450266025015,-0.8896320742464262,-0.16242699716581496,-0.8855140836275304,0.06516478576284986,0.5871336608106239,0.727967289718365,1.142647539963649,0.48007656697925305,-0.31702504188253183,1.1773827201760039,0.7527009596076989,2.818905567137628,2.037271359349812,-0.6941616774355038,-1.208262719961292,1.6656140540620914,2.1637867696170496,-0.3222755779892507,1.4314926118933016,1.6480272263493116,2.785523933442116,-0.816225508558576,2.2455627380316723,0.4230101372827366,-1.1029172611990352,1.5232646700708774,0.27988903738100224,0.8091794752541159,1.7441324529049536,-0.24651437017089545,-0.8619892179794557,-0.8578591569564902,-0.6167512957934161,0.6890446625961255,-0.19426487373208937,-0.83620152689316,2.098740788115753,1.9445429103205043,1.9953591997185838,1.6634948110494239,1.80027971832534,0.50908920764189,0.6921025379133964,2.1095023518892466,-1.5215629472000136,0.16245481861861005,2.1634629147257884,-0.5614073498878556,0.21493215443342567,-0.8686798719709615,-1.0541880016710876,0.6716007018756397,-1.2784965822015084,2.1094798294320083,0.0763879411640536,-0.8894475003106396,1.612704426233964,1.7440526725241006,0.7137758955958259,-1.0982355831549266,-1.207089099213512,-0.7599703614660214,-1.1495750647907965,-1.700852757117285,1.2035615410086675,-0.22827772774479857,1.7777780260583664,2.3429560229701942,1.9570099829266463,0.6180355837424577,-0.3544984113547123,1.1332858946467115,-0.7774556302900444,-1.4034046243325307,-0.40842805131602367,2.492756005011873,0.02307881971967016,2.819145809225697,0.35566976596394023,1.0768284981744518,0.6648003765453079,0.6554210952648605,-1.2740582273573062,-0.6975111965450156,-0.4120580232237624,-1.738147802575152,0.06594890362821898,-0.9355054215614514,2.356017345834435,-1.0371609328493483,-0.39893015867958953,-1.5378263665553136,0.6488028546799344,1.650219933563164,-0.7546173613457104,-0.6159315926836734,1.2181534234546618,0.6849390390429294,0.38446149616846176,-1.0446789826469214,0.15564767262048332,1.3665825292012004,0.7897530023512913,0.8559987514683964,-1.4501392120503334,-0.8639220730397316,0.8467663788124598,0.36071139463332036,1.6456351358687382,0.36264149505818066,1.545464745899734,0.8102167397845986,-0.17591702341203813,-0.4309196800387207,-0.9521875876357865,0.6797094332053312,-1.7228432025056175,0.4753031444279554,-0.06092328294364154,-0.39483157601559704,0.44198164771940873,-0.5448819826033092,2.7915952254697447,2.1968470986365167,-1.8965304173563797,-2.0838298160494575,2.1051861916484262
2020-09-10,0.031885449860911526,3.1720738517543943,1.0105421686693223,-1.1448193911341185,-0.6204378293562681,2.3734181921218642,1.6867969157651395,-0.773269181176465,1.244000380697969,0.4048475947958634,1.404953043017708,0.7171419329686485,0.904092554389948,2.390935226965201,1.3678817541524246,1.5826763135551345,0.10208359895674915,-0.25299286802066573,-1.0943280138168254,0.10944186129268513,0.6388598760051594,1.0920259606821856,1.0669391251213263,0.6289783879766405,-0.5842113556407048,0.9902793907500896,0.665646580883595,3.036560186292503,1.8537730667103365,-0.5032804668947669,-1.5575624612888228,1.7483907217504204,1.5615419693823265,-0.2560197475205786,1.3906715363213324,1.802090892238936,1.8574904792062212,-0.5593039629552209,1.9387884916207587,0.7063813348050111,-0.610094274156385,1.2511127089819274,1.7234701913279207,1.856927250438184,1.5396652764523788,0.07419464143779467,0.17335590034411294,-0.7581926391979891,-1.122972962853074,0.001302394130982895,1.6451177758397673,-0.42919293228966043,2.0996593484814663,1.932415204706995,1.9136558184037253,1.6092248733554975,1.7898105881367787,0.4895154508427035,1.6638291713186475,1.897938339669419,-1.2481813550611154,1.4158319888075594,1.4416174129171668,-1.4626906327543632,0.26191647594617307,-0.6817288588385667,-1.3102688586106583,0.5646176198303371,-1.5063408109699246,1.8629055094476599,3.127539940157652,-1.3593435488729746,1.585123276353226,1.8642748432956004,0.6660203283315742,-1.0342933010093511,-0.03040841882956904,-0.31195710426246515,-0.48158729420669655,-1.3855996947670535,1.2511583970466462,-1.1996103775255798,1.5664795801923495,2.2036498662647728,2.275246374720583,1.4168923724137443,1.200954821765588,0.9686634293547237,-0.6636800177970023,-0.13488696162029484,-0.3716234922996123,2.5150393945178258,-0.1596162107897326,2.2020278068787587,0.5754932599403603,1.4045303428288698,0.31422219884250885,0.3481192846820681,-1.2234329451597152,-0.3496673060069193,0.26340917195646824,-1.8140609761803057,0.4079170342339724,-0.29790773899560696,2.4139856035296963,-0.6772451289178041,0.13473034003473508,-0.07675767335632652,0.1632312393105726,2.567517461350129,-0.4905995478072147,-0.20665128325582882,1.5665652254183795,0.7344019337667193,0.8621928814697041,0.11797600360390076,-0.029931367134322942,1.5699574784775951,0.593942501039594,-0.36486094733110463,-1.405305002615996,-0.44547553401307965,0.6662915111291638,0.10132694840929649,1.975850016393639,0.42201280819408415,1.5564980509821391,1.0095311369382718,0.7719616247722932,-0.7690479923662606,-1.0015372160406122,1.7999458265172223,-1.6017345874611695,0.39227932153415457,1.1225962825589246,-0.7094029567983515,1.3342362286936147,-0.018527084192810905,2.5474077374241606,2.1604575185542636,-1.7831920636018208,-2.0884017946371127,1.1178147074371187
2020-09-11,-0.08823103597641632,1.7278985708584078,1.5259082513109101,-1.4094290845228468,-0.8481201377309459,1.5558152454725134,1.2791280945356445,-1.0897039124220382,0.9218792333266005,0.3590310326689332,0.4450983138543395,1.243602478959096,2.7310532575339637,1.6983916848264342,0.8464225587900344,0.6072495526299397,-0.43483933855994616,-0.22353966675216008,-0.961307273777069,-0.3248796070166506,0.4270700197630333,0.5067185597725935,1.119579706726866,-0.23352254883409976,-0.4259349052142196,1.2817745540266465,0.6451853169823036,2.0300636074720853,1.205438599910711,-0.21434963495693446,-2.013138621167852,1.9520716065732278,1.2202033584772487,0.35996869341492405,0.8975894566358724,0.44899651883962544,1.295443888711819,-0.7681345134292266,1.1863162444680804,0.5422106140815545,-0.7008734713922492,1.2529815825487138,1.5491162500260565,2.1428035683876208,1.5520296132378768,2.1943736970668644,0.3826718829180406,-0.9955575880611008,0.8161594145926812,-0.8753877531677549,0.9151742713031736,-0.668337976220649,-0.12697615106106508,1.5763860253428512,1.3326934148681389,1.2896588880677233,1.4019451257239985,0.5765283530984544,1.5406513512892737,1.4006193507953755,-1.313602848170921,2.0932274057530678,1.5448567978197592,-1.1913858030722457,0.15441694601461112,-1.108736606749997,-1.6797522194985646,0.1472692618821347,-1.487955563162337,1.5260019735433112,2.3633879967286817,-0.585856596601357,1.4840457475988083,2.1532706406309368,0.055650766900541965,-1.243678412482221,0.2007968070740217,-0.22720788628589572,-0.4919453596764521,-1.3013692891552893,1.498949042325405,-1.201478940211958,1.7852605885391895,2.577864762715723,3.2559249695196795,0.46497970023152696,0.9523420505748833,1.7135816269419617,-0.677439300000847,-0.09746878854540703,-0.6739497359476978,2.9843704355780747,-0.0672943688204637,1.608543548090493,0.061553926539252284,1.0780513022041172,0.1923021316127351,0.1821799959551251,-0.17407187165946975,-0.6616762078432864,0.6072204400598787,-1.8473389652515055,-0.9821332087074932,0.11810614625479206,0.27199067778659014,-0.664426184714894,0.007655244829128564,1.0886587442279798,2.426266193350714,2.203357641028241,-0.40288778650003243,0.19357961255451503,1.7018835100248555,0.8682762214001802,0.9291871911531753,-0.5848096087526293,-0.037574108290254885,1.0245182534340669,0.3525899160229343,-0.3201405487060699,-1.4117690090374064,-0.8202170769306192,0.20731663830096073,0.7894701771009339,1.8909511028462724,0.24137127982063203,1.223806949026147,2.687071415231491,0.8006402942752163,-0.49394090505358296,-0.8221827801267584,1.047246278140042,-1.1136249641114555,0.4768869979739754,0.3662312846377189,-0.49738473511288445,1.6847812795402481,2.668297923003211,1.9468933611154091,1.5232007025915757,-1.6804335056406312,-1.5800108378095177,0.6171675837906041
2020-09-14,0.46318388902530233,1.5230069134205204,1.2674484669954569,-1.4023575786778226,-0.8180307689121077,0.9329069175576246,1.6196426754149091,-1.0053527473834052,0.7544725970790973,0.4532390959676664,0.6328643128209721,0.803811355356765,1.8054977101541998,1.775921068436419,0.17817785119493365,0.44353286582854223,0.2990968683086426,-0.5530994129222206,-1.043122787780287,0.2382881799290996,0.953335954631714,1.667850947156536,1.4287692721078018,-0.289736576942516,-0.6777029145095257,1.0298993595979806,0.6106893102322684,2.028647681143012,0.8504902743580837,-0.7701006477697874,-1.9768524866874557,1.7283333576772826,0.9133116969187377,0.20899851408473075,0.7763256613619745,-0.6594664802420613,1.0526429619532363,-0.46479864938933185,0.4114979497143238,2.136803187511895,-0.9722631413737408,1.255104573277469,2.261222164422499,1.8742045049751783,1.0464361031404623,2.098315929688404,0.4424604718098414,-0.3719829365431709,1.7626498660993724,-0.6952222953898449,0.5423156028662781,-0.6261265722516235,2.1272188679746775,1.3876537033493068,1.22690100802771,1.088742355842359,0.6779566349212084,0.331429207996524,1.5768356047081216,0.3587228082788532,-1.2996044740339692,2.1531677736205617,1.8365445357813992,-1.2549238324322314,0.1143098169799456,-0.7845539382826889,-1.2814343311890124,-0.2022408940463582,-1.5206435241669058,1.1283186417521727,2.3150641760063455,0.2859766633589004,0.8425478600459341,1.425121881991845,0.23730356400726954,-0.16347287982007955,0.8868341553282708,-0.33261595081749973,-0.6300644837879154,-1.2724148318328268,1.4024200407005356,-1.3150926619085923,1.511330912204476,1.8403629327539957,2.807738848925863,0.1700453993831141,0.5941091994231703,0.8382745283049237,-0.009515158791081535,-0.30618473621209374,-1.4006033301758039,2.2254956954638816,-0.2221082099428909,1.6840860723939035,-0.3313824086768858,0.4814938247744328,0.9589417449966571,0.9697362355970666,-0.38872091554452487,-0.36471920222228094,0.7733073002131055,-0.6921456905620127,-1.387481601764913,-0.09208722175601065,-0.13363647465709688,-0.8400892948212857,0.2790759315366198,1.2784462682024003,2.572423337561478,1.9869083755611525,-0.5081885940667236,-0.06025734155265424,2.0841075092588226,0.38768572291093417,1.1962929651331775,-1.5541739285221343,0.28355364573806074,0.7658240676841156,0.38702603142131264,-0.8571489527632802,-1.2336738606741589,-0.3823985825033833,-0.15003301558877072,0.23405937743363678,1.1713595566196278,-0.4711218581620862,1.3467980936669057,2.5523017625967657,-0.1740352932129918,-1.1592288108376467,-0.7315530710290922,1.265404162245596,-1.080872283314347,0.21046466501174252,0.030154464586230643,-0.0015428860150871683,2.60652136977581,1.3452028774433051,1.917091890704649,1.1874833138392562,-2.0477076983723532,-0.487510599665113,0.36953420284237104
2020-09-15,-0.1296992686944894,0.5870517132955497,1.0602418353553758,-1.3561538748224946,-1.2250112138763063,0.9054398169291905,1.689147932365213,-1.0283523309489364,0.782287371005553,0.7723416412725057,-0.004089999270557221,0.5068909291167322,0.6613144560606032,1.2820727016269322,-0.31896699754238006,0.23444221174530006,-0.03127200742072291,-0.5931688936732085,-1.2568328961226636,-0.28289566511529723,1.1192896480911785,1.3267070320516063,0.8843606167858314,-1.2728587724169895,-0.8821584584858251,0.7890230239945821,0.37160995355269266,1.443287176577551,0.5833636530036226,-1.110238194804063,-1.7999114563014433,1.0726688635065815,1.1699370260535906,-0.476736908436073,1.0849215848705556,-0.9999564786899255,0.6145953840141278,-0.43676429324415544,-0.0254564872180921,2.288562628931574,-1.2165902456779742,1.5353732638612214,1.763508617916737,1.1085887705254345,0.7434967229191078,2.214796625006961,-0.5831815658958778,-0.32595588212636395,2.0687692748480644,-1.819735075889942,0.4673517029260678,-1.4746125552014022,1.878413222210231,1.853551214535955,0.42642956959404704,1.0439760677854324,0.621734995373004,0.07791388512975736,1.1879128722477716,-0.4346174087259237,-1.2738301758064443,1.440912958233822,1.3627799863127317,-1.5127950766084197,1.8175376375086514,-0.721506189493005,-1.6330429761648042,0.3540677876025802,-1.550500193429171,1.13105874845051,1.7374343303661994,0.47923141608422254,0.2151611303534037,1.4091965949843703,0.2429273520190864,-0.680078824114422,0.21469389649893414,0.04335880878786936,-2.111080944086637,-1.3784776114683195,0.9566835169760798,-0.8934492364540193,1.148330400183466,1.234955708308606,2.4220242859820957,1.1951893583945672,0.19912233250044245,0.9016491767057395,0.02570870863031295,0.06206154387513761,-1.9986721163958814,2.0359578196304957,-0.51329272185634,1.553695599942621,-0.5967548424225996,0.820770426939428,1.0048390982469277,0.9770800224588,-0.6527102076303358,1.0443608765693124,0.23696976896672392,-0.5769340536234209,-2.285308960756641,-0.354344612881839,-0.8992839756696817,-1.0637919455779312,0.9396857950800916,1.3812991943447528,1.5038421185750797,1.6336895485293514,0.6313691547414813,-0.28448436225417817,2.361738407957448,0.03531903322178599,0.6622744149647405,-2.3436066672530558,0.18776402057752517,0.5690841567742598,0.2674197928827614,0.6454537320758331,-1.5118060859419697,-0.05559082112047609,-0.07630021537303051,0.19318340572991818,0.4646949235699012,-0.9760833961945229,1.7639652923635805,1.7325632716454848,-0.4461863559415161,-1.0516109320458444,-0.8662210019562863,0.7307776145995531,-0.7141731331173508,0.009238503902633059,-0.9962874167448776,-0.0329657291967868,0.7919723985865958,0.8041106669766507,1.2213759334509444,1.204279397007253,-2.1451874359457226,-1.367704908251264,0.7278179272461925
2020-09-16,-1.0747644316849048,0.9245273630706722,0.8799571375886148,-1.3749037345313564,-0.23972535879535783,2.0382813897413037,1.2403395068940808,-1.2782115671945353,0.22236639858721186,-0.4798451207960777,2.290199115959369,-0.37418820794892943,0.05846485581298222,1.2440227036510842,-0.6783773372061848,0.08918973503883275,-0.8383630714709437,-0.8551773245326159,-1.405306769779428,-1.0020032785508906,0.6665987475442963,1.7747806519131146,0.7815675019564863,-1.6013476089255148,-1.1986720867278267,-0.30052172963924667,0.2525670261644171,1.3610336577005238,0.48587109298184905,-1.1856626809300574,-1.701037254582668,0.33661661763942113,0.7160666103441493,-0.7813483818227617,1.597874603044658,-0.37682475052376,0.2565198026352195,-0.5000992095347808,-0.886178745351046,1.648652529229141,-1.5687952195082122,0.5204738501123407,1.5609313705960324,0.5324831685138208,0.08816790779353788,1.4744821053860726,-1.2395310194294324,-0.4443827354686103,1.4831649895933465,-2.2491622781249667,0.29707177854795025,-1.899543839042637,1.4222241172764656,2.0042998312447797,-0.3437606541542955,1.4310502977141202,0.15015484009797336,-0.15782501167706195,1.7625044457741526,-0.21070804286809505,-1.5837441671281873,1.138386750155063,2.186916891256115,-1.515615781586812,1.4081722410961606,-0.937232593864438,-1.9528509572298327,-0.25846547498327754,-1.6072219915313233,1.3200676700524299,1.8243366177818943,0.1883632571453532,0.9901750866750417,0.8823617168244586,-0.2616826997327688,-0.8841469165792869,0.8913626085497148,-0.610915099044952,-1.7881530078181695,-1.2410444478911784,1.8840592669644518,-1.7572746379923216,1.0391154560390723,0.8915576976218439,2.121521638536463,1.5120043454795253,0.23950014408549544,-0.04740162943570058,0.025204739435570365,-0.810341702657525,-1.8659801475094,2.006737292571144,-0.7018701834113941,1.0378577890365888,-0.8610523178219291,0.7624722014878637,-0.12235160431303382,-0.16224963642570994,-0.8731527608075329,0.698060250637736,0.09468000717172431,-1.1207405146282676,-2.4758267738966935,-1.0464769624842645,-1.029014506304823,-1.2901125705783707,0.8679906072824252,1.0763444187782039,2.3771311351033555,1.4310998297991724,0.40166625527738176,-0.6635323543401319,2.224773116887161,-0.19626824790205563,0.06730195059848823,-2.0067839000969574,0.21577644031158436,-0.20751858554059488,-0.23406421986055573,-0.331236608709568,-1.337658993156254,-0.8790601280741177,-0.2244635875164363,0.12028790939757147,0.817909577686845,-0.1993091433442385,1.951076371830172,1.6807053356092982,-0.846940352717227,-1.8481619526570285,-1.3135517321195644,0.16115634628708797,-0.9665463002165621,-0.09867248511134732,0.23754536760533948,-0.9720271352951645,0.31550627692290445,0.5261230223659729,1.028840093521121,1.1410861510766486,-2.1709048837001226,-1.585445682077857,-0.5368726099450796
2020-09-17,-0.8113127853112083,1.7417653864327332,1.5978684847070013,-0.7836859122454771,-0.14863720261648425,2.8917684594246738,2.1336219773461407,-0.8369700707680766,-0.6784499956842974,-0.18496497405324525,2.0531065362295777,-1.036642755643047,-0.625259018762598,2.285130893069143,-0.4440015138302474,-0.1355991563012148,-1.0415307992556377,-0.985017499849933,-1.9034727732288816,-1.8993471409863787,-0.22021609550827173,1.75163843081049,1.132402437843773,-0.4104660764681078,-0.8827930009566456,-0.8412597422640972,0.05158473615245686,1.374551274112597,0.2976770144782195,-1.2493390768114117,-1.4623404531326754,0.6193959020950757,0.23383148447865365,-1.0803896749961788,1.411258663194503,-0.604260279672718,0.9310478008621065,0.04533798855816073,-0.6472339395680227,1.4806454908877924,-0.9849817936580034,0.5399903763394176,1.7643068392363586,0.8178077338283021,-0.8089447034042233,0.9505524878726682,-1.872819101316551,-0.1368075014005361,2.628708811243654,-2.022304162798808,-1.2912608659262552,-1.030722432502889,0.028712257353484278,1.96687690399231,-0.7188602471468208,1.6924489418349404,1.1858287311245799,0.5547749856958073,1.251993743093636,-0.10110894975750505,-1.4118834535892941,-0.651151346509974,2.086462154609065,-1.826305426767825,0.46264659350656673,-1.1216628501689776,-2.2421043548665476,-0.11813755610887576,-1.6014957710225903,1.356047591784219,1.5064206691173299,-0.30925326721951274,1.4595239514336953,1.6766186377306072,-0.8815820619501666,-1.0260453413338617,1.7590395651258486,-1.119947927753929,-1.4620148851614712,-1.275744089633997,1.5722614698609445,-1.680273404774298,1.7763888846561828,0.3720635132322868,2.0371562611036227,2.710040438888658,2.1168364427351034,0.3703218718566026,-0.6257326119249326,-1.1917392043259747,-2.014964379036783,1.9526897107837973,-0.5664318386077126,0.7250675826453769,-1.6156920170354905,0.9344661477610638,-0.09188453096578987,-0.10271907803451566,-1.0907120879280585,0.360249745826681,-0.2011939173875212,-1.4554857896822806,-2.3525770863935564,-1.3190400106107707,-1.7434520574721286,-1.6807827053616795,0.5523519136715429,1.2337266649124414,1.705958572058386,2.3862990161919453,0.2694507777353485,-1.9694562837475462,1.900636251773675,0.27343196455779023,-0.5258594163981308,-1.0643642759745258,-0.4343039228029157,-0.8167129802705211,-0.5491381151724231,-0.6981018421625506,-0.3659293398387016,-1.2265401148323318,-0.15622133952170972,-0.0015931345876972875,1.3324272535663246,1.5744462376888362,2.360048986991596,1.0808704890724485,-0.07887270378348529,-2.0017647291897163,-1.3960242700549061,1.127474016179469,-1.3219113298718304,-0.40509236314974606,3.57196830691863,-1.5259470609711892,-0.24876628198549294,-0.049559654645504526,0.5278863783117701,1.1680785960595963,-1.9058685152492225,-1.9730860109022479,-0.753456107401232
2020-09-18,-0.19214304977476,2.0370495835350133,2.81167056278096,-0.5565956896508146,1.4844499246900946,2.3756357611112886,2.3200451323102125,-0.6445373273205993,-0.5318069666793939,0.07078056060398376,1.4389493307928356,-0.14077149489418578,-0.1408342499641316,2.161067933507086,-0.3096763131697604,0.2321465598747022,-1.0361037156046677,-0.888333267892688,-1.04353673728945,-1.1356214227225452,-0.12623914959155638,0.792257920200173,1.3507026523938481,-0.9252108439415185,-0.014297754496611907,-1.1487029475651502,0.03823344281884836,1.102347544064385,0.40003182304568746,-0.7064434893850177,-1.4658002814132411,1.3290350774457107,1.1793487483581724,-0.3579226108652763,1.9888997514842286,1.5372777386464973,1.202873946980418,0.02492993214280687,0.7206708940330279,1.794479103463613,-0.759458840149267,2.407927259970736,1.9656014394891,1.0549655089958303,-0.851715899590304,0.859950790361212,-1.1775313351882863,-0.2530774744635823,2.179556702958735,-1.438635936401459,-0.10393272779716511,0.36027754567396914,-0.8086116221323456,1.6560210874870942,-0.9254010597170734,1.3970129725279292,1.5782239985071072,0.9787027169749759,1.0410311680011104,0.13592538285893688,-1.2419121989014574,-0.9931590813026856,1.0143346861169822,-1.0526957904183478,1.605713991961937,-0.9171110139124158,-1.8284025373810542,1.4391648024241122,-1.0964989879493903,1.1525724369913426,0.9595405021113648,-0.37009991794302755,1.4840882354760643,2.035677961537926,-0.4835493584964011,-0.6477149915038122,1.4236895797919604,0.13109233475867707,0.0703335358796973,-0.5995858861645539,1.5197408188161174,-1.1051928396336606,1.6193368336917178,0.48024638212517,1.6757776593473783,1.886164247920294,1.6957524985171821,0.09648562842654737,-0.3405801724568189,-1.0715157949139424,-1.852850505234254,1.4406390588525848,-0.5026939191864362,0.5705134427341031,-1.6749517078379288,-0.11627035478041525,1.6248339810846812,1.6492425218831366,-0.6850152756889166,-0.5107615876295148,-0.46860550482583185,-1.144440152910857,-1.709668137893685,0.6096282858167589,-0.9276603407729183,-1.0305879425571538,0.8641962154684629,1.3508321125342093,1.8001928794851256,2.268567654649695,1.0076203566831519,-0.8822424105926715,1.6233307561349881,0.5534795115855613,0.32303007678284706,-0.6271989643650943,0.8356335255156884,-0.8164252748964437,0.8358229788947905,0.42758218605813153,-0.030375794276234352,0.9326446326259147,0.8022271927362603,-0.1799153827161001,2.7189102545140282,1.8941323026411092,1.9191761182411384,1.276591086761145,0.3576591233829688,0.16239650595198837,-0.8378269305638797,1.6492332467896311,-1.715316200555995,-0.23784257820734425,3.0022062709186628,-1.3849233734358177,0.9627994116920894,0.42945412327611876,0.9087801847402309,1.104982156610065,-1.627296262268474,-1.7717709408442426,-0.8135718916307598
2020-09-21,-0.23541606240113339,2.17288974671046,1.5392039309994072,-0.5568189668532061,-0.14339723095282716,2.2067129311670897,2.670503681474823,-0.8749918328155816,-0.4792754198854538,-0.4330817108589811,1.2409144379047752,0.4574109617603724,-0.24304318952992446,1.6736012408451413,-0.4041446974833083,0.0919559005607694,-0.09685505793029006,-1.11549332417708,-1.2861248018053504,-0.8701766045745918,-1.094575875395931,0.7935878233153262,1.115927667919301,0.24318802971613984,-0.5195383676650334,-1.1187605121966788,0.058027698987041174,0.36326614071292374,0.49659144720738807,-0.9979580539029465,-1.5366117436687519,1.1563744993212066,1.6506749604063584,-0.604334778804614,2.1226819183602075,2.014890826751404,0.6362639147291251,-0.04850196372120022,1.219199391398677,2.6509863394266313,-0.8854273326059537,2.9699905906109114,1.9361951556400046,0.18836074275364717,-1.5035801767580521,0.4746302845702374,-1.1375068900174774,2.6496343975742915,1.1017793611946314,-0.780068537542349,-0.788281031351686,0.573791596625488,-1.250243745005086,1.5210527359583588,-1.0252533810703968,1.5050343121478182,0.14212811852381055,0.4416687993905698,0.25600674912208193,-0.35387540924707206,-1.412035774766227,-1.121816741451835,1.0748621829491847,-1.1747702188854672,0.6658069234057249,-0.7105884184578253,-1.1727101511439142,0.45682103712911315,-0.938894475195661,1.1893687252598912,0.5553877659014176,-0.21298612528210717,1.4383583003201819,1.8683112796749377,1.0685053971912455,-1.4048502350256948,2.12563620507654,-0.10619606134296489,-0.3990987313021198,-0.7175878945958151,1.1293030292484694,0.9316987305661772,1.1629046475214548,0.32993689546507915,1.029659924458458,1.7529820195451613,2.0595893888337065,0.42553488411247176,-0.3272891051825271,-1.3379914382125504,-1.8311995972005852,1.2001495107564009,-0.9309862759169697,0.7126007236248487,-1.7093232316827462,-1.6276697123701986,1.3817629238517488,1.3477123213142344,-0.8526310223814424,0.3391923255295135,-0.49762353756853567,0.22427853518748345,-1.0344049132807525,0.16989474311623629,-0.9723631064582808,-1.169246149537455,0.7053066914845757,1.0845162616835127,0.5017039232178947,1.860037930236444,-0.302272333117274,-1.1942255056729427,1.192903090829908,0.14188090095454936,-0.10162785734192219,-0.8974695198536363,1.041142765404752,-0.6402146045632242,1.7094119825116991,1.9047471598421166,0.09391401348558433,0.9301015775263975,0.9422933893798705,-0.23892187204587814,2.209872319141381,1.953290503179523,1.5451839839438375,0.9276190050556914,-0.5175624027003486,1.9493111941730892,-0.3204369592865714,0.7381080784872075,-0.8619679037564124,-0.45538693866643876,2.046549717338465,-1.6612769770674154,1.541359550947872,0.44665045093190364,0.8386517213695169,1.3298419026957986,-1.4833797835487972,-1.6827959815899511,-0.03528347611585344
2020-09-22,-0.5271622765766504,1.9178318526462086,1.140077305307982,-0.691202323096508,0.9550528995168149,2.126364448866882,2.124552075495347,-1.3502296596014705,0.5750942604673737,-2.594226898442022,0.8982170525965768,2.4826784428963187,-1.1482724922669623,0.9284628240955307,-1.2581408835391625,-0.6500504333588158,1.9711942465761247,-0.8501300178136669,-1.457452943019166,-1.1420771912733276,-1.6927831352903708,1.0383325613907723,0.6179537357496376,-1.8323877487758804,-1.2900497242459315,-0.7164094576358158,-0.6780730032273371,0.021546290338650458,0.28199335919559015,-0.6388738440442508,-1.5757601382102182,0.22306956440065354,2.310364533646357,-1.1430513403878866,2.0251342932597645,1.1452122971863061,0.26840813993516205,0.03660039093338452,2.4350789309551275,2.5350867098827727,-0.6151459879009956,2.3217455728564014,1.4664900795283153,0.40547114036335624,-0.5356949698398601,-0.5742235102108535,-1.5289446839870922,2.850414531666357,1.1605423595466569,-0.4568898549896748,3.0451150946732977,1.2230994009432186,-0.46107431899025986,1.4483524062910043,-1.763520582284113,1.045662871613927,-1.0744983430106503,0.09846275952191828,0.07340141997629612,-0.7018361385214834,-1.5825568253845896,-1.1446518121415696,1.4359869618851109,-1.0774172768338537,-0.6971406674777907,-0.8260875869896681,-0.12192122887693031,-0.5498469517968203,-1.1770591789478713,1.2430374951116172,-0.18703187652973133,-0.7004171261247766,1.2898450779699662,1.5794064072826377,1.6067689619510583,-1.372642632214108,0.7904115576687664,-1.4201357662603515,-0.936667435879235,-1.1029237439724604,1.012503518177362,2.6960446040844834,0.9434783938535124,-0.17748302618803885,-0.34825637782007957,1.784962474242293,1.701767177640881,-0.7937817161026406,-0.9978695264359159,-0.6590339278865434,-1.978738621337883,0.6615579563437953,-1.371881948562105,0.9683961939727651,-2.2360175951058348,-1.7833661405026435,1.3006321058796408,1.2675900594908354,-1.3115253420611273,-0.8033824028079155,-1.1436978792509158,0.19304470698568807,-0.9908382673994411,-1.0699834008921847,-1.5519473964282273,-1.5214308847919968,0.628681027444943,0.5161941358531538,0.19288945253411152,0.7789271041773871,-1.3511416502084153,-1.539330301569471,1.0153381596745936,-0.6177673453458705,0.11132064709140994,-1.0679834966421584,-0.7620674282202671,-0.4094404813218238,-0.3199256384252896,3.1317397079581992,0.4443483400954817,0.30281954612125583,1.0725242852087045,-1.081091610969222,1.4107857174881762,1.3444464101485636,1.355754683698239,0.680581829801434,-1.0630586379188975,3.8475319963296295,0.13836695848470143,0.4287990217359749,-1.3365482507912467,-0.7890740690640932,1.719454419102136,-1.3666433903476702,2.347729408806644,1.184117605227172,0.9755408845931102,1.3442025582115003,-1.332305311461309,-1.7902755973829159,2.790460726282686
2020-09-23,0.14505453056012196,1.6343731215193196,1.0408978235581117,-0.5407612404789731,-0.6536997158448362,1.838944763919122,1.7255418490500152,-0.8417234785627894,2.3101746050944243,-1.27301599773315,-0.40707228736508405,2.3384981363602186,-1.2913129420463452,0.748756729437296,-1.7114218180366696,-1.1096316762513307,2.526421366918581,-2.00648963842847,-1.1795274417361288,-0.893479207694682,-0.6512951202928783,1.0704503933371587,0.8002690255506235,-1.8418426036237006,-1.2343919708634263,-0.5070245578716364,-1.1959979000279217,-0.013561231443153342,0.0845635728809752,-0.3613455214250285,-1.592804455334949,-1.524311573715274,2.23938341075252,-1.0982694344213206,1.74773278235022,0.5562902705537458,0.40395075604683556,0.5379151050748494,2.312516213651919,2.491367370362713,-0.7580002178726617,2.358227173373903,1.1203717482284157,-0.38395183699843394,0.4508564885654834,-0.8241102405720528,-1.724490885499864,2.4998421447456485,0.23655077071439945,0.8372308104270577,3.0465136296054496,1.6948805364647783,-0.5767609113982959,1.3324934868952436,-2.2540150546833013,0.25596201864518214,-0.1352765385306014,0.7433862133325576,-0.3024425043749385,-0.758575996191923,-1.3883442717083236,-1.2758992875817654,0.7131379239569101,-0.4443956588026077,-0.8135023985143577,-1.1651648603304707,-0.15947938802215164,-1.0025491718096495,-1.2510791792467337,0.8872385638164456,-0.6234338431106828,-1.8218185018785924,1.6830430165209402,1.8029123826134719,1.1366398939442903,-1.442321871319676,-0.3953830972193125,-1.7863494366436539,-1.0447945726124546,-0.969101385354045,1.3288906265147293,2.704546773369205,1.2179678703362753,-0.37675432628241795,-0.710837907477958,1.7092810716736826,1.7987779394272128,-1.269569529339128,-1.3429983274703605,1.096257173333132,-1.6656698171678113,0.6396692267167544,-1.0879119081634687,0.7618111550705937,-1.6988845840128113,-1.8673679145429454,-0.10187891944778082,-0.08174756269371584,-1.45964588192182,-1.315039532851096,-1.2009264975970668,0.5928342194771613,-0.6880854676123165,-1.191567554358468,-1.2475205178804765,-0.7719271875449595,0.8340322403624149,0.5468385213230994,0.2933139139159297,0.4444679651244651,-1.3455592332057387,-1.3269981022256727,0.3963788553969651,-0.8491475714572224,-0.0017948781463786641,-1.038718116785296,-0.37776403758899824,0.2425743533714544,-0.44143125698704466,2.4348545150770815,0.4956242421024551,-1.212647451593231,1.567980977663272,-0.651087168331258,1.7137868296726935,0.7133631357083856,1.253037395279226,1.6370351932569605,2.2436240720603347,2.8545703986805164,1.5779057245772918,-0.40205757224389516,-1.3540604269452057,-1.2513431918178168,1.2367129407835646,-1.434028371513499,1.9250893883283764,1.8667298175456055,0.7580243953914325,0.9992335918015186,-1.2136759888439812,-1.6691404352005845,2.510261474181507
2020-09-24,-0.37189310778335616,1.0595344006291838,1.4183443495848052,-0.6260748591266673,1.1291176910047094,1.5693948428853994,1.2260946186575385,1.0579959105508507,1.8507203565201524,-1.3843328591201884,-0.3788680008804553,1.653792426596856,-1.2228671443948178,-0.14275476886553592,-1.4883215469763564,-0.8333870240923703,2.074504346095597,-2.0880333457266356,-1.1900174828099375,-1.232590691649149,0.13959352823354393,0.6265451697477291,1.0853682037268013,-1.834640889834315,-0.9088813577532473,-0.5669951154637483,-1.8225930758617375,-0.1969951372098315,0.05091887190614438,0.169253663120096,-1.2574545173957499,-1.49425774542925,1.4894628623201425,-0.2811019418244472,1.56836032048791,0.5782494814676984,0.9805710686766438,0.5667116659762751,1.8080960926384047,1.970628431731743,-0.2514245768540816,1.9458404007981824,1.0027131500922395,-0.7632505623224611,2.299525148242102,-1.3285264988624979,-2.055944718041902,1.7633496046768862,-0.041744253655481095,0.7476292683986775,1.7332578662248157,1.5453433537966015,0.19147324001638813,1.0764012031044927,-1.149983345274363,-0.2702785053368123,-0.6578727155696246,-0.14643651054651521,-0.42762715475103186,-0.9409380808850206,-0.91898541847488,-0.9214325657027025,0.8756604148910752,-0.20786009928718127,-0.8348055911689928,-2.777902754651931,-0.043642849939473885,-1.635653670225966,-1.328939393939789,0.8699460460017258,-0.8661884771157817,-0.9245722288614828,2.0198285873018587,1.9352508422401962,1.6883923714337696,0.045553629756725625,-1.1682450650947576,-1.5353661644308882,-0.2709331418071914,-0.7992388250072272,1.266767727028467,2.224749934787373,0.6879464567428334,-0.5705004980539312,-0.8437081749093504,1.4946879326090836,1.3472635941943314,-1.9794434089203312,-1.7251941686212482,1.6866831750423934,-1.5650774831061147,0.56306492422279,-1.0849090099642598,0.5264913822298989,-1.2106762228107935,-1.5749979324519345,-0.532722803184087,-0.5615372416436502,-1.5497961880501367,-1.182509072735318,-1.4217430215964382,0.008985856599234787,-0.499948619212806,-0.989633748523023,-1.503678676830583,-0.9440417186196698,1.7374581106260085,0.4665660469292026,0.2384279893358008,0.2050402934744294,-1.1668447267865876,-1.5663212797237283,1.1452066620867098,-0.8259636926383316,-0.26018963470547196,-0.792141386822667,-1.395883685861512,0.6990188204331876,-0.23116626038651875,1.7032110367584457,0.13776594888520874,-0.9526534962850899,2.348312961439635,0.07824579319406842,1.6026889088668665,0.1041592830933526,0.9032205031084578,1.349105362036499,2.2549848306293514,2.6136596871525035,1.136052022089079,0.35863599288782366,-1.4718939539396179,-1.3071253813380086,0.6755387226673816,-1.4572605115171364,0.38216281497545895,2.374818886569131,1.318078513958661,0.8526056150665839,-1.0469000311785392,-1.166654602273735,2.321177448557804
2020-09-25,-0.6646604344547816,0.9533562593625344,1.3500028537338598,0.5164587163609103,1.0723391795764654,1.3254100099895467,1.5158811949251287,1.868610507420169,1.1511667884619878,-1.3401360260821622,-0.09430972457211478,1.7439375151719938,-0.034314867795078384,0.2376034391332771,-0.6565732501484449,0.10800303657649071,2.259266619331918,-1.8653481146872795,-1.0163347620096155,1.3590918490653863,0.8678345127494934,0.9937252792490858,2.6060393326744395,-1.1017398154591251,-0.966195954827087,-0.4569991380873989,-1.8142940591944416,-0.4620821065259251,0.1992533299971952,0.6940223515123013,-0.8414030553728132,-1.1060006233921993,1.6565370705948186,-0.8927400787147646,1.4895106029895646,0.8194166813044013,1.0877700359019922,1.469218042002875,1.2769742353346212,1.7588775391903477,0.3421008384981,1.7339024066517161,1.79984485206908,0.721346050591504,-0.010298942561444866,-1.098012482207371,-1.7050520806306833,1.30621655032837,0.11527040166839775,-0.6273180803261962,1.7200734120753889,1.6623656320482236,1.2480102537109778,0.8078681402134079,-1.1660414931996188,-0.21231728563723665,-0.5143389264800795,2.9094775781610096,-0.5114830407237068,-1.1753940966578662,-0.5517220003877688,-0.41030971477264555,1.4263431475821413,-0.4871145777298208,-0.33679791162352235,-2.1650625386048032,0.23937962565147808,-1.6585475620595127,-1.2395494990352467,0.6614206741232987,-0.6793049481349015,-1.3262674369222487,2.176496892409698,2.1761823582463924,2.290719857936346,2.3203748748926856,-0.36648000034092143,-1.5600033331368368,0.20656084842765,-0.46234667742908475,1.3930989832826448,2.0678869342580057,1.0185995666444494,-0.3335246696411447,-0.6887374999696657,1.7294161969024116,2.1691589211794646,-1.4684059902104962,-0.8493801574958029,2.201915152490928,-1.343737668714392,0.44596053758112336,0.3437043172495669,1.6585260424134292,-0.11134303966920363,-1.4243203907881288,1.1189511522494937,1.1632964748270265,-1.6040398760304357,-1.8705463812093808,-1.3686068614819367,-0.13910396627296556,-0.9219535146723771,-0.37886548651439317,-1.6010305286876436,-0.7674678311274618,2.3975562157355146,0.291648539276676,1.294855396219099,0.1443025367859009,-0.21991458396710692,-1.0482215385511517,1.254972148443348,1.2920322579877859,0.5146131516893595,-0.20986661063349368,-1.653602277561158,1.06326011258127,0.09139493652310506,1.745229061858831,1.5874877069162465,-1.3273455403743106,2.951845649787625,-0.2104459464207865,2.4822043583984867,0.6496554291606302,0.4528836396367909,1.6988815916977587,2.473123049650013,2.271909777606057,1.3888934145906264,1.342329750426512,-1.2151095691929554,-1.294647095503192,0.820409967890697,-0.9468343537975159,0.6130880193026926,2.7904699285271968,1.2781202105149558,0.8178853403744697,-0.8844383141619855,-0.9039455929093761,2.215448373048126
2020-09-28,-0.6747066898880179,0.7796178887351622,1.4452265545302057,0.9480935328334464,-0.058352524593042424,1.2360800534941532,1.5717406311369475,1.3405749729592977,1.0681069262777647,-1.584335085625624,0.22314206649840562,2.397809012411023,-0.605057005166361,0.6800405417261751,-0.41573810650305965,0.7625668946158374,2.0472526634448074,-1.817200596117293,-1.168518439469095,1.6609673400971616,0.49341796477921324,0.6441329610747081,1.6364210080565316,-0.9381482469024087,-0.9512173201281757,-0.8452527239551205,-0.6662928999565755,-0.2998612967861065,0.667554396937664,0.9459574303665237,-0.6119384573444513,-0.9253486326480636,1.749122439434974,-0.3256424924956473,1.7749716854999114,0.9946573592449021,0.7592520472168854,2.228393018129289,1.0563278109732466,1.7190175672265144,1.238109222277989,1.5181556266781644,1.4454551919785354,0.16823564831597826,-0.26777250659755675,-1.0296826860781572,-1.213164737123988,1.8579264470384993,-0.2843815330256922,-0.331881744447576,0.016461321245009587,1.6367087455311917,1.419264381294737,0.8478664668477163,-1.0724213204019424,-0.7457895429958221,-0.6268755708093294,2.5227644440251447,-0.6118396633125008,-0.7789232486352128,-0.5649593770988542,-0.11708613023619202,1.9745282747839927,-0.8642162617973391,-0.11265298972675296,-1.6756130400950313,-0.05214077202860028,-1.77060625982434,-0.778383164275474,0.792786077253072,-0.6303978213453302,-0.8586063852278533,1.8516153068008938,2.0886396874934072,2.0501598564016925,2.575491302224051,0.152197977468671,-1.3440078353082545,0.23731908418739078,-0.07632694334847577,1.2908935128993917,1.566641874774012,0.8471648338628361,0.004675141903137551,-0.14338814345367154,1.1784338650706556,1.8057659534674257,-1.776584507609633,-0.764796128382696,1.9756408920053556,-1.2434757394951053,0.5452181999004624,0.5749755716119036,1.612876754060216,-0.06180326713748655,-1.1895584407737712,1.2772727147185892,1.322037049139104,-1.0371281297906085,-1.1698412123807345,-0.12109291511420006,0.23164571218287738,-0.6081738788231291,1.75709578684898,-1.888699102838333,-0.9975260562625735,2.6180910574221534,0.21856271585947787,1.0233454578288608,0.20461286863796652,-0.12209307279294333,0.8816623810725411,0.9449088300548635,1.6616724268843113,0.004740390543427395,-0.07933406753177945,-1.8668756826901478,0.6863759153478486,-0.6412798859332391,1.679342493267088,1.899365305912141,-1.5812476840311331,2.913000703622932,0.04747205545401561,2.2618335138042998,0.9270122558977574,0.5182116510001914,1.6778654196172857,2.0718583790184937,2.3424499800132033,1.0648811034431733,2.268441823961963,-1.0012874455202934,-1.095173075497064,0.591908334828497,-0.7633887423050854,0.46405048027978935,2.498304921211139,0.9344823313725875,0.743460766804914,-0.7021734210258169,-0.37606060695413374,1.4415664028587751
2020-09-29,2.6771821406179277,0.6626440030105271,1.7402044561417032,0.8583533004185706,2.2879892464390594,1.2224260363994994,1.5159168366566242,3.260413882719472,1.18046101816493,-0.8823248480714464,2.18033258055576,2.1726809287259146,-0.6434330612707475,-0.18807670261756168,0.5906555906254303,1.8604816340177484,2.2107469807676496,-1.7636854694261757,-0.004375785562892871,-1.3697510277210152,0.2209733897902698,2.6391613261842495,2.0594606260042334,-0.7261304241075756,-1.6350403554483295,-0.9463557197198286,1.4783138435629162,-0.44932520788165864,1.1086649756834186,-0.48470621827144905,-0.421016926795341,-0.674512814732893,1.5587898939007347,-0.6717208796115562,1.5729095566734053,1.272838452785484,0.5816558504294306,2.2175556468410633,1.228926361825458,1.798705647894124,0.09327024128787265,1.5184219278687028,1.3278483341237324,-0.2995141148311037,1.3935927486166342,-0.05322089136886854,-0.8403268353256813,1.7608341851742297,-0.2361419500416085,0.4237771681587648,-0.5426456835963877,1.2634389763747995,1.289169802876208,0.5949450722611962,-1.1542866210868405,-0.6885231416772134,-0.8076761241514538,2.094420306146192,-0.37417023507499625,-0.6568086416857535,-0.2106601357085117,-0.3671593426916146,1.8307448477199735,0.07744879608060723,1.0966867362567307,-2.1037018725783785,-1.0629046161543918,-0.9804926009450152,-1.101898875302918,0.6547850538964827,-0.6087348729775856,-0.26343030437477916,1.788572198302641,1.898466909352048,1.896975644842735,1.1996136722825255,-0.4895465961328447,-0.9562749364464522,-0.34084565277191053,0.25344146574603216,1.116638466932391,0.6773911396072514,0.7021500401605965,0.18458192699229753,-0.8266683930833261,1.274708276458451,2.091838153897605,-1.7582883644400562,-0.9151702527818285,1.56034659756527,-0.32578279388697,-0.4398485225826354,0.837424979640793,1.0610407489814946,-0.3374992718610985,-0.6512857325246195,1.6901914420079982,1.7053222716698362,-1.3103283019991228,-1.2718631364102828,-0.39353475627318746,-1.027800750932718,-0.9723258230844042,2.0541570775549203,0.17418942530312365,-0.8925909868538637,2.3898841953431447,0.22659106815800747,0.7545058304133148,0.2783582380388276,2.140700308725252,1.1946541619140305,0.779785811752085,1.7998836904181166,-0.58147953622318,-0.2607833298327438,-1.0350402305861877,-0.44751539265415097,3.1595439717078904,1.241513993613511,1.441726239219346,-0.34268229456002586,3.1746692598880983,0.7620013846285681,2.0649830880368385,0.987432283244221,0.47587063280332365,1.5996504101323872,2.0954405180114457,1.9312365689612336,3.2948469603115695,2.50319626822023,-0.8433643996024986,0.6575762403749532,0.45598223834986945,-0.5994519820140285,1.594403307793013,2.3174097760583714,0.4503286986988193,0.5600639124271581,-0.49325705343431187,-0.4197557399232834,0.9639395899456306
2020-09-30,2.804437484286913,0.31872737788782235,1.7232596466593741,1.861760773148777,3.5392547597951483,0.9087967959429543,1.7122501176295761,2.941887271813588,2.522720956631177,0.4496909408589787,2.0216555994549488,2.610018810416452,-0.6023862427827473,-0.2098494359726353,1.137762161573714,2.3090910158398357,1.774739079511117,-1.5139699915072067,0.4775620934348823,-1.3967604820589778,3.534617144501258,2.5642249622187236,2.9139133560349815,-0.5160201407353898,-0.3851669628111488,-0.6802965331911447,1.9490031224833364,-0.45137643894232,1.8150516080689918,-0.4067245394869047,-0.3064347714615019,-0.13631070997713443,2.886219178472618,-0.273898167762509,1.2949028845614128,1.0660021530363228,-1.3951978922554071,2.266071201673744,1.9300819030747594,2.9293028273572963,2.478245365698316,1.5348714951348783,1.077852281731413,-0.6240671314988201,1.5808655572491914,0.07370310775212512,-0.623244891733508,1.9729335845046563,0.11393065239965294,-0.0992710115920927,-0.05755690465837572,1.2196136738861272,1.764732395558179,0.38200170573962866,-0.6483186225820887,-0.46791331483134446,-0.8427761336624056,1.835635056448149,-0.9609688398253076,-0.7683441905357384,0.10846373949396126,0.0011937763160821324,2.223078103971891,0.8249812784797352,1.1579995081508723,-1.692190863114814,-0.6504307043564261,-0.6402443378498015,-0.39124786519738064,0.3341965239513365,-0.8211750379547856,0.8280298455537521,1.8129922512012422,1.9782058127025663,1.966606497040864,1.8349163985873682,0.6101516719905259,-0.754545127039674,3.1093461445827595,0.791494701729428,1.153834004771517,2.416395662418561,1.6469315526628734,0.05650583881674645,-0.7361771399112418,1.5718221837634205,1.7336907885839368,-1.7550286316804724,-1.7503340295108065,2.9929613119282994,-0.08040952116103038,-0.6307050834732981,1.035488894107915,2.277343582206368,-0.33305740823416863,-0.7175595388485615,2.5597684977599466,2.557268982605718,-0.10316092360211888,-0.49333177046480486,-0.2136448135638092,-1.832381936275608,-0.6974375495156304,2.476413673396404,0.7013623156020988,-0.4407249485685947,2.002487986982935,0.3082232335854237,0.8317556785165792,-0.1742331846156782,1.881737502143048,2.020934533212162,0.7610706168613444,1.9226122555245833,0.5996333342393209,1.2893870875692528,-0.6165637694695193,-1.4078056845663351,3.277020431624829,1.7058008513031975,1.0169250929908538,-0.2519725345094238,2.386424503188958,2.0812361598586677,1.961583279269508,0.8501092241331334,0.9938693210425507,1.1613847454584467,2.4672326269196243,1.7994534285803934,1.3196876664797408,1.9113625709024744,-0.9065858741840387,0.3006140196106992,0.24491962026695635,-0.2001304769187536,2.027132592517475,1.9118539568885435,0.13103879909315755,0.46498110700889506,-0.24059517656175608,-0.059256639512991816,1.5891440559248646
2020-10-01,2.037045361751674,0.7820809477266896,1.6242455353834186,2.1585947260507217,2.5012162182562094,1.227576951383572,1.535404784642686,2.449590814494496,2.175615046112125,0.8160851053160534,2.0403355482066075,2.1007681493462522,0.29863826802058885,0.29218316171630615,0.5581061200922418,1.4663881878922203,1.474104199372552,-1.6711649042225223,-0.19006042724398747,-2.100560461348563,2.1228615821783805,2.0350190328743363,1.8957014915433992,-0.8727722707413872,-1.017843713144508,-0.4181840977176541,1.683183103103623,-0.2643868124334063,1.1621880496563584,-0.5677982339698175,-0.2871711217826874,-0.4256704459365989,2.1608785273879576,-0.3636435756226401,1.5662054522922817,1.7408403768397043,-3.5139093085223982,1.9640689241377334,1.5023975933953642,2.058063556688981,2.107874465180006,1.319659838566291,0.6946236841213647,-0.5026163262449125,1.6098061573401232,-0.389788272019001,-0.28108677759140127,1.8367634732252751,0.17275672091375394,-0.10313706704844289,-0.36371886492408095,1.002919741368149,1.5582172670054935,0.49172774010341075,-0.4690498791165651,-0.8104378385995554,-0.05231314684857751,2.4168643960267175,-0.8601630229510083,-0.588564723034814,0.5593382086238526,0.5709500164692395,1.9591945260761432,0.33962581365719874,2.475254778856687,-1.30807325702102,-0.2735684327420583,-0.10835315954893923,-0.15296272786778442,0.39989698435866033,-0.6793521760664676,2.938197289769,2.459496509620253,2.2082546907934777,1.5943298317401438,2.4318599938908747,0.7045860492314362,0.5099402052807165,2.797531197512838,1.4298973721851584,1.1148468941105918,1.480589870998599,1.5970991074818497,-0.21328998082480394,-1.0570438962972166,1.676153894113769,1.4905821195683073,-1.7626932167286664,-0.592798153728304,2.530029059016544,-0.6961742383019174,-1.1733912099502373,2.2259316549958856,1.8542180657140976,0.3440479463964401,-0.8540821893547141,2.6147508942288673,2.613443869423521,0.4804586096892393,-0.8545441624344693,-0.11002515315510271,-2.007605210913753,0.41595751388527447,2.4277955397159316,0.7080751234341963,-0.5996293372090903,2.5503377110329493,0.7330067469481824,0.6146025568121857,0.5894151915071536,0.9115075449381705,0.9430909021653565,0.6382141577142114,2.8315512232497664,0.949459401803869,-0.4655817709999371,-0.8028439610016379,0.11609841872665394,2.6436770697155034,1.4631216247801018,1.8176358749869037,-0.7197696957032196,2.027633862168936,2.2972193645243233,2.252963489096274,0.5568709495408615,1.12476959194492,0.5374068230943337,2.1625004014629554,1.5791207099007776,1.4925698963890603,1.495551940292537,-0.40568930801306713,-0.40275603201932225,0.36628736522315536,-0.1546317466896494,1.7801701606913458,1.8238824683077834,1.0935532257631948,0.8951092390616703,0.0316339239635155,0.8461417086118479,1.3629325557642724
2020-10-05,0.8185315765334085,0.2844928564448325,1.5278594859416572,2.7579107026012473,1.7368352853856082,0.679054823878532,1.0408441117507143,2.1147792742497202,1.743819033881089,1.9882720348556358,1.078050204040952,1.6970175504102196,0.476985348480463,-0.2899021524697793,-0.15201851371353023,0.9236429599613363,1.5989623920544944,-1.667669649692405,1.1948019823227716,-2.0456012000035053,1.9367947994282964,1.280919464092717,2.4741415526039896,-0.732580779896156,-1.0179579038628137,-1.0545631985042745,3.0379692251467385,-0.3672437233270852,-0.29345821858222554,0.8778785900452761,-0.21195835010483466,-0.5532920473151949,1.461211397533412,-0.764912213781759,1.0379219294538837,0.7225381055283336,-2.9532740583423256,1.5919428677707328,1.0642144913065632,1.687909513127643,1.2151886800029983,0.6599826206067991,1.2230006045464055,-0.7714366348028628,2.265624976802755,-0.47675153877471543,-0.37734658277812955,1.5148122210304036,-0.25269351999394934,-0.31731841183109,-0.9375917780516574,0.3664476256440726,0.555442891140723,1.0558251997165975,-0.5785000079612255,-0.6002631318111028,0.20636213751562563,1.0710000383118854,-1.3134513398697185,-0.9960392984350096,0.5177934474703493,0.14837611514477475,1.5139840001313398,0.6993271519225405,2.6050377006102066,-0.7646493357126759,2.5405982590398257,0.2615574727672713,-0.5868978305950554,0.18171605882288466,-0.9690591768234573,1.822599627002921,1.7072879723827754,2.0273451636302418,1.6148219027149087,1.2625891537878056,-0.4901985715316663,-0.06670992281982642,1.2244264866322365,2.0550505055386328,1.0108711727829716,0.9900010662198501,1.9607504310528232,-0.3608736182862834,-1.4305673946517898,0.8406886818193101,1.542422366343662,-1.445644824690804,-0.8051052080284754,3.0578721909281614,-0.9803114775494108,-1.6408077020112204,1.0545006552455505,0.8959880764025098,0.37344958384877586,-1.1698065219058145,2.3211079338752882,2.304917261892232,0.21400367854637373,-1.0765958438377135,-0.6239136939700378,-1.5427837479376665,0.6389023973215462,2.153455199342719,0.14338193519855721,1.2305879659591406,1.612876749296629,0.24131970445842782,2.3391371196504065,0.6281574194692184,1.3552569292679741,1.0188482654076823,0.43031619955156025,1.4594885222226532,2.6482798538384618,-1.4434160741665394,-1.2435039097916032,0.6482154368935096,1.8292149691657125,0.9949472806520929,1.1560556171522727,-1.601392396573962,1.6381470180682431,2.5231939358600086,1.6166202915103256,0.24687146957286205,1.018637073034607,0.21879143233784568,1.9101944526710346,1.0044831153323635,1.647184746665065,1.2447024616540245,-0.803794703453074,-0.15296671185798857,-0.12897833376475837,-0.9224801851606297,1.2048428620952363,1.6736273769837222,0.9732581304713678,0.29381459919191877,0.36761083809657324,1.3392719571735683,0.5780098968681364
2020-10-06,0.6919583576025846,0.5132366948973919,1.5915106162894148,2.308104517083164,1.3594398703105008,0.7458401620443965,1.148723420186954,2.147281557532236,1.8152408060678322,3.7190615175301986,1.2426618189493301,1.0080306478683057,0.6982299276523712,-0.3163146345259474,0.033342480685452286,1.022232372367672,1.7055569749482908,-1.4698552408899617,0.33329342346790947,-1.558580072110688,2.298015442471666,1.6262000325284394,3.4833409520244794,-1.8828551074695297,1.439872255150326,-1.4301504446218574,2.7366885602508293,-0.8387670029858451,-0.741260455002898,-0.07139172112742463,1.1236537203009134,1.720662984925455,1.3994539707345655,-0.9060564122330916,1.0955106667684105,0.48533127628054223,-2.3636240711888163,2.6502238441359602,0.3643500869942385,1.6269323868910202,1.3531705913349354,0.6268667909450493,1.1211214051810021,-0.6286671401903248,1.9407150088203584,-0.19479761696533895,-0.014045555108663604,1.0725745111074378,-0.05643142257276415,2.0397592212905415,-0.9330307689142207,0.7306899295807393,0.9888677647581277,1.310230258101217,-0.44765835617889366,-1.009335308217388,0.5499659740279235,1.7405346924583238,-1.4893435544744202,-0.7503925713054616,1.1031326298371207,0.3304627285984125,1.3258490732854546,0.9112735769176861,2.3009063302232566,-0.15888986889860673,3.5200799722249623,0.04482291549050404,0.7697996902326284,0.6615389592801524,-1.0627076587567914,1.4611064614549572,1.7485629633561846,2.045221960424465,1.3348788533723392,1.3441850559302049,-0.434601608771036,0.3117315240696039,2.584747000067497,2.1571832664856636,0.7987559042051731,0.7530032492585683,1.690917077491798,-0.420127707891398,-1.1687291250409726,0.3689066083293146,1.3797535383231623,-1.4900971240704135,0.06876064541951149,2.73149085320037,0.6249671917997283,-1.4519978825760287,1.2890345878067062,0.15424028901653147,0.6600910555576939,-0.9882089526645171,2.178106448038308,2.1613957541854165,-0.805755470637166,-0.825144514701314,-0.5550026558244752,-0.7887339907122469,1.3943566001704901,2.747912870062445,-0.07677324647765314,0.7089226466937635,1.6017346684168534,0.29428508565524586,2.5538291615915,0.6548940501474737,1.0669262554940384,1.3300586757920712,0.28278889530667906,1.662765760472899,2.798267737487632,-1.2907172882871456,0.41087170013723867,0.8074170527727919,1.5859691080145997,0.732182581065724,1.8456890173994418,-0.9265307595708604,1.8197808837115674,3.536503063067626,1.5792867847728753,0.34740963939513436,1.2820707947310592,0.8006788666664024,2.1780981538274506,0.7593878322970026,1.426766929400719,2.1845440553270863,0.6135715910183911,-0.013830071773760003,0.23015865360466986,0.32989781855120054,1.6983869842940933,1.1920020975072751,1.582564885597716,0.3775098820732209,0.7219364942406539,1.285902206525646,0.45244551356617024
2020-10-07,1.1623630113237984,0.1044738645174555,1.5702767412331424,2.233498374869965,1.0424413858000203,0.6494854666703964,0.8061198392326884,1.894367774022278,2.0058901990133347,3.1721584886047944,1.4863973626948637,0.45559467792385716,0.267716450231799,-0.653816056357571,-0.2233140658054712,0.7473737302860882,1.3897713346668004,-1.492452152277422,-0.07105152313214687,-1.5026927142072344,2.310314816469553,1.351052368448491,2.693935176253061,-2.031467569789262,1.3208910511671401,-1.2051186899687314,1.7272060948673855,-0.7855767151686757,-0.9522818304400713,-0.09119569539509632,1.086813943299025,1.920936627956477,1.3433486945132427,1.0649541158964815,0.9000919402599913,0.010443602169032382,-1.8488609872689046,2.6181505346337874,-0.1497904409299316,1.465406241095147,1.4187249715465005,0.5394346552206998,0.4609101550542396,0.49900491545119824,1.5075163988332863,-0.561991990733765,-0.09484055154814315,1.5653039992802429,-0.37065848335262036,1.6195476270818039,-1.4836883687313582,0.7442857291517636,1.3621540005098514,1.1954569188225772,-0.5370014262111525,-1.8142406654157273,0.8859115012533229,1.9535181241185453,-1.3569849751466003,-0.7009290523088975,1.8128252472339559,0.23747308741810375,0.5750859949313764,1.3744140183665212,1.9293675220950357,-0.9748357113984468,2.8817549931791056,-0.22176338726817238,1.4663701483846223,0.28414697285636614,-0.9261061938829176,1.1259725742068065,1.967404338419944,1.89788793070026,1.2915196365812533,1.0093726774132392,-0.9672198544728401,0.4931073171545063,2.697177906686438,2.0185236080505313,0.3663385795558279,2.0852561692303215,1.1415527002034185,0.026993633533186564,-0.9698836661302602,0.3674596793862577,1.1756391230692218,-1.3157589826786704,-0.5836869313546675,2.1931458909534864,0.87761884469741,-0.969051352581802,1.6558258257334526,0.06136141318088485,1.5550746050005437,-1.1905570897413051,1.6032418103454318,1.6103337764534316,0.6371084270186199,-1.141128087104607,-0.7937173051968848,-0.7453976700058789,1.4517192188412582,2.134499627413717,0.6504311183250234,-0.17776613070617525,1.141647918475385,0.2458075649476924,2.380259941656653,1.251264008619381,0.6917477704578493,1.3000861821319243,0.4114233711386077,1.4335968104725838,1.7738788708073578,-1.0184607672590273,1.5150724327979843,3.5454825640221146,1.5909418612149069,0.6745174394418871,1.6943034037508828,-0.9599060939200903,1.6160025725623963,2.465326744271684,1.6988229921086064,-0.027676947873037584,1.402537289275107,1.1800949980860957,1.9232099244142375,0.7769355548724074,1.0961511944298719,1.7428640135534252,1.001349674160573,0.00481659519646577,0.2794645587069904,0.7584410089628407,1.407912160242221,1.0260731007847013,2.3874561112189587,0.12039662399374754,0.448570957529423,1.5634456689962513,0.7251888902789181
2020-10-08,0.5364752640105128,-0.7717800912746803,1.2467146518262757,2.1229686804814616,0.7577952777574015,0.4120455739693812,0.5133113370281842,1.4812595693942248,1.3336506056114947,2.350329861297493,1.6029782497859888,0.21614216222476454,-0.5075322982895993,1.5438760478338387,-0.7787614777332856,0.27772070474502636,-0.050623892460168046,-1.4846029210117986,-1.5696581047123273,-1.2837804077034425,1.5274203688624601,1.1331511994005408,2.0500109933048685,-2.4226827350715663,0.07722219306414603,-1.2860505601503909,0.8046909603427046,-1.0154215642818147,0.07766691915728757,-0.9310459290300861,1.2637001413257385,0.7256269210231086,1.0841142236310426,2.1425273441876653,0.9490769233126677,-0.6705703872974227,-1.5316328138714959,2.1145587460267903,-0.025800192710667164,1.1993356089371505,0.6656362525640068,0.40871321613918604,-0.2395369836605321,-0.10153084487331582,1.0520752960860125,-1.1501103120607101,-0.4369314089859498,2.211299868490646,-0.8506435886672319,-0.8327954810306757,-0.7783200554666523,0.3754466986735779,1.039222980573382,0.8363363565952585,-0.9517742878418015,-2.0529985833247175,2.1808269422475806,1.9978580915554858,-1.3734647438768397,-0.9424637553043705,2.0207669241143926,-0.1669732645908548,-0.12803709317761197,1.0413282032349902,1.0556852120100209,-1.0827941548654834,1.8529654716191004,-0.7350871788844668,0.869727509678982,0.7665985843683881,-0.841480778233219,0.07636715142547726,1.8551502943217497,1.816620539935923,0.8929413550294707,2.385202885556714,-1.5148942859815715,-0.24363615317420576,1.958162628345847,1.06752724944029,0.09117911059350745,1.9451535064688807,0.6973335171130214,-0.3526563688973834,-1.1988719993004977,0.5776483689735192,1.2353038564820318,-1.5846709295019243,-1.1677309806909835,2.2921537634291234,-0.6583274949419491,-0.6839750308326852,1.2445225651946092,-0.04908691175209405,1.750092098533707,-1.1365569582260038,1.753499908748794,1.7483446358778725,3.1094933448938535,-0.8761359202880649,-0.2539043651377069,-0.3427964364703603,0.9183373941686804,1.5022307202031009,0.08203626458359796,-1.0987132462299973,0.8548912027931804,0.8182954435621856,1.8389565573707574,-1.111722168386935,0.22886176755643908,1.2274867253656025,-0.4872134733435264,1.2610138456838733,0.46139351631017406,-1.0548756128623493,0.46434036884728574,2.2397084076102876,1.1350790895275054,0.6637933830930213,3.1833244838861496,-1.1977456169717762,1.4879359375362247,1.8051583480743096,1.4484387028182444,-0.2838135827495466,1.7299811589299698,1.3311423478336029,1.1075453019693677,0.6393054659660595,1.7627718674249746,1.2363252599753594,-0.4181923551803446,-0.5480563983810067,-0.11191370250372722,-0.8158638930232187,1.1487039052251433,1.342838754007918,2.3405075963996613,0.9980556521707016,0.18645465808198677,1.7502945763374083,0.7882846825965555
2020-10-09,0.7372875907639369,0.7731056673924899,2.0695307553254185,1.8906406393144712,0.48791649839498125,1.0274020364574394,0.33101909207405994,1.1869781833834336,1.6468236476987448,2.509193682376988,2.182246952353757,0.04428690260306188,-0.02868429621144193,1.7593195408434426,-0.21425027686646364,0.7635482497977409,0.2853846769958775,-1.26381409081561,-1.4996563186307488,-0.764413864625739,1.1524544274606348,1.6940912888363018,1.788242601192173,-2.277916699615653,-0.056490273366847435,-1.359825596455303,1.0079582723368856,-1.2426708900623502,1.1065152332399322,-0.33978474166705847,0.8626214135597411,1.8583680689004693,0.9556248158424304,2.3385254323270313,0.7053061784063435,-0.16357830142934296,-1.2297335315039575,2.026781355366521,-0.30051687654440956,1.14420773535602,3.0661936817782496,0.29534384401617303,0.20386712830434559,0.4642641494505706,1.6609806748895537,-0.8995365125952085,-0.35848700057613936,0.9832306490027355,-0.8353450534368607,-0.006117166333184277,-0.08429123293556122,2.2630894331910367,2.064701197965166,0.8093571128423253,-0.47499095846617684,-1.415009162813584,2.3065572992541146,1.9891677553203244,-1.246933600736595,-0.5726699939913947,1.240430635283775,0.14336900496071409,-0.6392613792350165,0.5467277651136281,1.528870233738134,-0.829069182917593,2.141568948538901,0.006953080585054945,1.4148451035483476,0.515616179281976,-0.7142627613231296,0.11332478959142839,1.6538087352303668,1.8862559511369754,1.4203870483133714,2.2747830216767184,0.22308194859579847,-0.14643168116800911,1.7230867563322365,1.9450736250454033,-0.1656038266523759,1.5276178675437961,0.6695187597218599,-0.19903596174000876,-1.074978001497123,1.0664421948941112,1.5405141281765646,-0.4648544399291729,-1.233403166038087,1.9219893757002051,-1.613011462536082,-0.5239056562292492,1.8033989493941058,0.19748046413385228,1.6153197736567688,-0.7801770197109579,1.5014281442026434,1.493146463560725,2.6896141600116,0.7670682995007653,0.9320875520721082,0.14680949337964316,1.7146592318558835,1.3636491434647253,1.9851655180979735,-0.5647457867898207,0.692074573191729,-0.40504964077803507,1.661701145892858,-0.3132525201335429,0.5142927448533668,1.1055623958040546,-0.16905256329928586,1.77867526704827,-0.21925028301370442,-0.05357198884069152,-0.23878653950325837,2.0017070633071112,1.5638774881508848,0.44895978831391226,2.166722285230987,-1.2953030761466742,1.4134990655457622,1.5974680677476596,1.5365168494147632,0.029628675262930986,1.6936849310516897,2.0283650235277007,1.1240429969653698,0.43988921535491904,1.308944628089787,1.5318777468870228,1.3221548274769266,-0.4764184439890959,0.8733234691298178,-0.02057449769020499,1.7838345469527404,1.4072980848351169,2.4177633531932106,1.089653681763565,0.3974604052563355,2.1583839204730313,0.631795937607133
2020-10-12,2.807448902601673,0.9348050216467801,2.9202369908806816,1.9575952901582356,0.8242312030405081,1.2469910895158605,0.2606138103037283,0.9510633155652908,1.4750043738755805,2.2968924699144915,2.1535022581211045,0.12988484874161704,0.5765643780542485,1.744709332573402,0.4371891954646996,0.9429111590933655,0.7819930769153468,-1.1924064781952055,-0.3887522757000276,-0.021998482491762356,1.268043812051449,1.6701312194671667,1.5684726319514974,-1.3320190441389377,0.7920827074586515,-0.8943701304426249,0.6503585416589268,-1.1444200360430263,1.2357573723007964,3.1564046230269165,1.7581951145603516,1.823342770096289,0.7304051646965387,2.014611011291955,0.8155234126095866,-0.0009879805422155967,-1.0084626778450012,1.826269274301718,0.04185820789329093,1.126746767693389,2.354016798461329,0.21485242095243706,0.3214831811429169,1.7370072046145484,1.6540012935439676,0.35858058583978764,1.2561507490071746,1.187136999539279,-0.6706403233730972,0.18817334142971792,0.2649622240928621,1.7011439937775883,1.518246843830079,0.34928229408736033,-0.11157427264491462,-0.8420455991659967,2.3099109468251378,1.7506700137604942,-1.0582469125788618,-0.3635483042291553,0.6532544175145911,0.6806983838344629,-0.31528094842310395,0.2523271892399378,1.505080661612081,-0.34176639029088757,1.913950953823023,0.3755116750771484,1.4035007768908672,0.5810873275407087,-0.3060660617242486,0.5568898571062718,1.6071138069922433,1.6760436931124236,1.3390986604790749,1.4541582853199473,0.44344974531377773,2.017484134453926,1.8864490721020297,1.9908751874644406,-0.6069883052151529,1.1624752044972633,0.5466417025176057,0.7262719753248977,-0.5776006033268399,1.2377056634045436,1.6513619701721622,-0.09245621818157285,-1.0651996626672982,1.751980642203308,-1.648858566271064,0.06741427904660659,2.7824512231951166,0.1948600231458638,3.08100233208572,-0.9090445829321421,1.9208686333545217,1.9197265350189086,1.9914700237670313,-0.060698773386872636,0.9588807200125298,-0.9080219665871476,1.007174426659943,1.8363874958760074,2.7792829010914324,1.61606662870223,1.5067765964428446,-0.6117713834340307,2.2721660002234034,0.4797794673938888,0.6342197517174619,1.8807942974974166,0.12128344601609933,1.7345987749324112,0.7998042231409624,0.8904590434891106,0.42882291044969084,1.846218683539703,1.5091653954132116,0.3335683114871249,1.9924950820960892,1.6176781919217267,1.2355786958840882,1.912959596408469,1.329000948400356,-0.11143129887881228,1.6432377531190308,1.9298808139728292,1.023198024825453,0.38805189731906914,1.146977351690235,1.7542221829632847,2.311958455228048,0.979606797677212,1.0697662506173875,0.3357327542999346,1.4842514864220244,1.261947828739261,2.2968029635092178,0.7645360672543684,0.988116569190571,2.8831144991034034,0.8320141947439484
2020-10-13,2.159576780414981,0.7324337320928155,2.3378840382646318,1.2795817028306764,2.114890612286159,0.7729611328179804,-0.01842903966813929,0.8980607014579117,0.4176446591227716,2.028202056116541,1.5133502796981864,-0.20094824929881105,-0.38753450970749487,-0.13922447996957985,-0.7696085843104618,0.37132476866560643,1.1185985680983204,-1.1930933616889674,-0.056387537532992145,0.5571852852285919,0.886120132180892,0.8511319115236243,1.2403297113409526,-1.5913539023221637,1.5505423387285415,-1.2838600682150019,0.3574109360735831,-0.6707758956978741,0.40994062827423083,1.5829754803268699,2.7773311264623874,1.6398043147278971,0.6333242138199935,2.096617208909887,0.567698622059931,-0.24699802037587648,-0.9539060278613227,1.6525039502197938,-0.5280320913265908,1.0713817599875113,2.458175266314617,-0.024560449453609915,-0.28160261893891814,0.7129062334248044,1.3281846806145234,-0.17222111460987372,1.9705410550171512,1.2881746765068243,0.21828211064783629,-0.13645437936229712,-0.7645154712050264,1.6085328638709129,1.9516605879951032,0.4003545665256317,-0.003742761168104864,-1.238402348382789,1.65893143701817,1.8376807600869673,-0.750418148856532,-1.7614544100769496,0.37697672267343174,0.3365991748558799,-1.072811590676415,-0.05707271316893907,1.1306304874592,1.522171900281301,1.6348597506121643,-0.2954645704247392,0.7330696446150947,0.06826487104545252,0.0,-0.6305393693806118,1.8744625534027628,1.6525474742267245,1.4622760984172998,0.852098472255798,-0.7929566249237069,1.8957802905871999,1.2190249975723053,2.154439279139948,-1.35216786380787,0.9183694547027632,-0.12435648243056154,0.2437760867342343,-0.6844758363685304,0.7554438722999883,1.4541405179889448,-0.6214173420943803,1.1816531512156876,1.2373625106656418,-1.8134583640203565,-0.7130466087747113,2.537515509681657,-0.08857401964118154,2.6649210369438943,-1.4152441839982208,1.7663320003424088,1.770544575900186,2.693980019545458,1.6198146876651731,1.9852449815492457,-1.2351295512522573,-0.04732894504937684,2.327492701891906,2.047969721602221,2.2774031162005257,2.11494914912968,2.733325291343722,2.0961870063204877,1.3984580514433471,0.8044109610844674,1.940037945954497,-0.840288636439655,1.7229411814226547,-0.08595197954448057,1.0958667179306023,-0.0869160218591129,1.1788872938051962,1.3095304438558344,0.10728387632408284,2.8303718901394417,2.4054338685668895,1.1554247714244,2.4807732703761007,1.2946492560964298,-0.4043971191075514,1.6772183353882497,1.1602645560760378,0.740579417935467,0.2620952252401643,2.0879350503733067,2.104900549916619,2.0336279655691514,0.5266002411136141,0.8352280118614254,-0.4121033650061714,0.9173339822554438,1.2802681525087827,2.6146718816022707,-0.6660084014666101,1.3379931031447239,2.590988538864224,0.4604701307221389
2020-10-14,2.1960212058162143,0.42531158475820846,1.974853532779998,1.2707766288601652,1.9813613836815365,0.8931076317193193,0.533727504244764,1.0779045617315461,0.5944925690821076,1.7822402807849302,2.596898615860378,-0.3524372414273481,0.15233031633834568,0.02028246698911116,-0.1724232117063763,0.5649010899763859,1.3706057764617037,-0.7929951907516776,0.906469697764726,1.7403139789813198,0.8896840945618669,1.3613989782497662,1.1511294911828147,-1.6226618183356107,2.572216397956922,-1.3170342673781252,1.2488838855447133,-0.638575005065375,0.3890339484711639,1.2125742128914805,2.4625192733290526,1.1820721078860674,0.5334774055406909,2.376069346575058,0.4225308177309415,-0.4004880660103644,-0.8111038717264308,1.5040693632394706,-0.49760135860951915,1.3303622386636638,1.9937801971901985,-0.15591081669800352,0.3435186009438544,-0.010011999234888467,1.5409463599225313,0.9452924544121792,1.9073705484200718,1.3018407769553448,2.709313214788818,-0.11808834961463609,-1.2976442735948561,1.7435674179643186,1.7176341597111144,0.2264930317221527,1.192926607599345,-0.6146364110074811,2.1277254696072623,1.6763490519190782,-0.5043217101635785,-0.9669578346068386,0.3617903338490788,0.8319034694902038,-1.1728892005732314,-0.41455081286264917,1.0573349241856758,2.452706838127848,1.408740637204557,-0.18413756769820597,0.7206903710525578,-0.41986864567990734,0.356764864804133,-0.03791035050560609,1.6839016215459457,1.5975091194259332,1.5232548068136413,0.6694847493577674,-0.6739422186222559,1.7086764403276453,1.2151563754692458,1.8848024534819363,-2.0684607676145523,0.8979962010095403,-0.3729870257601649,0.14118916201637874,-0.46823279243075194,1.505920534584322,1.565332007252193,1.1076000572014941,2.6928814281619835,0.9252365046909228,-1.7006235472829903,-0.9458803519976509,2.079006917681075,-0.09317700540192432,1.964142762469309,-0.24749861648160004,1.4590512182762545,1.457356564687553,2.8660729865493333,2.720351936818678,1.9484813989977234,2.23206616837361,0.14708398524244284,1.9042652721257642,2.0981199750240336,2.931941797691247,1.8040576467787677,2.743448791985959,1.8651383247753432,2.1597617898991306,0.2758974843637782,1.5890429664709524,-0.8222102376130702,2.2449549592275404,1.0266590549076484,1.7511954411276143,0.06558241825468059,1.3922114884268042,1.3415726856934596,0.466419503571307,2.382335662246511,2.0088326249440747,1.1146301851677103,2.236963382740732,1.3042494821502884,-0.8921548975336111,1.6889105593795322,1.1928947347815573,0.5147528264887176,0.41116932625863406,1.7196369076808349,2.1917088870353205,2.1845377475214063,1.0330813605689528,0.8553365379576836,-0.2681652400069858,1.103148508634664,1.3576758276746608,2.331289022556033,-0.8489531495308761,1.0800660950117549,2.024095650981636,0.5794008144773272
2020-10-15,1.7236523183666503,0.5857754985888913,2.032261444844669,1.3621706839946446,1.7264527571544193,0.6055313771810054,-0.5126166889911352,0.9516839429323791,0.5841534966604617,1.3236563817641747,2.3455060010850763,-0.26016829432967065,0.7695858130025578,0.39004161697376577,0.780758480856881,1.2346089352067597,0.9654875745006064,-0.7812442068783494,0.8305344371854565,1.9689743841700562,0.9921791028247986,1.8143711365431086,1.221789480706,-1.2963112824941376,2.2962644461345234,-1.3827352385090477,1.296812332423476,-0.7187237590458665,0.6059710743537812,0.7541445915072773,1.7782128845479954,1.240242464465834,0.37233056861370134,1.918458862581352,0.04813739511702923,-1.3811207828127163,-0.7584926509486731,1.6023855691154463,-0.9026954312891944,1.0667923607136596,2.0238760913934617,-0.4254140210596937,3.4063224963499046,-0.7259086234047049,1.5680200645301379,1.7141388471054526,1.7488896120419337,1.0568767589689185,2.6852171868620225,-0.6755754024142758,-1.1647846429205588,2.0375981733192208,1.4702442063357795,-0.5230780765292365,2.6734655784828845,-0.7507396882679902,1.9879760727730171,1.1774473101557943,-0.7615134707780187,-0.6975606506552897,0.5578075127225902,1.8460729053719689,-0.7966910920739405,1.2738702834544755,1.6240604726740524,2.187555351232428,1.0513139539736538,0.779854714186409,0.648015753083693,-1.9298496738756417,0.09722977242184344,-0.08167954209762754,1.1652713130573327,1.4285243270229664,2.4938743762870677,0.4975499502281254,1.0988836486093188,1.3783521741075462,0.903112521086376,1.1853314607043033,-1.8945180960877848,0.6206621621696249,-0.9334046883728361,-0.4653662964943054,-0.10456061797138151,2.076137930582011,1.6011980658390403,0.8571945829197963,2.8084969053828868,0.7005560589338812,-1.2491336215009967,-0.8042225848873098,1.2426963645608708,-0.5093519893760811,1.5692951275985618,-0.07482666362326135,0.9395560155994305,0.9416843888315489,2.302236880453583,0.7806183241738427,1.0108021744286038,2.827379844182553,-0.44226908545251253,1.5473344078205065,1.947541372970185,2.277509261281413,1.43657781970674,2.2548265787986215,1.2924024765488933,1.9596319652205356,0.2651110737895809,1.0249337358839978,-1.2248152582082825,1.665851210442289,1.1888279126416026,1.7961722754240719,-0.27983809827773254,1.5500889229249417,1.422438340780612,0.384890046557063,2.20107388218348,2.707501254379678,0.9013617074459511,1.784549710573178,1.069340356927869,-1.5444830573096702,1.44372482027956,1.1546319308393225,0.3092703402604807,0.21384075249477166,1.120713799568372,1.662363570337128,2.273312478800829,1.1400012599314577,1.0755159190755,-0.5843862954443285,1.0515159576891724,1.1318744483628036,1.7304034648511755,-2.037246212041966,0.6412063156527209,1.7381557035473187,0.49566834494741685
2020-10-16,1.1095931772224052,-0.13493850423710074,3.145346817643785,0.6353651148053262,2.246215918467008,0.18895678041767375,-0.33341775561302023,0.48137743874547684,0.3416192669367771,1.2274819893704008,2.148741185540254,0.011561828648303182,1.5128713834744523,-0.39786696987892456,1.3987372934644084,2.300432904881983,0.7999966899479968,-0.6407786964440174,1.414008792090939,1.7470878231788647,1.0086937934030054,1.3551304586634425,1.2049002675431042,-0.9915394227275715,1.4169103085211214,-1.4480719459442362,1.2560536713078456,-0.47408281120332685,0.6125954945283524,1.8298928390432103,2.0032486254032857,1.9107582763950264,0.03432049702176492,1.5874071442180528,-0.7275487405397463,-1.5212736657032384,-0.7583901785154936,1.3788184597071331,-1.2593078074739605,0.9581361811217659,1.3235065028129624,-0.9974256627599463,0.9870349399228726,-0.27388678506468284,1.4191259876113012,1.8930469728302335,1.5217351422763075,0.9927078176560751,2.3450141947895853,0.40605198344483373,-1.2908743585048825,1.3643210029138484,2.2368581330992114,-0.15239007134325597,2.4086340292588835,-0.8089623132416632,1.5849054282571422,0.974541287828744,-0.8342439963178317,-1.454371743953796,1.1805941797139314,2.26846677806322,-1.2892963942082654,1.255809622036793,1.4000158946359433,1.8863286582521117,1.047600867705316,1.4170804629654692,0.5003238529112239,-1.988495194662657,0.08682813259983106,-0.2706067329334605,0.9214627785353222,1.300403404643331,2.1546328496194684,-0.5237711509773355,1.4208336196959133,3.2027698644505356,0.7804471781100241,1.3687266121099662,-1.6770947065243385,1.0425430164501737,-1.1194063442303104,0.8376285132795183,0.058128120810986915,1.0091906593133972,1.6858941777644136,3.4036761082471254,2.2338995458613473,0.6555621485889065,-1.3853542493617215,-0.34977791314295165,0.9386185915653082,-0.3729593157925088,1.3056342647062624,-1.1156517606041927,0.8348642537753627,0.8425946948552631,1.878042314283883,0.688565923401887,1.3427622626757982,2.0997464740361003,-0.202276842137325,1.3741162536114664,1.7208547874610367,1.3635565613206926,1.317809600514202,1.1734476995103924,1.1171562823519356,1.4452279827176349,1.2491479721711267,0.9689663119860774,-0.9303882999016533,1.0604698976097227,2.0976944364614503,1.3509489374038874,0.48692727328069846,0.9240936563598547,1.1787692707718092,0.02199066284894854,1.969496273941817,2.7748146365522213,0.781898807708456,1.4002385821726668,0.8118214014332921,-1.6594294934018776,1.489706913862298,0.8444548395864421,0.855723514156712,-0.04185694511084052,0.9173406246067438,1.6530326958417458,2.0742109585119883,0.6714862664498448,0.7707693825750185,-0.9530013616371295,0.7423706845082445,0.9457144390526316,1.5497758970340436,-1.8720431139552538,0.3133231441360878,1.5520370239689096,0.009385413302200546
2020-10-19,1.533287118887682,-1.2881426199872081,2.126775107297226,1.3574917076395765,1.6895682366824116,-0.8922691034293043,-1.805130793935113,0.813459955000106,0.39720659468965663,1.208872100214545,1.767321866155679,-0.6883252500738448,2.1449951041116693,1.4084679012027992,2.5618125411092407,2.24837442040847,1.217110677547762,-0.4636800448236818,0.9566552240001819,1.108633269000922,0.5703224847640205,0.8939572136300128,0.8981483496775132,-1.324391370773355,1.0967747727066335,-1.343651433372257,0.9470366404305639,-0.9234158905798515,-0.9967919062061938,1.4299332552144657,1.917665368698458,1.9510642671622054,-0.21043299364915907,1.9105332738491414,-1.3057756994069967,-1.5979143693069804,-0.6593117534088414,1.4925371563076733,-0.5903817830229793,0.8716723708935865,1.0949049091999585,-1.69897903473019,1.447479011970355,-1.0823177579071717,1.1313328486785326,1.5708108448565539,0.6379093322214439,0.8026443490073493,2.105216096734817,-1.5879019417934197,-1.543782320121422,1.199092590117514,1.90256230649061,0.4992409317590261,2.1946118504324947,-0.7913261868937962,2.1475015653862863,0.7834564122578882,-1.2406778290850802,-2.2455455944595832,1.6889296495481632,2.0435307373641645,-0.9806913061818762,0.42920243384007756,1.1572533666802507,1.354541704812078,0.8316663690748156,2.9166973844242907,1.013942491557146,-1.2547864653486092,0.1792948170214684,-0.7237893453969096,0.6716211610078373,1.170416057194049,2.0305749236657578,-0.8242584431549002,2.394779392667441,2.302594455733334,0.40485284301232877,1.8817664841655364,0.5026154241738666,0.2892227042875238,-0.03163095168951253,2.2716800960144474,-0.21222952379372917,-0.24417855055499804,1.4807020062178722,2.755992232891749,1.1724645641486882,0.44377033084879985,-1.493817486955086,-0.6796111228961074,0.7206105457248776,-0.3463775189108683,1.114357915476391,-1.9715724826634384,1.1935828633291892,1.196204306284198,1.3470309686477033,0.47888372897579545,1.018738945440967,1.242291203997159,-0.32349312751736264,1.1027742204189985,1.4480934679104398,1.2565220135792314,1.674409313140396,1.6919441487938154,1.1404965387023234,1.6282357572532997,1.9158079915955446,1.0270851653258402,0.2894200458455413,0.8512744266459266,2.065094031096041,-0.19347483229429105,1.6817726219486024,0.8197555579469363,0.7060417056768542,-0.8511043018476704,1.6602558512194563,1.9632094637097537,0.983257441629846,1.51111548265072,0.5338927705837803,-1.2082862046804552,1.3529028018609004,1.0826036860510697,1.9228374243979702,-0.3452702634195388,0.831870813257664,2.1077363271591296,1.8056128708173569,2.1008294174987983,0.6817966075881635,-1.4394947608231758,0.4019254739698952,0.7912837006920108,1.0416858395775315,-1.7291954278976402,0.18414930053904974,1.675435538469971,-0.9544433125564331
2020-10-20,2.9630433750892733,-0.8521368884657385,1.7316159984537114,0.7294938461660363,1.27503633736248,-0.916258638960743,-1.252794175633923,1.434399695786025,0.07572454775513418,1.2804481378259764,1.552479765177037,-0.486393822607921,2.485916031864693,0.4070412102624419,1.5358564205323024,1.672697070552701,1.099488376038942,0.6961346681121857,1.2297592651382043,1.8632233674928647,0.41237091603081816,0.7933156856108615,1.109291497048011,-1.8253729205579277,1.160468524995253,-0.9730951476971529,0.8650646717893051,-0.49214067675993073,-1.0408169858566925,1.2967611677754383,1.1863920243059902,1.6402063162831777,0.019057504438516806,1.5508902495824561,-0.9297517153053456,-1.3206425871060055,-0.5325763952359006,1.184793901995613,-0.8671374654433028,0.8604195687723065,2.6344955848080684,-1.3887540525564042,0.8326154458382602,0.5137116984224563,1.2542135933876133,1.6106080533383973,0.5074354771508766,1.5677898810931312,1.910951375054336,-1.0799780876546248,1.1340161931003354,1.479987239825087,1.3989253144363394,0.6985984610992159,1.8485152967576712,-1.0421396860271916,1.7758314000559396,0.7540216647594027,-1.4443155217883954,-1.8608750051187684,2.1335299876290366,2.1278314663530056,-0.913242838819056,0.1492048044262486,1.1264033899289625,1.1878771463742557,0.7525593753597817,3.456042516264878,0.8056986259596736,-0.4342882313330957,-0.008501871591915088,-0.07669237656816688,0.575655405137458,1.2190370114679911,2.220133547646675,-0.705143343444441,2.3190154662777154,1.9403054595928786,0.12842748638410328,1.8933034777375386,0.9651007592468339,0.42304516318598784,1.010085087096811,2.214533466080975,-0.5646818338931663,0.5791131635312577,1.2452582112370394,2.3435767060525152,0.48464537396760127,0.37389431751231683,-1.302486417942895,-0.39322843677588304,1.0489260508131675,-0.448606644236796,1.234317362333014,-2.21687026641895,0.8609555622097506,0.8509143955551018,1.135286766357913,0.40742352060588344,0.8653107949161514,0.8653226698767982,-1.0296874485186718,0.907922510195762,1.5909766331833823,1.5801450907178933,2.043179225988137,1.1403439322273812,1.1369767719004884,1.3032457628592782,2.141769624270602,0.6589973584227465,0.3405994075257433,0.7192373854351761,2.491321340749815,-0.9632450786305734,2.3473620389441283,0.8551853589089167,0.6125058925356528,-0.14098878678599244,1.6023518955063754,1.5650492888761407,0.7484104543912655,1.351067139633468,0.5632055236243317,-0.14715962550138645,1.380955340212575,0.9639070833309763,2.4245154608980726,-1.171338873965635,0.39157179472136006,1.4976712745608125,1.51639474693741,1.735025575592832,-0.1823612020791165,-1.8207875954075716,0.5709362736708814,0.5611429372101693,1.1586363693588135,-1.436747958731682,0.10338295232439695,1.582558676653501,-0.9536191367849598
2020-10-21,1.847931785728698,-0.48744271499719627,1.4931790398280178,0.9752953097890424,0.7749675340261294,-0.31405956448089184,-1.2501627672437787,1.2463230678295376,0.295426196752913,1.1414977300607392,1.2802060737994245,-0.5195322848121171,3.4304703401615346,-0.1621316607090727,1.6621908524406916,1.6339742885428488,1.2030582789450743,2.138024316278419,2.8269428525469156,1.878990227263521,0.6547548398180476,0.6405696502174792,1.0687609786039038,-0.9781527638763022,1.5529098347818269,-1.216614741774775,0.5541041850571257,0.11663672408562988,-1.4977853817317592,3.188091933095142,1.3332277548462348,2.0508109938902015,0.21187844820180904,1.2455821416931068,0.33504775858003477,-1.713909971149875,-0.004792816777250183,0.9970694444615489,-1.114496933240635,0.8709029352467075,2.043611771198061,-1.3073986571768963,0.766424750293578,0.9311626830583407,1.653501891216463,2.977460226918585,0.4341633456295831,1.1739654555156278,2.1894089812206086,-1.2734945391921801,0.6373449856225469,2.2939426559282867,1.3465994370619685,0.3312213860700209,1.483952610467449,-0.6736064534724767,1.5409742452263062,0.72273305857657,-1.1532602837109784,-1.916029268096534,2.2796660319037856,2.554457374424068,-0.31678196222788957,3.5860501157723217,1.487725372594641,0.716255265376262,0.8151879186406342,3.4272879547329076,2.7177360456849593,-1.4135427485794008,0.7301287878454368,-0.7818250856046366,0.5661401809213222,1.0908804419908948,1.7159480969865384,-0.9871519699752185,2.5057194864035703,2.311359796206263,0.7407259612071805,1.624769355162071,0.9136092248616419,0.2711221478033071,1.4805456567259008,2.1091448881464405,-0.9732635967325987,0.7741619661372627,1.2544360086501365,1.3328693726933354,-0.0009190222037376155,0.3471550795838119,-1.0725809269001212,-0.2927309394441706,0.6943490535910349,0.5366287379761663,1.0215475442013644,-1.2937831654049,2.6543127143041576,2.656674019781629,1.0637889677495556,0.6200935709307098,0.6981820640303771,0.859866445999166,-0.8730792063182607,0.919371309408619,1.042826278744808,1.933881678020854,2.126463317241121,0.8587922702165097,1.94556903747025,0.7060711351979089,2.2941064536554525,0.6560974203136943,-0.22871857986132182,1.1229034144082732,2.818929502769686,-0.7843347815100961,2.8356744132115494,0.5789559757687557,0.2970485430745273,3.181926732657605,1.265335167402851,1.3942862737631687,0.7413487151197254,1.0592997156546804,0.8746597425533471,-0.37149895210678474,1.5813938023585055,0.9303405965310924,2.1383943244326375,-1.3402381524033329,0.09815439174763825,1.156937895524501,1.2634574517752613,1.6989836028283871,-0.5228413761612407,-0.3406733309752012,1.8468136409882774,0.9821744944513454,1.107841400827695,-1.3935802777656037,0.36328470344629055,1.482891001687351,-1.3045677937602067
2020-10-22,1.3556132525489966,-1.6055547546189401,1.3757516308499098,1.7540806047592246,1.4789288505601312,-0.6993108610359247,-1.1557943834580349,0.8968295608981763,-0.4001610025588363,0.8663149853468305,1.046284576308242,-0.7204378678484088,3.0688361853146224,-0.8570608135622182,1.642719218781055,1.8746675019157304,0.08765299568822768,2.0873590673546314,2.910498873258693,1.3112437238776145,0.30079603661752063,0.35488246964244513,0.7359779079135592,-1.3112962692495267,1.520769414380279,-0.6657978797363575,0.316701027605777,0.8380216749560004,-1.7024817620383137,2.93247174288116,0.7179015814635626,1.6260087201485485,-0.4827591256148851,1.0817867996778434,0.5334386539698022,-1.9429881022791011,0.348053143119481,0.8934046722572265,-1.0318458390606822,0.7778378491055808,1.5775786374360041,-1.5440217687000013,0.2637901973585567,-0.1976083537566319,0.8477134281198402,2.7508094142853796,0.7231610779315617,1.041569541778306,1.1111871872933234,-1.9814579704571693,2.2867518121947374,1.746823705491159,0.7827412152613351,1.1700615439800492,1.9565669362646572,-1.644108489138881,0.9814696307843896,0.7266713437434019,-0.3219989035177991,-2.311646906249184,1.4447398860471838,2.562200776687262,-0.7674580474246931,3.242284841496212,1.5793381392635513,0.9377232443930544,1.103023060230748,2.809525065187462,1.9469380945114836,-1.4863138161362386,2.7602467844385012,-0.1270739476298973,0.11497779937374009,0.6606998900526425,1.4556037194685798,-1.2751426844800473,2.4782544540969775,2.118759972163972,0.389460400044711,1.6138967110266023,0.8664543111820937,0.1569037448681438,0.860064376872461,1.993418067665171,-0.44454761745334553,1.1438236319508053,1.175895160756013,1.3506379873588827,0.09318220265651646,0.15341629852818456,-0.9851025223290713,-0.3076458179052985,0.6457151972840123,0.6555937596592291,0.9018896200048105,-1.550750912717053,1.6146772153482911,1.619553935331463,0.7917145911354898,1.0015474262854638,2.255660213518423,0.8293095586289493,-0.07580828696015539,0.672174097804018,0.5962138620667858,2.1975189901150363,1.7068609308877927,0.492715797450664,1.1840880504249887,2.1002354656301128,2.245674350748337,0.6944321969051281,1.167354170869117,0.5131985800024002,2.6210300460385927,-1.4749868878718715,2.4526716892636773,0.3309181548623472,0.183275179216625,2.213216261575143,1.0527040667080543,1.0756271696818789,0.5925992221602546,0.8759704940724273,0.3858510153014086,-0.4816979296747348,1.8251994012898172,1.0207151197178104,2.0054887303596214,-1.6285215729335456,-0.2829246042972323,0.7115698981614048,1.0244722057994817,1.9624329596162358,-0.5082753097850448,0.09421748764037408,2.250758036661653,1.8070184213662088,0.9507213127080415,0.27490869267887547,0.43712688986990683,1.3221554900231394,-1.3689872028291439
2020-10-23,0.13224952774970333,-3.42406746740262,1.0391299670379266,0.8808504118412881,0.40602166982571297,-3.065042029126172,-0.7781438688104816,-0.6286604486658479,-0.8636588854298293,0.6017198405395007,0.9976982437853591,-2.030299730651922,1.6370551394735409,-1.4251413752308189,-0.5802094475688216,1.2216939708622703,-1.2785647905900919,0.721150194502984,0.48211067355746673,0.5925604432815467,-0.6292409484783684,-0.40423844814397125,0.4430250674505357,0.8351616334471923,0.1434987846308612,0.5877221617430295,-1.8258821959743117,-1.367284304636394,-1.907557482232607,0.9456753608458492,0.1561463468002168,0.7835925879883944,-1.2690758140178453,-0.2340554542890904,-1.900272292033879,-2.160659091451186,-0.09606645386699263,0.5967072658294669,-1.3118401659873922,0.5462572620700853,0.2796185041191248,-1.7678505387119599,-0.7332276257479038,-0.23327314092162715,-0.4044576700419043,0.3494294663340704,-1.0191675861122342,0.06720308416614013,0.3534210331847528,-2.5260506200034016,1.1698262330930822,1.3593436136484938,-0.23578494979122366,-0.9971729000861433,1.576540081927515,-2.2676135246416917,0.8070221660679279,0.515340432996944,-2.609496550105961,-1.6498589154484247,0.26574823624791233,1.176223040183926,-1.9730947788816668,2.356744733964925,0.7131886806347295,-0.6323357646059101,0.8696485757265593,1.7023808774955869,1.2994915441860426,-2.617124472224932,-1.5717831054506142,-1.865896583117586,0.03522808098634185,0.9223356291000511,1.4441052060199226,-1.5042222769682263,1.1066172558076952,1.2417857258658322,-0.6624875558711946,0.15039382771313844,1.1534653371047492,-0.9741088805160184,-0.7765560193263741,-0.23053671166768147,-1.6806876796756605,0.5644661920089097,0.5001420634819741,1.0054832535176736,-1.3561132055187526,0.09989551252039167,-1.607393692380007,-1.522007438466637,0.18223751376411224,-0.31131881015802704,-0.0266766312589454,-1.5170031253908367,0.5936025485282012,0.5879630881400109,0.5315888314096578,-0.8133479005770807,0.8668629742165519,-0.5779453192812436,-1.433069581431559,0.3097793140749961,0.052107742146456755,0.5344773360151336,0.779204176271043,-0.2041728654698919,1.425823727587111,-0.23819969385625742,0.7096715570152371,0.08797302388226533,-0.8744553597435591,-0.11954650646679517,1.2837455461603022,-3.002447627359309,0.3283224834517323,-0.8370194931510181,-0.6739183884728511,-1.2418196945076643,0.6873806103841854,0.10131654245939331,0.44988514196956975,0.5458299926405756,0.49052610954219616,-0.4240708288087619,1.037544109315186,-0.030279161681965046,1.542807509479558,-1.5212210750855635,-0.6641961245851362,-0.0068057864090515655,-0.0035332444542761415,-0.1325158299169774,-2.0032378333374976,-2.927738087514922,0.7153539580883197,1.2374995046224948,0.20007033678448338,-0.2832716406956323,-0.22418653923793855,0.841068014127894,-2.6321116991298132
2020-10-26,0.012379148473799376,-2.1617774343399465,1.3074477862787912,0.676747576049367,0.3300604389904055,-1.6796876188214866,-0.426281009374902,-1.2209698249594307,-0.263641898477065,0.5047860344841213,1.009167798760364,-1.6732655314624225,0.9634048261634006,-1.9059846327019772,-0.4648053621219074,1.1577499958375983,-1.9589896832750813,1.283898038126123,-0.44017143333965253,0.9020850254455755,-0.5801691324199209,0.5592546492482141,0.4080017432147094,1.0767584370630086,0.02157721911067439,1.3619965515496624,-2.1333156948483545,-0.8038776628720324,-1.326988239240957,0.3716972036580482,0.033847227618975864,0.7703623435364121,-1.027432729136954,0.10536457679207051,-1.5767159423673163,-1.4469401759439169,0.016326716999520235,0.6717820343540146,-0.8597334005255695,0.9666619745263306,0.38929473229233136,-1.3937669417571783,-0.45618193040259514,3.1729686450750383,-0.21248421035619106,0.05006935985794531,-0.9120437862176509,0.18320189725330518,0.44336396605100725,-2.1591487440607646,1.602473498940357,0.6135265842670408,-0.09965137875736345,-0.9397054587626945,1.295086030516576,-1.6168596566263576,0.5217324581028498,0.6069704639278835,-2.5296889124010957,-1.0289604277050017,-0.2380823820194853,0.7674201123645222,-1.3805372271045087,1.1101989167511965,0.27578827302521336,-0.152399444515192,1.082655382828249,1.3565016992585939,-0.7680500728654823,-2.617362225650544,-2.0195851086488177,-1.606422349403701,0.1670283652474898,1.1370860055868965,1.9007397575494849,-1.040877369570242,0.9160253022674602,1.006830947802268,-0.9845032643835382,-0.1399250634851825,0.7891880622167071,-0.5266536968553718,1.1997798459253388,-0.14234735325249384,-1.5991356045267773,1.880454617644909,0.22935790767805264,1.031047156758127,-1.935851518248435,-0.2393693540497049,-1.2293233624827062,-1.3389613047614435,0.20190956408189675,1.474632523127084,0.0725859859816162,-1.336154584054323,0.48846004319327985,0.48362364273897007,0.37964232913582685,-0.2594330276721136,0.2187612428177829,0.3382670251388003,-1.5152731930413095,0.1940559995664418,0.39376324682410063,0.14051156197880674,0.42650512962748394,-0.08719777374946139,1.0242483916676397,0.12969091481724282,0.43352209674161163,0.42017981078758265,-0.120841958580659,0.5697593868422935,1.1635196937276762,-2.174578967189085,0.07354017518802479,-0.5139920538192359,0.15529185627046027,-1.3208921687442596,0.8576393450833337,-0.006363858119079194,0.7256071376833805,0.6553878080659932,1.1642688790151359,-0.7715380679793379,0.7536916305610502,-0.2798654434570236,1.908107431786362,-0.7888445720177308,-0.9298753096587706,-0.1631286666329171,1.8266287351316781,-0.29430873001277086,-0.8732470384918626,-1.5262734890697462,0.37817466642423153,1.4025446070922625,-0.007674887490074898,-0.8942335812521772,-0.6338127604110655,1.2556263776783139,-1.8059584312103372
2020-10-27,0.5032370026286056,-1.7302656134850936,1.0439846216557862,0.9408905982991653,0.06466849221617091,-1.1828443474816144,-0.17866141459637272,-1.3255929881951591,0.5452040162106623,0.5480612135174282,0.8322798886480369,-1.3925865607642078,0.938013979167182,-2.268958602561422,-0.1603749888935775,1.0536675862516989,-1.18402233544866,1.4109808192754063,-0.6597194525442419,1.7052315210043607,-0.6198956391378933,0.12420113634260638,0.6359711735196554,0.7295277116571496,0.4334849708741707,2.5419893235572313,-1.7245405058933425,-0.2920053173865649,-1.2659641806157256,0.44468357582659074,0.245765325758062,1.0488065434471743,-1.1975650762795695,0.15098549012541787,-0.5964897066554565,-1.2075848370205362,0.2588981479083276,0.8844769652592074,-0.563288553770391,1.092388127033987,0.20342078585675938,-0.6773299402283278,0.7559055968474332,2.4836793445625815,-0.326054585873788,0.19417211696670464,-0.6878380288488133,0.2810610645125092,0.31910440144018887,-0.880576327506772,1.5220628709222501,1.8628385631184443,0.6142393481917163,0.23407993079913092,1.3339757094878895,-1.5231372795405935,0.23260424217279263,0.43929790904264854,-1.810335951623022,-2.1443155679107266,-0.020124394386382076,0.6091965209974193,-1.0586538112266763,3.156148810543953,0.366518105665234,0.4065295685323452,1.2853759411565315,1.1819947339082026,2.820091111271037,-0.6787218621402693,-1.2320536750052142,-1.4596462528654435,0.3668834368037894,1.1709347038634006,1.7911880933448654,0.23051790129116412,0.8238259689651647,1.0323438251662305,-0.7086894041720784,-0.018831567552914104,0.5719510129699461,-0.5102187473920106,1.7908050083253984,0.42715015840705806,-1.1081196898639134,1.8500784199107048,0.893374720062011,1.1984516634651583,-1.453763226625576,0.06104529055059098,-1.163892555023899,-1.6635754515066887,0.4205297379692754,1.879170282004549,0.17057281486455592,-0.41263796234277195,0.3997059478662789,0.4058602937372478,0.20477686454743804,-0.13399326259587807,-0.06993695086795985,0.2436010955147751,-1.5419621091414677,0.12408174993987596,0.2589686329803425,0.0181622700336236,0.2116391709688375,-0.5435245560380035,1.1353796647006276,0.47634979953265666,0.7262236252068597,0.5400670897489437,-0.02199738627285602,0.6008166681341658,0.992217971632798,-1.7123755049827105,-0.026743837710339193,0.02328162352892379,0.5454609569806462,-1.0913655799528046,0.9459633431681178,0.052972222162634475,2.8534056848845966,0.6385772652331007,1.304788891443779,1.7072205883585745,1.2252965760226049,2.219382846258636,1.9454379119771286,-0.2551037720755493,-1.0756004179075715,0.017874271208841625,2.6694795298037914,-0.4531686446098565,-1.5757041623707866,-0.07507479228552527,1.881883332673961,0.36474195493150435,0.5493511442524064,1.665549417421167,-0.8336795698663636,1.2970118206480998,-1.041652440371698
2020-10-28,1.168015638995118,-2.415704719397767,0.8409639954315837,0.5011632143509774,-0.5827155589144256,-2.3715927305924978,-0.7918804078603154,-1.6539706442448223,0.1137946254404623,0.742940570728845,0.8175812586861201,-1.2356770233136538,0.2592400440906646,-1.9339051682148611,-0.4061628019417018,0.7270287935038896,-1.7881727554074307,1.0212695271490235,-1.1090248697906577,1.596824818083149,-1.773229878850317,-0.5654194901180769,0.33929379626032324,-0.19458457797746184,0.06265316859436633,2.6414116206232205,-1.6703286178423569,-1.3235166372475418,-1.1381657096914368,-0.46467440673094146,-0.1916077223014995,0.2760069818898874,-1.0542928355924395,-0.26994039453655594,-0.9874453671906392,-1.7718176730314776,0.08800593575116379,0.5481885614908705,-0.6134776423925358,1.0499595186609618,-0.3375972224041577,-0.43548392945784964,0.15923269181641356,1.5425620520167211,-1.2736120201358465,-0.5231731268858143,-0.4638241919774148,0.30191420012973247,0.06719353132441798,-1.4951664021510678,1.077449759689947,1.4961598383612957,0.5909168936338713,-1.0886605462497496,0.696177004814677,-2.0079363370024508,-0.06049360665817174,0.06310016382635956,-1.802825260621597,-2.292940032314286,-0.8703136607616968,-0.21428405671032996,-1.5780101649816805,2.7449593190628168,0.5382693031706623,0.06194151045647935,1.28110276315474,0.9844723471451481,3.0192781179355643,-1.9801996275852694,-2.0411605633994627,-1.9559860148727848,-0.726962517377051,0.8407513035435071,1.5149178860941277,0.3327624872623676,-0.10492994517610267,0.5976178313335243,-1.5915724565526463,-0.26608589648806913,0.05746208827102232,-0.9288840226953756,1.177687735790099,0.3172622834032746,-0.7445716358256641,0.7908320907507055,1.8262908351871339,0.6272681862585872,-1.61142548074617,-0.7278337691166038,-1.1555117811671978,-1.5651772032729898,-0.15363807068298296,0.6852142207513995,-0.2573178141710693,-0.413071580266834,-0.5446125735158875,-0.5293047029568504,-0.19268971982895852,-0.6967310387616978,-1.3466672639573753,-0.7800227379924419,-1.777414491254858,-0.3045922389622702,0.42838374421510156,-0.5539397861654299,-0.3094303776113466,-1.3797161807118636,1.2078007124890993,0.12059552419899196,0.059485890408622386,-0.6195537710383069,-1.830532427023018,0.4683564225460453,0.38539592169144843,-1.9550782172580434,-0.5154202830245127,0.30941799650996377,0.9360786844356219,-0.723099377210489,0.8103299886432564,-0.5578120068637948,2.1357517169057623,0.22491799347603572,0.25308987680868,1.755091225936346,1.0534917742530125,2.050070659756495,1.6047530967413968,-0.19259223571403808,-1.336914849653706,-0.25378596443808843,1.9938625258426748,-0.8845322933307451,-1.8830753964907418,-0.7668195520777603,1.054975525043575,-0.4568985031060751,0.5054583927183325,-0.1703186486581168,-1.418048869001189,1.1396594031528757,-0.8461418852739367
2020-10-29,0.7467272820701581,-1.6931143979059853,0.7211477570775355,-0.15557133736273052,-0.9170473835455462,-2.028789461502994,-1.2729031173926488,-1.710708543159964,-0.7735640286439045,0.5492698196550132,0.8547708108252543,-1.6261081621689901,-0.01481153654663981,-1.9203500249472236,-0.9531728515228282,0.5260137918406893,-2.073863790482149,0.5431745190692266,-1.291284801979794,0.8881789944416938,-1.6446771312503463,-0.8241755420291387,-0.15061332179005887,-0.8342107806938626,-0.3820444896622994,1.607497247382556,-1.5722045963663978,-1.189803718379715,-1.9158439285070394,-0.8000761482185382,-0.48373452485337903,0.1021597923064616,-1.8503764936372,-0.925797936123921,-1.543544296119396,-1.727024154531301,-0.08631687406891894,0.44405823582793436,-1.0982395821972786,0.054578280387880346,-0.45945047912309117,-0.8903997980921546,-0.04349539890833884,1.3496772628870988,-1.6055038320553876,-0.8561150175974803,-0.6066862899360824,-0.8060051385240263,-0.003441019148172918,-1.5964523094213543,0.7228090659381502,1.2544398473319507,0.8195920602746315,-0.3661047456057235,0.4655422855102223,-0.6226618899931062,-0.5038401258605589,-0.4511085325822404,-1.8780287647814262,-0.8498496041440614,-0.4875032070063366,-0.46146444602618086,-1.583732960155559,2.1047535160870225,-0.08757060257837855,-0.28087225294605006,0.7938178434551507,0.65741551778798,2.6632505475707755,-1.8226974683653188,-1.7072995178230534,-1.6185364363088524,-1.5189397369818547,0.530720003204599,1.2150486098014253,0.17501519031198265,-0.43899888286565597,0.3039832927197801,-1.6941697172823513,-0.7708906798863341,0.2647596591534154,-1.3060610435115987,-0.09619244257115438,-0.3756597141720485,-1.742532955576817,-0.07229670364022697,1.5261517685105794,0.4227807645180986,-1.556182452081294,-1.095622552097244,-1.0308612940522348,-1.9974449175212012,-0.528393679192541,0.13947909062874259,-0.36683392524125513,0.19452366752575578,-0.4003072674126014,-0.3978198131733296,-0.48972631849806414,-1.1259107167364097,-1.6479540608248864,-1.639630875940724,-1.6849004660094697,-1.2062695134713515,0.08598751252793303,-0.6909185557999623,-0.28807107298481527,-1.5634340126392643,0.7393375416419518,0.17131073307499414,-0.44691573083263475,-0.672366759143106,-1.2867783105081223,-0.13035829738457,0.07114193712607242,-2.1408431771550407,-0.6704232244191178,0.027993092794580957,-0.3951877691282819,-1.6409064565566283,0.6786592257519628,-0.655489039941118,1.1170023633547672,-0.12320267524902502,-0.6278775243173121,2.369743080486393,0.7162665129140218,1.1857170749517831,1.305428558812407,-0.41870470702452545,-1.9013918301785488,-0.3482019527040149,1.587690379636215,-1.094532243835708,-1.1599262408659528,-1.4413975356120512,0.3652811385773244,-0.158836889095002,0.04285190092618161,-0.15197363158059363,-1.5308916783607514,1.1367100895254019,-1.6364711141814423
2020-10-30,0.032780331972089266,-1.5798993320864676,0.6022493169346165,-0.6061655540059057,-1.0420667269655484,-1.997204448246474,-0.7322078192089769,-2.046997181928435,-1.2515038447410458,0.1510768725712333,0.7506470659965272,-1.6582948609552655,-0.22556504554907159,-1.5539168217703823,-1.0189198766061698,0.03569739021042277,-2.2159068848867904,0.4829845374011474,-1.2099033939568118,0.3829723026470014,-1.9222306410226284,-0.673874218227024,-0.794584510234293,-1.5374851087243466,-0.697373400010765,1.5318428436652203,-1.4450691599202747,0.21721523056682002,-1.56298693326663,-1.0308118795000178,0.004512731254917997,-0.6847623558497996,-2.0653017762075616,-1.244700220508369,-0.4964833543312113,-1.3981571554917411,-0.2513526791397143,-0.3404158062773501,-1.2204865162902614,-0.4607768267459214,-0.7735023722127582,-0.2470473496188116,-0.05326604904210273,-0.24989683431431708,-1.9109404159061205,-1.220925539151315,-1.5991749870149532,-1.2493272561119644,-0.20654653334472395,-0.8531191884047575,-0.0827558059644432,0.6115291289787409,0.6584137287561961,2.470027510971541,0.3812788138638031,-0.4818563797404946,-0.889176456511478,-1.0342437041500365,-1.568675974677143,-0.8801134136313881,0.05760875540235083,-0.19702731752016603,-0.4470300838082623,1.4866055351074712,-0.4849507774453149,-0.7193586164495432,1.3811667204406393,0.41721537279254484,1.7317827406133504,-0.10795725956474134,-1.7643760935840456,-1.5073871265863623,-1.884622288457608,0.5167907456793576,1.2641659515302612,-0.45281089620273096,-0.5679192569933738,0.5606334199797416,-1.9986937534328801,-1.4288961750104061,0.4913618125541664,-1.705492403007836,-0.7879796685562196,-1.1711151829673296,-2.6622629100524575,-0.8274009918479042,1.2976278525222007,0.4628920447364886,-1.6065055931122054,-1.1983832310374265,-1.1199070261621318,-1.9808474838380898,-0.942820094245515,0.8728341347121016,-0.7688780274595016,-0.6127412961134484,-1.1274147361877875,-1.1333875212827849,-0.9879635700066023,-1.1548910926798122,-2.178115892175789,-1.6083220088419197,-1.2828503039890773,-1.455263468126652,0.86076399257628,-0.7778807392731667,-0.021462159468375097,-1.5795462036229224,0.030673284450653746,0.29473764599621416,-0.7652360021249253,-1.2329692832395571,-0.4943299299923806,-0.5717759381635916,-0.10385415001562456,-1.7450413093617025,-0.8158487509974988,-0.10592243557857696,-1.0767045556571382,-1.5050795087885203,0.6753768727908953,-1.0812386081617484,-0.41598366961074584,-0.6750775470604032,-1.0553100047497765,3.0214976722797857,1.3948857215336181,1.0276177535801378,0.994040362751226,-0.15757332866089727,-1.7812172671480413,-0.4491670908718002,1.1239254742688796,-1.5603853264658112,-2.1177761456093713,-2.0650888402327703,-0.28047124961785275,-0.8580842184860594,-0.2647444663682574,1.4526689755183626,-1.537664834625107,1.0349709603585793,-2.2953241963674738
2020-11-02,-0.3877757443299024,-1.7612796791017165,0.45481591403451005,-1.907384071805656,-1.3273868795467476,-1.7290276327402692,-0.5843496180348948,-2.3756120799839877,-0.7891344895908076,-0.8138850907434945,0.5708884110348151,-1.7447023457552786,-0.9394140853110325,-1.3601451019732176,-1.7233489802560373,-0.705797377190463,-2.0376548922193622,-0.2908890905811611,-1.7934255964178327,-0.2034908760475196,-2.359293864018753,-0.1185438142871763,-3.043576219518659,-2.0646159703550286,-1.7767878486935997,1.8369107501929773,-1.6875035104308795,-1.4992273289540357,-1.5658642461759449,-1.545825727010924,-0.10075820828150545,-1.4585380635467269,-1.399488534531133,-2.049307866473152,-1.6241397030864368,-1.6842842221485848,-1.4817970275557908,-0.8299443420400947,-0.7148717887764596,-1.2320118456932763,-1.075577386683432,-0.7548830391643709,-0.4754321809957555,1.2875968973352636,-2.4930232679545328,-1.6197172143482288,-2.060852428895789,-1.6985617210034132,-0.4250892943298956,-0.09940483945131902,-0.7612419934993756,0.32153645439824563,0.12200553666982311,1.4092134919186414,0.05896256539878686,-0.6480341712780656,-0.8637147674904286,-2.156222527188908,-1.9580307050243888,-1.7894496143652672,-1.2127025172062857,-0.8022546747798528,-0.8385147433648097,0.5936472534454529,-2.040931717290472,-1.363399578116635,0.5483751512128564,0.3135585060321536,0.35095153832094694,-0.47818822972652986,-2.110248572451484,-2.1135323781442277,-2.6531542229174248,0.4592511133144203,1.0643396813701134,-1.6210195894516541,-1.0225026170241795,-0.13715220377420065,-2.061038775830917,-2.1430668740962777,0.48141614640709074,-1.3373728967631748,-1.2594119306420362,-1.7920166001937403,-2.5855994639385944,-1.9095389986998212,1.078295210604714,0.24011334943606805,-1.6202747561065975,-1.7950813620682777,-0.717674567775522,-1.9880212503731167,-2.2590245537930542,-0.8241912644560839,-1.8234236297778792,-0.6675014915491717,-1.4148480275466107,-1.394292864489258,-1.3693236277092158,-1.8232947990354187,-2.661628600616352,-1.4896659665108356,-1.5466491100783748,-2.093541200703072,0.44076492809973444,-1.1562864139772422,-0.27311729411181007,-1.1192039746262445,-0.6664904693759509,-1.4969975024684203,-1.6153566918032942,-2.1521056711321354,1.6262909353828636,-1.3452138790544472,-0.8090943723761163,-2.1166501840707213,-1.827411556358195,-1.3081310743393133,-2.0233066112067717,-1.6721042754172861,0.1418772965759945,-1.6550963217667596,-1.1199450254863337,-1.6128278624869496,-1.9647649672975667,1.7926227594940558,0.9165631096245422,0.9213048096921189,0.26085732705967724,-0.023507332962469627,-2.079086418303145,-0.512778936963082,0.5741245600545389,-1.1103998421911576,-1.8722175988634728,-2.262520636526519,-0.8069086434421788,-0.5056518032109981,-0.20519924740432371,1.7280018676436806,-1.801881235222507,0.8720276206848283,-2.1141307971884244
2020-11-03,-0.12506034299572433,-0.872682532039111,0.9223521048749412,-1.5441380933446474,-0.6181549082974371,-1.028668534597463,-2.65469492264743,-1.7236870160908333,-0.5182156573341432,-0.7790169823336827,1.5948784132335652,-1.2835222807213764,-0.7107782227936636,-1.2071862172040912,-1.6948814519391673,-0.4785353136089922,-1.6189733299032918,0.1993606366708139,-1.178886766283183,-0.4651169190591717,-2.117221111874432,1.4682728452759837,-2.238582518488426,-1.711742410376901,-1.531639102054842,1.7074663570446427,-1.2671613478222117,2.569892712598376,-1.1880312384982865,-1.1786830970302795,0.33844452750443976,-1.2150964411126344,-1.2209918383698257,-2.108009553053598,-1.5643615902439185,-0.29323879700217276,-1.9820504709881863,0.2903191525527492,0.14467371946756727,-0.9995255567819427,-0.9226462391008173,-0.3854814744826719,-0.3202969741523473,1.5268406938221233,-1.8368798482648314,-1.263559257485408,-2.3983697054556914,-1.3420133059721828,-0.2598871417930568,-0.23873271343843439,-0.7900770253690004,1.0129064110718617,0.36919394275916356,1.2003219931973106,-0.15754666861961195,0.6935997963446646,-0.6202321954036955,-1.890645483283099,-1.2087752249364807,-1.6045173545781635,-0.8023018941452265,-0.6427626709416018,-0.05414823588519061,0.7042110848638132,-1.1486116245645626,-0.8213648871773573,1.0989932638751168,0.5256490380396057,0.354245452974807,-0.6767501998635831,-1.4764540703694342,-1.956918659656403,-1.9898314416761755,0.6155883090331296,1.1137358800348405,-1.2559923145050331,-1.1387345606372854,0.13730399703288626,-1.8966048106332039,-1.476536142877696,0.8170698201696971,-0.7531313235999717,-0.6291099918375999,-1.1796251335018406,-1.6112184936500507,-1.7630612195780644,1.2381884671536159,0.2375164095516999,-1.2924329288536458,-1.4326433678588917,-0.44544818567983213,-1.5428488353897503,-1.7632482268154066,0.7948442536330398,-1.8708501037716192,0.08064996885555567,-1.2898921276624173,-1.291291395244228,-1.4497765599163757,-1.4176629559847764,-2.1022530566379873,-1.2182219688886082,-1.2608604164042794,-1.4670919431674594,0.9073711335807614,-0.8960694025582676,-0.3941865869747246,-0.9691784786549432,-0.7086072996017249,-0.9839864810906916,-0.957053167743616,-1.990609305954271,3.8630940915012637,-1.2257807224905937,-0.7626792790658259,-1.659328003802643,-1.679061407464371,-0.5824651223426465,-0.9834816410471673,-1.2266367793952488,1.171714033740885,-1.3559226155245727,-0.5548712992454783,-1.16353161395576,-1.133354382216075,1.3630016623202383,0.772794701343356,0.6040732802153886,0.45079938815481274,0.7756172660921161,-1.6590403178039619,-0.26095597146887206,0.6460297493848394,-0.7113598962796345,-1.0997404846687442,-1.8193867328223157,-0.8397483978081817,0.423654329270069,-0.0635493407492043,1.1105882192066459,-1.277411132209414,1.0854448174709679,-1.579695814872374
2020-11-04,-0.2964993954602695,-0.8234652243480896,0.7365653398035833,-1.9659272620746207,-0.8160782232847679,-0.9298057267297479,-1.442836045192994,-1.5086179936057922,0.10217546912512504,-0.5929894924989054,1.5292633115860648,-1.4279574191405298,-0.662249312776647,-0.9311111369759705,-1.6113555447870973,-0.18570558775913898,-0.9214984083585792,0.5450694585831529,-0.9563099308782305,-0.9167859003914828,-1.8797373045726056,1.4945032623768095,-2.165516112648187,-1.8079838729678566,-1.1117906989402662,1.7922887107807752,-1.1204910658732237,2.4705097144624846,-0.24322952307046666,-0.8098860442077036,0.7443044950615763,-1.1108648719395426,-1.3571769141553631,-2.0517417787696006,2.3667837768711153,0.5500482543859354,-1.2388583204162273,-0.32090473104567757,2.777561131696697,-1.1730392749661953,-0.5900673871309001,-0.5753838575248184,-0.6637014596909373,0.9492871553937626,-1.8215810157964827,-1.2971499447851,-2.173719913260675,-0.37493431157885193,-0.42691833380028016,0.398829158165219,-0.10524983753870537,1.2986509449103438,0.9132228795399193,1.6333938341414775,-0.2317675309852264,1.7644660772701173,-0.18500062710907492,-2.4290511009655664,-0.7867225170004644,-0.5303578895998049,-1.0390385487783402,-0.7430368033980245,0.3468106469434521,0.5507449518319492,-0.8367765547088708,-0.2937520804626872,1.3142952243576678,0.3743869213620171,-0.14295051980742002,0.2152756335936323,-1.3031739312169328,-1.6185133763031645,-1.5796451107438956,0.3615467407974544,1.4467992268491865,-1.1443604634866271,-1.2531048635858666,0.0881519320954043,-1.7022458605871338,-1.4749590363230756,0.5067648926932793,-0.4267036299272539,-0.7225103810368484,-1.4287713442361676,0.2689559920187497,-1.6402393830488613,1.4912281063628239,0.16744563717009447,-1.166770013917724,-1.1968415037322961,-0.40048998160821037,-1.0443520952693597,-1.5704059797500636,0.783604729733672,-1.7587341193403183,-0.22693260719172978,-1.6820579872929475,-1.674896011575004,-1.592823797511454,-0.7942789113312692,-1.9910282763828244,-1.11153154145196,-1.2670857536331843,-1.1705183851001628,1.1525149142392075,-0.7847219787797699,-0.0963268278806745,-0.9639110797290062,-1.2506892121472037,-0.5462735181015326,-0.898192305770621,-1.8144743837189528,2.7294016142333604,-1.685809928517325,-0.5217396065538727,-1.479278604440495,-1.616318337133696,0.08956642635694824,-0.9413836544458623,-1.3929254713928925,0.7605371612555646,-1.233107056887844,-0.2814305561572978,-1.1807135025555195,-2.54418290899437,1.9091838274455295,1.4493858556082495,1.7066594638096748,0.588182954323773,0.6024634616264861,-1.6662688838013178,-0.21845875515552696,0.027983136044330482,-1.1713731850933307,-0.9695044190454707,-1.768223947404242,-0.5779361326236433,1.0142964763577673,0.12158061387597881,2.5466624802839815,-0.6268135240175075,0.815885826157107,-1.573481505371531
2020-11-05,1.8728230138093969,-0.1256451715407102,0.7009026230217785,-0.7235827045472771,-1.019475769786884,-0.5229735613281543,-1.1688599582481443,-0.1557015342261674,2.8604863057712677,2.291346710145236,1.2354737412929593,-1.127651866071794,-0.5030874514331278,-0.3416509738540283,-1.3792350533623319,-0.14026478571755285,0.45920239647763633,0.7852171959503563,-0.7013376351799047,0.3184284757308067,-0.20721738541749501,1.8531677945151481,-1.0630068801631922,-1.8356147033110235,-1.3109267089193446,1.5868005798630762,-0.6417415953551778,1.4023610551748948,-0.6502974229215968,-0.774250405828951,1.2376677384899404,-0.2637723452005744,-1.308681025420061,-1.796870953209349,3.0339102576381265,0.7406454635292877,-0.6672442018753638,2.3845947637858687,2.6492717890381963,-0.4244300951720933,-0.41754799007280635,-0.9458933475463664,-0.4030590973126878,2.2698254946060343,-1.0234435448920203,-0.30932502815981633,-1.426303840514817,0.21333076905586534,-0.14935090704407342,1.1575818705285352,0.3069173816210488,1.692699300351312,1.8769898995144172,3.9369348357931577,-0.7718189061823184,1.2830176948536123,0.12982967843775,-1.9766673991155448,-1.1773572020601664,-0.4396528250095411,-0.4739782949615971,-0.7755160470930528,-0.4431397140294274,0.7481680832287034,-0.4638723518966178,0.5353898076483993,1.76018202263421,0.2634621931177854,-0.4037844678169587,2.4490418565608025,-1.2603532052816528,-1.5392097664983855,-0.7592193839197996,1.3412250867158304,1.293811222360501,0.26170863834975044,-1.046345981739587,0.5512398792101418,-1.4608219259687265,-1.1059697369703967,2.760270433005307,-0.34753421640647464,-0.10100437489341221,-0.6792534213251523,1.099960764526373,-0.808949516772647,0.6947083903973323,1.0553490308597362,-0.45803440462213546,0.12225989775832788,0.22070312420672197,-0.7310071519124085,-0.6530970256995792,0.9499881470424315,-0.8369517172343633,-0.1841286909557555,-1.3358563920951974,-1.3311868254834551,-1.3064644623951067,-0.6917336231591691,-1.5046178316335597,0.008248876924506474,-0.9726117459356913,-0.8016684067141165,1.4723437630603537,-0.7492406974183978,0.5523633417018914,-1.0448393682428585,-0.8798427694392479,0.15289238420771536,-0.6136822686378318,-1.0452699657457825,2.3988295881654613,-1.0334249902506083,-0.33376877294124063,-1.115398349437547,-1.3773885992215915,0.5370413930824971,0.7970835494309484,-1.449811860005105,1.5288402468807338,-0.5283316150712148,-0.13855053542594153,-0.7687122121057429,-1.9939580498149674,3.110503189197166,2.537666688529284,1.440899916074398,0.8834935415226551,1.066356746155163,-1.1216690577609623,0.7220328233266108,0.08397169854909839,-0.8222314128101588,-0.7188983701554561,-1.6533605254163959,1.0757067031459877,0.8347961561488757,2.7019364141308952,2.9130011772125113,0.38427350387452713,0.8023261443478454,-1.3648925687450824
2020-11-06,1.5092888694105708,0.06720994490297955,0.4418019916081771,-0.31388755460192685,-1.2298264975899702,-0.3325749076573727,0.3690456361888011,0.43499452233640606,2.556579234717164,2.8088322467072238,1.0936526711510726,-0.2678060072023621,-0.6374159632035945,-0.5911323692508751,-1.4436160416773565,-0.6976838553228499,0.7753866350393689,-0.42710449423896246,-0.6794282413452518,0.6962124611737578,-0.7764383245200502,1.6920822169688947,-0.9933717711197831,-2.0118812872768084,-1.6658388046835952,1.6369425494113128,-0.8097496477101656,0.7902096237693486,-1.001227119913026,-1.0567217006600327,2.4936814074414326,-0.3787583016935858,0.20390970545682213,-1.719806012870479,2.2445415997274867,0.5947446952974382,-0.6813887629700937,2.5923763597146774,1.4300374083946938,-0.13654117599047053,-0.44432200552542295,1.6772622643339166,-0.9249444322603162,1.5540422637122582,-0.7623322996751519,-0.5274302097010197,-1.502477401792262,1.0008517263959011,-0.2826023240935668,2.0540008518362436,-0.03172878621508798,0.986264406044482,1.9478082904480238,2.5443076642146094,-1.569094232346386,0.32649043138954975,0.2362970574784951,-1.834355968867512,-1.2276879316434401,-1.6180457431320758,-0.6977742496992426,-0.9008774551489681,-1.3530713009616941,0.9011863053103693,0.1799312312220556,1.22837267179441,1.9808723250414966,0.5155860437762163,-0.5337088024975918,2.2439653300952545,-1.2580422118260104,-1.6336245909696592,-0.6801849973119745,1.4054213695023257,1.3851557749954109,1.12951246519225,-1.334657530928345,0.48847651563473554,-1.5093561223641572,-1.0298507885250574,2.8748208540956846,1.1223159798340248,-0.5020959365376956,0.012454383467445295,0.8826255491804768,-0.9881363261842142,0.090448903151445,1.0061060011029874,-0.5627815925980943,0.8546169137677875,-0.26452420240290375,-0.7406948502645124,-1.2315143158385913,1.9615267626412098,-0.37390233713672266,-1.6922600902572582,-1.4157848918973261,-1.4122944403467215,-1.0876046630040568,-0.5327390534711992,-1.4395930723282893,-0.3682979578189084,-0.5448708967433802,-0.9897618480939075,1.841745797670224,-0.8869947342637985,0.6828778195224326,-1.5877869918958365,-0.8258428639270211,0.6410257878174613,-0.865170237023963,-1.236346850880823,1.7099166929177898,-1.1365425897461925,-0.9259815092325465,-0.868851788577985,-1.1677731199436632,2.988456790942545,0.9163739828034474,-1.1033877378345314,1.4290586784095505,-0.2739560882853614,-0.49415584013253894,-0.7155810698657098,-2.0018005736544,2.6755299025019146,2.3694284052924366,2.2071828705754024,0.6479948714111758,1.627764812623684,-0.7524938284168324,0.7411470309069733,-0.4077599659939934,-0.7035969216076463,-0.7550070425284284,-1.6243215620325016,1.9145466343756063,1.0462481953481881,1.8753270765832377,2.498585246215412,-0.051736561178984466,0.37005520621468513,-0.8213677310823847
2020-11-09,1.3289696781468128,0.32207692881258787,0.5505294086071079,-0.34332362700117147,-1.207019653323296,0.24136165392605252,1.6048866413268512,0.2391727363497503,2.6215816866217083,2.6258648480953295,0.5381016692429709,0.12788579269134384,-0.684545770866587,0.6426837805373907,-0.885339268640332,-0.308468380894322,1.0109991250958177,-0.2646433709252639,-0.6485351390309754,0.2534352590005731,-1.029038555475559,1.8708538597016102,-0.5595393431594317,-1.6171418039785204,-1.7261470102264005,1.812173798560966,-0.53899749969516,0.07185920242029097,0.5803108582645561,-1.00613852745308,2.149558435389603,0.02595523330536999,0.4412928765206155,-1.6645062765861933,2.181811548711177,0.7513418493623854,-0.6606827413714027,2.1419872428229225,1.9347643642226608,0.2264963114752865,0.15835944872696384,2.9690441504688607,-0.6102493864390953,1.6835563886543454,-0.12439540118439868,-0.5333168860348785,-1.3415398380856467,1.3262195121663487,-0.4742208874134325,1.9106391199305948,0.04838309025377799,1.5002423357134178,2.01088268375026,1.8148420558454226,-0.8852362735533889,0.7082208958759351,0.8259244311374692,-1.0029120861575003,-1.2159163912967865,-0.6433779025471305,-0.733142741617364,-0.5953612449361594,-1.0502762615578487,0.5775797715636724,0.10634110892777893,1.142233814235501,1.6823202508796862,0.4773479547547653,-0.5652499560531535,2.380611061932558,-1.2475750512012231,-1.5861746391339449,-0.7454463081578242,0.63944897122023,1.2773144843428368,1.0045665930267702,-1.1780470544303507,0.8313271239006921,-1.1597444765242404,-0.5473141533957753,1.745434368702504,2.123511015677643,1.4267952341567667,0.5906607532752266,0.9621433547488242,-1.649599059073588,-0.03151049989983277,0.8084124496682853,-0.8571647490387577,1.734172541992795,0.5485126698141919,-0.04646674640742157,-1.4759635697778153,1.8866429867153809,-0.45665244218200024,-1.153105099985555,-0.4795884265884692,-0.46540982398718855,-1.1973268483571904,-0.5064052756832294,-1.2642784546968204,-0.7206781080353101,-0.5594749288124965,-0.5248976154430575,1.5731986511579237,-1.0056252906807261,0.15656849495666877,-1.5355776225707785,-1.5536670535339525,2.582153658949082,-0.6255123843478055,-0.6267876214651179,1.8696636469563994,-1.1964056354389432,-1.0241991058219464,-0.47228942315334577,-0.8343564227397837,1.191206967030868,0.8908611131122727,-0.5479363523181029,0.9620356934194606,-0.5989360671915155,-0.7900520833383253,-0.9142935139733174,-1.7652538594085077,1.931435148337602,1.7017040975240567,0.9219677148921952,1.013782645840526,1.011456665628487,-0.5082757624422852,1.6417868398517277,-0.5948215998772719,-1.1624766363984853,-0.4476016364492474,-1.3987562577163386,1.7270659473314358,1.9317726487322702,1.753972188758618,2.2116588503846235,-0.49752702513619373,0.19050448363650777,0.2663499839413383
2020-11-10,0.8132637837394613,0.8302413869955121,0.3702889169945832,-0.40661733882789386,-1.2498321588720007,0.596141803041841,2.482562807138363,1.0963342853733902,1.539539157967588,1.914052120655441,1.0861265625311063,-0.608323489912497,-0.8660880394073852,0.4125507645267557,-1.4304436106563325,-0.9823119722187844,0.5850166377973881,-0.25219165786749775,-0.7795865291208729,0.22117588661910206,-1.0600211348505248,1.648202687233916,-0.7520377693841799,-1.7450356771461433,-1.6987627489113168,1.226617020329926,-0.7791236684682638,-0.1400164892225217,1.1543162356137002,-1.0988262351253788,1.4412991527094063,0.39179806688904084,0.8875640128951761,-1.3113138046950574,2.397823688911042,0.5506265950978936,-0.40488470156824324,1.605429907733075,1.4659068341729056,-0.00954450497591856,0.03394937787150077,3.486708257483334,-1.1175763808794357,1.248823122770815,-0.019710725894367686,-0.6583735482919733,-1.4105766454723776,1.1459817772591199,-0.7223000481021317,2.171151701221597,-0.15205257569186215,1.4330136424141289,2.066666195661226,2.0098499113901718,-1.135843743349367,-0.09888073358536406,0.664133764053572,-1.1514171125754264,-1.3565876738690117,-1.1510007662461657,-1.0103426856820032,-0.9552854163325014,-1.010220546900213,0.24804751423803442,0.10841286989768156,1.1885339038417961,1.2547976438259247,0.077234875206758,-0.8828170353993507,2.4463214950692076,-1.2029925607848166,-1.6874092118368813,-1.1510021134256672,-0.2778309686131095,1.4299562594243223,0.6697944694793913,-1.2292295340371768,0.3600739591014307,-1.2136857063445714,-0.4468073336862816,1.9882201787181288,2.2188975763402,0.8591752274110239,0.2918939735800173,0.7790214053864283,-1.0840862383193988,-0.6425763776890974,0.6539373186664781,-0.8059276665976487,1.6713504043889216,0.4914819232531562,-0.6119872486056062,-1.4157006756991088,1.919222356315426,-0.6101523293934155,-0.593124529977693,-1.0435596278090853,-1.0515242738615471,-1.3776690344847133,-0.7713466425866728,-1.1765862134897265,-0.5566764878579382,-1.1610963281484508,-0.2734919752433003,1.5095424121176781,-1.0163273082598379,0.2694254623946516,-1.6608043050286194,-1.712694934784131,1.9208729511176206,-0.7659914773640497,-0.7714663268666039,1.3442257066204162,-1.1990226343367705,-1.2662575677089507,-0.5147868004802765,-0.8866011544924376,0.8366481457000992,1.7377774360785467,-0.3933831527460775,-0.5245028212808408,-0.8195587624718205,-0.35144767797580073,-0.8868718075740926,-1.7387269652469848,1.5747733262949921,2.136461240788907,0.9218968431026766,0.6183140755312172,1.2085425121207825,-0.6824968576077274,0.9848612310973713,-0.25983479718010216,-1.289781021638678,-0.03859435935250499,-0.7514343415009725,1.7471820862702736,1.6768732890247833,1.7748514903069004,2.0432498221633972,-0.9969654906978033,0.7489202551458155,0.923209093135709
2020-11-11,1.088135410945347,1.4694342173286978,0.20633753166080712,0.12321993219604778,-0.809038170093405,0.7435802764933557,3.1998301419363826,1.0860506302625055,1.6573431287216587,2.4127620382265738,0.969177646719767,-0.12329094910992522,-0.7681062657109878,0.9785227391363017,-1.5763800909342536,-1.2769256444725396,0.9633468068533184,-0.46531268873847337,-0.87734095883599,0.4257604023014984,-1.0233649788446475,1.0405941585040088,-0.4877868110577083,-0.9608853875824982,-1.4951862876701092,1.851048423386758,-0.47570043609656953,0.3824255786318815,0.3399953880376302,-0.9679036191254714,1.5730604550407397,0.3886943231519729,3.2724497678571183,-1.2630857263142345,1.8550799680216918,0.05773722134332783,-0.05592601412062101,1.5331298029657643,1.2066952189210909,2.1290077215536756,0.4120412499828773,3.8725565006941483,-0.3439888675369404,1.5169070722482398,0.275338568349889,-0.7932428623913239,-0.9279267861664745,2.302823728231621,-0.2463202235022696,2.0362582503606075,0.4898584337430396,1.6997546478009355,1.7246207342934812,1.8485408320182635,-1.2460627443060903,-0.42394244853056623,0.8968233807685879,-1.1300725575692607,-1.0338345970997103,-1.753171799408604,-0.9867910678869082,-0.7610893207442092,-1.589742651577112,0.34075933899876265,-0.036023681666611046,1.401905704706722,1.0819080023108592,-0.03975444204249802,-0.9008938439480092,1.9932214536309893,-1.0771724924170756,-1.7326892458378356,-1.1267304294281304,1.0681642289131228,1.4868409151574191,0.25089893736538893,-1.3746330005178784,0.6196805588835171,-1.2178980527421601,-0.45236795469022245,1.9742394682584674,3.182624732079066,1.7749407542654403,-0.12227476270742835,1.0043809721652217,-1.7375152892429002,-0.33905231409662406,0.6740383690785139,-0.550536078231099,1.8851213595111354,0.8623543887151204,-0.729391001308787,-0.8280040793794575,1.3865647924097546,-0.5355094815301634,-0.8991675110909606,-1.414361684349461,-1.4247573351679568,-1.0260911665120014,0.6982190258787566,-0.9424953477255442,-0.5477039408910632,-1.2666225628254837,-0.3213596235133981,0.10139405460347013,-0.9832395155341688,0.13598922583591477,-1.2754644207468515,-1.7840900912701838,1.5817168345240906,-0.7524485902215909,-1.09897428649985,1.089007957501279,-1.6900120264745238,-1.2946530797629756,-0.7090487177051424,-0.8096412503089291,1.0493224349734644,1.3225417549161438,0.4906349350224765,-0.09360447084156258,-0.7148900908674221,-0.2393816484859921,-1.127705504958024,-1.6870842565921633,1.4400138267765898,1.7614038603626943,1.1717221463560368,0.4952402082391251,2.3117957901346147,-0.7032271189457552,1.135609335192224,-0.8566235785401751,-0.583016250616909,0.00840677716723573,-0.9865255479186017,1.7010699693395843,1.8816934675967565,2.2231958361823794,1.8737176250443046,-0.9588727549571052,0.9273759551236982,2.761115178103403
2020-11-12,0.7616111277907275,1.3229574771131183,-0.3651867531504135,0.05121183691032103,-0.7309416114739967,0.32194269071887016,2.716775493154853,0.7333379653388221,-0.02206773854452582,1.6251536394098485,1.2673422777236183,0.5440440445959283,-0.9592812054923039,0.7026799012713415,-1.967615712085971,-1.618533047942309,1.3609807361804875,-1.576236758571625,-1.0355881377634186,0.35084323028194053,-1.0992314414294524,1.0354213240986658,-0.6342374878243344,-0.939556091497341,-1.4418782406958002,1.2651843207556823,-0.5838053323061944,-0.6092861522191516,-0.4222171488836533,-1.144247131012672,1.8881128661260276,0.2299854076804255,2.3657490957633653,-1.281137392694682,1.7175298194831392,-0.9595588411780651,-0.7988223120198886,0.5514073347080041,1.3039622383692306,1.650097344099331,-0.03160410602984127,2.8049971527985753,-1.3572570512351345,0.9715914627933584,-0.08838824062619537,-1.1335207591513998,-1.1554185955532932,1.6568763352776714,-0.37184133149540466,1.3699429595826573,0.2716554387148695,1.5413124007069026,1.5670431644207226,2.031346049564131,-1.916781070750091,-0.9439037151314656,0.8813615690403425,-1.2183789294012515,-1.026453661496413,-2.542966236799464,-1.2451901268584447,-1.1791590990923912,-2.050030422410403,0.04484503091902588,-1.0560842971742355,1.6047649701129294,1.2463166682249749,-0.36607132772975726,-1.0246298321770968,2.009703190343044,-1.5770361395805041,-1.4511886538468142,-1.4616173156599537,0.050342338962092684,0.7876853674011228,-0.16638453479296816,-1.1614359224040673,-0.37219470172845603,-1.392400087176366,-0.9659659741911939,1.3347685428852103,2.1353666481997844,1.9563437707148492,-1.0944932860813126,1.3363403834869378,-1.6852305475177125,-1.7874162968325493,0.20492690725073298,-0.24358364249885334,1.1085007043531327,-0.6733537331312555,-0.9682882789358573,-0.906769548224333,1.286471281975543,-0.7661373568295728,-2.434063998825948,-1.5406304373023227,-1.5412141353986228,-0.9075265027685645,-0.4049899265349203,-1.0139798436591023,-0.8674206242398352,-2.1167354803796954,-0.6323402797895403,-0.890923790179651,-1.3985091731289032,-0.46541621803517425,-1.377576909118087,-1.930658107508805,1.0111665147845155,-1.0046363946402734,-1.5968199350491243,1.1241638030865517,-1.8635080858874138,-1.5433803582600105,-1.1847084323878754,-0.9501244260393614,0.8021058835023066,0.41756155213883944,0.07575026207184277,1.6719805781648438,-1.0740086177531598,-1.0262510461750343,-1.4689657854546532,-1.9148601993119247,1.3306897636104527,2.208366954195939,0.010833509856181901,0.024894030712443706,1.168630747667378,-0.6349042051906721,0.41787996482332307,-1.5219749464312498,-0.8270070607225011,-0.04291876713236476,-1.5753386884594822,1.8256731296756077,0.8792739562044767,0.9020309697598997,1.8955457555780042,-1.2439172024131067,0.6153252020364554,2.0484896888937083
2020-11-13,-0.7425036953892609,0.370941249485107,-2.0809084747276,-1.2260367930959022,-1.19295798765241,-1.4409512722184945,1.670067979606096,-0.4027048659273493,-1.6963251208601775,0.5786118246755303,-0.7783627666525401,-1.0134134410720401,-1.4939656867078406,0.2085936875655669,-2.1849097446864905,-2.3646691087918748,-0.12229730874067128,-3.0449595502168108,-1.7554164995504162,-0.5814292922038368,-2.40598916989825,-0.22791865372246994,-1.8011680836010011,-1.4976635547393795,-1.6677967355547543,0.1903363125961608,-0.9071607223954269,-1.9054573973603837,-2.54725411707841,-1.5946492347392227,0.3475207035074446,-0.586314463124197,1.2618022720444222,-1.4168502180657472,1.0714559130771786,-1.753264999833562,-1.4060207882739602,-0.6360593065214291,-0.7543101553621274,0.02338606001255573,-1.101240662777245,1.7539393057164308,-2.0372997581179337,0.23287804731074535,-0.9653390416303198,-1.5832518070887018,-1.9067727659637799,-1.3824289505062461,-1.208002667604237,0.022507484152908753,-1.963815052301783,1.2676212907896136,0.723982078691358,1.4674662056325298,-2.066588085174323,-1.1075005548041585,0.014306784295399382,-2.3481295024444813,-2.0910873817712172,-3.0425592002873953,-1.9041574242185915,-1.6852844385215493,-2.281621124568932,-0.7905438271224935,-2.1437224775334878,0.3172842828519818,-0.004809765242141902,-1.6818650929113275,-1.5169460059678488,1.5394506256714409,-2.120245734742612,-1.817472507601405,-2.7846067208967646,-3.084283925849588,0.22636402979038636,-1.5138018570460656,-1.3184504529808936,-1.6648836784896526,-1.6879234982977205,-1.5910782700627137,0.9576563790051599,1.1420999963492342,-0.887877016672292,-2.28851936412371,-0.20605650096781905,-2.6756118249766776,-3.0534997364555894,-0.547992126751776,-1.2895221851515994,-0.6112475201134625,-1.8599980749083536,-2.4480112461428702,-1.8936068100417973,-0.35207409780078425,-1.5274331540879387,-3.726647202291365,-1.8863793891022924,-1.885401843795502,-1.1376178357727835,-2.164565454954604,-1.5187929383772674,-1.2181945056363876,-2.2759294676565758,-1.8856731484764073,-1.5652999293426024,-2.128957480594723,-0.9948977832024799,-1.4367986048873251,-2.3476849379890323,-0.1073496217373013,-1.7371066912186603,-2.7469110495381415,0.5006903295947112,-2.690381440310766,-1.7785303783439268,-1.5860794047850642,-0.9870674938654931,0.34598417092641087,-1.2651148082346702,-0.7484676963532885,-0.5923647266599301,-1.2696716125276861,-2.569141839954736,-2.162950024401551,-2.632370862380451,1.6180003771285887,1.3378505606322835,-1.6123473176113858,-2.111735101480885,-1.3902265951205985,-0.9469329117481882,-0.34388088121078214,-2.1136285403968285,-1.6612580290692143,-0.6276668722699396,-2.449739525077567,1.1712513466039063,-0.7986515822419774,0.11060071011025335,1.2956611263409554,-1.9898617069777236,-1.5917298999370348,0.7180440403822639
2020-11-14,-0.7415187219814967,-0.2651726043100644,-0.09716716369018666,-2.2786737588851556,-0.7400317645251963,-1.1512728722668282,1.3898724905454167,-0.12230792783522001,-1.1335351084541019,0.5852012713066932,-0.9186111435532224,-0.863055108453866,-1.4609274481226735,0.951943448090472,-1.9183101720552465,-2.076256318129638,0.04693815647269091,-2.552808449725935,-1.5862060063616954,0.9083055654534596,-2.199944765222256,0.11211830625855262,-1.665690386013782,-1.7057302571491686,-1.8903565347519309,-0.01920800813315729,-1.0348993920703125,-2.220814303226022,-2.4269287971301674,-1.852398532285628,0.36054742374374643,-0.3450397408660465,1.0179308011422294,-1.2363190315142225,1.2657286866829132,-1.7313776834080892,-1.3208898319410904,-1.4776047549566136,-0.5537160986577593,0.2684230906028771,-0.8700810612337976,1.5829867141514011,-1.7913101934436553,0.5515160314393244,-1.1909798556182982,-1.4963487658224692,-2.09612105611379,-1.438077099903585,-1.6620025783170294,-0.016682261848769663,-1.4874375549109546,0.5702410961957487,1.3130056692859693,1.5181094549820033,-1.8665574637158688,-1.1500562191497705,-0.011689187283034422,-2.1028270924821513,-2.6704071040257387,-2.316904721425186,-1.7319011149619605,-1.4394203537611052,-2.2336974465912958,-1.1346965489428473,-2.091969160795027,0.48840681643086403,0.14479424418690345,-2.2647776566010323,-2.015339803624567,1.6894560504987914,-2.1167437441128047,-1.51051393281293,-1.9633461566195862,-2.4710331009061837,0.49919656727684186,-1.8371090043097922,-1.3843350539893433,-1.5549301283133772,-1.85100912393287,-1.389045422973124,0.7343862101032322,1.0454554307495152,-0.9359653458660041,-2.41457235884168,-1.1034458837647292,-2.3415251912905157,-2.8094699388037343,-0.8245508145577669,-1.7807134455744125,-0.689221572660417,-1.6681816663954572,-1.715435119090015,-2.0365748477541064,0.18364897884884404,-1.2786050088843657,-2.7729808746799742,-1.8256911097285535,-1.828448025856355,-1.2832910917985971,-2.5298793368870385,-1.6074903381091652,0.21838274286286316,-2.2196957585069663,-1.7857419871467788,-0.8123674078126752,-1.9414461422913774,-0.8677149285796502,-1.435135790123023,-1.9493487915054992,-0.12560453027430257,-1.5295438471164693,-2.286995740853178,0.4410616423806666,-2.0321087507675784,-1.5184414595788198,-1.5624457936851093,-0.8226837690203275,0.3890623674400386,-1.1551119279587947,-0.3142552313039123,-0.14133563541453695,-0.5377194015528611,-2.138953687947645,-1.7131818037600746,-2.1689686712560676,1.1602358742087655,1.2629684803902101,-1.6547312321907377,-2.270598786989647,-0.8610659059236693,-0.8518864019843589,-0.2805155466592851,-1.9119586254436314,-1.35001814509206,-0.9238345231397719,-2.1150456099216774,0.8979040438710105,-0.5541695459740907,0.21955939226736357,1.413068666012848,-1.7184898237063566,-2.631656660051007,0.5169210637893622
2020-11-17,-1.7105541571261562,-0.7312695157245157,-1.9618631034996563,-2.660069224961145,-1.2794414946925894,-1.5865945481578596,2.43523018797908,-1.020584792232919,-1.3976980279935016,-0.33962093951961914,-2.022542276665017,-2.0710887967007574,-1.5475851914260497,0.2749415728847837,-2.1280714050210308,-2.6097513320484316,-0.1536903792048632,-2.4219288938934316,-1.8631559416159063,-0.313951645964925,-2.238266171505425,0.7011379066885634,-2.071818160817237,-2.353592020580947,-2.3026723456123968,-0.40401329346346926,-1.2917065074532923,-2.5565025096108465,-2.0162506333107495,-2.1426651050007264,0.7111780580689794,-0.01231256062149781,0.3524634600822203,-1.329362535201003,0.9508974588552003,-0.061829071515445914,-1.2576863556835254,-1.7889543440592677,-1.0792113689497358,-1.7088241731370692,-1.5122324737485429,1.2415576164175273,-2.453651423344645,-0.47442268247569974,-1.386572080482035,-1.790060111571252,-1.9813484434258806,-1.7182522360107317,-1.5615579803502035,0.597652386485572,-2.005213267997582,-0.4747011776726615,0.8156485588810966,0.8225162422784632,-1.8381769532180423,-1.5597039161849409,-1.1274571845435448,-2.1981402904147487,-2.6993448398323383,-1.5565064211170145,-2.1248796711912425,-1.7665716829589768,-1.6265711477131781,-1.914854527836869,-2.334316849565189,-0.6257278289064607,-0.7610656693826345,-2.5298215175842618,-2.1535051044834854,0.8778443318289609,-2.2259277635531713,-2.070705695448894,-2.075666907084578,-2.9151750099728657,-0.013834073637585358,-2.314541460227703,-1.284322353398445,-2.7379897634585837,-1.9319575599524248,-1.823373626676003,-0.7636962176026615,0.34376244392541755,-1.7953716932253854,-2.355528490450431,-1.7845728654792996,-2.2521730633585673,-2.4299794573786655,-1.8373226414057868,-2.0543963472224025,-2.1074910838646876,-2.7895160581412775,-1.8524489356425453,-2.1071926377124592,-0.2341772844816564,-1.7976948908769441,-2.162224154247357,-1.936683533974537,-1.9490229024936594,-1.6012412417975617,-2.96111072278004,-1.9300386305064499,0.3096054773545958,-2.4344261815470665,-2.0959199479904274,-1.736447888807605,-2.2075374081604813,-1.6212124327223518,-2.0701524364268606,-1.9918658280149224,-0.5212703416987137,-1.77994613369221,-2.6031420150640243,-0.09132119857632147,-2.355190547221964,-1.8161886086989314,-1.7530293142572861,-1.7128614255062822,-0.46453100776583406,-1.7390854918028782,-1.4534112312998477,-2.8094681374454193,-0.45153345043431514,-2.41150044204652,-1.9423591295587297,-2.5239846856133554,0.4202192454662188,0.27622334607502796,-1.736663757916306,-2.776048234757328,-2.1763329888737557,-1.8729247385504015,-1.159054792143247,-1.912460186155112,-2.1881011429273016,-1.5353210383166338,-2.213110980176821,0.24236687883972352,0.8405521396291267,-0.36244084138480537,0.8568584612092102,-2.060182674346819,-2.74538953194436,-0.3149257245152655
2020-11-18,-1.4567888816919514,-0.9354891785073066,-1.4816218207231742,-1.8002889984130295,-0.9632792386516033,-1.6939653702915338,2.4688080596477677,-0.6915265757538556,-0.8238407717903367,0.6164152808684468,-1.5653746690433434,-1.7315598787580573,-1.353361086535664,0.2923707857103517,-0.9628639890199712,-2.2701100373796548,0.3937479965586023,-1.9714420041172944,-1.525277960386328,-0.8706019370838678,-1.787806279729148,1.1429738133261382,-1.6835442237628655,-1.719462196729891,-2.1275858227275006,-0.12580300520383372,-0.4275125746809702,-2.3373756953925002,-0.9378009543121262,-1.8310642615699808,0.2007039730086679,0.20769494192823898,0.7286219241732953,-1.6941177532111615,1.579388109045158,1.0597414689797597,-1.0421351713253277,-2.039292112537142,-0.48373466301988627,-1.973286974007041,-0.9023098700257999,1.0115186315618974,-1.0871951245559233,-0.4802119437834185,0.07971560148418488,-1.6541693276410852,-1.7244516513562904,-0.3586382914787573,0.27088937283139003,1.1405449295229544,-1.4021485510472915,-0.6135994454046593,0.3337124186079121,1.1447697236546899,-1.4794847128695006,-1.4181487175028344,-0.1513153738677234,-1.7043042250671896,-2.030155168807356,-0.7114760340320992,-2.060569753167806,-1.4575540730737946,-1.3581494200162363,-0.9727366789626418,-1.2970988626940283,-0.35889455284437605,-1.257834844368314,-2.110287613052987,-1.3692294772300404,0.9343175099135355,-2.0866365099474637,-1.880968427285794,-1.5415264038858454,-1.874568321582684,0.07223688194672237,-0.6740718489804391,-1.5624524665684985,-2.3527726960656716,-0.9129876069509936,-1.7598289815549857,-0.9444507235304296,0.3871476373633155,-2.0541658885709784,-1.7460610325627848,-0.32580647106447713,-0.6137121880414993,-1.9380644525497353,-0.8252707550840869,-2.093101091154488,-1.3634153710503096,-1.3889030581375463,-0.6937734805066376,-1.7373253782061717,0.21543505805301005,0.6078057530194847,-0.9394274913002714,-1.7627916018063123,-1.7662535253929994,-1.5838208764801829,-2.278520585114097,-1.3555832213899746,0.9322503476320995,-1.5266400618631166,-1.9125212382899779,-1.6810622707691747,-1.8930245694370673,-1.3804456338377806,-2.1986027148759355,-1.6845185024112972,-0.9137078285668694,-1.5800974090052529,-2.0559566619178904,-0.2688792038610821,-1.9835025441727638,-1.578392432432889,-1.300776992761388,-1.7525532100694925,-0.37379043557272496,-1.4613431096233926,-1.8063767325053843,-1.785910843419019,-1.034542686973874,-1.4084730921026727,-1.5972290150602242,-2.1442017731225795,0.2526872461077358,-0.17798902513334033,-1.551091790615441,-2.2901795846362276,-1.3138507556375782,-2.401852117712821,-0.0037540680784384577,-1.6632336397409768,-1.5173659973817941,-1.2793677831352217,-1.697866352423132,-0.4909521775054439,2.217175373544922,0.0881807363549843,0.8725306117185203,-1.1952893795413715,-1.8046267045660245,0.08367832059460031
2020-11-19,-0.8455730070788857,0.32770261635007236,0.7752642020395353,-0.708105239542565,-0.7495377984711133,-0.4957769410152363,2.309382285086323,0.7229621870335435,-0.2326921168384333,1.0174369888033714,-1.3923398111111231,-0.8376617675536564,-0.4903897063238611,0.7518351149235057,-0.3890208998781506,-1.0146157630363077,2.3280549694414865,-1.061185297540539,-0.9875557809183061,0.4643086691371698,-1.0059190141136416,1.8463585084340048,-1.109450547027025,-1.4505734383934916,-1.4258755960414424,1.199239944284137,2.7163004413493295,-1.5008450292982327,0.0449313200539794,-1.2892083943775199,-0.37007011810523077,1.611655318613636,0.7140923026874275,-1.071943111838574,1.7758483521850705,1.9841321912398877,-0.12150579117130586,-1.3491927279687461,0.45109644682785743,-1.4856866745203008,0.09044667163233537,1.018492476042972,0.6975207030971847,1.908188848571873,0.4054728207069831,-0.8622156016754274,-0.883271967093954,0.6427007210303746,0.1914181742438808,1.3779470742102413,-0.43182591250883756,0.6536856633193312,1.3689787745725568,1.1718103484196543,-1.1576250819118978,-1.0245071201918274,1.0282279348912327,-1.219844113767744,-1.3481106199915753,-1.0786681896828445,-1.7772468529247083,-0.6520593072517855,-0.7443108882883005,-0.6242871701748597,-0.4962388357096878,-0.1185741161473303,-0.42310292582494097,-1.133322129057865,-1.085506078058215,0.8757188314618612,-1.487645927782223,-1.3000502367868048,-0.9593839201928371,-0.8814706420222549,1.922464179517732,-0.07750354249295185,-1.1307576843473006,-1.316946696650071,-0.16121372097849762,-0.598143368261849,-0.3891823495505725,0.20901953554088423,-0.7458663225322691,-0.9681456484534982,0.3299552847450321,-0.45462112170077706,-1.1004325798820047,0.8615953469214266,-1.5781360639383766,-0.7526180596537609,0.6428323802101631,-0.3239760323348353,-1.0968501134979605,1.475746672277998,1.5770153863608434,-0.7575295801277038,-1.268834201887739,-1.267790677065606,-0.8977277270737783,-1.2975200731924772,-0.31911965201438,2.4155334912691813,-1.0482441054722214,-0.9249280373632813,-0.9307578866377216,-1.4146697541786406,-1.0297959866792632,-0.9920164114569897,-0.3877365298600588,0.6916164912653977,-0.9140367263685139,-1.2708748261511922,-0.04590761070527531,-1.2062390578460918,-1.118959124217799,-0.4859544813612862,-1.0485253501908933,0.9440400991088896,-0.5707902125959948,-0.6185108598195016,-1.014938294624918,-0.2552753479020037,-0.9157101844357206,-1.0574933748762458,-1.5570452083040138,0.22001188629976734,0.08297364755775043,-0.6544532174819688,-1.365845143348989,-1.069084809353259,-1.7005399066447677,1.9861202198645864,-1.3005121947519376,-1.5803553331252553,-0.0367526997769102,-0.9268717340275255,-0.18297115134347605,2.3093075487791825,0.9699313667071294,0.881427192260243,-0.6658789954876422,-0.884117553327141,0.3330867059521496
2020-11-20,-0.7201635847791007,0.7894845595896581,1.2437965338106327,-0.37421877750040133,-0.3559025830677179,0.6830016189851709,2.02980286231326,0.8925553726082099,0.3029555699353141,0.6146925853554214,-0.561381112044486,-0.49962503548720105,-0.28901088986275797,0.527267300567753,-0.28774241063666006,-0.7954851006616122,2.126239520777438,-0.7685066743581639,-0.854698537513681,2.040354898587862,-0.7319932849114502,1.8915069939238744,-0.936508869926502,-1.4033108391734472,-1.2526632536718607,1.7874282813370568,2.592863320642681,-1.1680960404317504,0.32211658140962535,-1.1541277469839544,-0.7777523935907604,1.9131957026907254,0.9170423009671403,-0.9410617074802121,1.7149148682275699,2.054476039945396,-0.41456403013112936,-1.3656312865061755,0.9939302176704726,-1.2425523475997302,0.2331884730288906,0.8220777867947361,0.8557129563524875,2.1565295875020603,0.8347027642298356,-0.68925434274764,-0.8639199091423622,0.7555832014586191,0.7530142188362117,1.5119631447975421,-0.3057324879137974,0.8079082357642241,1.187789452278347,1.0075270724242082,-0.7292417828585308,-0.6651291142239678,2.3471526220307224,-0.3415133601737138,-1.066240055072213,-1.4802693604649237,-1.118458893644599,-0.5977142004476383,-0.3085668676213743,-1.0768429499832355,-0.31987645114771524,-0.5600502502840707,-0.390284621796979,-1.0616155495445283,-1.0575237804882311,1.0623373899077697,-1.4067356598935026,-1.1857316667351478,-0.4256837400657636,0.04053637427553508,1.6944614078378217,-0.3266305596809319,-0.8920713452099507,-1.0636585519961965,-0.2437239369461678,-0.3594089828030759,-0.3709955704223144,0.137706145617119,-0.29928411828221146,-0.8400426402578665,0.9051912283185551,-0.05751612531498435,-0.7286974797217353,1.1366357569154322,-1.161916436766224,-0.06117323904995689,1.142636616883619,0.5919007185390327,-0.9223652309697284,2.10671002968711,1.6708786593543337,-0.7419540800056162,-1.0355577191283771,-1.031309008862974,-0.687727363644193,-1.10528526359276,-0.49897110427862407,2.7990486988820567,-1.0116535323221576,-0.9004575645440127,-0.4970393568367503,-1.221351494921644,-0.9621308694583038,-0.8422825807089692,-0.2900279797874121,0.7091844607805511,-0.6369711033761207,-1.1051127206455802,0.15570225593698442,-0.9821564130508565,-0.9622579438246847,0.11643037971681543,-0.9739067975511503,1.2644953469042415,0.44435111508634256,0.03604981042353293,-0.6685453738718034,0.5585529733057019,-0.6620397462904953,-0.9413499682339723,-1.1713139996351651,0.8779824460903051,0.24125865909883185,0.19372962385807121,-1.0638119873420517,-0.6142770532870234,-1.1410552743964344,2.128121543773333,-1.0743619736243537,-1.530828311552891,1.9835888098219,-0.5776456274163619,-0.41502181587172254,2.2483611906175205,1.1352720767642053,0.8886005697852629,-0.9172044992588947,-0.4423606072385104,0.44364468353467207
2020-11-23,-0.8455139388987171,0.8187520213807632,0.986365366151328,-0.2975859037324484,-0.6724427248571028,0.6356334541549717,1.9843541176680572,0.9953362125742157,0.45097954439490945,0.11489746990786122,-0.20360864932050252,0.02244961287870877,-0.9655086743592378,-0.7998215258725515,-0.7157882587147004,-0.8765329659118808,1.998749820798442,-1.147297652291832,-1.631288747591643,0.08008440295875034,-1.144041461700954,0.8063299396032765,-1.2222127824693794,-1.4154366824431202,-1.6648441930712394,1.6757605264923656,2.2387756954518516,-1.0354914523119236,0.7653702797594357,-1.341247089278947,-1.0655420909579711,1.929153037697311,1.1240485559995634,-1.5632532031767716,1.1382673244117336,1.495822937211836,-1.5202736665464562,-1.4087881293432156,1.271707988369492,-1.1664826552291563,-0.1800664241350474,1.1014052185862166,0.8577546508026171,2.181238390644156,0.6171331013751468,-1.1049352186901766,-0.9253055152070384,0.6078049728478967,-0.03311316688679331,1.6445066049507515,-0.7646746991581593,1.1623129369076022,0.5729730425687019,0.5612496344292428,-0.08202174685067852,-1.9062920414374744,1.7722541287160392,-0.2236417481954954,-1.0349119272124598,-0.7174518298900471,-0.8784211195788287,-1.0393878504003604,-0.4794774401760472,-1.2077258204540866,-0.5650067108099723,-1.375351401035566,-1.208146487094952,-1.4331993147475726,-1.3175255379506983,0.8756422255030164,-1.449812810890125,-1.4267832523396269,-0.3881432579051824,-0.12152283891690344,1.4092944127049976,0.4395586840390136,-1.1622436198271768,-1.2502890700820237,-0.4710825063118089,-0.44349925017337716,-0.3077104865737452,0.30567903856938955,-0.43279377684601933,-0.9308346932579094,0.5202590430634929,-0.122902928347427,-0.795093517332842,0.2531582573027317,-1.5273667294446374,0.03275457995266829,1.1841104555043709,0.77556908545925,-0.765245135799647,1.696886282147077,1.4458850587681953,-0.2251200363306006,-1.0076615426190383,-1.0193711322050822,-1.372798218603699,-1.1703037602274613,-1.0603748732751752,2.749116971448417,-1.193658616645388,-0.9145968042063861,-1.0097927173175554,-1.7139113088413551,-1.1259540145535984,-1.801554637348257,-0.2509738945324349,1.1625947845408384,-0.9597155619810184,-1.471054495236481,0.12407580030788613,-1.1478893897962201,-1.0787575675070085,1.179956386286709,-0.6760830073334161,1.4043638729481078,-0.9126000546133111,-0.09091613604645403,-0.47567286795078667,0.04220162540542285,-1.0152626223273504,-1.1001630656559873,-1.0807929168740475,0.7418860940650519,0.36363754976341706,1.0502733096789751,-1.1278870513843997,0.33494025609014744,-1.4855177434435918,1.7379046115413705,-1.2409279652874037,-1.492849503522599,2.1510954303128886,-1.0919429919847854,-0.9811185186925715,1.5636535653623997,0.5266527598047731,0.639863452042813,-1.224909322512264,-0.5648476023670889,1.1689643464414101
2020-11-24,-0.6779135402805377,1.2999969748909561,1.6498011380785225,0.5418890927238287,-0.6551053431808097,1.3396499154171984,1.676167909139006,1.1215232523681757,0.9379802130187781,0.3355782319818303,0.8947561350098534,0.18431649296174032,0.08451026805601604,2.078553444234049,0.13648403685187704,0.0074756698862541715,1.5705968437418545,-0.5168571088835753,-1.0702217608936486,0.1323832961226393,-0.8360794006329959,1.1020451400427866,-0.9329155370592995,-1.4846764697770412,-1.65465919574009,1.0833392539916256,2.243463908710496,-2.4141911077315643,0.788425104287941,-0.9093423720412742,-0.9657652820417056,2.0548997320970646,0.5673468430501958,-1.0511139471694466,1.0737437821875466,1.28711909847817,-2.029487581453756,-0.7669271366203175,1.4602358163204825,-1.4496652457235928,0.316677369635888,0.8601575289683736,1.1637485095231135,1.2856329449587427,0.925756554203761,-0.6016043504725912,-0.7035564256627067,0.18337097223638862,1.0047919969144323,1.6057896615562515,-0.7854763558901223,1.5891194680570873,0.7261284294752905,0.4956360629411675,0.9220528771757059,-1.677972683125669,1.5640473684933922,0.032742279931062636,-1.2422245396256566,-0.3586769617317333,-0.8491349579667317,0.3100175255956339,0.03677849983169152,-1.5620452071594826,-0.236314985207235,-0.7793277928156813,-0.49338802612940486,0.00043543854196492087,-1.072241109000155,0.8525308229375375,-1.4134281827959165,-0.9803524673127326,-0.23548732644835252,0.1352398652830548,0.5425850997952669,1.0852879249756584,-0.33699075460721895,-0.931325647111482,-0.01585411425929485,0.5141038333829584,-0.12700123411811554,0.39130547671724586,-0.4205808267916673,-0.10744996313729026,1.4951952029559543,-0.009228817319711553,-0.3246491859785346,0.5945998038560537,-0.6537796582956134,0.16951016035017402,1.7986790615774746,1.043504909740316,-0.6966535176685176,1.4173557137711554,1.4620055536625918,-0.11295521461163871,-0.7826178313876031,-0.7753023945380674,-1.3596189020750713,-1.371043915215688,-1.3097966453346204,1.9934330544623788,-0.9533099627909706,-0.7865310710950882,-0.10177111162899057,-1.5317266980679018,-1.2879129254491828,-1.1974514508884997,1.2764221625019272,1.2576221554547118,-0.10770259728244011,-0.8182934630807128,0.018479258235742934,-1.3614396450158415,-0.5800829826765134,1.4710905621043628,0.4984752091567152,0.9970847612119889,-0.6627073994751601,-0.632534918572912,-0.3872647306343273,0.6898474167407704,-1.1129766781175268,-0.773717037957195,-1.028626328037705,1.098466632415708,1.531512046855614,1.1755852221921674,-0.8001032860669158,0.4170002184698937,-0.6134948729031376,2.081841868849123,-1.0042211027935544,-0.5959797209477598,2.0310241800059945,-0.8228882473008238,-0.488624348662752,1.289141060151103,0.6274643639555229,0.6945696545938151,-0.9527940546231949,-0.3052012490752081,0.8081473667212233
2020-11-25,-0.7795333772315026,1.348859913396201,2.9062659643054958,0.8913960855934292,-0.5927645151702224,1.5671845854426518,1.4735533918644668,1.271047684129273,0.09548593890192107,0.3317193928843693,0.656405884701609,1.3901078744526925,0.9197492278308301,0.42225747276686526,0.5349363185397564,0.5315619804781224,1.111003019914283,0.15139466906774302,-0.8745941793423541,0.5174125626929097,-0.9185120376628964,1.0820877245426683,-0.07245547442724637,-1.2925025201061127,-1.4725205974937612,1.1745631209525482,1.428149038033097,-2.121383981122528,1.1741217437334834,-0.6120762481819749,-0.8942440836372397,2.0213026939062875,0.613947422593074,-1.0505428112928037,1.4533091461209364,1.4056032151230273,-2.6452276100684298,-0.5810994199016902,1.663779669913136,-0.8066301842056296,0.9368891687671599,0.6250018877264394,1.043918832091208,0.8936521948098302,1.2478264533650345,0.2344937778108856,-0.36132704186656794,0.5450557720325226,0.1335562557960718,2.0228984956896,-0.1795568479847545,1.7701506494688104,0.0336736111125949,0.7906476520727168,1.759716361623632,-1.2086736577849375,1.64795090317678,0.20784326081783996,-1.6445859665272364,0.037909532046369376,-0.4583042049312763,1.4302150696915028,-0.3897048245011147,-1.469213567209074,0.19252352833842545,-0.8671115162328398,0.8257962001892202,0.8644785212975574,-0.958464188923368,1.4812964402792523,-1.0200731632672901,-1.1474178638268837,0.1000230983279013,0.7754405780794851,0.5615831672134904,1.4957417705368974,0.45941842677983136,-0.5064364387544132,-0.14714942365448652,0.8590707530375762,-0.22210400374470668,0.6431641432747327,-0.671135117203674,0.17406499208483517,1.5826476733227124,1.7256160894342771,-0.3659128130478942,0.7316843924231915,-0.6314067682607616,0.3931948084518728,2.0287454490038863,1.6195598780157416,-0.8981274661424361,1.0946399990421356,1.1754906918712997,0.18653627238207623,-0.6599652646149565,-0.6585820420790042,-1.4081623482060366,-1.2523166621630497,-1.1638044013008966,1.5117867479312324,-0.4832375202657356,-0.2555020549003277,0.2600258546904916,-1.426990879828881,-1.4544715972758107,-1.0068981898621931,0.8898083069022956,0.7734069379345182,0.6758763703873113,-0.5852105106369904,-0.2728431608726086,-0.8703063835286842,-0.21242337093915975,1.5177990551510052,1.020484288901205,1.2655071492085739,-0.7413601539858528,1.053286802759287,-1.0057306073030539,1.4029282618766403,-0.9661898882861714,-0.47382541948949725,-0.3757685850649585,2.7927824870270337,2.20020323552348,1.2644509249734812,-0.6123219178655566,0.2694870994473377,-1.8616724342903543,1.567198041038263,-0.8320260327293603,-0.033145569210822866,1.690561272819968,-0.799631247676211,-0.6262413326285856,1.372110439097763,0.2847642738590365,1.7663537257437878,-0.6173107226341926,-0.2609851413867731,1.62588990128848
2020-11-26,-0.2576427998268413,1.6643817290483183,2.148126528783031,1.4428065522546496,-0.5185246861758888,1.891113725853529,1.3156392314534395,1.3367160011740518,-0.20368569934419598,0.4909422815588891,1.7851777836082128,1.3317925161862132,0.7592823594653202,-0.1364345340285224,-0.1531233596413501,0.2911881317843418,1.072475168222536,0.7136203095346269,-1.0457851864257626,0.8248676663963147,-0.7758893269178735,2.176482450774518,0.27629920692746796,-1.411111965160476,-1.3952611293971697,1.623113346807867,0.8997563567917871,-1.746769000669135,1.3439270163643644,-0.7589407584530931,-0.9621961840107512,1.8317587874105077,0.6760975765484358,-1.0328989443407173,1.19601508156786,1.574874064893024,-1.9927306243549752,-0.28352232449375736,2.413905430412282,-0.2904066578764037,1.5182062515500603,0.6391828757430927,1.2322748305190032,0.17388064998167235,0.9651758527059437,0.12509963413278807,-0.7478925026075305,0.8805213490106355,0.07444857464508994,1.9495274097386441,0.8822487999252736,1.3889016839525887,1.477687427035957,0.6201432096691332,2.121821213108705,-0.38769061978059094,1.0293008320838748,0.627688026250575,-1.467027399242529,0.5424948523706072,0.25495985334220617,1.2852779096654223,0.02691851190656818,-1.6845437955092535,0.4809979062540461,-1.4614098987694086,1.1656108695695437,0.798104034134969,-0.8936285627442162,1.5243621397412344,-0.8882498344368227,-1.2349150957356685,0.5184707107878821,1.0609068132160229,0.8508607766725254,0.053989359591665786,0.8465333815933043,-0.12472925906095904,-0.25575779898380024,0.6872958688555191,0.9022203835349993,0.6850857533835673,0.33566655670886053,0.12822110866043904,1.4207936939492123,1.6520654405547661,-0.09014253723517511,1.8773385017377664,-0.8882257531248317,0.5300359866129695,1.642359985445422,1.7085413363157482,-0.9834240828800705,0.5750992834933576,0.6424983788148008,0.2178073909696102,-0.5760543527114863,-0.5839679262222874,-1.5839108481608641,-1.5460841163265195,-0.9249357865918006,0.9115327988450778,-0.3784604696520513,-0.8377519994387025,0.2515518258331644,-1.3839414310669669,-1.3089079615636703,-1.2655884003326625,0.44423681748350785,0.7786817534163671,0.3725950934712592,-1.0982756716509061,-0.6425800700403671,-0.8743670615672632,-0.33753586896980636,0.9638622594836573,0.6920097253488277,1.3867022557437927,-0.6194647105773884,1.233955676053101,-0.9365153009520097,1.4201654897332678,-0.8881559749391656,-0.5940497684822896,-0.24046524218969664,2.365433676464487,2.0488369584832995,1.1583627588286676,0.4641950089276152,0.33795792289122256,-1.6903373211854555,1.2854584862280918,-0.8398836684735894,-0.5319667941282119,1.8179109151663095,-0.5524302032417038,-0.07206100855442996,0.9733825676243417,-0.08099234248208155,1.6257620860480306,-0.8866728546734423,0.26455557936350826,1.7328836788884097
2020-11-27,-0.47067856266697905,2.511038725633523,2.059786089437485,1.6615339902717579,-0.4563288272642188,2.6820907778415655,1.3244751918839885,1.31160512700948,-0.5025570871461973,0.19125615953351086,1.9202182254260114,1.1605763487031238,1.0570251175772003,1.6463777876277697,-0.5057764748963586,-0.31102555026929385,1.0412212806636736,1.1723965191708001,-0.9472668010338022,1.4473846500434009,-0.8137874482430183,2.115246466989707,0.626993307471663,-1.2372533537304413,-1.3881415999073468,1.0983931719736875,0.3760450210729069,-1.7446639861570605,0.6827599681797253,-0.7160780572063103,-1.145476664114331,1.3895539310488234,0.6963938869077613,-1.5042942240161263,1.1934314111729454,0.7279780799708708,-1.5212177534827351,-0.8292330992333181,1.837874671063486,0.10778895485068508,1.0372750061669282,0.4853835864904417,1.5746099893998002,0.03906711935638342,0.2814067703541596,0.10944909997840825,-0.8020327894423247,0.3617696852500973,0.5539382060793725,1.275073078633904,0.6765614996490416,1.368113301967846,0.6714680671373862,0.4491950098389881,2.297713178552612,-0.27382647840604896,1.602101820164889,0.0949656259368741,-1.5131647249091114,0.8756358153851145,1.0681450367365235,1.4859315750870614,0.9493216480753671,-1.7823132041620136,0.7013890603149254,-1.3512187663015676,1.0699219751842441,0.7108839723280393,-0.48662949459444904,1.6843290857546227,-0.9882324277359724,-1.2631482400002485,0.08974847916133662,0.8720057514569165,-0.4575376728909062,0.3232086531994141,0.9067204136222883,-0.27991713197529927,-0.6945878529410149,0.3633160762133782,0.6417450536966485,0.2833465695051253,0.5287523625894289,0.035149258445043324,1.1793077762645958,1.546437419219173,0.42910375434574,0.5217229053678305,-0.9038014740141622,0.24419646776936357,1.448290220711,1.4855511119152185,-1.29981620546258,-0.5613077947913381,0.6339823165450785,0.24894635716862865,-0.6494725884871874,-0.6519018209871508,-1.5524555424505433,0.6882746193955579,0.4439914593081533,1.1985489140722847,-0.7368063599164629,-0.9790702069941813,1.014330112493205,-1.26343787473328,-0.761761541761826,-1.3323655638796807,0.3554153407532972,1.2193172642123213,0.35668014342767784,-1.1471725512722863,0.4270632154347183,-1.2371978294237935,-0.11177173666778861,1.4636785692773182,0.3041670454287521,0.8720648084807825,-0.4625638285691272,0.6774354035314394,-0.6542319077665065,0.5852324264900152,-0.9171832848407169,0.5814056888656155,-0.4901376532085468,2.216857287241626,1.587775114151499,2.1700021916641026,0.338158479271386,0.4425491929206977,-1.5051542404487737,1.159109321069452,-0.5778661391313795,-0.3883215779039348,2.599183933228253,-0.27018136970232676,0.2564784542267015,0.85542441664583,-0.22288822185221155,1.5930829915764917,-1.0467086073155114,0.1920143774917832,1.3903131561683701
2020-12-01,-0.6058495564646507,2.4494793024428723,1.4941210121063746,1.0343495003194811,-1.6578761214414461,2.3740308507665655,1.4771008413976214,1.224289369597828,-0.5719777355960632,0.24474678635808264,1.4920926134889003,0.7645720675610125,1.349070641698213,1.6952214147111608,0.08992288373222936,-0.35478581853183094,0.7359678654671603,1.6518538223649495,-0.29135757243613347,1.6824359136356575,-0.9678072417097303,2.2235320179560607,0.39920217565793076,-1.0103534793379125,-1.2240543056793096,1.6252834983405333,0.002510942099700921,-1.780919223113587,0.44641636329027606,-0.564652167527706,-1.4148920971006185,1.1238697766198267,1.50404907530994,-1.8650591583548515,1.9082934499937676,1.0767114076727846,-1.1607752271962493,-0.9529977330348667,1.3357126803863837,0.5033792838057156,0.6245705312201426,0.463324505000596,1.4489446525162952,-0.007763018607560999,0.5519338702394412,0.6898426798631923,-0.9618425632328051,0.5896834486958391,0.21315849630631473,0.6969558290274149,1.80551282728304,1.967397434720736,0.6780135190132325,1.6464353581499143,2.644462847231882,-0.30105548828331247,1.8331552216656595,-0.07099233768522963,-1.4062597363528595,1.2336317758736848,2.233853180460527,1.7479559926586528,0.6975823613571079,-1.2877447281208803,0.8301077540027212,-1.437737126829582,1.2789507957594208,0.9680620183251024,-0.0955365594201272,2.599206002946381,-0.816254220006396,-1.2246874699678538,0.16684844424494308,1.282929890893188,-0.24202379513810435,3.346654382923297,0.9893771197554844,-0.011123034219140007,-0.6730544777453495,0.08348602163675976,2.5262134699012804,0.4690948044830859,0.6976023632926072,0.2372451064942833,1.0333721936105489,0.9507841791620522,0.72593185062282,-0.2995555245246507,-1.144772091282061,0.6267999085250369,1.3039500891082556,1.1448279160830952,-1.3226550566000843,-0.33465928610421875,0.48098876559403464,0.8958065254512029,-0.1604492016159366,-0.17294435729406227,-1.633962525386505,-0.328846833448712,-0.49621010180115266,1.0842407225205797,-0.8718673838252284,-0.3936572575826391,1.219310236877878,-1.0813219394891453,-0.023764990666368408,-1.54504215129792,0.3563448925196814,1.4236275412318113,0.24626792468037517,-0.7634617109232902,-0.4745474192941894,-1.0784437638715345,0.31746912729291094,1.3775070929532685,0.29961705373297837,1.3337745488958022,0.3336942606476602,0.9255733079182562,-0.39997396102139765,0.39396158523448727,-0.9572836834110586,0.3551884898588369,-0.2597577009816206,2.5394677512202777,2.433413663326622,1.753297546141879,0.1949782321697552,0.8825878901160338,-1.5139797943240827,1.2367851925541538,-0.7681945642594034,-0.743705465696438,2.565320545868991,-0.12286603214776465,-0.17686225634362704,-2.0110894477454293,0.6255661488395228,2.9703736328076196,-1.0575219325093357,-0.37309010476883786,2.0785403093043238
2020-12-02,-0.8315730303624758,2.1602254325596886,0.9456615132728752,0.924278339468362,-1.596249517451302,2.0319996921117247,1.58006015482386,1.3006087160909858,-0.7826359452491747,-0.053608666887832564,1.4091881571196787,1.084134999994902,1.7127993136296196,1.341906393405054,0.0314903172530812,-0.05464012882486229,0.44489584931730874,1.6347634369824535,0.26476645676630267,0.7106132467471219,-1.1006994521517715,1.788347647664077,0.6651031180219149,-0.9390888533825129,-1.1278894661369294,1.672531551414653,-0.7613875658119226,-1.4360951571382135,0.3188225266666349,-0.22145257342637184,-1.2720075201455954,0.9386483903327718,1.6783669918613229,-1.483039278547315,1.5232237595101537,1.50274985830879,0.2361079743044611,-0.8754477457239136,1.030258994150696,0.6269229023578924,0.6902240679453476,0.511336394069438,0.9188903499607741,-0.21813825891305177,0.6720490726968522,0.6680501638278593,-1.1463086187768634,0.7657091761353267,-0.08601132307096415,0.45322602374372023,1.6990838407453766,1.6541242329076602,2.5002670483776552,1.2023797336980357,2.6186984769990036,-0.030920693371553568,2.0059044210475068,0.722498807242019,-0.998815383818351,1.2166915550702888,1.2396780778906777,2.360323526450577,0.48228921668113967,-1.1602011147062437,0.9248647880251197,-1.399555437979663,1.9749637473972266,0.8236798910352467,0.11038017464906771,2.093913814446789,-0.3042355900420503,-1.3567925114116126,0.5356352664424825,1.188798992963663,-0.9237360860490913,2.513301645462208,0.8934885210592848,1.788580190183682,0.5858721706265595,0.25267776981445034,2.05918116264346,0.5479817577131346,0.9890902911130177,0.8422312903021308,0.9887023638750614,1.2055967887850976,0.8507324239159034,-0.8290679858738065,-1.1697663328927315,0.979329992718139,0.8504486131575403,0.46580229775167237,-1.040376841376837,-0.5625631975354227,0.06535787053931165,0.9923019121998886,-0.41720566023209277,-0.41778082381360526,-1.5084777024902005,-0.4528275551258989,-0.6109194352720554,0.7445618098531338,-0.7680740786904365,-0.5598750223053657,0.5059577405797894,-0.8563183739304254,-0.2821750682203549,-1.7105714258871383,0.2930301665544026,1.219558164280195,0.39800220879393156,-0.9651304513925177,-0.7064975315751564,-0.7619940302307687,0.7960092018496214,1.7477969031906204,0.1551259490492758,1.203238673966772,0.31669104014041877,1.1649977331947454,-0.5511127430033007,0.297976872594109,-1.5200133213477447,-0.13923991845126,0.029148393367676807,1.8644688045393027,1.5017922255655438,1.6510295550246292,0.09469186896879975,1.43518875387952,-1.5791552751311757,0.7228265045509051,-0.06411422214692318,-0.521623867958913,2.185161921524719,-0.6032988190462224,-0.7834376525216206,-1.5833882239533403,0.8586911817019285,2.767501550635936,-1.0352823911646245,-0.8360581786113291,2.149423191248004
2020-12-03,-0.9265155022492626,1.8384621479311278,0.9106450506215841,0.8694291524160727,-0.8226890271406528,1.880861443451326,1.5161732597627018,1.2594731951369937,-0.5172750470861477,-0.5725418559564316,0.9495395368741069,0.8026039706225683,2.0233070557149513,0.8228307320692931,-0.00046741154930059876,-0.33766562975970316,-0.20400652319305504,1.6131592780081283,0.8800978124970927,0.31519668277529966,-0.8314787291736492,1.367835985772538,0.064841786483073,-1.0088931287121325,-1.0554627568105959,0.6835325156612326,-1.2014198053037388,-1.3227887310834756,-0.2757174011801478,0.10166613688312147,-1.3206579361898845,0.7681700125076112,1.3836757018070032,-1.4358850256640154,2.599651543808089,1.185478475456154,-0.18790882456503785,-1.5986312609757678,0.7145335703301685,-0.055708224802140806,0.12526745406861933,0.3696687180419498,0.8132125837331862,-0.2868085455223263,-0.04123689233646989,1.1131158626291666,-0.9846263446582972,0.1267199922913952,1.20287981217375,-0.03676554113165753,0.9295491263938694,0.41816975366563913,2.252074361841227,1.802233192753943,2.2160682017704767,-1.026648146066053,1.8602212117944583,-0.22881447390679324,-0.9238424071198706,0.7525606779827934,1.3712178691378627,2.2804987754628936,0.3033395412229138,-1.2096961606851775,0.9409542042776896,-1.8016929798405976,1.617557285782994,0.7813946171131549,0.20716224566703612,2.369466783055562,-0.22653735267828654,-0.14134068029247235,0.0893984577709412,0.7803520547823211,-1.4907258585358152,1.3532154632142661,1.5319090203039178,1.2428003179094453,1.19980592105104,0.19026198166669864,3.510060518880621,0.2702985173460442,0.48794309329242913,0.5689144708129924,1.1406202111085622,0.5859989953661541,0.9200375756478558,-1.044503311018164,-1.3363503066749065,0.6901601022271706,-0.3622241734015638,0.554039659664214,-0.9733613492151207,-0.17873790314885968,-0.04379911612663118,0.40944446294595,-0.6998087465146782,-0.6929557444332041,-0.9594020147088906,-0.3683577816231048,-0.5464790745050176,0.6071285237911647,-0.7083559717188735,-0.5748096297404066,0.40050182286612057,-0.43756728943561574,-0.2724654948867331,-0.9915071899640652,0.4623134195856337,1.545465831658544,0.6809114629524222,-1.2171154057233675,-0.5749459120382836,-1.0003520457766397,1.8069362099511308,1.702788244019228,0.8805725537893371,0.7235357764111972,1.1781734231561765,-0.09139819658777326,-0.8953375344677167,0.03847003669366734,-1.7397969070345514,-0.33200120385372345,-0.43174574674030586,1.7831547084880062,1.424846939769851,1.3472186046685057,-0.24778200423850416,0.21474752256409863,-1.6939205792831291,0.6040970995750079,-0.17551736989401787,-1.035462305052763,1.7940386830763637,0.10682006279360934,-1.264153921965819,-3.4274371498358183,0.3105441412588658,2.394397880151146,-0.7113374749134472,-1.760177342651756,1.708660265452565
2020-12-04,-1.4041102756711852,2.0485153207892504,0.51477776226526,0.4964988331551913,-2.057138045485478,2.0872983667703515,1.2263690063001584,0.2701516900716611,-0.8519451724360082,-1.303365823670164,1.3459636066087868,0.6189592913286832,1.4745572453415294,0.28574091747346175,-0.4626837210135344,-0.6237053205047818,-0.1928092981397325,1.3311123739553938,-0.8685778010039257,0.8272379938817143,-0.9976755232334403,1.431462035989535,0.589103112799481,-1.0331811244080886,-1.2195266230434199,0.6612361685188213,-1.5495997612771084,-1.3914660152940868,-0.09719727830592484,-0.7082215477010658,-1.5346364266211676,0.03606749445356411,1.6870838349820725,-1.527011735894876,2.5741140601732906,1.0601891109846153,-0.9142195666119753,-0.9955209218474317,0.9070986065691279,0.3290330918848729,-0.026233058974049303,0.6149512056739477,0.801821956899675,0.22838306712016138,-0.19450615789557035,0.6036821685861146,-1.7083635050363197,0.912559131150966,1.0124957693770926,0.12890550875051338,0.1662913098626736,0.9452500581497415,1.7767801924434676,2.6039889903703957,1.63666419183658,-1.457952863717553,1.2483527780527701,-0.2030135198586727,-1.2293970698195893,0.9568861732020393,0.5686027208747882,1.5348321466667711,-0.6957635569117253,-1.3436905410989255,0.3406103130407293,-2.127751000437268,1.5679077142938191,0.5100804636317365,-0.25705418738903174,2.3902562076304177,-0.48966344484021,-0.11423615263128664,-0.04428039374768182,0.4033444459597299,-1.3760379315102156,1.1453820491819529,1.2160518885285514,0.5586035192094724,0.6448040608575714,-0.4109014030964713,2.1599662006716893,1.4205050073318148,0.5795614188418081,0.11692118844201088,0.5016582288289825,0.6534079769231541,1.0698226045848405,-1.4269754136687245,-1.5908894725828615,-0.8991764390534945,-0.22164920588308115,0.21315220795001075,-1.701070906028814,1.0385673836884801,-0.795176240498617,-0.08417203933102914,-1.0026031552585677,-0.9989212085597727,-1.2102084725898326,-1.008104341694124,-0.842617958309169,0.7759057356086223,-1.0427604622277418,-1.235226613782018,0.7758872456714028,-0.9573336628786893,-0.6984586253277785,-1.0869251840040453,0.06871676795790232,1.9204454906904107,-0.5668501068011557,-1.6954337920629585,0.1823171603902279,-1.2764919326848063,1.0539981807036551,1.8130994853864109,0.8685956686394286,-0.325912586787744,1.3320866056841374,0.12494736324721914,-1.7400592773097594,0.8792692400693338,-1.7949475491840212,-0.227842981361839,-0.40695202059360785,1.5675741548434952,1.65519502175796,1.5508925957031563,-0.508073001932131,0.8431690664830359,-1.6977424846415896,0.14109929574509006,-0.6315515552188747,-1.235882608497027,2.2629442665422927,0.08974743216646507,-0.6321476213836179,-2.931017692103081,-0.5501922666631477,2.068875341520237,-1.0323231893249878,-2.023026580317181,1.6670150803229111
2020-12-07,-1.6064049845150246,1.6456896244835948,0.4054142701705217,-0.09513456032171864,-1.7742712183828555,1.7087472351127604,1.0513063188052576,-0.03321314267276974,-0.5797249257073548,-1.3172888395439224,0.7867426958385061,-0.526984411069484,1.4201690706916326,0.710444885538214,1.0366618369943863,-0.18020803074546748,-0.4965281751778465,1.0220855814912246,-0.7357683501294792,0.7596296978010955,-0.9707003082917531,1.1002697155184025,-0.794331568729303,-1.2251904134136844,-1.2935244425659074,-0.07582945590570235,-1.7735341696842044,-1.414237826384694,0.09949898488193248,-0.9109234694063004,-1.6389114435496444,0.1534372538732061,0.09252745153209527,-1.5340612004782763,1.9607075192896444,0.711924204425629,-0.9940684248103505,-0.9361271895440182,0.3860609351291298,-0.6468382946304297,0.06051571043044387,0.053222082439803635,1.290306485991008,-0.4217297478823503,-1.1941795438304201,0.7597661084940787,-1.8408300936751887,-0.05370305547226118,0.24791179285931078,-0.29724035558709544,-0.5274729447250951,1.1183656028929703,1.2566948029519165,2.254038615114687,1.348714107617863,-1.070983355604746,1.351250101401157,-0.1545478559007428,-1.37781865474097,1.2063019510278625,0.3049308527208504,1.7353603572813838,-0.1646169100806139,-1.3029367656930624,0.309079371389612,-1.8151292007233324,1.1169210477803886,0.6705792238460982,0.3295967681034523,2.0041675923811453,-0.5692312935698556,-0.9104777418194655,-0.20450523458619163,0.5157855856660901,-1.009876149043276,0.6948585353587627,1.3906324621755413,-0.4739363838747116,0.7146658049328538,-0.15291858312536083,2.2766416565147614,0.44890368836935945,-0.24881651183434614,-0.07520818817423824,0.6585543477167887,0.24497430683530305,0.6426351538984937,-1.3237488255633343,-1.7408450830695192,-1.21719299962914,-0.46406291370825076,0.46160791913852556,-1.8202182272994896,2.1471896835984148,-0.9643958967102833,-0.5740796549135929,-0.6761108953407611,-0.6521298432945782,-1.2368692079664028,-1.3061175933206213,-1.14525777630917,0.3179235116275042,-1.4223742422380405,-0.9756144531042721,0.6907750396924378,-0.9634679914027845,-0.1515001011850961,-1.2287659490163452,0.34641581789239334,0.7645049889125954,-0.59968762835382,-1.6496252075295714,0.6637159540121904,-1.3712003791994483,1.1978297281002974,1.2124940970296514,0.9961682976954659,-1.3235535017589106,1.1074643301080804,-1.1468041582146922,-1.821982546739162,2.3858345554958795,-1.0721914425356138,-0.8136209759113593,-0.2713141172691196,1.3267726802952338,1.3163165407439419,0.8980959369422354,-0.760831163434564,-0.08088638118780493,-1.7352601296679093,-0.39601113661136267,-0.46700702158347623,-1.7265195390335004,1.6628077012352613,-0.3920381265505966,-0.7645408736305968,-2.5087063353964605,-1.0717052757765002,1.2358512433473097,-1.4386373187950934,-2.039630032474138,0.9866530072747572
2020-12-08,-1.0798939582001161,1.5319357437370562,0.9165130263376942,0.13368600630694366,-0.9876834815488975,1.6220610517844647,1.056768545468683,-0.36235041735020457,-0.5614294259152947,0.040052799751156366,1.317468201367922,-0.3374919971722966,1.5963141131208396,1.6853656972717421,1.254449347335494,-0.19633649636715503,-0.39333033684877555,1.1533781458697923,-0.3553230168825429,0.8304205726748869,-1.2398122835246745,1.3439662175022282,-0.6173397352648469,-1.2719170187196132,-1.284504156721337,-0.22555612957292034,-1.812437795239739,-1.2940850132962658,0.6153876879043322,-0.6554013163320244,-1.39112996450257,0.06714110837000035,-0.3180420819981282,-1.664506233026186,1.1951016376206192,0.7076848288802133,-0.7716686694341839,-0.27583493092810873,0.8870825170609509,-0.7152544750907205,0.2970546208131295,-0.5268641644781316,1.717039905436949,-0.5072463698875034,-0.761691422293421,1.1937990092528934,-1.3762070891409253,-0.4138519860725455,0.11715844468560255,-1.0818537798565722,0.42089236212881226,1.0094495673588308,0.8638146572626378,1.7967592703279889,1.2462106639867585,-1.1361163069311346,1.5380631626617096,0.42365490886219,-1.1005212882338378,1.5208676964459122,0.5123084759595071,1.5644788719859253,0.1774276792875993,-1.4750351178226602,0.5230565795765479,-1.2721649693480348,0.814952617054578,0.8364974593318806,0.8620362939718993,2.015608012644444,-0.5212141016585926,-1.6029327419340669,-0.03662817756586776,1.0599274333242894,-0.3015555251132036,2.701974593684348,1.5106248443523922,-0.14219098955374862,0.8626316139437679,0.11275544465588659,1.6768660397324544,-0.2675218116110591,0.10285956856795415,0.11139810513117084,0.6979411954129512,0.22019398047746763,0.5735004005879799,-0.5769490058379512,-0.8592638649685532,-1.1387018339985846,-0.3512629676475372,0.9861968510331794,-1.6508098948428807,1.7080695131284584,-1.0025957310839633,-0.614054890887746,-0.3987095452247834,-0.39421984180195013,-1.8860078600317407,-1.5869020209922322,-1.182071181087017,0.2489566212936383,-0.6980044938735128,-0.7447845777872372,1.0226495704841259,-0.7873105931551904,0.04473944704167788,-1.8373399530454868,0.29402994953412004,1.044570629982155,-0.21198271175415243,-1.3134383764995243,0.4878247246062803,-1.0987503723169527,1.3959437983358827,1.0612513411680249,1.0483374094107114,-0.8549921352659421,1.5024038945620128,-1.2945764270132616,-1.4397435570983588,2.400973152215376,-0.8562778698755223,-0.23588351395055893,0.6184803572044782,1.1181267978325282,0.7937096158186254,0.6402224054971606,-0.7370725372188058,-0.5606862033079346,-1.2948205315626609,-0.1839762459332614,-0.3358040246044194,-1.6397370828279016,1.5247357584829695,-0.38206379702580734,-0.1308622292655096,-2.0864648178198055,-0.7512157210579222,0.7209142756249896,-1.527846780654276,-1.7449980818405963,0.8665739632858441
2020-12-09,-0.8858091014597748,1.4036886557908854,0.19205722829891242,0.2115773275032728,-1.9692684895029653,1.3841781837572258,0.5825494238045854,-0.5837693367230893,-1.2654738999271726,-0.6075430058199626,0.695840126857021,-0.46304748971968873,1.1653878468853016,0.8371351515557279,0.037160850390429497,-1.1608904808957696,-0.8454470162395387,0.5662979220732606,-1.3999532238578134,0.7528667201539345,-1.4624644000739595,0.6368777138170704,-0.5078084832091869,-1.45642855717153,-1.3556013920863945,-0.34079353054187395,-1.8239111891605948,-1.0338179597422157,-0.13983955914043314,-0.9954125956009506,-1.5311299980038444,-1.0505872445538402,-0.44240084500175547,-1.5192334157685654,0.8249864759277111,0.2634679864548459,-0.37827213926658976,0.43730671550954864,0.7237424174292555,0.2937272660533499,1.0296162106793305,-1.2240560710313049,1.2543675667157013,-1.0692239499479221,-1.3763204859044622,0.9582300801996227,-1.162402434547128,0.28488829964245466,0.046153326694326896,-1.6594376504498731,-1.1056921195769098,1.341748497681414,0.7343161051974975,0.8302620280438373,0.9604258309106043,-1.9463329441934762,1.4689515336086205,0.8344251626737956,-1.2647650874157603,1.23785873635552,0.139167492178764,1.0449100123230495,-0.3473963896686223,-1.3992898178989173,-0.06089348653424726,-0.9735127533113991,0.27674260316777366,0.3958903012388979,-0.5790547286045356,1.0580402953270525,-0.7259090904826235,-1.7361263426043105,0.2603135693398484,2.1296582643342465,-0.8938321235579698,2.654670402137491,0.7422257459824997,-0.48071044692804865,-0.03491451294598209,-0.75098129346019,1.4265652207332535,-0.12648293830478674,-0.3812060888630027,-0.3740040711942405,0.21031695735617617,-0.21673090710718343,0.30343378578622027,-1.4637536211529805,-0.5715898268228082,-1.774117217320601,-0.6254542836878657,1.1875595362815754,-1.1190844147765218,0.6446097184883663,-0.466853047669332,-0.4344682404217606,0.14236839128555265,0.14300798015128308,-1.6579880498687654,-0.6922884563306435,-1.4659154174306654,0.08382723837318826,-0.008834581542228343,-1.1555213375851487,0.7701686707299671,-1.128769763551239,-1.1173954184428603,-0.8522089985982403,-0.4511156093762919,1.1148311949251104,-0.7036657866240755,-1.7116796556762257,-1.094384202640038,-0.8880524482767026,0.5238493424019453,1.0477421444118582,-0.00872098160749836,0.04635003931923139,1.7648751880538909,-1.9225030520604265,-1.809180496036968,1.7856967067819507,-1.1531430422688498,-0.2546323573568606,1.2975082781014635,0.7072770288666094,-0.09521704177136421,0.6349764230311041,-1.3077920281088518,-0.702301874319017,-1.1118097989225653,-0.2722269612586247,-0.15261744401763805,-1.5553019900559255,1.4454999038769996,-1.507546626114488,-2.226755339394196,-1.9018458267516989,1.4634095209436093,0.41405094659388264,-1.7708137298937134,-1.905915698271649,0.7466171296689281
2020-12-10,-1.0207397379328709,1.3585750309377715,0.4448394777672801,0.06375742800371946,-1.7671189421315914,1.2834732914136682,0.6421628800284981,0.036607708799202346,-0.8539261888100217,-0.5142951043892022,0.4954320725209316,-0.5473788956697191,1.818909068647901,0.43483821712483833,0.4476173955032914,-0.8033957961744453,-0.6476398078953344,1.0453346935649848,0.7705261713305647,1.2700178530247956,-1.2828407506854778,0.8129044575033784,-0.4567469069571393,-1.5152664802910718,-0.7204882348499887,-0.358212894009042,-1.4701068689973982,-0.8037806046035444,0.1439746587890397,-0.40415975755294525,-1.0623005843658273,-1.0146991547723698,-0.5570392848564855,-0.7472293189673808,0.8929692921396141,1.2770347636944308,1.1921757278669647,1.4749507768010068,0.49441527690159326,0.629877192511716,1.7461219325827706,-0.24416530808161074,1.068523714116635,-1.7436329320634034,-0.83155804568037,2.1958947725989773,0.3631352314449524,-0.05308844034304976,0.3655084217076242,-1.4037119824634217,0.29778856956904654,1.4704969926255684,1.2841848786076229,0.26468958518505586,1.2511638347260292,-0.8234737296821739,1.0743843308857222,1.3486112388200506,-0.3509008360814308,1.4129227468668573,1.0882333618134554,1.6304251356304835,-0.133063443009267,-1.4783298737917714,0.8816197276042632,-1.089901461990395,0.9890367142641151,0.7984214809382808,-0.4240984196004777,1.0025140864957471,0.6454460428286893,-1.0784750997868904,1.208735453797284,2.1791174350767073,-0.7586807273518597,2.182013611495915,1.6630051838036257,0.20574657543652422,0.1460806667032553,0.570102969149599,0.7452118629431801,0.01925389223446998,-0.874393182596984,0.42641039529593383,0.47884593667651054,-0.02764290638697903,0.35064970650430505,-1.5170196861251541,-0.6820997251337393,-1.541949866595492,0.4228681505535781,1.4653633132217494,-0.592350115067172,0.3558093575205274,-0.22039769195406742,0.871314112567504,0.9192720967196877,0.8979469061727803,-0.7291939756424244,-0.13220390333912263,-0.00864204150341845,0.23228063216772615,0.19962022364051787,-0.3249601777207166,2.118891087864983,-1.0939956816639749,2.3284830507389462,-0.49633694481647234,-0.7241356677966367,1.1522089293715554,0.7404987098349094,-1.2526065480469595,-1.1133341381540058,-0.16051774450470932,1.5774878980302054,1.0312744693237679,0.6787675032377825,0.6289554097273844,1.7805861029253358,-1.984722322587861,-1.5407449002056837,1.9800293264038082,-1.2609999012770823,0.741622024369685,1.705012697402614,0.6472307419917995,0.1072178099757982,0.5050247755390973,-1.1854869960186294,-1.059675470274053,-0.7996156110602509,-0.18029891522904012,0.5023458679631762,0.8204142370311903,1.4858053549145989,-1.1335116678627948,-2.648112611495414,-1.629325334988333,1.914680492306888,0.2947273688589496,-0.92834381611981,-2.0023083331529374,0.8791344649258974
2020-12-11,-1.303671941835027,1.6779594769115795,0.8569837849960951,0.06736187614581188,-2.4609261007400995,1.4278453459772542,0.46199891047840885,0.18143367754942905,-0.1429897307245432,-0.5617168424780271,1.236057855378075,-0.4557926304695447,1.6783703071552996,-0.5974753968460995,0.31827303338237845,-0.776395323374543,-0.27445623402494174,0.7617051392725904,0.4043069510467972,1.945688225522683,-1.6930046730507629,1.1104659324944501,0.01352199635999628,-1.1503059137927765,-0.468096276084333,-0.6064620884755472,-1.5473961054957102,-0.6548877922126888,-1.297735270024313,-0.8667118903149716,-1.581965712112645,-0.8686441209756365,-0.9988720805278468,-0.45291396722536814,0.8442374762789093,1.1695607227031988,1.3569010594862916,1.677898752268295,1.0096099520129644,-0.9825885373806025,1.7947791739013592,-1.8256205170314366,0.26616472123983514,-1.3175205656944344,-0.6527596123862106,2.0603913621537875,0.2773225983912405,-0.7673070648386102,-0.105916070134842,-1.190330320561886,1.5671331530549935,1.212461624076567,1.3188540926197958,1.0015020727370973,1.0390218426041054,0.1928542842695217,0.5175843973300039,1.1879587269717282,-0.2949417751177165,1.7090801236258353,2.034765725987775,1.378134484513073,-0.07672369279935412,-0.4618603623362093,0.7534637510544205,-1.0569217234706922,1.0049889304852462,0.7346021221978369,0.7904984561050288,0.991904122073768,0.4946578775901033,-1.2312027356450077,1.2000327814930332,1.9511903483853605,-1.154141643761981,2.9023222460464155,1.611754966540629,0.35939401883335614,1.7258855414206618,0.48818284626657077,0.5448558899063464,-0.6868247266549158,-1.2320806780977827,0.7008169130255784,0.45055878380716197,0.15236516553030835,0.21855934606517627,-1.422826159498129,-0.26611968276366005,-1.0657855091013806,0.5795065134657271,1.3805020728692527,-0.7688952719468474,-0.7203673532340937,-0.34809811727643153,1.5422879338248763,1.2313872928224883,1.221636202084638,-1.1013738786655038,-0.010328938123361808,-0.29918490901528405,-0.049891535660678527,0.6627664814686007,0.1628344347636206,2.0128896424446285,-1.3395771978120483,2.3437541360062553,-0.9313164602639125,-0.24356905173512314,1.293967386757081,0.8791000034187507,-0.7521859084725423,-2.0987769667998712,-0.13253272115733622,1.3828144689771433,1.079959324014119,0.5146562687158174,1.145305458361228,1.5968736434407904,-1.8831414885708533,-1.8373736525288051,1.5375345941769167,-1.2398451563019737,1.3441760494015322,1.524556855105262,0.4947097366461826,0.5457893734977217,0.632670365091116,-1.13902277913723,-1.1697312358350604,-0.8814015365826736,-0.7769434003704525,-0.8061560324817352,0.7502856030276506,1.450994518011217,-0.926256333377943,-2.5652893163227235,-1.366485888307892,1.1727670070250578,0.37296448265442256,-1.1855547834442357,-1.4185573903606177,0.6013493412712018
2020-12-14,-1.032180972912719,1.5165623153397307,0.6018707269519149,0.6751796860614957,-2.042627474157075,1.2581411814534982,0.43280267890467733,1.8937146543537633,-0.41811845189152375,0.07021008859400753,1.2791152125367227,-0.6149224857500928,1.7622235648653626,-0.22464665979391354,0.13474008486024577,-0.6740009234496676,-0.5082151308962416,0.8957017712929034,0.4338368908807768,0.4105284863948005,-0.8361383278021519,1.2947437239089334,0.5872161004854528,-0.7286043165026088,-0.48721387196687443,-0.7191233849036851,-1.3100053429968637,0.027685032158634524,-2.52628134744739,-0.19928854545762592,-1.1336328894086865,-0.35790365587851697,-1.0852869126328166,-0.1403379738990014,0.6711832863258933,0.8786928672250526,1.7958668522033354,1.9597516001965456,1.142473514281251,-0.9506081413092276,2.277877234826131,-1.772856825470278,-0.03332051277969278,-0.30791119984221144,-1.2555777630564868,2.2026986232007144,0.7479391535330341,-0.09868643533092548,0.12179776339755594,-0.8525026196903791,3.525363346129943,1.6752272013248848,1.8023602477814653,1.0728820822506644,1.2235513589634277,-0.26982046379946806,0.35253301005070187,1.6571707325814666,0.4160629958500944,1.3373133015628522,2.5418841485931747,1.639509040660179,-0.3412597401897613,-0.5150712352085779,0.9719760349464404,-0.7527445006782578,1.1098748229056525,1.081544971097319,1.291740592445296,1.039534783395594,0.664107685284252,-0.9363126148823114,1.8071072251852818,1.9296203071535691,-1.1140833781868975,2.535810105014538,1.721041747639109,0.9571259498218437,1.3161398348699245,0.8105306546440915,0.6130763945966501,-1.3436205945133117,-1.0136551815653507,1.069163824081562,0.5539813164548031,0.13461155170007325,0.15650556572113497,-1.0068712801780042,-0.4162867309336575,-0.6185231717498817,1.4755518673987147,1.372574804083805,-0.3456229425092416,-0.6270868858337817,0.15269672835257328,1.1325005494213058,1.4741144371778474,1.4702475060954272,-0.2938549194656901,-0.038409440541831895,-0.8873207450766758,-0.053954858621888854,1.1390155668101032,0.8229553091754999,1.5228269495930868,-1.3706353540757577,3.0988650576392143,0.7328873587033767,-0.22028350019995077,1.3158458379310385,1.4445894523689924,0.013442028786326183,-1.823489507238074,1.0594357126929395,1.5697692010213982,0.8619312431355526,1.289850063976265,1.2952369119908502,1.565181121425431,-1.417865135336355,-1.5663076157833138,1.4325249926254886,-1.2153576500707408,0.4760155076263631,1.9994189257136779,0.37210775609349367,0.6042690480428115,0.7466710102637374,-0.5416032657024933,-1.0911776244385427,-0.39219649051563354,-0.9376927757968775,0.6648869435883333,0.36148125924648117,1.5540589571316044,-0.03008734202554051,-2.32260399948997,-1.0177982695395071,1.771772633132162,0.3370690985988698,-0.44700481317189755,-0.9145590143729557,0.6009985567720911
2020-12-15,-0.6699775984189755,1.46106578312372,-0.09707289375400201,0.9124548274238222,-2.116893229860414,1.2125448023986682,-0.2697483720759128,1.6779608024571244,0.4443748738002167,1.7294475732830243,0.7770281805101676,-0.6834084758945832,1.7335410727214782,-0.2058696996682782,0.5844589538307581,-0.09545935825681874,-0.7507628808317813,0.35128652088387236,0.31946985531294647,0.005146299650253996,0.13113953898537414,0.49582908475314286,0.39936372079173166,0.24903386395135832,-0.4869190882525048,-0.9363284476629102,-1.4470591202619918,-0.49211068506488104,-2.8393283855987055,-0.9769783974280879,-1.1191462605892672,-0.7220057538529011,-1.1195075284448273,-0.10642068742679417,0.2731076555720395,-0.5845498370507101,1.892358072786328,0.864385248237134,-0.2914508926013219,-1.1845661389508086,2.050687448585493,-2.1616335642171056,-0.9489085032643433,-1.0601969120439563,-0.9609071463460485,1.3561178335508193,1.066862719551686,-0.24201025141264781,0.07249186491646967,-1.551053463056969,2.695698968727919,1.4916367672595936,1.8205307947399927,0.5719348536679904,1.1035194884570325,-1.6738145942942075,-0.5490667578781342,1.5183957493173037,0.4768021184892759,1.0418244919052657,1.8453349320380588,1.1651705801693704,-1.6049259922264734,-0.3134898073788682,0.8044731087396864,0.07860619836127826,0.7370115173487704,0.6040621672702063,1.6629509859495137,0.9938417256942762,2.1160181450606705,-0.8161114889913109,1.716091062075367,1.8241837784819877,-1.7719663923092812,1.5487462328773818,1.6259283220298444,1.501768403715206,1.627475600917384,0.7848096396024655,0.5385528734898901,-1.5231255616544637,-1.1887184166477274,0.7346388307782501,0.7770789679628877,-0.7244705770133386,-0.3567062319828579,-1.4165768319023988,-0.22752304706245532,-1.4975564803844694,1.8861829944000623,0.9013908982185492,-1.2638619298426865,-0.861584011872193,-0.022305487811697087,0.19259314493783916,1.8938498553236591,1.9030873724630648,0.7122959717671983,1.4578864053837475,-0.5338936349151436,-0.6181371529468656,2.9342696240142647,1.4343034568156867,0.5895626380706336,-1.7342316870009333,3.111769704818327,0.8058349055946017,-0.6755519329439025,1.3033238808319274,0.7264238279540796,0.8045124392780257,-2.6835289665664255,1.6808627401607492,1.099320203678618,0.6334227037610275,1.8340475714862483,0.9723614567243409,0.8390845292627301,-1.3196386150428214,-1.3252265726563426,1.4850491611307521,-1.7250176693313295,0.6635927479855286,2.0057987408755378,-0.07305950341184407,0.4527955603710033,0.6075589818435844,-0.2419289114577436,-1.0538655975834577,1.9203966428794224,-1.3561439913728697,-1.129973090168524,-0.2659447705511874,1.6540141024724333,-0.5315161675765566,-2.1767744274256358,-0.7584229290409966,2.0061500172038373,0.20058681263915945,-1.02576495386722,-1.0797945359468004,0.2796198843861613
2020-12-16,-0.9984117598494784,1.3296474480127844,0.3302670068573006,1.3824329417493975,-1.8161756702381269,1.141344028095535,-1.2110706353174896,2.5171630406075285,1.2275043390169929,3.135082844182985,0.9093319119477183,-1.6200920522837552,1.6637089815485522,0.8279343595883761,-0.8207154517494927,-0.01923418053236281,-1.0652955277872271,0.2337460693981597,0.6610307158319834,0.36649219392962457,-0.28226370532098694,0.5824317267242692,2.808736796457186,0.6539712804203565,-0.11081081808260204,-1.8912743010690825,-0.8600485642154316,-0.17815497897379803,-2.319503703157903,-0.5063949808189125,-0.7686653105246194,0.5856802815213272,-0.9015882207695013,0.5161459676203348,0.000875182461148881,0.4510239517596845,1.6078010468211452,0.9889541899926438,-0.0007878806082223253,-0.4988470885638273,1.7667916243871016,-1.3448026289403736,-0.9146205429978964,-0.8964864732372918,-0.43863690712012415,1.3462148673869105,1.0615410358119743,-0.24324982711926693,1.2842887042491968,-1.5381294228576194,2.1327343384895987,1.7777295634971473,1.7976045520429378,0.41336398795807844,0.9971174335999432,0.3547465992852671,-0.9988575440107478,1.3280018847116988,1.2090910059094067,0.9941948636417298,1.8442417594395706,1.1135734991628397,-1.5244431883385228,0.04889514160264911,0.7960374891802057,0.34236426016205196,0.94929391603245,0.18739404298858375,2.6973904215060607,0.546711076640496,2.504560564806786,-0.07496191235251984,2.0069406901530136,1.68954632690729,-1.8847513956584132,1.6185919377690667,1.5106523167446955,1.3723710581068487,2.2409213841443036,1.931515420702216,0.39214003359021216,-1.3433234613995015,0.2405296820455022,1.6026587888178652,0.28066300566984537,-1.452795341033408,0.9595953425698243,-0.8618895930022791,-0.2688480502481248,-0.7232664505959846,2.640571504788693,1.0056831837135713,-0.8986329935120125,0.6972142076406708,1.713988904223851,0.0031038700111580522,1.86025437975997,1.8812341014541452,0.996169752040867,1.2169995885346565,-0.3379410402093915,-0.44650663900411147,2.2645632826765607,1.6900396316620163,0.409729895390266,-1.4206665848272357,2.3209767984352334,2.1179671515150664,-1.0651979271292098,0.8197086040003442,0.641659236306833,0.7448105026038608,-2.173306700429428,1.894938944356844,1.145539967177438,0.5532475116352119,2.111830794042067,0.5517401547404907,0.7113117496213918,-1.0480122515045938,-1.3536124049116987,1.2882642429393794,-1.3775072828864008,0.7068982968228903,2.339393622479291,-0.059679737796835136,0.4826757102932462,0.4278914014126087,0.5207724264018432,0.07417241551020208,1.5566369962519613,-1.6818012695752451,-0.864043106753498,-0.11021949572939992,1.1963926374705336,0.3598166403703312,-1.8562776759625186,-0.713690109133515,1.9909300628619058,0.08098222934935245,0.12021660674477218,-0.8810843498520865,0.5843986368259734
2020-12-17,-0.3686298919039635,1.035672341488828,-0.14250465852751956,1.9399046922686236,-1.2764703717324448,0.6327751285215528,-1.2929251060667792,2.1793865218902604,1.733728173894957,2.160227219516157,0.6201237585175318,-0.508381460021927,1.3672224184331425,1.0877127022437416,-1.8710545068423294,-0.614152800131905,-0.724873411477297,-0.15776136009680472,0.6831615883840555,-0.934881811163747,-0.8773068445024944,0.08554921377035019,2.1683241050125592,0.8450192125861528,0.5985863945351354,-2.4449929876389374,-0.7784864356943857,-0.20427198224625398,-1.9604168586231008,-0.3398416155086794,-0.08424203771875113,-0.20635244118732113,-1.4154679801956072,0.4241531832432306,-1.0050569658058737,0.8872254111716148,0.9129139020228048,0.493622626027678,-0.05299820545906844,-1.537322298926673,1.456683287308099,-1.5700370468015772,-0.7365643933050833,-1.4293629678956348,-0.2734129902037668,0.9779591439631173,0.2776955857396646,-0.7529645166568565,0.8841609949731793,-1.0710616224634166,1.677554840881092,1.11805556036386,1.7549804346840114,-0.14084707167997243,0.8344296431938477,0.626890362595596,-1.5536671351589109,0.6415287375737898,1.0884694699486441,0.49032401376398826,2.0109980263960527,0.9847298520802515,-1.8102677863707133,0.0,0.20684056721689115,0.800930355758853,0.7981523330345781,0.5787412848334375,0.6366630563544491,0.3801381866814221,2.117083053437994,0.13772550656612254,0.7797331400291141,0.9156763727888223,-1.734738888209908,1.8574804374241984,1.8497040188853102,1.034096655261825,2.390212164404395,1.4523841825819392,0.3095400993572869,-1.7439903968158854,-0.03665418902321067,1.2059095257165386,-0.22387046968194022,-1.2312498644338015,1.198211528525032,-1.0177952717996945,-0.17052020007608937,-0.6693738288702454,2.4026967402920496,0.26986068463293456,-0.3201695491866687,0.30377625055743945,0.9397877210856488,1.4392747192139725,0.6033532670839612,0.5823701503316424,1.4752347083475061,0.853065207644423,-0.41446492391751555,-1.2459963697137115,2.229649473307181,1.4038298904921553,0.445963593868304,-0.45777576681529075,1.6982180584277733,2.089802509777303,-1.2986427157726537,0.3886917757252774,-0.023783105656411237,0.3339449360573237,-2.3178175232549463,1.2897196489447647,0.8647024771439058,-0.32078825040480485,1.7141731642682698,0.32679039157176376,0.6153323984943091,-1.4646684869272222,-1.5453839726084333,0.9694571397234752,-0.7048467799565064,0.6401370047488365,1.9514593684903203,-0.10987459761970025,0.31345507453840976,0.4111119308883511,0.8211545734975303,-0.6270426224864366,1.3297419925866096,-1.7938479447965672,-1.3635276012463096,-0.03673983190979649,0.7347571358556344,0.22530037030340191,-1.7334993971238875,-0.6556406112060211,0.964900836273025,-0.09249513563536034,2.0545529642389906,-0.8675661051876201,0.2391294795409264
2020-12-18,-1.706066845936375,1.8231532568431206,-0.634735553597773,0.9254435510062305,-1.4662994862188443,1.1231632042930473,-0.8707750130110541,2.0996891816956285,2.820761925208418,1.7860985949488595,2.2606176508033733,-1.359181369310408,1.3173693346054305,-1.6270794751020083,-2.1814198627375387,1.328824000702596,-1.554739401812454,-0.8805998248873949,0.0541120963210129,-2.1367791211597322,-1.6386458151205536,0.1585754418805112,1.0064314437163895,0.8752426100980518,0.9193708121701433,-2.248644686901364,-0.7979732323052838,-0.34704374071713245,-1.1760929815640413,-0.7441621888207932,-0.998151304860495,-0.37124359937202067,-0.8676559457737615,-0.5997680655752602,-1.770345055817399,3.3975070311581472,1.729829969354847,0.09649446603504554,0.4941805854554596,0.09434527909268034,0.4262532495692089,-0.6864580853039116,-2.6242447930220765,-0.7595884316715688,-0.22240675600268728,0.29523706058199645,-0.7630664630490254,-1.788819746100334,0.49286485303686456,-1.0992201624834919,1.2950762719720268,1.0494728067824521,1.3218985143143163,-0.2904834231929596,0.6763731596359304,1.7194811733839048,-2.6666005019759265,-1.141990012292457,-0.43601927096615856,0.859135809721258,2.111706571297756,0.5997498011260183,-1.5372504938110343,-0.38314391502201406,-0.052007397759214764,2.016119303589031,0.10340434455888296,0.14453129133523607,0.8598375828531947,-0.07086263798006394,1.3933129709324417,-0.6443842663804449,-0.6190764748073933,0.6209672944981436,-2.1141694690518347,2.0723655368016707,3.4861708852710787,0.4025378834355582,2.8120512545394716,2.072088878633274,0.008618557629452111,-2.2846138380391494,-1.6608544487971528,0.19107363122280632,-1.4623907828563787,-1.6793618626263669,1.450698974859833,-1.2460884292675902,0.2750975742290886,-0.7224962603128272,3.403792087960109,2.302821697177039,-0.8730879630804368,-0.3030131122807291,0.5506693732366962,3.4646908790473208,-0.4259614896808306,-0.4615979237537666,2.150349014689998,-0.02231378724523702,-1.0646671280717015,-1.3746419548943958,1.7423077584711428,0.4346965725959749,1.072055129765664,-0.6983183818199419,0.7561941186423933,2.2778877786008627,-1.818303553433003,0.30728478127453096,-0.6916899612179235,0.9528645913235343,-2.39425701942291,0.21463083715203665,-0.1912350397287786,2.011096237322055,2.6419263213690787,0.08213582391689485,0.22491399129425416,-1.8643029557915716,-1.2866358567612495,1.1413698057025723,0.3902647041207945,-0.9235045270674881,1.4252677636236837,-0.17800248338693345,-0.58765799722597,-0.14718705733278997,-0.07177601447418393,-2.3308530725085856,0.6041816768893205,-2.1031681222892495,-2.8333647697405446,-0.5894509884015774,1.033620963286733,-1.0243119830612422,-1.9266104040873318,-0.7062806677651177,0.6399541773679922,-0.4233266182519288,-0.496425090009962,-0.6118183226952121,-0.21921617821096298
2020-12-21,-1.9204610816823204,1.4586815361467407,-0.08102008905700435,1.3174198377484658,-1.0084444459114716,0.8761984480161952,-1.1147595483356403,1.4520804971160968,1.8854794400290509,1.914915284980138,2.241361084687449,-1.1828769895801068,1.368193439623039,-1.6033141087187923,-2.2798914483447845,1.5058542314192922,-1.308585078402492,-0.9487785926552201,0.16825338129349873,-1.045184547837963,-1.707016827144084,1.4794754321849308,1.0500525947117008,3.296740533468817,0.321989208538899,-1.8402099156238005,-0.9232806300591941,-0.277160347386338,-0.9866332470081609,-1.3239470208954407,-0.9959560209417193,-0.3333636931750174,-0.5047287130405648,-1.0552565828333842,-1.5779750610065275,2.8205775701469706,1.57990741904547,0.3716647863034937,0.34891088891767386,0.5960302303149547,0.1614379603301797,-0.3932047212666166,-1.9756650609652464,0.2685468268351753,0.4973318858874296,-0.04912438726900777,-0.9585921838159397,-1.1925726301398005,0.35406090536768475,-0.9088649694235215,1.0559368042155974,0.961364245051026,1.3016975080616204,-0.5150442117260752,0.5411553069754692,1.9416305307095323,-1.8273580133507001,-0.7304307197292098,-0.3072898254925823,0.679149324411452,1.297050872199525,0.4003458781561227,-0.5622665123832097,0.12855065041629005,0.2515270307822933,2.008508795385571,-0.6579751460048833,-0.2903862783076317,0.6106543223471308,-0.26525479638033106,1.1587550756458231,-0.8822506282632102,0.07388415561767665,0.7259685127246621,-1.4555060325052516,1.8196297619073605,2.439090497835235,0.4404215948949776,2.463712695779274,1.6693298374393428,-0.32009465381751523,-2.0727674101850346,-0.9386390273132945,-1.7663591055657788,-1.9246544209096073,-0.6332142795056818,2.0514754836467324,-0.620246871784317,0.5372853981716895,-0.5359117012461387,2.2709000543451188,1.5637871597606625,-0.8431199467531069,0.4660701342840434,0.456771729776202,2.6143500617156112,-0.5678582257980881,-0.5815680517676035,2.196942876339152,-0.06721624948756846,-1.6881250100853635,-0.9700865592061129,1.5186761896173886,0.06847103816489368,1.4889079367655527,-1.205759515940864,0.6013500417398496,1.8953106771823074,-1.9879223039311218,0.5299521205143115,0.08593475366152735,1.1002147858581073,-2.019248771768124,-0.11569731020276001,-0.6924660698231009,1.3482464578073896,1.7777731114890247,0.5846745929602916,0.6775844032133739,-1.6718927198169669,-0.8723221598320893,0.9977802938699264,0.7264260452830437,-1.3560352808826954,1.3320625238887338,-0.9034672829632241,-0.6817234930569912,-0.1531936795475463,1.2047568847668213,-1.9551582784754908,0.8319905850628647,-1.8043346240961775,-2.819757295449847,-1.4488966644595003,0.792113259886627,-0.6634549126711052,-1.295064206659984,-0.9610203239784827,1.4240881319661034,-0.5092646747841433,-1.3622029140411953,-0.7435986086891421,-0.13883409849911338
2020-12-22,-1.7256815138705788,1.1202640058605433,1.3238677585107157,-1.4408623479025806,-0.5609555077472763,0.8472464681340023,-1.4534739099413476,0.6276155240258445,-0.31476148274621285,1.0382819046533858,2.260108068679682,-1.8284183584356564,1.2553767641404763,-2.168405970397476,-2.2744548944305625,0.6140198618633208,-1.7015540641729137,-1.5122791750759899,0.3556227056146684,-2.2908515084959062,-1.8628377655094654,2.3363854184183337,-0.9888648918845434,1.394067038554431,-1.0199750767556786,-1.9101937889614153,-1.0442704794882505,-0.4302640508345884,-1.1845441828294503,-1.7945495135973228,-1.3457546226831985,-0.20280051374317554,-0.725477429778408,-1.5759555623083497,-1.6373739134907876,1.966994609676188,0.7409829731112714,-0.8262336035221959,-0.4067902028141623,-0.3234866385301038,-1.574030743866185,-1.6195728487826828,-1.7493963350076405,-0.9166647535652822,-1.6681984097041045,-1.054586536761418,-1.2292072310050313,-2.494888760983874,1.4021688212909724,-0.9442448084510436,0.7259496701807134,0.09591118209072384,1.3990857575120457,-0.9585924627629169,-0.16237506096247342,0.9932031119472249,-2.0721446642194694,-1.9858484084863024,0.949147800686335,-0.2876876748097827,0.18721280882138788,-0.11394674726545627,-1.8216995681365322,-0.4783924935148559,-1.873642996130655,1.5861943165069756,-0.7860178170308317,-2.121108192922695,-0.5781008804154092,-0.9019565708416442,1.3874389746490554,-1.6840206661944568,-1.0933878094688982,0.18731964719085367,-0.9723238372771982,1.6994323048512836,2.1827334601479627,-0.4792381768131942,1.0663227757357898,0.34465471865414604,-0.40947444545404676,-2.3651628647660123,-1.4650343995004416,-2.7490071895550128,-2.4890423354494553,-0.6408710422566503,1.032436966036633,-0.442541339277875,-0.777666631587763,-1.1557175523781402,2.079493925852588,1.2002300477335492,-1.3442577795217265,0.2986218297260833,-0.19696732207576412,2.013920970746389,-1.5504504341449163,-1.5848827792215145,1.2921456714589905,-0.8271095417476495,-2.072510333718732,-1.8014282444987952,0.6511205065279034,-1.493352002444727,2.799402763321458,-1.950495077834178,0.1813497293399437,1.4763494799147294,-2.1201468280251046,0.9838075581882085,0.5100084607186464,0.35663574357785566,-1.8839129351070205,-0.805892819012681,-1.5648009203593622,1.2574788198594478,0.8759723072805776,0.5750382942687654,0.6435565513302852,-1.967941460899098,-1.4511764889282812,1.5076211911544783,0.15630783494877676,-2.2944890248806558,0.5343099333223269,-1.1612001107132544,-2.213457359231302,-2.05314968359711,-0.897290490375843,-2.386410045367054,0.16001528398511164,-2.0945533130095204,-2.6486871819734064,-1.750667279048754,0.8251250360708245,-1.7764009833833008,-1.13390656888867,-0.9769205784980283,0.6246607723447846,-0.6206953277898289,-2.095252725114074,-1.0049085210116149,-0.9524536559678001
2020-12-23,-1.5075812799269006,1.5157048530282153,2.6575337123323224,0.25406506148784985,-0.48733967765706343,1.7547258029551562,-0.8194665959891042,0.6443275516454272,0.9631736798859288,1.125423163838844,2.0865259975341193,-1.705888247234851,0.5749780383920043,-1.4641968059271484,-1.9712040857068696,0.11372518799649302,-1.3961493460309733,-1.5957003214768692,0.3120251530142579,-1.9757625051405212,-1.377551268315861,2.3186215779681407,-0.9499640071494574,1.168696054643017,-0.8641536388726901,-1.668336663860411,-0.8459184570883045,1.327397898572527,-1.1090674780452114,-1.2691456491978874,-0.7098024196541866,2.815044894088053,-1.0366736858324015,-0.2488920560058239,-1.4182582119672056,1.651460025908913,1.023313046152636,-1.0533550517603105,-0.17354801252651333,-0.3932405332829704,-1.0358342565425833,-2.0322310567492043,-1.5041507592517478,-0.9922129242399685,-1.4152906032738912,-1.3327647209915485,-0.6863950307952201,-2.035783936837709,-1.1881439851794455,-0.9006877111879363,1.1321799455942727,1.1214210692245439,1.5115603151868933,-0.40025771189654674,-0.48522104130951915,1.9166789140325131,-1.9766571178434953,-1.4960751952859104,2.5848408636955718,-2.02420269518445,0.34710206795759724,-0.26490286808068325,-1.5045105738505795,0.1543774992472024,-0.8004138796015094,1.5304612484321947,-0.8464014480760073,-2.0572517446734593,-0.7497589225061084,-1.0580011870299917,2.732894312209009,-1.2637228187803953,-0.7078604885881468,0.43828968582346617,-1.037168929555597,1.3766456444123802,1.7529256193225162,-1.0543041236384518,0.5842784591005914,0.78875849532821,-0.3877970360309167,-2.293637510201316,-1.471689933990284,-1.9657355457255201,-2.2785014219974546,-0.38038822929994776,0.2791229122234726,0.006665675339476665,-0.461388759721768,-1.031571529859833,1.6796279354485755,1.1978271806676137,-0.10075368296777261,1.3499658699217223,0.08577858616514465,1.9560330422080061,-0.023053725060026058,0.006280909296782979,1.2715685147069289,-1.0595072197456747,-1.9827999331454955,-1.6827011065197581,1.2251005739970637,-0.5602582357321345,2.148314134253334,-1.4698229906600722,0.23598159324163517,1.1330592886905995,-1.816966848292824,1.861280460928142,-0.3340377958688404,1.8532376822205248,-1.432056816601162,-0.4342681807913041,-1.3484184508790624,1.6370669976901313,1.5195601640490248,1.4952481696501645,1.2288837265500225,-1.5077749872665323,-1.113207483944775,0.8177600000141044,0.5796065740788826,-2.1518573507970684,0.9087184588146343,-1.2065842521216326,-1.6603301307204503,-2.3556052162431667,-0.5611225551765567,-1.8559655145805605,0.41563140832002093,0.04704986928904051,-1.5552594997506561,-1.1272110849462247,1.054056182479124,-1.8621090926323267,-0.9678465961610492,-0.919921212793037,0.8752577379780341,-0.4484485740391136,-1.4668481989042368,-0.34643482287057986,-1.359232497474211
2020-12-24,-1.5425741823051606,1.0889547295901747,2.033734667679888,0.22055553513869453,0.4121423152349339,1.3482729442814547,-0.755816347935034,0.3538826043401713,1.1819321996770247,1.2773237285026688,1.6050646676626275,-1.604858852808152,1.6888843455267188,-1.7272664094205408,-1.4951441414861508,1.1063580332697296,-1.5013528019464724,-0.6424800380752197,1.8863040514887257,-1.6876901181558814,-1.3688732982111338,1.4301140027864914,-1.0815971181000466,1.313744295914159,-0.9591523559162978,-1.531099299898357,-1.1903973634539262,0.6536766485449127,-1.4058310747768115,-0.7957325727526539,-1.1830499793712272,3.0318292039086105,-1.1949263045066154,0.3870903234899627,-1.5725759727645992,1.029518682890003,0.8413771133139534,-1.7172609829038668,-1.5480649096856591,-0.8455755676881456,0.9385652817035693,-2.1929321436438682,-2.09844490951246,0.06700067598065904,-0.7782515934113237,-0.8280421457402268,-0.5351892724656215,-1.8047357648917823,-1.150828586331596,-1.254238155610777,2.2445997900683734,0.8929248216304552,3.092728099421517,-1.1020903905382946,0.17682824777206688,1.3366239782242186,-1.9093371742694318,-1.2538233745083507,2.043509720187942,-2.7926300535929873,0.09789872584144423,1.1523412251818024,-1.6431368349493376,0.10511323191015601,-1.2766957351540613,1.1775524752418896,-1.745415926222876,0.7892530170092895,-0.7889372532477399,-1.2594681181343355,1.6366413135943734,-0.9984780389555228,-0.7718738005747854,0.29988791666357745,-1.6379716966171838,0.8412065421142341,1.7858937964530233,0.2388680543811639,0.22490353992728843,1.1981495595965899,-0.6400718489887023,-2.1096237773454707,-1.4582949399110987,-1.2373434188131203,-1.6469944648544208,-0.09266694219414169,-0.2645066302500073,1.5802195782633224,-0.4917622173963023,-1.0752873984118283,1.0641779062278878,1.0327357365131105,-0.6315834987886144,0.1793841438681655,-0.02305424593940425,1.6932326517453318,0.765675945690038,0.7564518112510616,1.4068253946361469,-1.2755603214185234,-1.6444242782425016,-1.5412212897948947,0.6124021572607498,2.159318826155175,2.009094830006398,0.37705063220565094,0.18736830175093203,1.4051318177219116,-1.2523731002129854,1.3598298643594657,0.9476445194625122,1.5845671383414195,-1.615962088240618,-0.2791330904472802,-0.41708617257442726,1.1784620536194232,2.1919047578213395,0.19894194255437156,0.3302476520852997,-1.2736096612579104,-0.8701462371542951,0.5453679611236928,0.5123609283207992,-1.80443564162608,0.7949403008921837,-1.246410471976181,-1.2249786484619734,-2.235565282400806,-0.6219483659209827,-1.6770641884941635,0.2872609119060948,-0.03804087348330281,-1.4487556839278055,-0.7437205068044268,0.5089311752867721,-1.8230669816024747,-0.6414361147431166,-0.8604271213626973,1.4886690125752646,-0.7039570520498444,-1.5816422092196978,-0.49287003495937737,-0.9286281522382585
2020-12-28,-1.429365720116635,1.2647580914277152,2.168069012417522,0.22795639022744515,0.9474529343609681,1.4819718532060624,-0.60877166104991,0.8198473530354756,1.5933008284782804,1.8272858545301225,0.9183914898080302,-1.494757933264758,1.7283888258923585,-1.6504757165643102,-0.8281438125645104,2.038300465945987,-0.9416078525910659,-0.09652190409051145,1.9923332846731572,-1.6185733936273743,-0.9154649261142067,1.891386793216147,-0.6309298428869897,1.2200809317046237,-0.9864095761867364,-1.1588679267999273,-0.5252114886891226,1.0308566472872585,-1.450849781524908,-0.4883425726355213,-0.9980122218279849,2.614600722573034,-0.7392505555511755,1.0593051420679622,-1.6661813403535342,1.0384776481879248,1.2641566452641904,-0.4810684885777293,-0.1150829562056327,-1.0699300407448615,0.5607393614156154,-1.8708025499266547,-1.5504521505240607,0.80363279360814,-0.3443466262788651,-0.31782835060434766,-0.3197631532150262,-0.6866263967874754,-1.5459388969292485,-1.3678277076629208,1.7840488620812731,1.3921145551256162,3.100277545830531,-1.5959627643999896,1.1473996785203757,1.8329569593174395,-1.384169524597431,0.2789810872173463,2.075348047324866,-2.23093396829128,-0.15162102227634777,2.5670048349764083,-1.118044309589596,-0.4771644741889388,-1.9347470038470445,1.4651716269947945,0.8709648320014701,1.801894486317425,-1.4533213085326597,-1.3665227691014574,0.7879586113190526,0.4727750645242246,0.4708076388114471,0.5647405619348326,-1.644554879322856,0.5581060037088825,1.542608057960092,0.5716566548417119,0.6811133226058098,1.378019893547956,-0.5483668485780698,-1.416741839644958,-0.9910523796380724,-0.689640635111202,-1.1619602246450988,1.5586855366025616,-1.0664694425228067,1.0425824991396349,-0.7151995687361309,-0.7100265918989732,1.2852833525786422,1.3386216397699626,-0.8880552631153809,0.028268802014481894,0.5332710967374555,1.3628671265459977,1.4493382046138035,1.4203894788273657,1.854453517654191,-1.758631134972131,-1.1373881304967335,-2.202797906890283,0.07201567204003703,1.7702756562016546,1.5129594177876753,0.3201703569585411,1.0302006363259073,2.0436216371268885,-1.1398801290621652,3.0984632201897666,2.0969876807981165,1.6463324948591533,-2.272695612568383,0.01572404503013582,1.1016821601423812,1.3579365173039684,1.9993381785544035,1.5879487477833043,0.07659393209722595,-0.26055342954775973,-0.9402618451924654,-0.4198220442682071,1.129408045184324,-0.9007970096557155,0.690445806006693,-1.1533362895613894,-1.1041533250013802,-1.3025658394165458,0.15929835150677227,-1.3055042034465152,0.33296527898344375,0.5750732782369926,-1.064257954726599,-1.4412995976464589,0.4207437002846513,-0.9795235497409527,-1.0617554164294813,-0.8104371570935194,1.8381003056770704,-0.8952590739449863,-1.6422400233986867,-0.050088990214895886,2.814560948274939
2020-12-29,-0.9307054714374402,1.0899007201390045,2.4703549090569563,1.2247119966569928,0.6113676599499933,1.6308084329258639,-0.732358923406541,1.078217227954436,1.5464792309989863,1.5077016826223124,1.1582719634235306,-0.5677768229030308,1.466904394909057,-1.2407243698086525,-0.5912011695011052,2.2488559154841887,-0.15082193437555616,-0.2127643505274366,1.4237622140389308,-1.475917214590499,-0.9116870853968088,1.8778347240913587,0.17169160600993166,0.8938485226271772,-1.0695463622786292,-1.0824029659625876,-0.709785055888306,0.4683325727284931,-1.0056648873267109,-0.03080946785536162,-1.060077316852135,2.240583086496439,-0.08378642810586409,0.6476980280911772,-1.2612889674459422,0.531830541908151,1.1750828684758745,-0.6191217108809108,1.4149766676660016,0.5991243611512833,-0.19728724830473246,-1.3058200213939142,-1.2433396839734698,0.3067610254685691,0.29573359920066694,-0.5143548829132577,-0.7248262374308252,1.0255991738652321,-1.5064360153025678,-0.9210826369669507,0.39778348735392216,0.8814861917449005,2.23936634827809,-1.2469199444843486,1.8264820509750723,1.7990611942905517,-1.1048180933437608,0.40068696168137496,1.3634782492171404,-2.05833597863228,-0.11936123906830784,1.9952735600888116,-1.2020637260994746,-0.7530010103247652,-1.59797842434803,1.2988718892996245,0.11799402459316538,2.914932098726862,-1.5217314210447173,-0.3632559994387721,0.3806158395290666,0.8673634528723599,1.5107323194664872,0.7044640150538813,-1.2840477603847547,0.5274905153287353,1.6320548599831115,0.2597509953726239,0.5251944625572343,0.4589823712422264,-0.33833141475495776,-0.9005154676392294,-1.002130227350639,-0.7927431606297045,-1.2371836776230332,1.1235595437546646,-0.265429924940896,1.4766115014825085,-0.4910152406877029,-0.24585844236995613,1.428334695275603,-0.03710529396457878,-0.6386806199092383,0.3201785591471772,0.23304622062906236,1.1204717118866714,1.1647230235639492,1.2096633169810125,0.39667021759589943,-1.7204431709289234,-1.0275947911862875,-0.841795289576683,0.027367678873784485,1.501702104140309,1.1912649952211773,-0.25796563396673033,0.7900952556853224,1.6805293863105264,-0.10994956339941085,2.4276927020062367,1.3495539877549094,1.3891577833927502,-1.8230429547147156,0.14717329052034903,1.5430197974626152,1.4276405288973395,2.0944667320193533,2.0849929333297728,0.1132502628012839,1.175700887990299,-1.276012878797617,-0.8995729410457581,0.7157325282529429,-0.740964018998304,0.7907103753706242,-0.37136483571679646,-0.5474740303310056,-0.7543578280372747,0.16017034771470617,-1.0677074649574658,0.4854106917754277,0.7790155586214037,-0.6863206325977605,-1.1961141875396777,0.5533350637814546,-0.8137240944440823,-1.9457019820550843,-0.899401547808346,1.3236663943288725,-0.09294628703619516,-1.454496125082261,-0.5133974364259892,0.9244485946527918
2020-12-30,-0.6992657973067726,1.3173403314508767,1.8307904821968393,1.7311594866642956,1.1208407099083315,0.6776799726811243,-0.7662116549313297,1.2647130282793486,1.8071144091694091,1.5597993051873504,1.5172816343132487,-0.6060900720888788,1.6728565426153281,-0.8309641607517736,1.0066009660290123,3.0087962975053837,0.7549837540879736,0.5124040368211585,2.0575768267229684,-0.7197030914412965,0.7209456239555436,2.3476978061867553,0.3830604689185501,1.0946611541648603,0.36686235170525205,-0.8675343552433069,-0.45869330167397177,2.3685365648966625,-0.7518513085101547,1.4126895700110766,-0.6585353811469332,2.1176873316505116,0.5872967466070194,2.4177040015324014,-1.141205393746602,0.018665449059416504,1.6137343915298579,-0.13064694898909224,0.41898075162108417,1.204589005261691,0.22113431749425938,-0.9067523954536164,-0.8753433497107586,1.5040357773079855,0.6906940725486913,-0.02632590451856407,1.0170486861234933,1.9727988081604708,0.7967730257887533,-0.0968743636116853,0.024923786413169034,1.7328437885678476,2.0495465464270555,-0.7591505619609157,2.068219899981032,1.5017655017752114,-0.9108650817260837,1.4977634582191912,2.9003888555138357,-1.1974071843130756,-0.03528825810884915,2.0305161769451856,-0.24444806470798822,-0.6745317152481698,-0.5187013064691867,1.7108453770399599,2.160511253609511,3.3181455337864567,-1.6455062933637288,-0.13684513006068785,1.2230411049345236,1.855839535115145,1.6434253490587132,1.425448046640374,-0.3499693637289565,0.43141725457216523,1.7550506315777965,0.7773957107526869,0.795787657454718,1.2264866498855451,0.25156005945573057,-0.9773427181816992,-0.6812762884118433,-0.33744169497370397,-0.7355691570809537,1.4741460528714854,0.19546458367622171,2.2169438701304354,1.457224781129529,0.46080831804998507,1.4081162775765665,0.7036433983840188,2.7053517319069456,0.48976069416363704,0.8554288154395611,1.3048171774632542,2.59230015292858,2.59042243076688,0.3183295052356267,-1.1312810714327157,-0.24988259975912638,1.8711166705736033,-0.08215705773732396,2.123688359095837,1.7270008232275602,0.10978026266346677,1.2432029023969546,1.4674111418186897,0.5102246890419141,2.5449255711658867,1.596505914747965,2.210943722950174,-1.3893526544309922,2.844374821004742,2.7876185834562435,1.8652899944467243,2.288894904126309,2.2646204892673523,3.6227526546920727,1.0311973476274785,0.724831955251531,-0.7186070039404894,1.68788197683775,1.1216943822553842,1.4292187362195357,-0.451006310368819,0.2119958728496623,0.6164183609292165,0.510761131325677,-0.7947135900017951,0.9326482904641238,1.309816573362702,-0.21887186129812508,-0.840240880497732,0.7036135464522314,2.085900044375503,-1.6281013111958176,-0.9540274020777052,2.016221098771892,-0.21797610314270094,-1.3002877032556026,0.5449128817757367,1.3135539708593393
2020-12-31,-0.11067105696727483,1.2020877512769137,1.5448540697139186,1.664425185862336,3.71818154411437,0.3510667854164175,-0.2997897191630836,1.6817447991446417,1.7814978070301517,1.527925352685815,1.384170893940655,-0.30439255583726116,1.639154629528377,-0.3189970932890518,2.2848797211724023,2.7160108589896685,2.48314779879374,1.3865691846848194,1.728027723682041,0.05103488632998771,0.7474631404429807,2.808661292399152,1.235114458897898,0.9409886032849964,0.07916914733270741,-0.7169626606716077,1.3401819736168754,2.0940620078093626,-0.4937914491689329,1.8292451260885216,2.0582905977185515,1.7877413403500488,1.0480274963948875,2.5367966644023117,-1.075193418682003,0.4506429410550608,0.719318087523129,0.4146331035312892,1.0968115086153656,1.6400081053011109,0.508600032890575,-1.116910062631704,-0.6225326996131605,1.8975557588980416,1.2354956256949028,0.3493055258354694,0.809634594510533,1.9375718558278345,0.5797525589085771,-0.6916630259009722,-0.41855418759853075,1.4508512753580867,1.8261198608440574,-0.5339607449571612,2.7302734674173275,1.1009314683087617,-0.8885458721871379,1.7020219008074873,2.370882210020256,-0.8132944926372149,0.041365109279023884,1.6875320884879124,0.3525465444476096,0.5560737659512989,0.9637763285773168,1.653730051794338,2.2517750874893805,2.844322286336905,-1.1744451868924002,-0.21128328938643717,1.4733313802735086,2.163107348273139,1.7290354626821014,1.4108328643262356,0.42213868371538915,0.17363219098867283,1.8366929333867337,1.297677721003607,1.0020736077996413,2.024882067390651,0.4116434439042998,-1.054635152346593,0.24939778192545287,0.43760700966187893,1.406063057159602,2.260821510231538,0.47331334356848404,1.5954680333849385,1.245203650381217,1.7718018050689406,1.2634424359899141,1.2059754622231935,2.2421909754533167,0.4141106526733667,0.9991779828954038,1.0118815823748284,2.1755652754143884,2.1607578054449275,0.7495228133498183,-0.6549071703564912,-0.1042000741401532,2.3137009737956857,0.5483406289886757,2.6402386781029152,1.6626201103594027,0.27200032843828115,1.3135305328334637,1.282701538190262,0.6660910531788738,1.8610770222609667,2.696297323668035,1.7863726238321518,-0.6729001202441743,2.5301668555977854,2.3157174930775626,1.7299705684554931,2.410378600999044,1.6906889149386306,3.3261464867520987,1.2362480437636532,0.8195813583879376,-0.13697206062570072,1.592153626840231,1.792723768037376,1.5354591527683015,-0.33474016267114737,0.46642441233875237,1.085584598979385,1.6453883354473327,-0.8917143108445728,1.3683390626090997,1.4122313014244794,0.058466802645752165,1.1339186605972416,0.45869714659616173,2.539740930108705,-1.2349933325682318,-1.0031694131838333,2.540538186406222,-0.12783235698692627,-1.276695735155424,1.5380149386070858,0.8592812788563411
2021-01-01,-0.20311406390463949,0.7889707291041458,1.8994784186022244,1.4938800963259877,1.7251723361224156,-0.6042745024745705,-1.0990222716487998,1.5781300132159206,1.6950465375377235,1.0132121484156598,1.2653178933336529,-0.639081242732884,2.1603132220715686,0.05909818500514481,2.261182306831688,2.3912237633898803,2.732230425077457,2.2553652372288906,2.1106758796339347,0.13297696602496506,1.5384294266260348,1.646885865745725,1.6244450506687396,1.4079733839666062,-0.4562639385793383,0.029598267102768264,-0.8146870694671667,2.503902985799085,-0.31055778442086535,2.188644205086441,1.7591283944667433,1.6463714242801788,1.3087846241416403,2.2086426311939404,-0.45991773367077504,0.9846088829401917,-0.538747477030729,0.26932071134789626,2.1955616145018984,3.277300340215797,1.3157333267052438,-1.0908133059698546,0.17097006779313817,3.0685387831393554,2.4280322572498094,0.9035824821846636,0.33094516473779195,0.43110379901456913,0.6936243450430665,0.039648199140473864,-0.40016208444553797,1.3586459537023772,1.6501943870174576,0.20875347435404626,2.872074536913588,1.0253943035181587,-0.7711911042023335,2.141777033060319,2.147502692649943,-0.44489809586205314,-0.14315542696856884,2.358145909948529,1.195156742444722,0.07054841521408564,2.7274708678224946,1.6010848875226713,2.9258940592504423,2.7198010548631864,-1.1611728359649411,0.5790537189975519,1.5456212914156124,2.0403292312879264,1.363935137741075,1.548618067020334,1.3446374229448879,0.26816922315845954,1.7708025834160812,0.8157388682241357,1.160806374142223,1.7238942531657295,0.9066980385597534,-1.265035543366053,0.5756960800864416,1.4788780229234864,0.04096227876901595,2.619735941521782,-0.38048270933822637,1.779717940532667,1.5205196872050346,3.0940160848434193,1.2289453861934962,1.8282908219033933,2.442414342110646,0.11108993458592253,1.1138872424256114,1.041604360186046,2.421157593481993,2.4262045234702816,0.973773753529523,-0.16072356410204677,0.32830956779819115,2.3805494948600803,1.5192169859955025,2.5058106477950757,1.225067636655901,1.8870417994985191,1.2450497271416545,1.7073043521755815,0.8445378729876275,1.576877176293737,2.4456440910413355,1.9687799769488532,-0.36989940989565845,1.9645456546860152,2.0349854765256024,2.126984471146472,1.9840479480303173,1.746206202834442,2.614230312347233,1.3599571399908206,0.7519790260806413,-0.2415540331621677,1.8944593771946658,0.7174399419470537,1.7567705153583293,0.23140021515358047,1.5907820141615838,1.74602421592437,1.3714847595270443,-1.1261156793936018,1.1205614845656424,1.4517128190582835,0.9009013182319041,2.0998165972190237,0.8172355752153277,2.6724722238578846,-1.0364405803973669,-0.21470688009343625,2.911748775621354,0.36840095571193776,0.12700012377451877,1.958018735745156,0.39043196957190257
2021-01-04,-0.4319297101817225,0.960251231112599,1.5224443788381208,1.1886244200719134,0.9448012714817573,0.13805096683294035,-1.3175636039958767,1.9968852249896056,2.023179789835175,2.241821591496126,0.9920075351226401,-0.5620707034190533,2.4040107335217353,0.08966580333208664,2.6941078550823163,2.996296189903091,2.264308168608643,2.30633810711964,2.3775040075314413,1.0133122373377115,1.987163484607266,1.3519956881926498,3.104209895408142,1.239653693063598,-0.44099018369115633,-0.5644537105424908,-0.2093122528869022,2.3676009839166765,-0.22082925186161936,3.0492909333640092,1.0485615045557717,1.813868822331155,-0.7977544708248085,2.402462725969993,-0.35629953294935385,0.49503640491576417,-0.15713065195791115,0.6262579037765957,0.9266467286834714,2.3009102096927587,2.167177978684393,-1.79256641833635,1.0319503020236283,2.4902937354650785,2.104182324631104,1.8162487955840643,2.048784726225736,-0.997937985284109,3.0792486703655637,0.4804799451811497,-0.39702048916745597,1.777346396925825,1.7165920902568497,-0.7799538025822543,2.9243330058054386,1.9642098178081886,-0.703472313722742,2.301405643254655,2.062086493849145,-0.26444769202424007,-0.216604167909538,2.6998525817863515,1.4914722847725903,-0.28219366085632375,3.2117793838644175,1.4314738928868969,3.5068761437562093,3.0315380023362692,-1.3418690821504917,-0.38344512655794083,2.4417915123494383,2.3238258233853473,1.2471018060797803,1.7204022774910297,1.1456951940213262,0.056997289655901125,1.8050102595065478,2.4114880283511164,2.7089643847211167,1.974717373062913,0.8500411651401698,-1.318489154758081,1.2598135741462237,2.8685224319115545,-1.0392282281413538,1.806344746617464,-0.8152555496490386,1.1964402564168077,1.9033271355088428,3.0296164781683887,1.1985740416526693,1.0359534573546911,2.486669114072395,0.3464253365124687,1.7677606485540012,0.8897397456315964,2.405269927775007,2.414728185549162,1.3550609500997033,0.3968629658093571,1.9207546462790135,2.317157304280726,1.3389453791070505,2.1910921984609346,1.0819252740632648,2.8075829684401494,1.0220804053244523,1.7161811809330918,2.118012081198805,1.6179304889697974,2.9863040193482284,1.8131229238239035,-0.11667492345212863,1.425625806775005,2.5667856877060213,2.4515879146492114,1.8789910989807885,2.0221075266559554,2.204520663444974,1.1887617024920218,1.177445490748465,-0.5154866490462647,1.3982406366999218,1.7894905134258143,2.2130822214443024,-0.18480385620882564,1.4023614689800041,2.3061614751442354,2.210474715711751,-1.1826804636371977,0.8944357079639761,1.3477253802539155,3.1012475275175677,1.5879828540985907,2.2480087533847795,2.6791281694314497,-0.7121821678126015,0.34881833725630046,2.2927042483122286,0.5250542116720464,1.524305984270054,1.693470614251746,0.5327885298111731
2021-01-05,-0.7700824755720161,0.5536203621972681,1.4049222166834001,0.8727964712117524,0.2415733938514731,0.8986016631030231,0.8094725076196788,1.6863009173428056,1.7926867503226365,1.9003303394987814,0.6650974281478523,1.1630833864422967,2.5430218862581047,0.3979459296734243,2.68804611678166,2.723977785579105,2.8033197154097116,1.8678466718308289,2.0407607779582646,0.21611832427807778,2.1184758462181477,1.1431515248212856,2.1856576612407856,1.371412796451044,0.5533267176093937,-0.3240746068036862,1.8655478905061638,2.651368669379769,-0.402987708367977,2.389119466615783,0.4334851435580956,1.3943799127169905,-2.2637954212394633,2.149372787034778,-0.5075288607187749,-0.03916584259218362,1.405840972008817,0.19839817748958746,-1.140597003371399,1.560574077725753,2.081640112728405,-1.184235195962747,2.0015435181166623,2.154389634463528,1.3376210802587858,1.746865638431428,2.8250184873975304,-0.678605081528855,1.253047920498021,0.28098170979910064,-0.17853730077596736,1.1187930487935442,1.4971533120168092,-1.6095816758314359,2.5426592204027214,2.281585255724189,-0.12327083215750255,2.5205080158735793,1.9822501907768393,-0.37352877804920015,-0.4714852973572065,2.2898043972568702,2.4167709764037606,-0.45856469889152845,2.5032887236951957,2.2171315078363634,2.566687593128866,2.1209586455599885,-1.2573712762038651,0.10299276574046218,2.269279494814902,2.8272064270360078,1.6635765865988643,2.1612512331051894,1.236649328140566,-0.22053494603386192,1.7235939352504364,2.2485404681009604,2.6596013975024535,2.0754267969060725,-0.14849011210110002,-1.3432288299864812,2.404387306362173,2.6885957343803373,-1.0040541596505306,0.7137365509344781,-1.3017221626089768,0.7514332018725182,2.5404464603648385,2.676310322276891,1.044369002871293,-0.8214085181377516,2.323566972828954,-0.7135812249495361,2.1839426870916983,0.026275852081705246,1.46178547486074,1.4477271305239285,1.6194401533864038,1.0815613427170045,2.43260810023344,1.8907666294420136,1.8547242702288331,1.8327487662129986,0.7753782987085869,2.69520804232991,1.7416798753720453,1.899366809142474,1.7380684189330162,1.3577339362496108,2.373511039708143,2.235820949633065,0.025232468190401966,1.9173361743328485,2.335771154678114,1.9297021297366619,1.8303089363056986,2.017765241571117,1.6262560515173743,0.8387621202397846,1.496705435546316,-0.43056709529432474,0.6782317007200399,2.3294597606945797,2.8317496329596588,-0.5018516209133567,-0.17890196408254136,2.0992891427274145,2.4980803946763315,-1.0374636252194818,-0.2063813936269269,1.6497153698558011,2.2661941650745896,1.2729651745821167,2.561811713573525,2.034117215472305,-0.47513593865073656,0.5093117703783825,1.1867468801764538,0.22227984060380757,2.422817945487187,2.101566149754301,-1.3013423104376791
2021-01-06,-0.29143738795184676,0.6165413096796203,1.5557217779737014,1.124711187373065,0.2415733938514731,1.4133611345057195,0.9527084717622791,1.6015687288320977,1.634233336716709,1.6005328625325284,0.24733623699291568,3.1578528518122013,2.1195915352724857,0.525144200790987,2.3419889950673767,2.0026112454313405,2.3170410917060225,1.1054292624979252,1.1320822731574407,-0.14611937807202022,1.5405212696040624,1.2524637659508644,1.1219078606946307,1.3040774586168262,-0.5773892282639457,0.23926357855849256,0.9684169834341507,2.104355917548937,-0.4812895865967428,1.1575911556753764,0.32865197703860277,1.4013554789921827,-1.1787730220011596,1.916008624200546,-0.12103771994490393,0.5178743587037867,0.8673157673124824,1.9921787049038966,-0.575079529624145,1.6569425092704697,2.011851063443503,-1.0313403943543777,2.2535141914507335,2.386278930721698,2.2998953562841424,0.8544194286517088,2.194950972399256,-0.20580569910502328,1.3251782836304566,0.7405611152819621,0.029939359821450396,2.4210805619025786,1.0273774021735378,-1.1589499298593648,1.8067878334518526,2.2036569013091714,0.12521000682713784,2.2816563548632365,1.6655055724975805,1.2310542577414219,-0.2705506974758053,1.746439516946582,1.5126279671488712,-0.5430693364831242,1.2559669304834902,1.895931016626075,2.2330186302973516,1.471606409166923,-0.8525584890725757,0.8354061709522638,2.0401635966144296,2.5651741726050976,1.674610891102156,1.952714930400812,2.3980382266564635,-0.0409950246251864,1.4313600499671006,1.85544453179226,2.380906486375539,1.5370591085963443,-0.4175978015260571,-0.7440354582618608,2.61952373998768,1.8473364019639256,-0.5096245287734404,0.6621162090610365,-0.9993478972022088,0.871436980784544,2.7917976160100713,2.274137367567911,0.7524350439388127,-1.928200986174738,2.3116861036430616,1.5274584160915463,2.381008231412441,0.05844712438224025,1.192468963066804,1.2053803177076596,1.2882576736979143,1.4485109780464147,2.1090205411024034,1.7675594080242123,1.9678981764789139,1.9955087154683488,0.40888453535306146,1.525735701643778,2.2811625383304572,1.7179303411505518,1.420879569119585,1.4610694344609996,1.6197968647445198,2.2087413135536367,-0.7737903506987985,1.8021456969667666,1.645172527780419,2.2092407438285346,1.4764268610587308,2.388100227280472,1.694933976655114,1.297237394764228,2.099831208087598,0.9621472067641096,1.1428432085062215,1.3994082613303032,2.402522295841928,0.08942323265549372,0.26842710793621394,1.3148084355198995,2.3220809237810163,-0.1538957252771036,-0.6025438625810079,1.1447769769883336,1.831223984745569,0.3556921979817334,2.2703710731422353,1.7495572140627706,-0.6699208467952724,0.8408531092358741,0.9705990794806103,0.9621586711212013,2.6231865271048367,1.8055375117369745,0.15115153772035161
2021-01-07,-0.3496174913364268,0.5125877232967877,1.490783685995958,0.4428789031810758,-0.2185664039608531,0.9226027103958933,2.610366721767517,1.4683921815272214,1.6643514103622195,1.485059233449931,0.24975737672990195,2.4081068294416523,1.9006600402251146,0.7220126477149303,2.320520371821574,1.9029776879307951,2.099685585067401,1.3009952210583338,0.8252516843987862,0.018304194251173772,1.603051142532371,1.115110042936516,0.6443960532043549,1.0155502068423787,-1.1347469160321217,0.896549937353087,-0.5850781445187637,2.0100268265511065,-0.21208482115883948,0.20816130218373272,-0.33111015235668534,1.1354772556228836,-1.5215332159519397,1.6605912252474666,-0.03164266619121389,0.44293228652129757,0.8956362528446709,1.7140141186748394,-0.5386469188494146,1.7535604600493575,1.745138537741905,-1.3036900912509224,3.233038690263515,1.9496295840172695,2.1494155132517343,0.5365776388215271,1.7150761952072224,-0.264083171210012,0.9996767841142351,0.3555296148960297,0.00910745962040798,2.7503946939109314,1.1125432075414745,-1.31908847142974,1.3468982154392584,1.8150516926219216,0.5082560292776299,1.902310919095227,1.4703483207667456,1.446856850694443,0.2306526257603855,1.647847224979399,1.5213700228685785,0.11442790459810796,1.209526265262496,1.541380271546304,1.8268574038766396,1.0282392791901527,-0.8680676464154439,0.4812119676426751,1.713454307437273,2.1259015477410665,1.0739242012279422,1.6901841304197796,2.6731006958617978,0.3206120806371965,1.1681986140622853,0.9778490724790706,1.9174988343432287,1.638280146370002,-0.28904579820846565,-1.3262328427052519,1.4272420351437745,1.3765229358371607,0.20588712868215447,0.5744069935074924,-1.3181299243192437,0.13641497421488008,2.244741052046315,1.8350304917248226,1.394496444599018,-1.4921579068427895,1.8552985993712499,2.8622318666531883,2.3524480861921435,-0.06352815099389932,1.366801103304973,1.3525753014774387,1.1642637684790882,1.5918128048672031,1.6464904243043015,1.4923900324956714,2.4603727884671773,2.007350953198327,0.5307560743092465,1.4108369716978988,2.223268968268149,1.4632107607695457,1.5296998605545764,1.4219023673997875,1.4471050148543945,1.5215036172391951,-0.3833963949012495,1.2536385000213244,1.3059240129300251,1.9056628186816598,1.3649800379538675,1.7589133173226765,1.5695228453467327,1.0929699260354575,0.8253628281359147,1.2002795603808305,1.4366528121226212,0.2862301247697326,2.259989785422914,-1.1327431329833113,0.08590232913836279,1.36726927786543,1.5448622341119758,1.1586742694592016,-1.1276738851605337,1.115318147733106,1.2782067449764896,0.9668189774547362,2.3456854116207784,1.0586416526309916,-0.9806267895204909,1.6038722918123705,0.8380510339979782,-0.059437860634315824,2.282616788285415,1.436770041610771,-0.0876394820648804
2021-01-08,-0.08982584758351043,0.3961141944977807,1.3903608190071124,0.18676008171838787,0.2185664039608532,0.5743074725760112,2.3655752914124863,1.47602630421524,1.1721270911384387,1.5008586714026986,-0.12216527637808584,2.1185097200014584,1.775944971824043,1.0479290750392765,2.1385614491104254,1.707984651607571,1.7502194554426411,1.3249090105879053,0.9525051869634017,0.448877587796477,1.423769728507293,0.8931521346624999,0.10786711037413235,1.3250885186963752,-0.5735146911211626,1.238723933554814,-0.9757506626516708,2.283641001961399,-0.1582427820886432,0.5765995724970501,-0.047436456704269124,0.9825021337300368,-1.4145316219274962,1.6739934927591529,-0.0576808473944771,0.25135549934692114,2.2243118890772955,1.6490749018535704,-0.5386469188494146,1.642576753807174,1.6284739948748095,-1.1135313407094154,2.580823437029877,1.5801838723607435,1.61951481363185,0.6258198889970564,1.6875421338032466,-0.13344229548471678,0.9149044968664,0.2864276489298429,-0.3099788321881265,2.12204346722202,1.0053906293380424,-1.0705841796448174,1.2871109776839402,1.9653795671744245,0.864434999441498,1.7403618179079496,1.633538311407231,0.9199086581357921,0.41143162034941166,1.5305476023584779,1.5547338527448442,1.8535283488888663,1.4599972049674512,1.1737049106567825,1.562810441141817,1.0388849699656981,-0.6694289041570576,0.7473233823368064,2.0096246487786646,1.9346262793946651,1.0769927783126672,1.5376080118732776,2.2121056089094644,-0.08521800386088359,1.0681061768910736,1.1528070674484123,1.6952446273331137,1.5307536833438953,-0.4264058642727381,-1.158222539706343,1.0393049299840622,1.2488068081273185,0.5231040077019687,0.08455186855000905,-1.3650061218545535,0.5511853175070758,1.0404421831515145,1.5126786983363294,1.306834870007081,-1.0923267671239203,1.9470622165924598,2.5179322177053804,2.1632097404784285,-0.12457034690876076,1.4277331870606818,1.4334086287908072,1.091325791779346,1.2931486693553766,2.0207067601464916,1.2101722422323642,2.1215034921998903,1.7774346221739132,0.43051867903221214,1.6669074814934535,1.8222578651889576,1.3384812554351342,1.3253888350295715,1.2145948135335536,1.4243828869860184,1.3842509807798842,-0.569218727872062,1.354738388392764,1.3028093281608493,1.619473569124421,1.2880155860772609,1.2446560829261712,1.4159319095427558,0.9841445505896943,-0.5378364101794861,1.3262561140217064,1.283027677379904,0.554954080254394,2.194406720723149,-0.36066067452947587,0.019794629496033528,1.099166257902365,1.4980902419505189,1.2417870598445593,-1.602016898756768,0.9280326959235639,1.3296656423590585,1.4990031023183001,2.0912699438761293,0.9953741522113254,-0.8981944478802655,1.506991579365719,0.8463966733428181,0.23619774019034392,1.9724633073474316,0.7307807450202036,-0.30614673664663195
2021-01-11,0.43925323782914216,1.6499088474145533,2.2687030078545853,2.26344364764932,1.029746891838828,2.360251429713543,2.2220700076391418,2.0993631919244806,1.1349811040572229,1.575672444401062,0.4262086435705101,2.1195120188925287,1.8075791497122695,0.7156064753058802,1.7793584571595242,1.6413559149449823,1.824631027081299,1.456074601766559,1.1762486272061579,1.1735396644033214,1.4445802964319987,0.897748424250923,0.5792071546665132,1.5895463056626737,-0.37655151109068186,1.1639812230600626,-0.5245128678768037,1.9340430824614583,0.34228106123715096,0.7399919906519854,-0.10062893112159636,1.1874069914887657,-1.1693471935920012,1.7690118061689408,-0.022127935007427654,0.9105764438634321,2.014970360506508,2.35493418467914,-0.43593111339265983,1.6055225763019325,1.782361499038244,-1.199381098370462,2.0159566844677825,1.6905612146502733,1.686563634627684,1.137037441889773,1.792050168937027,0.054736588313710005,1.1163033642445375,0.2337411238935242,0.5019611195268652,2.1573251548737313,1.2042478116093822,-0.7848262401077744,1.5997490245411943,2.7392304787467134,0.9451969882464785,1.7231700022853205,1.5370770798753972,1.4208209068316848,-0.10952229239559354,1.4453408175565374,2.3778894529329904,3.3372065444303347,1.3411275264479845,1.1436284427424734,1.6178946177768685,1.0299394728727334,-0.07201645578767762,0.9616694449593527,1.7638000861433645,1.6206717264581874,2.0111039443573775,1.7164580620164829,2.110363564018667,0.4352737677968193,1.1479530617336966,1.0970599658531637,1.9304917799883579,1.5332863654211382,-0.27594391580596755,-0.9894879569019857,1.5517502100925282,1.2635202190934098,0.23623161631954323,0.9803575000246685,-0.343781210067407,0.4647138202875328,1.1010042348999116,1.4453655874019464,1.7995768586037821,-1.243461435534041,2.1023152215126992,2.3626001727907746,2.1112514038574703,0.17119766538605807,1.7945129459029745,1.7944736424700616,1.06381991433312,1.5372115832763165,1.5452714149221705,1.6850375324709035,2.2396843021528534,1.6768343666109242,0.610872066353484,1.6280274807660187,1.532145176167588,1.1892858005171731,1.3592760479624801,1.3535223475099851,1.5191050821900123,1.242949187004045,0.4744038863402061,1.601153760381263,1.6201170977991173,1.879238028737412,1.1304799337276676,1.656939801145923,1.316269009822364,1.2586785943019616,-0.6087237124699079,0.6746384014809564,1.333066768063742,1.6575631475809993,2.523552085321044,-0.06883166471882626,0.682696854745196,1.1519421312991684,2.2614960472985257,1.0284165903280984,-1.2845897711087544,0.7829684869948919,1.3607189716914125,2.4455041431682223,2.0262190887613687,1.2112913101562,-0.6071485931458931,1.5948455528259102,1.1004570710499744,0.9037557141270055,1.5302061562097244,0.7059268211005613,0.03232761100488237
2021-01-12,2.8811170348526716,1.077124313651432,2.0091526321523916,2.5889488874658553,2.4086922013825998,1.3997683545393373,1.8211050145846623,1.9050385336371156,1.26415318893724,1.9460298305818644,0.07823630005119986,1.4310759892233655,1.7469441689973473,0.822317873937205,2.055896163578559,1.765529954012714,1.8994065299454752,1.6417121820260487,1.8630233081355774,2.932884008051154,1.419096276543465,0.7040493001773007,0.8384430777678344,1.0479669016133206,-0.3391495511673741,0.7196480773828003,-1.6727588838229621,0.935415980284513,-0.3505963917896918,0.9868455682665812,-0.19960820763463416,1.5236057046965086,-1.06754870807936,1.4791136759026544,0.1684751734869814,0.5338635247986334,1.03681796413256,2.1752500247839466,-1.7977063714988097,1.2651355862321152,1.8649967424731295,-1.8807012181107785,2.0266893829749355,1.5395545429342778,1.620816784742918,2.3422912810731935,1.432218446461353,-0.2629215231162906,2.446680756263287,-0.3186184017097146,0.8283063403798421,1.7804635419770687,0.9783526433771147,-1.7473667179981522,1.487504545826069,2.289479373086706,0.10915299178407371,1.735125125134689,1.0323136376308708,0.3113071031089917,-0.6089548840350228,1.4418205040367404,2.29003387973918,1.6855332018219087,1.6751889097581076,1.6088688102704551,1.6853422733330792,1.3258473954006689,0.5352674822942505,0.5331273640259093,1.1634133564396427,1.3479009591141575,1.6647235825009883,1.244204906438081,2.188376152673419,-0.2158932555994001,1.361714002106653,1.938583473434209,2.3769331004884746,2.3656799364320578,0.21922915047361546,-1.6541889774700933,3.2669603213401355,2.0797149526998746,0.741689333960373,0.7162735365559302,0.17356693086429775,1.2821572356441553,2.1804134978328773,1.8055489096310358,1.871584476319499,-1.3250645588988836,1.965089544338104,2.241087774447555,2.11103022648682,-0.12821902133281315,1.7095958320270235,1.7011514607783675,-0.1381957469415408,1.2533886669220111,0.9735892037757902,1.6011001098029922,2.0843868831098558,1.6390282731612806,-0.04120957451801038,2.156247550828126,1.155187872003367,1.145167982281879,1.08308320074538,1.4343984972508077,1.8884286208994372,1.267880131176336,-0.6079832385981583,1.3656613753432167,1.9345028933800306,1.679596336440642,1.6221419576561085,1.8341473097798888,0.9322679217701608,0.9157588691535121,-1.3548011976429253,1.636402987955742,1.336297082685436,2.614497423551531,1.9665656623833025,-1.1156747186814304,0.039917599071284476,1.0235550376204319,3.1374421994103243,0.4150992328564662,-1.2376562890821867,0.9211256371728199,1.2771156586134256,2.0812402705168696,1.5280021960240227,1.0044046133581053,-0.829449120772631,1.4245931164448953,1.1340648712529204,1.265153940189385,1.499481204780907,0.11992750141622457,0.18225638911261544
2021-01-13,2.824924457616426,1.3074736890422505,1.584972632500681,1.9548955217756028,2.024937454891809,0.9711157852059057,2.29713575120801,1.761532630903526,1.3182735795872902,2.00216135417797,-0.44745158910965965,1.352932459387855,1.422010355838212,0.8076060253079579,2.103695448928622,1.729478392387274,1.790992050611325,1.5489955417300583,1.442645165527415,3.1220993548744236,3.0459731211712704,0.7137215093188363,1.112139032088028,0.7878713205400275,1.799114606937043,0.5617019209591977,-0.3729122863826213,0.891409635537453,0.34151652462035087,1.0278599160249169,-0.07513994353058509,1.473215629104869,-0.9922558927049817,0.5768714607254923,0.98262991869952,0.20211273743725577,1.48201592585333,2.344332495428351,-2.278074388882509,1.3635936771805839,2.0523278734253454,-1.5005590609424502,1.855481748682255,1.4495779087939655,1.5002339753067357,1.8405596313474886,1.7260960140176729,-0.22808407289017202,2.544011036531548,2.0722829297296412,1.6485788097833622,1.8841003608094387,1.1143907760003877,-1.5836023537170512,1.1149344716269778,1.85008998477013,1.1754864266087512,1.8447181320554569,1.0142960028263852,-0.16916587637258476,-0.6444276995422266,1.151205924675801,2.105507206911942,1.6128051360822904,1.2796123900465983,1.6618735743780741,1.6163057603111375,1.3024308940856935,1.0617527978815349,-0.1437894388536748,1.3813751656724462,1.524997630566818,1.8596926294285636,1.1553652545036703,2.0494928659579132,-0.3292656664525938,1.3413209144539384,2.363760326608103,2.2283271338356534,2.6778809066138276,-0.30757076867623745,-1.406452275615,2.8294386690335864,2.40073199297356,2.601269229577379,0.6667701024176272,0.5659165377163943,0.848048970445858,2.5753946530671357,1.6732212962511528,2.212959665390844,-0.42382345154454715,1.9977836157968742,1.7889694617450786,2.2973241838636316,0.34584447533161083,1.6650280090675629,1.6643307321871494,0.8186747744454834,1.1737834648823464,1.5729902032654637,1.216717271406351,1.8417089687316788,1.5839355625023384,0.17393058825669583,1.6031495224832701,1.011879478656825,1.8813696408280125,0.9561031534398368,1.4207631850115627,1.4488813680021495,1.3001726119650143,-0.4676781820423726,1.1917426799711957,1.6301576168120333,1.6251994545856785,2.114289019159387,1.7762156520842605,1.1959078092189108,0.7368011259653591,-0.9137703533650744,3.5148750002121036,1.5575214748150539,2.1995453315274096,1.910716267786393,-0.6207372704827799,0.30446128317857013,1.7301695844813967,2.3282391765707002,0.7016456192969963,-1.1996922812604225,1.0382979501162712,1.56860823617492,1.466005222750493,1.2303708005438019,1.36826731399282,-1.0109623789339197,2.2907123430658536,1.1469713597352746,0.6058619800274125,1.2106683051497056,0.0138331816672358,0.4040197260625805
2021-01-14,1.67741613559244,1.0440787570520484,1.5327806085559184,0.8975662973446982,1.0559019574170598,0.23298587514941177,1.8256782057042076,1.62915659858229,1.5702574835559606,1.4916445430117005,-0.7907539991703079,0.9034263460541947,0.9799093389507536,1.3413685264546167,2.123432141874972,1.4934374412862401,1.3910882827120894,1.0021289156226252,0.8731594047655269,2.5621035244527737,2.5735497579714917,0.18888440799079928,1.1002798322663963,0.9654711345666233,1.0738496739276895,0.5073648358065824,-0.13189574410576038,0.5815384686687779,1.0633068255342493,0.5673479562937939,-0.5345250983346688,1.3779622564736247,-1.0813135956263848,0.3903733772047101,1.5297375359832617,1.1174433942926885,1.6035937416896742,2.1426144486345837,-1.4704024813882017,1.1750442391037252,0.9821459853227679,-1.8452272321732106,1.3898329409843,1.0629794533534807,1.2532359717472552,0.9555600948474003,1.7242626302691373,-0.33946096342378224,1.2583808760442405,2.310175937696906,0.8571401789762332,1.6401405275381302,0.698374385235188,-1.3066755879805114,1.1071523732828448,1.5730960344843106,-0.14652022414702753,1.291982816978527,0.7952185693997139,-0.24507819341042555,-0.8246300291241233,0.7850030708214781,1.5988267581052853,2.443717303057447,0.794989669260085,1.2768549062606656,1.4807936779989785,1.0263427903265154,3.6050631224650354,-0.34825735443035677,0.9972208415472396,1.3737537600299012,2.159269524860502,0.6030148645501253,1.7230713597678176,-0.5299707403727307,1.541340940576645,1.3551187868647279,1.7399597267181002,1.1723994812675163,0.26224397879625844,-1.3433389149161319,2.0977398928058246,1.4118871837677185,0.4403158865890958,0.21528367250970062,-0.2978000597109529,0.6030961372720923,2.123454257278991,1.4402346503645884,2.3892678438579518,-1.0931531406884312,1.4607304014173594,2.085744120933799,1.7468749651231694,1.2989178103238308,1.0902975208691217,1.0953625468675212,0.8363070857635446,0.8377309391491637,0.963309692789176,0.8190646740746539,1.5251984633102018,1.2531121430103431,-0.3449852507645517,0.9808030664323165,0.5807793775607918,1.3396593539238804,0.7864188906049421,1.086969508832625,1.0912436633876492,0.9345881890878306,-0.8582009697923862,1.3408312100455848,1.1800076934754682,1.22872203755427,1.380159315268291,1.4342234836068033,0.9730170261591126,0.5100371019015141,-0.42159282079843263,3.00668081194454,1.2432551813822603,1.4021739680042773,1.7609525509253887,-0.5731335835564991,0.1001500860978678,1.914753268257231,1.6944117055933485,-0.029856915735219727,-0.8985895452157678,0.5309807445463677,1.725569200991121,1.3167790582749823,0.8635919862945532,1.5272006826110134,-1.1438332809339853,1.5801534291683847,0.9446621301082417,0.3617822385613805,1.0607573878493535,-0.591059429839045,0.006494905031597474
2021-01-15,1.6374924582192671,2.789699568997794,1.749961511592093,0.5535572015666465,1.1087497927630625,0.2504887744539793,1.632215363803719,1.4257735879163487,1.7912334729146768,0.7229402899466525,-1.0459624572754087,1.1884562092802158,0.8132474964070807,1.4343602450362367,2.1078083745040366,1.5219403448832687,1.4588634615105252,1.08694715900684,0.7479273103107772,2.029874014437758,2.0134058806786266,0.15432204465444807,0.45370073846195125,0.9457473514908753,2.8473085431646936,0.4096646476235137,-0.21345316535555497,0.7480416657966532,1.4888081887557185,0.6669263302503409,-1.1247941960397914,1.5698043198434757,-0.5277831660730659,0.3320363467629297,2.02874441923687,2.3018177929365575,1.4887010419351656,1.905803577282986,-1.6399749976061826,1.8999438388267886,0.7831848931656931,-0.6160670954869577,1.2736547684972181,1.0503587202591391,1.675100050768299,0.9432912478463116,2.0514702570065264,-0.06189969825481816,2.4950743234426263,2.412801201072292,1.0976463789271371,1.6556099364792771,0.6472915854138601,0.026163024232732014,1.1659065771934254,1.5594091977514302,0.5847990064478237,1.2506344710472082,0.7278815937189803,-0.25576869958081505,-0.9036370055365269,0.7027582016941294,1.5781110316911087,2.59472293464622,2.826366194087857,1.3937237118735815,1.0741888589318358,1.4019442230417356,2.6702540238868067,1.2230184216025874,1.1496916589412565,1.278072587005066,1.879240760635253,0.7464300171053564,1.606107438976105,-0.09104199487994151,1.5352430821355398,1.2355278089464814,1.3983053703341672,1.3275209776972265,1.8003790355884268,-0.9976847846226482,1.836650876044247,1.4711124497747592,0.48273826940536463,0.590168310094263,-0.05184775661174718,2.0531029780553967,2.125658875629992,1.8111270279288658,2.398991650641416,-0.9247180514910749,1.2091877886640516,1.8595682183842221,2.1504290533166883,2.5332448404005325,0.6400393412664782,0.64452264728418,1.746430114313154,1.5899848114455082,2.2014311406855827,0.6814177507922375,1.4236248736052397,1.114229232936086,0.10175861650861061,0.8533526541795481,0.652869199663716,1.426316321279115,0.5908567811382223,0.8808680977641975,1.1357449682429355,0.9610197638984763,-1.0182761987086175,2.025913074172301,1.097278614836657,1.6895642496578445,1.5567492534013847,1.254202351644364,0.8838464916439774,0.6327006391228231,0.43143002185275314,2.1150653035005207,2.0493313064804575,1.2154617332824789,1.619309614892759,1.412963700249732,1.4684596182645397,1.7143392807195967,1.6259118331321,-0.15115480807157833,-0.29882251463438547,0.323791097847781,1.5024517682935992,3.204866973266015,1.0431135762172576,1.0681168322582444,-0.5616627907623207,1.4868386193732495,0.8625316702348157,1.9552451534950255,1.2080289701364975,-0.7840943329430522,0.28095907689932054
2021-01-18,2.5543018312266095,1.7034847472623744,1.6580426131456678,2.1874025667130295,1.1614422481139237,-0.20244286129732647,1.5895518272580007,1.3590346088577052,1.912551051371092,0.5912336041384731,0.6033198681391285,1.5285385442681443,0.9302410601153627,1.83362743617044,1.7612744403738185,1.3487582821453399,1.3865510249671893,0.9850223193850274,0.31240875229798265,2.0160040199393654,1.724070017428618,0.18271983150078291,0.40295913038106,0.5138202403983041,2.6516562166360265,1.34763823434382,3.4921076969662415,0.8334308970610376,1.3024999884668946,0.6748009329173945,0.683651309573703,1.7044617654530645,-0.7911465003735374,0.4715651299149748,2.0806976211973742,2.1351838790882183,1.137639644153938,1.9741835030853727,-1.4686313022780144,1.5244155348816644,0.9958102212645658,0.2087936824420844,1.559260971676065,0.9314012784983849,1.5981531112932927,0.7457927452919656,1.9109744732445006,-0.5883801037824018,2.2682904687723204,1.9394911759603568,1.5837159349068437,1.326944448181892,0.3641759759147593,1.1304481975577112,1.2826155833204733,1.1845171554246907,0.9447085668508663,1.3662803105428902,0.6606326493383509,0.28852601158283686,-0.8381131526661816,0.5305918792401738,1.3153048932337326,2.2820069562782144,1.8812087221899472,1.208064317350826,0.8787491456771523,1.0856737855347331,2.8201544454478773,1.478505317590462,1.2483090555950478,1.488093182874863,1.6527967163621926,0.664840564251794,1.5064958521595115,-0.2060576825782538,1.6796194792772914,0.8094630027879216,1.2135371306512328,1.3137332333322014,2.343312017939664,-0.9937221569844844,2.01067691069332,1.7554854546113563,0.6611376594622499,0.538574338328892,1.3435109686577533,1.848535012226691,1.7103254832824868,1.5717146773577546,1.9524413635353495,-1.6407385208631047,1.014112276884536,1.7141335387896652,1.9017122997231442,2.3997246916139896,0.4757134371458538,0.47875852191468476,1.6809381774515402,1.3129936777026368,1.9232000977082035,1.3796456278481906,1.1061307053070792,1.0195502836731176,1.2063143684173285,1.0962501772378652,1.3794378019320817,1.4688860021244377,0.5893247480940419,0.9014094022650808,1.6965787637158671,0.9771073197103997,-0.8537126680000247,1.6795440895200688,0.9458515213836421,1.5685193258809043,1.9332803059120005,0.7950863526850739,1.3440535505406601,0.8580333496191747,-0.13361764277106342,2.271545864293811,1.4811699849246123,1.2229606906435944,1.5090736126429758,1.7335441190669896,2.1687581057673735,1.364327584566752,1.526967188121486,0.2342599831608575,0.09399069565996351,0.16983982167484354,1.2625446347047864,2.8965940493126654,0.9325996671662289,0.7967950646819283,-0.37780550908791205,1.73897462895445,0.747467095017054,2.295461196913868,0.9727490495644354,-0.22620253213419328,-0.09136468787958742
2021-01-19,2.2608575249549676,0.6842685979260731,1.4024358850116,2.0076696400899996,1.0548957042234839,-0.5315184478926446,0.9158069078980068,1.1755916503142407,1.7461579372855625,0.5201271502227016,-0.48601291812821024,1.4723902551094512,0.9922699740517031,2.0743140579155304,1.6279504480144247,1.1624226237627744,1.0155559179322704,1.4377889861834081,1.7992202286139045,1.5367348223842228,1.6911409903721542,-0.6658761243907722,0.6027799831422662,0.30141512140927335,2.219493907201721,1.8257052430840215,3.1322132058495225,0.47651029106481735,1.0028545712979982,2.1730443752097113,1.2414530813069213,1.7010433487852028,-0.5860648303987412,0.8088539043519968,1.7615025249637144,1.4241290250998504,0.7715479047721174,1.679162690641472,-1.3989769492056499,1.1454315085600595,0.8865744507214657,1.388889898819288,1.4323783965323698,0.7583455668796143,1.3951498262163642,1.323605234611388,1.8273944046807846,-0.45305353753943206,1.1439341071005649,1.605570280515546,1.4757846308938274,1.4842200965594403,0.3275977316320539,0.33879527417585403,1.3651380718993493,1.6336341504367065,0.7094243090137721,1.3523493732975331,0.5668280494411024,0.5564897176787361,-0.16815729947037758,0.7580070800446959,1.2818105074609631,1.4961401750552825,1.6393442678209589,1.3267161699721233,0.66795580738019,1.128723476927119,1.8511286428968405,0.9085557587897005,1.0641899826751142,1.4636549577200393,1.5840006988928366,0.8391062839805755,0.8524447925197944,-0.32924284085463923,1.448659754234869,0.9207207514089357,1.1351779944886873,1.6088337527122838,1.7651887058482263,-0.5881913191563898,1.541054199737739,1.4786577268394756,2.171194180384854,0.4311541645888468,1.887191702148553,1.705787868534894,1.5151367581256086,1.422400656160625,1.6723612440269084,-1.7472938777143494,0.885126459127552,1.5110387479903369,1.5477510754466473,1.577933816951253,0.6764640251534249,0.6658354694838916,1.5236887235936947,1.8796865642520093,2.314217888639193,0.9164005977017874,1.0688125666730812,1.2033735630189881,-0.12196726841048831,2.208430504923866,1.0588844142307479,1.3018691218597707,1.022840832811243,1.2377829654201882,1.8198980383206431,1.1561216229061018,-0.43434247851056124,1.7438305950381288,1.0829954702477624,1.4179159632451455,2.0890480267345075,0.7528262712839547,1.187771162545919,0.9364890169361719,-0.3708574156630029,2.007727183583969,1.227155610700294,2.1220451829923705,1.472136307758976,1.2542786467036457,1.4719671551998939,0.9455334972836816,1.4268160257415015,0.018120144625785227,0.22824126391379956,0.1350415138572535,1.0622063572244793,1.643888999184546,0.9418711058025643,0.6160714292105683,-0.4063890105078326,1.6049712475258464,0.8172094462204019,1.6399023484971202,0.8807765623449862,0.22581976758941977,-0.28515821260343177
2021-01-20,1.3813816402301495,-0.08409152159186616,1.2925818854016924,2.2606793238134664,0.46115570656847027,0.12925339735708744,0.5311670115754843,0.9099043164291962,1.6525355968203417,0.050454971189713975,-1.7584605084880525,0.9745108995174924,0.6547349081920816,1.701540086851905,1.3372203842765673,1.1122609940790715,0.6688916484180252,1.1570914617437429,1.9936421364107537,1.542811991126596,1.3910106746221813,-0.8875402063434669,0.8742343615453659,-0.42369748651275313,1.682595920617959,0.3030970602622029,1.9365943576654445,-0.02490749692012787,0.7684625521685202,1.8887521029065493,1.5513459903643736,1.4921595257842597,-1.1954122750222236,0.44795300794583437,1.6574813262669035,-0.35623828320331086,0.28968114850524823,1.608545669444047,-1.8327287879890926,1.0218510551765774,0.4331737158678284,0.29307172138318643,0.8604305730631522,0.47134291239352877,0.8113288952094758,0.8122651514265905,1.5850654699978122,-1.4198540058630578,0.8344446927882992,0.8151949654894722,1.0300039137316896,1.5678714927692066,-0.3799413195693994,0.25671721705835526,0.9032966706813303,1.1374820763014521,0.09363794044474304,1.2999308266646377,0.32357738281876275,0.33015098078998495,-0.6698660518099596,0.25405209391747985,1.0298404650476176,0.9172693329371954,0.9935583691361788,0.8620396365288999,0.008784232342148675,0.9059608179867649,1.375958370518255,-0.15543231534667062,0.7204454933942708,1.163816115128613,1.582752869932791,1.8565091487594454,0.4792028563707757,-0.6707362000449161,1.027008496119514,0.5525750906992729,0.8929163480709468,1.9722703606683911,0.2830517873432405,-0.5315489917894036,1.4360966897783798,1.3254528356014268,2.02535377975044,-0.27839984124953454,0.5471719565597717,1.122354702487286,1.1370385978091468,1.1733850477226615,0.8932741154912297,-1.8210705367904843,1.2890063227269912,1.8044405816575004,1.1199393132313127,1.5338839264191257,0.895531373645586,0.8865524798421182,1.331230763186928,1.6231349586350463,1.9292483566751384,0.9435700644626086,0.6598536984858678,1.4210419130422756,-2.115832223520615,1.7409581774101863,0.6911990259601971,1.3822495554580674,0.8024140664839325,0.43388978901263764,1.3160559025676009,1.6178218153186201,-0.8864060623833678,2.036618530522229,0.8325428605402615,1.2072734063025783,1.651738097071742,2.5762941919354243,0.5171485937831352,0.13821200580361956,-1.2468862473515232,1.9997716691170941,0.6627468586358579,1.553878388335849,1.5192690501876611,1.0835817092756506,0.8328941245889266,0.6719928843342435,1.1927695464143344,-0.28760844411465786,-0.6302967899516978,-0.14063563731051237,0.8511210397382517,1.3299521531198888,0.4963830577492555,0.14003920850340423,-0.9278565768380699,1.543774156101652,0.23425611602696333,1.1331087901553947,0.36369351721544446,-0.45771515662146145,-0.864954137486483
2021-01-21,1.7359725466489597,0.7771079097667135,1.041062124552903,2.076562931200919,0.7416510939664397,0.30257258052186364,0.9309732135850672,1.4975226414302552,2.633116035277085,0.5697673357511519,1.3194252367962822,1.3231818779545488,0.47499686360997356,2.5000119716992417,1.2833637575503294,1.2114491323878167,1.0220054771127165,1.213443350487986,2.2339530061626616,1.8894670968500928,1.742487008817628,0.37382415379250294,1.133291201677316,-0.2679707201213549,2.3933008731986574,0.9005860549344503,1.3971102460544134,-0.14654342514169785,2.810969008392698,2.668779891971286,1.0883941158648733,2.3835914171965165,-0.7131046744856147,0.8654183426610124,1.3362024496200071,0.3973586909040848,0.6988765841598855,2.648935905100198,-1.3985832167272156,1.4657314888431023,0.6700126146059744,0.4275581777290745,0.7959424171782089,0.655820654056325,2.669592166943536,1.7260743441030009,1.827632673755227,-0.9995414484500352,1.727157089662699,1.7511968763606198,1.609755114306208,1.5457834570855338,-0.9609344549261156,0.524953737456899,1.0249910409597127,0.7231192743246371,0.887721763627431,1.1758343487252132,0.41598031744141223,0.4116345563733487,0.2622357441173356,0.24611726425948838,1.0425388026252995,0.9575615402944482,1.3472226975439914,2.9943910164105767,-0.17186098621765628,0.8744115030822565,1.3519950051023935,-0.2114045883372692,0.6250860862997486,1.0685093669017904,1.5196979237912658,1.6829110070914086,0.5604748165499476,-1.0266274382177034,1.1610704017651792,1.4346437705803043,0.8608216492779309,3.023812079051598,0.7319305684217475,-0.15230127541950547,1.3874451018651959,1.5145933912734602,2.675515343428852,-0.08069372603929276,0.6714010093328525,2.5778742566456545,2.851214854474495,1.281531046773245,1.1258271939817681,-0.8255170105228411,1.8148930705766673,2.191758081207795,1.2448351010422758,1.8798879808352116,1.3190305331080463,1.311170657487202,1.9215057673729088,1.499708537758575,1.6421722569553268,0.9441801302902614,0.7712818417327482,1.4716450313984981,-2.1845749689485534,2.5341446704360484,0.7053171180618583,1.1400455964031324,0.7157133662793779,1.8736432959751732,1.0652772639116546,1.6336139923299542,-0.9535762877366805,2.3783520292929023,0.7775277693510971,1.0348895651389547,1.7751255303217435,2.169674211978646,0.5309064886803664,0.6002781711350511,1.0508111403327358,2.067555530756972,2.194037388182887,2.025015891682089,1.5381680243319942,0.5401773857196811,1.6159539419873352,1.188680786653931,1.5390937353992022,0.5841386311030923,0.5179979596110834,2.746139016932001,0.4385867943812553,0.9660654175693503,0.430351638166327,0.15876480153096717,-0.599159898390019,1.7202868183660862,1.966970324062273,1.1908135406436462,0.7913360794643098,1.6850277651436567,1.9651855366970479
2021-01-22,1.4309087841723431,2.785452432653964,1.516810637102496,2.230649908294262,2.283846731889709,1.5779802583399385,1.8151823512805405,1.5829561206459657,1.9484358477622947,0.7185231096118097,2.2261232199766545,1.33094607659317,0.4345831091081195,2.125337240713456,1.0911549038073405,1.1085086794306154,1.2278430172055148,1.5731665499044065,2.4744582460996014,1.6141569606004609,1.448265849114027,0.897433405957729,0.5237475169951805,0.544994206152139,2.3609729108556055,1.1475582109574887,1.4931344320670619,-0.38913502927890625,2.521589924877542,2.836133140817399,0.2855579539582618,1.8953478223835512,-0.13160180306086178,0.7045114134480515,1.165974417467464,0.3712600278904466,0.531373134927757,2.019123722746871,-1.2914793041521788,1.933113913002731,1.2760742778867429,-0.5262055230637849,0.5769323255795153,0.43952232742837155,2.2675486572151593,2.152056868153051,2.176815825549911,-0.8465308591488363,1.3975241766105633,1.3310655587341977,1.9302191959865096,2.0307533529475426,0.6139436968265416,-0.3590276861223602,1.0142452196847875,0.40604937370738176,0.9947350112349773,1.1555519403207595,-0.022662340625992507,0.11771235518374264,1.6481148439238424,0.6059789334255622,0.9620078578590938,1.1642510319094643,1.2601099854557567,2.1578959898864802,-0.2208078221206896,1.321018703966931,1.2630877597101633,0.6823968267653278,0.5041719313874649,1.0627757911325424,1.6772789580237135,1.3879478455040168,0.5762368411370105,-0.9464451018064612,1.1237739436966585,1.4166039287807757,0.7839932742368331,2.492397166572554,2.104188633899156,-0.14145531213904505,1.1509852459464451,1.294996561548952,2.100358489324247,-0.8764138850342249,0.9040094780511807,1.5525422670851858,2.4614306475967846,1.740001267973262,1.197097281959698,-0.8105492785770123,1.5799790293267986,2.0356583034607154,1.4178657120900222,1.6475005657958046,1.53807829964989,1.5233810486837505,1.4232612194311562,1.9952150611299742,1.6222227906205706,1.3496453215497197,0.42863043883567187,1.181907013918818,-1.4895239646884462,2.2959357499453716,0.6310701398424837,0.912148864908425,0.7529427560995401,2.0294114083139405,1.0355591877883823,1.2376008135354981,-0.6973491350439962,2.22661183272952,0.9053635403622297,1.9265845674037307,1.4971628399900492,2.0524363531610006,0.4079342739710855,2.746379689284309,1.2084707665894665,2.063764976990786,2.399292582545017,2.578500373609493,1.5312423477356372,1.098011597512004,2.499989626502537,1.4545487393546834,1.3195457277351346,0.35960245857146,1.2300708039011292,2.5845860034926056,0.9355952018540461,0.9577690279996731,0.8082935240676037,0.40159853558592745,0.4586530202281938,1.4869478947444479,1.5114434419545202,0.4622934738272328,1.2411731882798467,0.9803192271903785,1.7588058091299479
2021-01-25,2.011273921386913,1.311543037886702,2.4336103887491007,2.4757283852827916,3.1669874775382647,0.4011502467755063,1.4430236826360539,1.5804937312063148,1.5234283235658532,0.6161421406327547,2.9384456721346193,1.3814676604902716,0.3096570506845513,2.598448312285098,1.041945776902856,0.9046072807712721,0.80445157719696,1.34076894753649,2.3601621865954945,1.34573976579645,1.5498967841061368,2.024649447301631,1.1528317369241379,0.968796336566593,2.0212256038525442,0.8171102614424312,1.4064796450097417,0.030736735647852485,1.43654146098681,2.315794966758278,1.325017913732278,1.4828889286113665,-0.05462875872880505,1.793039416569448,1.1700260221075407,-0.32125968021594886,0.5234885406164762,1.649819666227833,-0.9199957075053179,1.166383761516165,1.570534111560227,-0.21606229007424754,0.34049985948268036,0.5224205660798952,2.2037654213132036,2.1269790662099757,2.58376486603912,-0.710301767497616,0.9654327412281665,1.4935907727858442,1.7407900781178176,1.962132612485957,0.3841026253778192,0.4722820171151377,0.683238095489316,0.047523593613582264,1.5618781243453808,1.3715320940337268,0.720509782289631,-0.22504365213805194,2.6108117297176836,0.4472721988011604,1.7374753525572433,0.8755546459400718,1.355884740800324,1.274240519234711,-0.02160565815993771,1.3820896130470102,1.2487278092848741,1.14952853762402,1.5499180260436518,1.2572432641131455,2.027125325868757,2.121992875121205,0.5280042472976505,-0.9999885847443569,0.6031510420011208,1.5837564107995845,0.6080188417814752,2.0756174277941017,1.4339610845890252,0.2265784820322923,1.3903538615083315,1.086843648348318,1.3135290160725814,0.6909756031583708,1.4507800506168766,0.9003613853231538,1.9446230858989038,1.484442185988914,1.0720406874369042,-0.9787552306413746,2.3462118218658743,1.197781026125232,1.6021435391314056,0.13640485774408478,2.383190076249189,2.3846124840603315,0.9765617204327868,1.944444773745616,1.9267168252314186,1.0943382915378463,0.4411829424462137,1.2233950041950736,0.8531828670075929,2.0979915608357333,0.5391101999036694,0.6477622169925207,1.1910936117848188,1.6991811973022832,1.1256493186704857,1.3224696031776586,-0.8899593394767809,2.334233620406006,0.9969762386949751,1.2229255819700995,1.0540772561941436,1.498408823961387,0.6420027605979695,2.862918853348525,0.8786397904127516,2.2467552979644485,1.3551335747401687,2.191831736762717,1.6212255310541086,1.6191991303501319,2.0901754433444766,1.4936987434715898,1.4505677153388044,0.8051506726048115,0.8921231669791148,2.327442022982104,0.9456696161801796,0.9826043427404557,1.1828217370293044,0.49308018864831626,2.1772719577295323,1.7309259710365745,1.3317202239202195,1.697974898866767,1.5693123417975028,1.243643825481288,1.5949381324109635
2021-01-27,2.5601991785194547,0.9972605060446675,1.933804941206593,2.143048648014682,3.6017266245731743,0.47720564026802914,1.409117426779263,1.6609922436055837,1.3105296622589258,1.156233472447435,3.34793360167513,1.1880362587311364,0.1251345900678469,2.325687134841005,1.2277359128169996,0.8628123087436085,0.8993879383487277,1.2453038095068374,2.7509930535948626,1.1094554979925124,1.5949650938183926,2.3401571562567716,1.8074225947304334,1.0575305486520836,1.8550507818783728,1.1378789608108546,1.2226808979810917,0.5067788940127294,1.3945871664809084,2.39892553446151,2.9976987775536874,1.2985228376414009,0.2021086040590768,2.4938375798759935,1.4008809538989622,0.35284414244743784,1.3428240903826631,1.5779295723699178,-1.0924882581647224,1.5328233921736425,1.7105753423649597,0.5668579140983503,0.41110376249071434,0.7186562983320622,1.5465476407763437,1.903161530157687,2.2687975268936897,0.047141955148590035,1.1049703485476436,1.7298791423195257,1.4990547207975307,1.8800165411934795,0.6677451914530736,1.5332509009454387,0.6319469169382225,0.10187085251847662,1.2848260595705518,1.6483885564805318,1.1971495035665736,-0.16045150761838506,2.8916376792749414,0.23436727108621902,1.739318300002672,0.6025664490517131,1.0962494226592967,1.2405849391557509,0.3589108311477484,1.3966256725958492,1.827716055823992,1.0121776597287298,1.782109893170889,1.0087316447313668,1.6348141170907355,2.1690212694962323,0.7416593567883668,-1.0272343660825305,0.04860568990894695,2.4585627150653133,0.6091698121611351,2.0428892526784104,1.2796603670340347,0.46480537746584366,1.2391247227612934,0.9383670174070813,1.3230381462577852,2.5547952774436675,3.5003177822630738,0.6347664280269754,1.5132217745973395,1.4802092243787397,0.9339314185466827,-0.4047452664493538,1.9358999405285802,1.1201731436516587,1.8408506960572415,0.31369350811290814,2.5926643879685356,2.5977481704736323,2.092743992857897,2.0515251554891005,2.2354388008617825,1.673429527876998,0.3800066892927318,2.1440107197962037,1.5006740200268178,2.163081425370381,0.27888182055829813,0.5598116520267737,1.4010111002470615,1.1868667046261678,1.3559103067004123,2.08534459745164,-0.5910086100329145,2.218093757859494,1.6266839229302572,1.1390968395046486,1.1046242418296346,1.7304204048434235,1.4583128438359052,2.535231661990745,0.9131204827038579,2.516833185062748,1.925649699465094,1.9086140549288977,1.7226027190435085,1.9837414894640375,2.062259749452634,2.0207564865739824,1.2526368979134948,1.022973988027813,1.6312323974485663,1.425874378936191,0.6140471500537628,0.7896180115390504,0.8166040758403186,0.8148053380769075,2.865495648465853,1.6129355365179499,1.6534211185790357,2.0714960082794547,1.3718500648678373,2.4176243096451144,2.007323891391205
2021-01-28,2.4278390960069514,0.5896555192658185,1.6928296859972782,2.2146618803075806,3.4159482834455135,0.10571858908908148,0.8838965346117936,1.49025173829629,1.2081956288022937,1.4404725501247135,2.7412146602494905,1.2531472500894227,0.2333738750106487,1.8168547587204609,1.17738423084345,0.9906294150113347,0.5439811767456969,2.177639242558224,2.41872704845304,1.1312202730917766,1.552755657784565,1.883795980785428,2.584724807875906,1.8696729475126614,1.8093708504977364,1.556930748023976,1.2404350198264693,0.511878549761177,1.5338021757195426,1.9579721101336043,2.6088972510785924,0.9932712347869633,0.6497716798274803,2.3712283941913106,1.1226997777753547,0.637163968867132,1.027625696033482,1.3568808435978292,-1.0035664457316456,1.524946755988351,2.1920414776552772,0.9632836770367185,0.42903305128460184,1.1401944608655765,1.7710308477583243,1.7046431551604202,1.949046330639698,1.7444429810564226,1.2984971579246607,1.1454001600950388,1.5140538327855215,2.0952864922363332,0.8397515709306029,1.6302581250639305,-0.18026475527425764,0.17194307188832358,1.6313543614041133,2.1754698978277447,1.6258279843711636,1.0774956483973532,2.864308610854192,1.5645203722890484,1.7084382753535265,0.46127511143780775,1.2015662110614598,1.2298978687269742,1.432632883413892,1.5321093527879786,1.3511174811174005,0.22725057235135665,2.130043751580457,1.2299303046169048,1.733671856176354,2.0087715973942837,0.48586124896297944,-1.031769084012055,0.11807223031719516,1.996590913774182,0.9139088172285229,1.7616335616040635,0.7269299273465771,1.488607192276467,1.2691216620969186,0.949106250056022,1.143796300188831,2.785169763297122,2.8366855250471668,0.45514263607018124,1.3988290774449161,1.6430514645549215,0.8040063384841526,-0.14149855552921928,1.9742578107907582,0.9714644012704513,2.3390592175404605,1.0417653114926362,2.259641279309934,2.2530584028614835,2.088358908147108,2.1599478751443657,2.156765457646897,2.3976060876779623,1.1521526705674336,2.269485696275486,1.9244209368019058,2.075657027197426,0.21214091937126195,0.8096105683312651,1.2896251329641988,1.1073525844866006,1.6504766299431612,2.023141240099903,-0.8703526407298567,2.1083901233957567,1.895717086335577,1.362757074498031,0.8689596635128852,1.5990446812722476,1.6691573529546577,2.9679430698153877,1.7353617364900016,2.515656799960264,2.355228698683415,2.2354155689947217,1.6743720644570503,0.7718860504443679,2.0100934957334107,2.081837242835541,1.3076069776390267,0.42647596533025767,2.1728550098778627,1.4560035122545574,1.104421716879066,0.6955014746702562,2.508087367544454,1.4094283601906905,2.588487789074821,1.6659015209584287,1.8430973649573428,1.5458793344051256,1.1152139981952922,2.6443703350520646,2.4343831802472495
2021-01-29,1.9200498204354943,-1.1139278852903476,1.7618724128197094,2.2728034229758487,2.3879959844795158,-1.3556543538572763,0.978667781028819,1.1973402003398819,0.9683811132944328,1.0852666424817754,2.475890679360273,1.495347069575283,0.5855668139227624,1.536614694018416,0.9907421146036249,0.8483032387168938,0.48015643193082674,2.6788835290450588,2.234469843925707,1.2179910403994043,1.265030042882306,2.3434280841227415,2.0078306148556053,2.7993820105637837,1.569944984732504,2.3195541582347703,1.2404439787619754,1.036094524774401,1.3355105299882617,2.174923241747553,1.8753524235565544,0.8866359326084162,1.6408397445625147,2.4297656756231896,0.9269768816674909,1.0042262924467238,0.45784716022209404,1.1723003701834789,-1.0510242751528582,1.4631785293120492,1.934398293620319,2.3160641558175503,0.18627677321670918,0.32706319018736923,1.7023469335203896,1.666941072012618,1.8762319679693713,3.72051927773526,0.6995989497090837,0.920256017986224,1.3398238001606084,1.9597362231289144,0.3134209457585097,1.0796255062579756,-1.0432339706301323,-0.07234505711728767,1.6982786904183294,1.8652996656729344,0.7678625269727885,2.626254823297443,2.745158835876229,2.630201010046353,2.1070150578566675,0.18790922712069608,0.9480274279825177,0.9324315678900927,1.6231045953650813,1.987084061858744,1.5438074935533923,1.2768994526251916,2.201648139509767,1.7436840398575866,1.600800712329716,1.5971209163983788,0.5401767026334942,1.3246563835290919,0.00538098880167036,1.347073536596501,1.0446871514970832,1.678388500659567,0.74009022692246,2.905459932966455,1.0125215758184862,1.481272071270991,1.204834940924395,2.562247801023394,2.1697258826713357,1.0839073643359596,1.1449291290786432,1.5006597424136912,0.8118669627818544,-0.22082851768645614,1.9274972551529823,1.2099444340781595,2.7661658247879517,0.9958298578203314,2.33760592453409,2.348421675632795,2.1825546289093243,2.215804787339635,2.179874291198822,2.1758326409765223,1.4544820332802648,2.001556744492485,1.7637826642086234,1.7218269914281192,-0.47125143987693907,0.8686742670122529,1.326128053199875,1.3843880047839645,1.8913487383754315,2.233012431453576,-0.868159513138997,1.9277101828012768,2.210323348953837,1.0220517771558069,1.2145389717125366,1.4451913265307785,2.08080077043799,2.875401752672923,1.8349653661938088,2.453017869752132,2.1225024828707504,1.8695700190389573,1.4821636245920544,0.869901860374598,2.237769981532398,1.7724704131287736,1.0656946678038992,0.6693922714684886,1.3932554125366126,2.2218313473721985,1.3431259846561363,1.5671728955471704,2.1470687052893718,2.177588198127105,2.827837099729915,1.8436043933223174,1.7303840586791326,1.4385783121249147,1.4246422331510447,2.5558981112726005,2.2622583999376205
2021-02-01,1.7130296706499448,-0.5626572336000046,1.4703835979539872,1.921150027910755,1.6720870119926499,-0.8345329576032817,1.2148757994891024,1.2658546106041297,1.17678722921887,1.1395726889330844,2.093246393907367,1.2880641574526213,0.5264383333711128,1.6908491678481203,0.8700207441716721,0.6110055432922765,0.7348078147990396,2.2878364637871527,2.5772552790193832,1.017654860205921,1.0867997064509898,1.832890825931261,1.6182751805304327,2.596283593261645,1.8210805592906492,2.353822826757615,1.1032766625502062,0.33964235809038124,0.9770751586968908,3.0828975856833005,1.643511104772459,0.9039730600790329,1.982341062727501,2.132308789840931,0.9322312413061007,1.4083252886023818,0.19364338981921783,1.0037792402831087,-0.8797864550357918,1.354458401798153,1.7636919322209674,2.050218937498083,0.35486442797690076,-0.3102460466589679,1.9793359308475147,1.4061612984891814,1.707726310143705,2.959039774442698,0.6738861708017582,0.8316745236032733,1.6426784827545198,1.5136654337092685,-0.3480059983321712,2.056037453574238,-0.9337416550021804,0.08673702943095993,1.3897511794048725,1.652118578762981,0.3316729258181517,2.4858955328425982,2.613135660894652,2.1065474577436714,1.573098448891571,0.11662612935031284,0.7844775526010619,1.0314548787722468,1.7985028578282831,1.5261084005126502,1.359442279527379,1.9964367880551137,2.0737440335111237,1.8084640282660265,1.2608068728953974,1.042768634309303,0.6258007229544016,1.494205798410244,-0.3828991146181243,1.4382792998763567,1.2894887615876394,1.5821416503291408,0.6534669621009138,2.5256587635063994,1.0773563993450361,1.406743990526196,1.1391335113799812,2.475076725039856,2.2204127398774625,1.069718456333043,1.0297603544454679,1.3451176917719199,0.7307426019639556,0.5852971292028046,1.6147872294888472,1.1388670750631262,2.555565968782821,0.5608498286937952,1.8804867537450236,1.884406295897374,1.8298915482432745,1.8815225505635367,1.8472461886536153,2.0755260427860374,1.7978692668721303,1.9118605586084017,1.830278825797045,2.6759734861985613,-0.8835232558248449,0.13118057095467162,2.7235879849776157,1.5032020072085674,1.7439571963180591,2.0572978117572833,0.27230060660804084,1.6323670419628813,2.134027482289596,1.208946323535747,1.0374923503415583,1.2336481347563575,1.824794240097661,2.0308635684450134,2.1752313752401276,1.994110652993528,1.8176947535420034,1.6137790821555513,1.2588227421768803,2.325618236096941,1.8241348171655385,1.5725114875646797,0.9463695409445742,0.9940351487453302,1.6389304129166669,2.005548514460582,2.210196360168965,1.4382763281836615,2.3965427311978353,2.7275806735372075,2.6354585689289256,2.070737709673219,1.2066230638005864,1.6024602702624657,2.859131709576505,2.2061314154935303,1.6886545520649374
2021-02-02,1.2859769352926331,-0.5995031204792814,1.2298476285447153,1.570081079777161,1.1482377016639502,-0.9272476681411422,1.3651173133089605,0.9433800277041797,0.968646637088772,0.8744325616598958,2.1036445965813977,0.9958951093268794,1.7605256506686595,1.3074973555549882,0.7948650240514427,0.47330003331594783,0.6006444884202049,1.5692021861162504,2.275730526995973,0.9327648652438651,1.669899849636626,1.8124661418086119,1.6809426248933974,1.5765406445267556,1.8154599716323776,1.6504389297791147,1.1292774699385766,0.24995799624922047,1.0570476915078277,2.6494972356270496,1.7801188428946975,0.773928053924449,1.4245529110640436,1.7875167547708979,1.6923754867070264,1.9943058250460588,-0.901870476450243,1.3180758219346822,-0.35539005493322506,1.1351900476639643,1.7769814921434197,1.9325360457949994,-0.23834591248147827,-1.042502014792469,1.66711587846475,1.215025396411049,1.458669439719873,2.179869280501816,1.9162142702962257,0.41973430547048285,1.650553397669756,1.2047731234425536,-0.7920121202302702,1.979006232746223,-0.17154931644431023,-0.0939227264085341,1.3131992694152597,1.2355263856827032,0.801053923500793,2.3391637521108053,2.488193730383334,2.002259400654846,1.5353237724360609,0.27008407664122674,1.5554979348278535,1.1315828076778416,1.3539348808761533,1.3756602795655914,1.19883963080074,2.325980592035385,2.337246034287912,2.1467814533195964,0.9810779488741341,1.0202564009782136,0.37476487287692256,0.22945278352925752,0.45694591452446304,1.3633960702113972,1.2877849698171238,1.3517291806564364,0.5732523022226754,1.6591985503188413,0.9744708114310572,1.228130551567304,0.998669769354923,1.6948249627507952,1.4392728109183452,0.23578614001457449,1.1526944116450037,1.2665621399931222,0.5585492687678144,0.8924633478611729,1.251014454729297,1.4115372670623636,2.0844730035697774,0.3255706996138046,1.547247742685349,1.5561385576907616,1.3744377735418825,1.4752991234102384,1.5597945358498126,1.9301986220166247,0.9725978448711368,2.1023402815310153,1.3809789444347589,2.4644224772354857,0.726700869616443,0.0806049991015284,3.4725919799226013,0.6602793708651522,1.1996914949567405,2.577332244599215,0.8681015950117353,1.4129599889474327,1.9125345477701678,0.6624101614036292,0.9230650194469134,1.6174917038190364,1.7344708452181359,1.806339240262479,1.983984320980515,1.6704782369181923,1.6009819388690714,1.6836664159704682,1.1564539883502962,2.498212456079004,1.4369702474971449,1.389499704834289,0.9209868901280399,0.18630904572226378,2.1574734386701158,1.4218070495452404,2.0023975886075025,1.0105976406113601,2.1741837068996324,1.4936205482701919,2.3594644573252634,2.2608221918878244,1.164987879067752,1.7656489624915694,3.2867846564169136,2.029917056635277,1.4356478830691948
2021-02-03,0.9052956374905673,-2.0796395938690604,0.9698367988537588,1.4973955083298853,0.7634981956587452,-2.529816000085177,0.6013567065182317,0.6426568384439588,1.084556114833743,0.7083368278500959,1.917094109432802,0.9777637056568294,1.1707577132667049,0.9538774001741451,0.7241699638097633,0.44620278096730137,0.8653729903474704,1.7552223454305143,1.8356694974113528,0.7842946191504071,0.8971821409951494,1.67671817324089,1.129676556175654,1.5201126125061983,1.3446557692940062,1.8079948118464364,0.8023815838685837,0.5433552276764888,2.0162144024148216,1.1605809848593498,1.3312077379140759,0.4429383061937766,0.7899918615734901,1.2202954075568802,0.9274568249630837,1.8387271651829338,-1.3434211871733923,1.496335662267939,0.8324748973815282,1.243061667402897,1.9782487782100298,1.5732003783726058,-0.5029363967710442,-1.8594304814962552,1.4962443238209557,0.9827280195943998,1.2595930577865166,1.7295837948555173,1.1799733563305572,1.83747111045138,1.6599581130061845,0.9173005692558157,-0.05324619341045473,1.623585722201965,-0.44776322833508514,0.07934485405780009,1.2387996145757953,0.9721320382679185,0.3343619878425452,2.7170779725709804,2.384194346701231,1.694528166713675,1.8450032745378389,0.35791255563710145,1.2288318686824884,0.8082024837412677,0.9824978025117109,1.0500186873072763,1.1195063365410756,1.628507823396583,1.8757292205108844,2.5083854408648043,0.8225417646185849,0.7956422946552508,0.697890546710546,-0.08145230302561494,0.9405786103037526,1.1491636022120946,1.4045677985889498,1.161038485306948,0.3475118565169536,1.4166668089957573,0.7251856120693715,0.9197005694374243,0.2457273468912578,1.8462514713405105,1.4007664051494908,0.572544473959165,0.8963440385895997,0.905272568083275,0.2396693270883418,0.4026593533550067,0.863792379512739,2.049965041936996,1.5081422271623057,1.8201950671544578,1.2316850027908397,1.227961292995414,1.0955056047769505,1.048354364689924,1.3176268851277309,1.690111864887886,-0.6427751566792648,1.1231400797741844,2.079868713604179,1.432524985197728,-0.8055197679895998,0.21392622718543772,2.5136867016293323,-0.6526717397225509,1.2615028234055514,1.6467388497378228,0.9708163600619558,1.2507935266395724,1.4291782263700203,-0.11922031779773302,0.6506742410846686,1.2417908169214535,1.3730785187206758,1.314485986035433,1.6476186594417739,1.4602416180729199,2.011071193343108,1.2911595540370382,0.9458293220206321,1.8852426618429265,1.1353747307364683,1.4093633126220688,0.5712345806289949,0.16141891112950843,1.6662898139733195,0.5770371195284252,1.8029107177408388,0.576528679495786,0.9871087040305089,1.5448586080330697,1.4579600705483895,1.9589580802450868,0.8516371356618057,0.22380057179292703,3.1453425581721235,1.2831168679254397,1.3543348224683007
2021-02-04,0.7528744760158332,-1.6243671088857117,0.875833166403461,1.3636184714364794,0.23982629994684523,-2.16044897238352,-0.02660296655168854,1.4717831554769973,1.1590721239315938,0.7160464412505947,1.579418408910082,0.7037469170224522,0.9840206208283866,0.9803472194770149,0.7545069548143175,0.536034017095823,0.3562070574080569,1.9992606115029452,1.7639350252499177,0.6847877996653634,0.7646139540147874,1.471864368590387,1.2527679231626927,1.3419030097805025,1.3139441247383992,1.5471974755982731,0.6529435137191851,1.112444639716155,2.0836006015802733,1.1848983768732915,0.9961477017911786,0.590278369703273,0.6069723755755427,1.929892054984709,1.002899240101778,1.8766102861847043,-0.8670767271665777,1.0169384355007844,1.3156185718647928,0.9722659692433597,1.8571266564324844,1.3867342464949985,-1.775360092516217,-2.1108480729131753,1.3835915593719168,1.056238935955273,1.5026245870724713,1.3895255814861618,0.6616303039402648,1.9214203571094568,1.639939676228234,0.6054165963344672,0.505519662773882,1.605018424401312,-0.7312397499996924,0.48802960743847434,1.560165686857164,1.0431949850363587,1.4800312958923507,2.4637029113924145,2.2870821497441733,1.648717111396285,1.8328964591022665,0.8023396447637333,1.0811501621565105,0.6695653641838553,0.8822564317394517,1.059257934527874,0.9918315302028088,1.4663849566859768,2.1460694081406624,2.4653947270688197,0.7775838706841304,0.7347973585204982,1.5904243528677353,-0.2579369067130518,1.0067180799021216,1.0766898549241695,1.81352181901722,1.0330307513783865,0.27868209939880223,1.0308392852239037,0.4619234558930895,0.7208125023935615,0.4366812433619352,2.26445803569892,1.137402879907888,0.2672409769838474,0.9862819147144665,0.7033534659431345,-1.5158581137792806e-05,0.7404658096742898,1.2438693098583575,2.2273697195314974,1.3650681637423216,1.7286730600561686,1.8321994869404554,1.8343308834721206,1.816210275750643,2.1526723327486303,2.2982193172824057,1.599387812095117,0.47733858284522956,1.296605961155245,2.020731056219896,1.6870961602336052,-1.222953432771568,0.11987828995979466,2.204792717532641,-2.0512054077345736,1.137048750496651,1.8289187113325798,1.1676801565931765,1.5606445631777994,1.6222729117967258,-1.1060131949189946,0.7369834839741763,0.8171616515670852,0.9041021148446542,1.1262731430676787,1.7486616587080492,1.3118724294681394,1.9222834125741162,1.2535678987092242,1.0991256050407245,1.3352387464346729,0.9896930583343013,1.3600470659275647,0.39480737736957033,-0.837392113326588,0.9344628815042177,1.1905290438925344,2.1682073305192437,0.5362033005831283,0.3079047023376052,1.7832502326774458,0.472224855640293,1.8619942667508913,0.9787917747651059,0.4799154665257171,2.4431420241093065,1.392416800320688,1.1032729837756343
2021-02-05,0.450493894343452,-2.158873475587599,1.1250240312222444,1.1805363720773459,0.12768862979927106,-2.029585827910454,-0.43037841643696567,1.3550809519827303,0.7625754483099896,0.46029033419665105,1.5010409797011943,0.7312323792534712,0.06652510536114631,0.870406145016246,0.5761547001188501,0.635000527613528,-0.09955767786642206,1.713349219631715,1.479711520066868,1.48755188890466,1.0576710707129071,1.5610442660775534,1.0761650215214855,1.421969040079703,1.257527260540604,1.6813127317351093,0.4231483783772855,0.9110246739100762,1.9525527023104254,1.0711033064513378,0.9408049575785699,0.4818095986464555,2.387735071018093,2.114394168520368,0.8455662460725553,2.486646999938295,-1.29354016581191,1.287082044039531,1.3021599810656945,0.29927246475998165,1.4446015794814897,0.996237399022849,-2.16098427567956,-2.270448952324265,1.441717141780014,1.4144411326371868,1.3156504337809787,1.2039374323033962,0.7990297350667431,1.339511220882372,1.5382263108286034,0.7505406217691415,-0.6551492298982279,1.1678793373851597,-1.0940067776973355,0.38414045083760157,1.0551819319466347,0.9664804232033097,2.6781235424396446,2.1122050187964283,2.197204305396756,2.0416567430115617,1.546758465262726,0.9158707220308645,0.6821749027277267,1.1014375964820982,0.5878951298604436,1.0200321476431773,1.1459114308899425,1.3377213460040378,2.003865222732817,2.1206414058256073,1.0088205141016051,0.5232215782606936,1.7585152016059553,0.33862368562281336,1.278756941613294,1.4677280298770394,2.567236809164583,0.9282350740283948,0.37867513933004254,0.9264649947753109,0.13381030235340144,0.6804085402128123,0.06250061467774752,2.147021193432262,1.0990294990137373,0.034839742668184244,1.305398520473948,0.8246512772438224,-0.12996371764502318,0.6591408953557686,1.0407750229255663,1.7933006649841785,1.3547694710878533,1.9390713797052228,2.051681830363269,2.0459406698238487,2.0618134088906244,2.1149527777956476,1.8186193738799987,0.9242735349230911,1.376191389309946,1.6365316015623443,1.3700869344529691,1.5193527147697536,-2.9355388697765346,0.614921232920642,1.5960395625378654,-1.4681671093370912,0.7894680614132588,1.9264827124075614,0.5486318497264032,1.464740132648449,1.4817854141490399,-1.1358753297839979,0.6499816755095137,0.8349179061602885,0.6022225030011129,1.1937748949990445,2.03565434347871,1.1804241954972268,1.468814443742562,1.149184744706544,1.3021473963463897,1.152588586008235,0.7337683653724486,1.5520912478857438,0.3083358595561709,0.6782190511140445,1.6955205951265533,-0.4104284647857973,1.8287317398012588,0.40291658048591766,0.5729605020395157,1.601651032753026,-0.10658787242767347,1.750607354401201,0.6397289491073078,-0.49139515872577727,1.5643923405245597,1.3363898756241954,1.0324463142947355
2021-02-08,0.3303869945394248,-1.723316358818754,1.1298135119071215,1.2558792107429,0.32663444084476845,-1.8515662732924425,-0.4742104392402283,0.9160587953928353,0.8559041213914659,0.7605757470748077,1.2542627781714086,0.11905200781175662,-0.8244455994714008,0.8792959284391394,1.0302110991511304,2.3022751496419245,-0.7055759495044955,1.1357608355562174,1.392854236817531,1.6002079990433924,0.9989079929867711,1.380880569102293,1.2232816547411534,0.9570782859718375,1.050780318625609,1.4005407168378343,0.36049257873611634,1.356964905994274,1.7717704396995433,0.7456167087143241,0.8104224191070292,0.5966581837811264,2.226235384101629,1.820449368898278,1.3087423997628989,1.8533950127515508,0.43220556613878824,1.2842198010619321,1.1038061613067962,0.05800676534457064,1.0564038149585062,1.0890577528219914,-1.576205402754518,-2.4569151239006324,1.1193567383487506,1.2038575110049563,1.0757395709231803,0.8434202222426916,2.444751124985594,0.8360441725507356,1.2835033436364276,0.49933908914598574,2.6437776311536556,1.6018211058279357,-0.9008720123204835,-0.06987796477896542,-0.15410821083092083,0.7324661163724414,2.25036257544631,1.5662875812257757,1.301786652994766,1.582271661724009,0.9653961626244864,-0.21856010171353435,0.5785063199330178,1.220793584083665,0.2090525083343658,0.887172656794383,0.8731916127604448,0.8228017154102235,1.6086045438653485,1.6464368712640354,1.2523738097845007,0.6179349591935991,1.3567972520479705,-0.6691250388190724,1.4643381395410322,1.8272270994821485,2.0865852330206764,1.14035767147818,-0.053525586788501986,1.3529151938632333,-0.627856542195678,0.9944074052687819,0.2835495379414001,1.500331353744985,0.9184468066161655,0.09906458924900373,1.0534796357060572,0.7006526558795687,-0.6699397256905342,1.1873454747435896,0.8603363191294382,1.7046163640725427,1.124036680126762,1.5339141235243243,1.7779545370358532,1.7784301672794145,1.9612767344646305,1.6358758115274243,1.5985633019991912,1.559964803981971,1.4352374134929635,1.3371934495228126,0.764293973982508,1.3243349242602906,-2.2063428963343195,-0.31278929282725937,1.3499908671454948,-1.6726941054962319,0.6105904781781791,1.8938598139208314,-0.16835659499289554,1.1499891426341684,1.2296799505510978,-0.63724743518921,1.0105534697253509,0.7851226008013084,0.470604623997874,1.1198591131442164,2.057039166231316,1.0435857450839394,1.2379664506032595,1.259194073635646,1.1788963940986692,0.8802416154519134,0.7685947278520232,1.5253898561035126,-0.04537492221808529,2.0993214115490733,1.564455252426102,-0.27201154592871096,1.5192315419210138,0.1711009921233572,1.5446560694890024,1.177695178399701,0.10726537459147936,1.4255401012217712,1.4734981464753536,-0.7223039412380703,0.9879070348690228,2.2198982624888837,1.0183597394139832
2021-02-09,0.8895445536215397,-1.3046453397825781,1.1442855947464992,1.1589669786450032,0.23771057760564862,-1.493841134037309,-0.24169844061003418,1.9143599462136889,1.1957388757822465,2.243405411773523,1.4082619883047833,-0.3551667190782641,-0.8318186280763112,0.49421553578192956,1.3739614063034264,2.7145035744211268,-1.2804523318214571,1.0834497163847456,1.2342527171904374,1.3556370392764097,1.2047577068453816,1.5202231282078378,1.3048139622907153,1.5918794298036196,1.0023552033997962,1.4253323934776716,0.6826186777741338,1.1458084529434158,1.458765510291017,0.7694049095102633,0.31189079737136527,1.015529723108533,1.522103694272103,1.7722591575701678,1.1960258212279005,1.800484434811602,0.8084027175886378,1.0031276036891759,1.6724641840751475,0.7110018257505081,2.4584240383496563,0.7854309586991866,-1.202128438925203,-1.7965297117913803,1.26694294208161,1.0697398189602971,1.008866388827257,0.8424114466384164,2.3621692819212665,1.007798819024552,2.1628483849810736,0.6474513873569933,3.369782198206505,1.5332681256098266,0.01788403483874284,-0.7743575189490652,0.0033408798237489997,1.124481403306262,2.546337871222069,1.3212124639925003,1.1677805847308684,1.2796101131105422,0.72953578153445,0.09283095897112398,0.6353024948336025,0.6946933982617204,-0.16168562843894124,0.9857466800243102,0.8411222498069362,0.9903380350324565,1.6737704120749872,1.400382289179168,1.9554945348165238,0.9706520489446789,1.6828902193515851,-0.15157193821769516,1.543406187244026,2.3731856878592756,2.30162627734253,1.1994979566352508,0.19876988221191563,1.1562208480003353,0.2601791686564679,1.8121767671376316,0.7277434948587234,1.4883696335782066,1.0943193180224096,1.2737657808781244,0.7987278730480132,0.7225000940255707,-0.0024380510614813848,1.8703804368797665,1.205390839223872,1.4712615873847903,1.1793060877576074,1.7300851504647505,1.8582502357814559,1.8608404981267268,1.8490339477084619,1.6014906201796015,1.5244485376663819,2.429004031028494,1.4102570668834427,1.4383368686533775,0.8674928728879817,0.8504386454045466,-1.1132201258444787,0.4966618810917247,1.11061567209883,-1.201441142179982,1.1285967583811178,1.7168667867827594,0.16094995271804804,1.3194038885343684,1.0900082275455185,-0.3571128561882326,1.1376453160053563,0.5971285786926724,0.549545235799194,0.9665953395881854,1.861237276662892,0.8853062082078664,1.2911635257788587,1.2914937291140651,1.3504577148742656,1.2342642507719228,0.8547218381266486,1.9200349865049586,0.5176909724225851,2.5260582481038383,1.23376216420994,-0.12606330469674648,1.9361462682262724,0.39026613679197253,1.3468937210171572,1.1573933131013403,0.5573116124456062,1.667280366184994,1.6908106210974814,0.16215290863719142,1.2015901939547695,2.030200581647784,0.7975512666054844
2021-02-10,1.3428545869877235,-0.9798587796625425,1.2546018859789174,1.0100766854697032,0.06881511045271645,-1.1059038967491506,-0.1335525899092664,1.673741301230966,1.10101679873549,2.3623207007165785,1.3495251542498343,-0.19589122116075613,-1.2019323804643798,0.6013501391258365,1.3557089949530814,2.6564993947100186,-1.3531606111492782,0.8301793582796453,1.0327008023313082,1.2397074194797384,1.2956139258624757,2.2011366724837873,1.0393829815778566,1.5992218052095797,0.8858205301315905,1.499076657181596,0.43616802676216493,0.6656221441397939,1.140299299189798,0.6902198637463194,0.24502449986880195,0.6015638667300695,1.5801023077045233,1.4816264552122225,1.1847706542196044,1.485368491164011,0.7017650444092873,0.9683244316787756,1.1626421600679968,1.859745510198643,1.9156458429997005,1.4064179843196316,-1.2310256876731613,-1.8097252656330227,0.8888344372157087,1.070927729584396,0.8382286292382303,0.9546090831363147,1.1246270245365562,1.2746124108821535,1.7535257779232416,0.6066198616969937,3.008753107965931,1.2113012341465705,1.1223726038820463,-0.1830211687800525,0.12079008262064042,1.2371472590343715,1.9008300771758675,1.070031348896788,1.328593762556069,0.9020465930358899,0.7295785503228565,0.34943654119624384,0.4187628400063602,0.3994450676359425,-0.5424546688681642,1.1503549146280245,0.7209529126785208,0.8973000856258576,1.3906651953156803,1.2317704571353985,1.783177413798863,0.9432711745318313,3.4540094020616596,3.0956704805436828,1.4719924949932848,1.7748099296342648,2.0268598504443722,0.8101829907970292,0.1510038548084176,1.6461345295921423,-0.3358506379104774,1.3970643910069485,0.5704651694219679,1.2275439291513328,0.8273523353953882,2.2997163311882844,0.6384043254444695,1.1062008611736664,-0.19066094333585343,1.7670783837064274,1.212978501368963,1.1788917903094676,1.0901820765236767,0.9544912160427046,1.3528046053158147,1.3613628761030736,1.4080915188854124,1.541107908358024,1.545161240544557,3.013605303248489,0.3656947919685578,0.9648076976019336,1.0783656019780015,0.4958087987715988,-1.267318102703839,-0.6052370070725881,0.8791685826343936,-0.5951827579257882,0.9013007861948533,1.3728873768792043,0.5559441545058644,1.13968886216511,0.882969471702712,0.4298626207335327,0.41915598800589965,0.7410914317885547,2.287383316474108,1.114178332837041,1.869114749983078,0.8099237867408989,1.465815611926719,1.2056737026526396,1.175435547903991,1.7163991803533123,0.7170014154060292,1.8987161592717514,0.508611714174479,1.987373525509641,0.8313106266844654,0.16210228854077086,1.3355002709348847,0.607675499701691,1.1735466190243098,1.0321676013709336,0.694247805311122,1.2435705768996772,1.528366940974927,0.14008955027059306,0.9640776571224803,1.8200347883954435,1.1129853925957691
2021-02-11,0.7861681399701099,-0.9989763992875536,0.8043508765049928,0.7669763945069745,0.02080456247921912,-0.9028685299329704,-0.05438180242465178,1.3805875847620732,1.0089053142587996,1.4753930707121803,1.3964702751700862,-0.3439059130268857,-1.100446811632046,0.8355231925114346,1.1295735649849763,2.1179142271236993,-1.056976775826311,0.7478787201223487,0.5978280657953945,0.6837749164415524,1.531134125503668,2.143584924112697,0.91932653279802,1.0279814036135764,0.5573514968063813,1.775246095478347,0.34382583329277744,0.18736126029603276,0.9637603131267536,0.6459572402065459,0.07697345514070103,0.2544391885501524,1.461528668912982,1.1568641695553892,2.485966408109098,1.3706729153279902,-0.9442983122340561,1.1442848069176454,0.3323382645015594,1.7489437308650213,1.5030324937677269,2.200019468765579,-1.1768565658230958,-1.9364462422046054,0.6128194860549278,0.6424322681367831,0.7428873811979981,0.4704366100200135,0.4925229817273308,0.42130938691907116,1.4859991280910185,0.208604014392936,2.437274968544729,1.8514760053818753,0.8155814602199429,-0.6071737632226489,-0.10859612811025784,0.8510468536912977,0.9054578299960151,0.9857985359551955,1.2647952977685941,0.9138275178745523,0.5474590517891995,-0.15214363511205212,-0.00677247304730086,-0.0516976049132626,-0.07294663732068776,0.7923661197831761,0.3478208016518532,1.8845680777351417,1.0105919103665937,1.1972965444921353,1.2743306449213558,0.5048237003496803,2.3439139290718254,2.408658125983268,1.215619545154595,1.3050547500329053,1.9838728262331637,0.6124147988313021,0.9519856299670137,1.2737318802997843,-0.41249105958705506,0.7449196773935959,0.3135032489912763,1.3208114568251652,0.4747651770578477,1.450707834845875,0.38401144702608403,0.5777102919244602,-1.202358323566043,1.4695022002497067,0.7737052739109974,1.1120179312951128,0.7906230484625745,1.3264806263948294,1.0473937537098892,1.0433446783886062,1.1254628653063574,0.9167012650837989,1.1263473535348985,2.563562933456339,-0.1902154272860218,0.6590910985345215,2.7264836384069095,0.14484491735493796,-1.837054311109223,-0.9671582614860652,0.6138758879818692,-1.5275939887549437,0.1958594866318372,0.9765175118700172,0.5631529680870331,0.772393359727743,0.7859310861304848,0.024626703341579008,-0.008506480144419978,0.560774238336868,2.1180499098356877,0.7143056493692662,1.1394994146924031,0.6269321500416818,0.8990374582660489,1.0592902381285132,0.9648470972246632,2.209170904985223,1.076987494613039,1.7470185642488056,-0.04986874899833342,2.011308749972063,0.5968420156469189,-0.24359753220647223,0.9677954434198462,0.5166721897656604,1.029757162500779,0.455152171935593,0.434357231523715,1.1818571555046866,1.0571208565712562,1.3966406773868136,0.9536259462090629,1.2296130238695318,0.9336704775151922
2021-02-12,0.43839765004038145,-1.0469809812646345,0.5930679132484484,0.5230540615210069,-0.06972369096841938,-1.0030396927016165,0.023145901753249692,0.2950168600312146,0.6721535768135989,0.9388028930206278,1.0823508896093696,0.5300522850011852,-1.4319603223349533,0.6865827378262005,0.7550066662273495,1.5951969819101013,-2.495568823623571,0.3020039754697966,0.4290144669007041,0.13616970072764167,1.463115192075987,1.6460475387971252,0.5142069319910594,0.7297984293789136,0.27916191228548526,1.612496653755508,-0.15945123634349825,-0.5723010076876959,0.46800372524381983,0.2556778203307875,-0.04056276368469856,-0.12504590876212363,2.189266409463403,0.8019089529090482,2.2671079379752457,0.5744902811422186,-1.276674883289507,1.0709006495143254,0.6254430888272288,1.1184425322014582,1.3629838146967441,2.0968215434549133,-0.9758879391985348,-1.853730219978448,0.5087583610179708,0.0949278299238165,0.6291979719189841,0.7016626435785618,-0.29763447536214477,2.1623919250924764,1.4494244689817737,-0.12811792926341256,1.8942000948804418,1.908593927434568,0.13756350837829243,-0.8407316144320343,-0.08460583099644357,0.6384354480551078,0.2976252998973781,0.9502546655032903,1.0898201673381749,0.6384975894774914,0.3580750813086683,-0.5605246112649339,-1.4179449900551278,-0.08369460025421602,-0.6820785783375372,-0.23038408388751644,0.6542944720993741,2.255270670418335,0.3818557424765104,0.9676631986634089,0.6474503473801261,0.3773520543714618,1.5549945370411207,1.5545086220085016,1.002029126207864,0.6595918818333031,2.1589714152345927,0.45991711601825636,1.5701755924602678,1.5905979879749703,-1.0711472322354458,0.11118778102336258,0.03736454422631634,0.6521886873133248,0.040524781462005895,3.0086794470712603,0.4994875260121268,-0.19398616561289267,-1.4221841596835567,1.9450416953085563,0.6135469121560645,1.1540619474959717,0.5526664795677904,1.040287126395346,1.1610298853428354,1.1579431041110595,0.8617296463052435,0.09372995593209904,0.7237344119294731,2.0211542016689994,-1.374117999685026,0.3010634873499484,2.060756665369454,-0.011462673191188412,-1.8775522715657649,-2.0033137520934217,0.5427615076689631,-1.6322412215785307,-1.0623261002332254,0.760825109789345,1.1236091076513934,0.8423054797756108,0.48358258805054505,-0.46321592286708985,-1.2176127062835869,0.7048903131075721,1.384750568742821,0.9436368876400566,0.8486429644232649,0.4256181926905812,0.7398677072100495,0.8820370186595791,0.5127858765649286,1.81188505117726,0.9641970993483696,1.5896602595657474,-1.0206298952541657,1.6744816509625233,0.7350554392215157,-0.712637719744056,0.6302186752952492,0.10880032076466475,0.7820510113664061,0.5794664839188314,0.3073671750599081,0.8902808347175394,0.5692735529505948,1.6738981328859215,0.8209479193458281,0.9720843980374649,1.1642882681545792
2021-02-15,-0.5516017747523114,-2.0214556091821554,0.5537984267802142,0.5694780734429524,-0.39283556596074887,-2.2712720484598385,-0.16453512217672697,-1.1248233510773527,-0.40649674815312203,-0.17039433509672872,1.0567399848393912,-2.4971081696839676,-2.426158142688197,-0.22247993969494087,-0.7650096412356665,0.8283312793408913,-2.8423478351984475,-0.03829609911372414,-0.13380309206099059,-1.4429975668769754,-0.5955801854520097,1.591489524448254,-0.530366453839973,0.3034142969818202,-1.0019232671037999,0.8948533199678297,-3.1798387918673092,-2.325623169869293,-0.46997266315423264,-0.11536567842530769,-1.785992917906859,-1.4636424477115972,1.1142387185587903,0.007584330566082945,1.4814069998444295,-0.6471229883203449,-3.3319304399601903,-0.0398519920576716,-0.5419604455902639,0.2799161246863941,0.5490733551301573,1.1307906898968585,-1.2900160710019266,-2.7167563737391287,-0.5565046751622319,-1.2619667122007765,0.08543935047522634,-0.6427616571077421,-2.090378676899735,-0.2861465877908821,0.7399767224333136,-1.0251502429505588,0.7735005441680026,1.9800167872505436,-1.3206265834349094,-1.6263855473434563,-1.8207443934948362,-0.484746418184268,-1.494059594119399,0.6958073300627057,0.378689851771581,-0.16139459216339133,0.18767055953698691,-2.1713480291884624,-2.9338885137891504,0.9189247160778797,-1.1439608889573085,-1.689414294509637,-0.6301089091999438,2.299671060454892,-0.8373004583097138,-0.015512693037989111,-0.3839162529994414,-0.19396627510329503,0.6663526875639776,0.033639552859404676,0.29721060521625964,-0.1948320738987879,0.9756798640527158,-0.4400914664691968,2.827593988327493,0.5362306376077448,-2.740791088121936,-1.6158134752406599,-2.6087616834805316,0.2984848117227943,-0.5323925346135538,0.2716398460514985,0.25487010872164445,-1.242642537278529,-2.117319027755841,0.052354991073490606,-0.7663452504791108,0.7415720207512733,-0.02689138932070011,1.2433918398068644,0.451760646220417,0.4552417060236255,-0.1598421635110349,-0.3755282295927948,-0.04939574117096544,1.8690726569208616,-2.0668618697232133,-0.7915416167709619,1.7270627348823901,-0.6845876742963541,-2.234667409968835,-2.6159367211537883,-1.105168845357174,-2.6304627222964068,-2.915216896598095,0.01796533573159572,-1.2199873803902068,0.47805250544596656,-0.42493703978343184,-1.439605963675162,-3.055022152240523,-0.4585536461466976,0.32643566228690046,0.3224331433078002,0.2855636812348247,0.12434985688780215,0.5791605269712915,0.07731518097405556,-0.12190225688108017,1.5547865794861802,1.0543444787312584,1.1549890576344146,-2.5530337932075104,0.7053789072791473,-1.1871140981002926,-1.9010722461516631,-0.39889956225786877,-1.1706782894850072,0.022137293546220318,-1.3665642218509915,-0.4475654741240782,0.2792248301972087,-0.8330316981746341,1.1595928470205281,0.12662776310625884,0.1880320870162196,0.2679250418105176
2021-02-16,0.30325307650656813,-1.827926725570074,0.7181125821372564,0.7281980502001676,-0.2502302436436795,-1.9532941073724748,0.4655330887858502,-1.4228291417447445,0.6925594784628395,-0.16759744082347408,1.1835152793913108,-0.38528390768195203,-1.9834663152963,0.10630067778498499,0.1296454966090712,0.972283837866467,-2.004882537559187,0.03638358059769801,-0.12796434927008254,0.232474165581953,-0.2843962816737538,2.029838786844017,-0.16505495418802052,0.5067288078648524,-0.6669642155412725,2.1887348111711122,-2.383188595447901,-1.7608966297547026,-0.4644020194864181,0.11781810622516777,-1.2744580425648104,0.11000573589028745,2.1280365654239,0.00615019750020293,2.249107954595812,-0.13409240301074282,-2.1637089640866276,0.025107000363970816,0.15197346975859127,-0.08584748491405542,0.9820777861435761,1.4977232351440473,-1.088567950799237,-2.013678593660727,-0.2571624363682808,-0.5597892640270239,-0.15436487368655613,-0.635369317726683,-0.9952490100670052,-0.4337411076996882,1.2404737606033647,-0.35555304845316965,1.0444994346207053,2.169679622976093,-1.317702281455582,-0.8892402740774218,-1.4699668540060473,-0.7392384314750714,-1.4089986971014175,1.0617823512948787,0.3993622231933124,-0.01779297072130001,0.5151872973268311,2.2686571913783506,-1.3636579913009923,0.48092090442651536,-0.26539695401489954,-1.5566415807768301,-0.2461627192435583,2.6695555612555126,-0.8460001277583195,0.14687412442684367,-0.3635117171391484,0.11318282615244582,1.2748518401754576,0.0922684870581857,0.1996638185484511,-0.048659992512443594,0.9280536541823068,-0.047709903665379104,2.7412247073111,0.7253512221629661,-1.5560038588142608,-0.030514067761132562,-2.3015900702262906,0.4851936220868362,-0.22262121125015893,2.294858164338514,0.28326823711232635,-0.8941177013281767,-1.782470467546973,0.5921863768525165,-0.4593641948714272,0.8806836889791753,0.5533233067770857,1.4179644788453445,0.3544994096214191,0.35878425817980075,-0.3283503126249087,-0.3578391489983164,-0.24382524562620222,1.6586189365178705,-1.7683757657512928,-0.25684113396288344,2.1823237469720227,-1.3643044005970721,-1.610875745592142,-1.9021590441870455,-1.1979326932736378,-2.3279961231925923,-1.3521535600599255,0.15844779322536443,-1.3908609861694914,0.8576935594252202,-0.06634455115907896,-0.9870249253723132,-2.56766725730105,0.2753331851425756,1.4230719597916466,0.46288978486217863,0.5996414558442208,0.07883213559925804,1.7166118671177129,0.5287407824120904,0.2564661413967,1.857722301175982,1.3535782157332197,1.1922911398460163,-2.1582830480449733,1.3852097082038282,-0.001919844773655202,-0.9112534860370864,0.3879377017260276,-0.7980654651883686,-0.16300685135410406,-1.063613555604031,-0.17046335124968967,1.0693612622407827,0.26985782807006264,3.446107115458025,0.17842009477440066,0.2177914069006141,0.6920225884503876
2021-02-17,0.48403292478365173,0.30632777670786215,1.2765369757046052,0.9302048804358399,-0.07033567573462626,0.6737606469139918,0.2411959363499259,-1.278673159512408,0.9301085236998967,0.18833198385882202,1.1510921052266516,0.881430711631123,-0.1971472975073215,1.6853207179068521,0.008053295688139698,1.1812223655712828,-1.7936569034619052,0.2896834503747705,0.1900077615664782,0.22219452620626495,0.21333178521003784,1.8707847477510475,-0.4368964361321913,1.2416164694832659,-0.5706419766049926,1.7925907650989108,-1.5637049111084766,-1.2593254373815488,-0.34047637239078626,0.11729196772546162,-0.3625688009539373,0.6614758319539217,2.0780004946901984,0.29975485636366367,2.232773164142961,0.0500658936803826,-1.5288080198417529,0.02956680981956825,0.7280572078857314,0.3783563772932214,1.0555308415888682,1.3943134243616784,-1.1318948062448406,-1.8397170276725017,-0.3695833150951604,-0.14680930689410673,0.19813677672184532,-0.4011518156007331,-0.7661278129387087,0.8374258089730101,1.2781126429909349,-0.35129989761744707,1.2768811701040284,1.6829914249147502,-0.3543250556096481,0.7216549763972954,-1.25965678951201,-0.05576519370639362,-0.8195306680145811,1.27849960468613,0.6506887028105913,0.5748180357122991,1.6257793874552273,1.9979593007273349,-0.9005300280194142,0.5592083475987238,-0.07748976288212499,-1.2855352156650393,0.20007686334915964,2.01118393196934,-0.22826464354838105,0.3697394144150966,0.11917022660912144,2.045798152111484,1.0404639308016592,0.08477863627444727,1.3559724232020844,0.6278619586160591,0.9724863049212523,0.2721076602770892,2.103487103388981,1.0686414471995094,-1.0615301165147348,0.38469673899291257,-1.705741210157605,0.6623719249712579,-0.3597506760938659,2.3049235649648927,0.42175413520287036,-0.36792732770908115,-1.8240443957557733,0.22239473759549405,-0.042875815255115225,0.9042200818654793,0.6720300652483354,1.3056410292902219,0.6667153404915435,0.6614293907599585,0.1292498893610008,0.3541769629331045,0.18491717277494246,1.3077124354981122,-1.1904931982754385,-0.08051839161781751,1.5520024026684915,-1.4113493799280077,-1.1255272733213713,-1.450321081971778,-0.9072457952978306,-1.4964020066213088,-0.9922455444042203,0.33134169786269296,0.2744883683323205,1.4472014847296342,0.31827263872335126,-0.8778635404740545,-0.8303559865569631,0.22424072289324168,1.740425938269652,1.1528361309474489,0.8590655237224398,0.0741154506470546,1.919411706796378,0.739143862427831,0.7448591683290249,1.6648920818219206,1.1267330044522628,1.1063229416543972,-0.6580517552876067,1.6778963874083066,0.23653793416429683,-0.3399279266902753,0.6043056696598598,-0.3913418607243876,0.14855775401965582,-0.5507702285093273,-0.04192665184664296,2.2711811504959822,0.4444312950829665,2.5376503523849094,0.18136657879614457,0.4263012839508898,1.4663560774633566
2021-02-18,1.1414373289750308,-0.9194732878523785,2.4047575619082973,1.349481590315197,0.07408764507046209,-0.7887256368331015,-0.39981204829222955,-1.6173879010668561,0.3162700572950782,0.07783038980408824,1.3373998672427299,1.3675327721327963,0.41291005999970537,1.824449503987561,-0.12923451665988536,1.2012841629497304,-1.7216381762563637,0.11857167044078713,0.03557321240275971,0.9639978342972023,-0.41595534578995835,1.8373300562465058,-1.0130021257159612,1.4451994479148278,-0.11822347742030385,1.171389632627644,-1.4369331933927538,-0.9557266940414665,-1.140565086899894,0.31138412593112336,0.2901381838771499,1.8225961900556316,1.9763168207243742,0.34078476907423877,2.1771232421975455,0.18782783667271757,-1.2766624318603104,-0.8339860465978681,2.3497490419425575,0.7231459592586075,1.343284483230191,1.1738495562208209,-1.2338262782399063,-1.6279535979886666,-0.9793211663392524,0.5118324503758495,0.09755559292489555,-0.5837490535720338,-1.0361499853601628,0.5622867830612929,1.7109607891349345,-0.45995278361451153,1.1396560037538295,1.4842947849016401,0.40105284284127174,2.5802873856829653,-0.6657235948958187,-0.5962014974994498,-0.6949438054773679,1.2368245576027646,0.6067520681826903,0.8502943077511551,1.30535946914432,1.5773493522166526,-0.2820719163384631,0.04331961408336419,0.42346937247420774,-1.3013975123302073,-0.17996625053599605,1.7341973072732104,-0.11731548616275844,0.2396548094789961,-0.029811578312862845,2.8914567136205247,0.6056379983435392,-0.14924188841653555,1.5512726734666606,0.5813090167651828,1.02043351045267,1.0286132085628819,1.8421762315794228,1.3006233195048968,-1.1769690491401714,0.4753204184898597,-1.3356930028788156,0.30105316383334535,-0.4444819053644611,2.151904906150109,0.6280503564374523,0.8949680639630222,-1.4873697040622882,0.9035830003847821,-0.07259475249837337,0.7520364972036476,0.9121775070728843,1.2017269785505627,0.8411832492667959,0.8351323075431275,0.05601474216985364,0.32161148628747754,0.06094841854471936,1.0730713990518006,-1.234185682196872,0.0552131641135361,1.6175934110536667,-1.3529903209251717,-0.6372512581393929,-1.319208757622493,-1.1278296560610532,-1.9556340284133953,-0.5226324095063363,0.4076653106698005,0.8655843927183908,1.9294074736570783,0.9422221958497687,-1.1035769653195464,-0.7688115330658201,1.430192397571314,0.9059832857764104,1.3568588408949656,0.5950252319099438,-0.10675023197203112,1.6658574842729932,1.4134874078415682,0.6229325865179671,1.8262675513398912,1.2026905285646365,1.5136770326653222,0.9732558874819007,1.8262726599120935,-0.8047134306334996,-0.9455958001207846,0.8398978157262217,0.42562602809828737,0.35619832270362106,-0.38277585165512695,-0.09820144939943554,1.6822583116233443,-0.23346475399904645,2.0759423422994874,0.20017961179877197,0.36046751723902115,2.2876480262566976
2021-02-19,1.061000313060886,-0.7113441823304579,2.0143211827572114,1.2089000344279426,0.2375570709247186,-0.6642759414682137,-0.8335320577434931,-1.2012889242767015,-0.34606914561341656,-0.37111848453644436,1.4645714119619124,1.1312664505907875,1.3203799352402434,2.303424771605134,-0.5443768899366113,1.1123685205278981,-1.335913510389379,0.757983343535457,0.19477551861877915,0.8967444777096022,-0.5785693884170218,1.9119400334992038,-1.0962173600789178,1.288642604055215,-0.016611507842076982,1.0161075527981576,-1.1278658305821363,-0.8644323381241519,-1.4243499566196305,0.49300776872815155,-0.06972237645686509,1.7708100301676677,1.6581531981117896,0.21286643261433663,2.0098175967656853,0.35039577659612503,-0.6326706702636257,-1.253134073473104,2.6521573009642503,1.3898043189473976,1.1082774478629842,1.3044488128719998,-0.38802028066808997,-1.486465144010088,0.4271833517258164,0.7892429115195154,0.28185479486431775,-0.5902226352058326,-0.030105554183336613,1.8685596460864138,1.429549749501181,0.05517793907719972,1.1289719371847762,1.8319950218923855,1.0581438467696698,2.577917543902869,-0.9963676635846132,-0.6272634905186714,-0.7144158493891908,0.9877442060532721,0.8528276133503062,1.4649335316059446,1.3716547206164942,1.2551588019805664,0.06223823815507531,2.4836056497877395,0.33812534768351377,0.09270499197366988,-0.46505962438213,1.6933696510665013,-0.08959387799347383,0.5909439529036614,0.11579123896908766,2.3948043066125675,0.5575221772430882,-0.32931225557359944,1.7330874337573063,0.5368091065880715,0.9844365722878572,1.272758518844935,1.615827778693621,1.3131618206339746,-1.1592316843729125,0.30160944397745726,-1.234316694074485,0.2995731451385227,-0.5929552711087185,1.6627491682775553,1.3323919155713362,1.0207317616629525,-1.8531478687547203,1.2148478784965793,-0.07638926608396504,1.0207494725000785,0.9997073732810376,0.8116600674994179,0.8786764531240532,0.8896055229689771,-0.1574592823337281,0.3949797855344901,-0.1183488791256586,1.1027780402276222,-1.1059542483566056,0.01433897753310818,1.5090970228388305,-0.9640534237694912,-0.4478783688844978,-1.0795874824997873,-1.0501800377596802,-1.6567052511021854,0.244999737214727,0.4026400514445613,0.585525161810613,1.9775403975016141,1.3060296108580347,-1.3774448547494063,-0.1791723056609376,1.5294372675259549,1.029239171474523,1.2296463056751505,0.5338642375071313,0.2903248259643488,1.3371430594496305,1.7346914360298868,0.8332204126267875,1.6673806795221162,1.8995860582853652,1.5596188405290654,1.099150810591161,0.9071529236703528,-1.0535237738632894,-0.5876438782097351,1.1494218967426921,0.8213873474272062,0.39224716979614066,-0.2041383815660339,-0.12204482922052473,1.455772313713754,-0.12392890682531765,2.0520054277845543,-0.003082376517855909,0.34200267854922045,1.331819720765248
2021-02-22,0.13300569102535947,-0.24480171300216816,1.7839423796057934,1.1063527654658,0.01948287586316086,0.013244709270292792,-1.0372389681529577,-1.059750773988288,0.08196981844838051,-0.9050398178666665,1.6841600999126622,0.4028830269046573,1.3110595671548277,2.271911861029188,-0.9110739464760574,1.4954532717541167,-0.48098446768770936,0.4997976120880523,-0.1529894393960691,-0.09489257990226405,-0.9988648227329188,1.7895800533695818,-1.7453828552635438,1.1160640841579965,0.4542779033199636,0.07645932352863183,-1.0556747208654778,-1.0296098075391675,-1.5322125378766955,0.7010112960649509,-0.6575153946536472,0.9948810222292204,1.2982499452406073,-0.5741786415754334,1.5365391697560957,-0.11712091226750515,-0.7180049247542434,-0.6070867023871794,2.6731859839137533,1.136713838312577,1.0739386874219385,0.6169849117560804,0.12635990883137718,-1.2315698323167488,0.4465637885606738,0.56688089589081,0.020783310711407453,-0.8925666672514656,0.8512122565860873,2.4571799479420378,1.1191819554350684,1.0620339016966316,0.8987010928474619,1.810857370674327,1.3553202583514699,1.637111755557866,-0.922090939640928,-1.2467436310041515,-0.7038236111151673,1.042049156083621,1.2733444818703683,1.510318321939291,1.0842755399270743,0.5529720596138156,-0.5382042546199004,2.5952520565492008,0.015911952148223878,0.22719915932554352,-1.054530141118077,1.4834527036235892,-0.4656732258186729,0.5164785527902858,-0.2618774094516821,1.9088963216470445,0.25482669056981844,0.6196932390684768,1.6831879648756352,-0.0011325902582705002,0.9162313532614552,1.0036004634413374,1.4691821683505557,0.7936234863503676,-0.7339759806840938,0.1056651896788244,-1.36216877187584,0.32112304907962275,-0.36744875417129025,1.2002425888555524,1.8090280861781791,0.8798314015526333,-0.5330984291058725,0.516862358140902,-0.6479344592938794,1.1018928766747165,0.8368481728513824,0.2744876603049955,0.7146854078330338,0.7120010291727493,-0.6888567976064335,0.14535091604207961,-0.2722408821924924,0.8480597259140932,-1.1960867262578414,-0.4897810154304799,1.3824955915597648,-1.0740187933306848,-0.6991747517078178,-1.8274439237105244,-1.1916237176778437,-0.8265231351308625,-0.1777104285462984,0.026530278656165997,0.33048268893939936,2.7709647130800112,1.139289433356022,0.27833518324921913,0.008438563333194675,1.3129701582598727,1.1758548545582022,1.1291558869449048,0.12118765271178321,-0.48787133879199124,1.0490431563680596,0.9561858493650928,1.15808427635757,1.450966170851105,2.4369886385018034,1.4194991446686076,0.5141016581169999,0.7328372457172143,-1.304402014068767,-0.7337245002559698,0.6753037962837407,0.4521416431594461,2.3903307706349213,-0.5988380180204983,0.7008150932585214,1.2256317471471636,-0.3086173120655819,1.5250652688522226,-0.18460664431407567,-0.06899579721063635,0.5232372414669878
2021-02-23,1.037584137679167,-0.260057029103655,0.9147153594501167,1.3425802901887935,-0.0801859083938478,0.054261315470340805,-0.3334965903092427,-0.8619560382024816,-0.12385108495535253,-0.19534727503375515,1.8796624875590384,2.2087935804098806,0.5896136603707391,1.8102117174515548,-0.9794786675952718,1.4324110341379908,0.15815094568206917,-0.2508010096502946,-0.5257614286296529,0.03880814983985207,0.9043561742461966,1.7534747355247038,-1.6675861471535185,0.5986405573980941,0.4697930177267078,0.22608811208746818,-1.0359580373074353,-0.9465568119384841,-1.4918683032468512,0.5340220325704342,-0.4516025313981822,1.516930085605937,1.292627818293531,-0.7254712432284631,1.4541762678892363,-0.0975417940262179,-0.4800673152245127,-1.142260243324022,2.133068489325177,1.5039980940792952,1.1028335218712144,1.103247817217006,0.6068257570140249,-1.2433180408515239,0.3250539356494669,0.0514007118064074,-0.1779892980946458,-0.6599545504636849,0.02984567245314012,1.9348683539834037,1.3242260417496272,1.0796367681822505,1.041296212258522,1.6328140823137691,1.4593177433235225,1.4627444031044645,-0.6708948331178739,-0.8742987487119117,-0.20035138038698647,1.0265911825330403,1.7352766995656272,1.8277179709151574,0.9614062787689892,2.063838731701312,0.04391369202769232,1.4059543196539934,0.6455707863813069,-0.315611253326417,-1.970168242562252,1.4334975364624323,-0.5574186063305051,0.09597048989132576,-0.05358930241766916,2.1701349023386634,0.8987343805368749,0.593591132207336,1.369302723224573,-0.26515460115623124,0.9637956160602049,0.749147640479536,1.318027108608651,1.3340807993750323,-0.5968259368618534,0.051648523342754084,-1.1748595335212875,-0.08838942118133086,-0.2086449754085575,1.060250369782453,0.7409359327315683,1.88924915042597,-0.7096380991252442,0.9327864745369051,0.6131129167094297,1.1828085265522825,0.4276963143274405,0.14355231284613099,0.8588969726831217,0.8551642183081251,-0.6585083536471865,0.15663055908310794,-0.19664002707489908,0.8053338731761246,-1.1597172582006996,-0.9482271612221012,1.3097874586136138,-1.127317505339663,-0.8686963380133755,-1.4603798127693357,-1.0730297970435732,-0.7418618884343235,-0.29844721647294364,-0.20589875814434908,0.4416092772989578,2.7786300267500534,0.9463443463445681,-0.03259795075344772,-0.11270724417738869,1.5764799796859998,1.0867341717946692,1.1116939984613337,-0.18046082855598355,-0.9212123200141539,0.776590277127584,0.7088988625534384,1.7981824887438183,0.7587103752262506,2.169902511038596,1.594573088039124,0.8915563469419251,1.0895697580185615,-1.4571621718647152,-0.2991823676756684,1.3965690677409393,0.19059121833760856,1.9189417255548074,-0.5548790675089966,0.3509864225298272,1.2560822407446972,0.27380652822356033,1.419562018084784,-0.06387706876891153,0.553058469195549,0.9145180023403936
2021-02-24,1.398797825912812,-0.582869613398858,1.341666075149711,2.663622909046751,-0.09370020584678851,0.0020036994994260243,-0.19653945336711254,-1.088136213417487,-1.2603755999687116,1.4187196674960776,1.8675780371103288,1.5097417166994405,0.4912954226955782,1.9714404089356887,-1.3594402294100283,1.1499637879699371,0.2846551840198739,-0.8289204566499265,0.10915958242638756,-0.078885796660941,2.665112378935701,1.7597816129909567,-0.7117924675822639,0.29593925336712834,2.203748046512935,0.2639689060941499,-0.4314167828200626,-0.9203761270121178,-1.3486958887707734,1.0182318844551017,0.16374596985366632,3.159565461830883,1.023393149494654,-0.9226438420995614,1.6109363250682376,-0.3561782777374242,-0.16185317989515546,-0.7004067806206512,1.7407043306866365,1.5858481238886963,1.1905846921510497,1.0454972451022153,0.8216137231649094,-0.5852763860505539,0.140752547724207,0.6405966673279728,-0.005188748681920673,-0.9348017639515246,-0.3239573385037718,1.1601226465037433,1.123670421821196,0.8357631303538001,1.1445145904012044,1.6139520218336667,1.3502193824161643,1.4384451405154677,-0.5667125522636204,-1.154410076379038,0.14382475486569554,0.8320860235736393,2.1451004260991824,1.7328367000721923,0.8173872641271569,2.592502349101763,0.13684973179131996,1.260405748945997,0.2863288734722397,-0.40724592951589245,-1.1360062719848838,1.4333651817059134,-0.5742944135424347,0.5084599657186709,0.22574816919281165,1.6698834108547187,1.0687197135111814,1.1814914019000116,1.0917898685601635,1.0930715316119104,0.82844350252862,2.077334302227988,1.5470181679723882,2.027364128918941,0.4548216000807535,0.754515478913277,-0.8630026952527842,-0.3702632250705849,0.14008395882515548,1.0655400309798804,0.35229908815090694,1.8791708861993714,-1.3606366240719623,0.4520552075474767,1.2629748008553598,0.9806229066435231,1.5282956550969944,0.22128442523501698,0.5804137286723605,0.5713000793625463,-0.7107558676210137,-0.473264938950556,-0.4993420688533806,0.9556243776380999,-1.0241589175123769,-0.8195085420516871,1.3317036359008463,-0.6274789422906468,-0.8696101302566974,-1.6958328615543288,-0.7160982220296259,-0.9894922680035712,-0.2828265050265317,-0.20191252944289803,-0.1929302433362715,2.389448072993732,1.337303109410321,-0.5383102125596679,0.5889969069556492,2.569591242699386,2.0390321526570316,1.586725590733891,-0.19802937565656886,-1.1364911010425833,1.127658093766405,1.2870436321780423,1.3002053828354303,1.154717937154882,1.6769763795610102,1.4772086539519527,0.7855115040624546,0.8622800286632769,-1.0245700888386067,-0.4275187073959978,1.569528164071463,0.11768621125304637,1.54482682727639,-0.4201677507170102,0.8788438262359018,1.0305886417242698,0.7812938718925422,1.48052486223605,0.060230609752620866,0.4341771791309409,0.3313790604618202
2021-02-25,1.614432988079315,0.002582604391580651,1.6713924161669322,2.449773831894768,0.1776725306752984,0.45337787737901697,-0.20264367326306396,0.2103085169903284,2.004174252764563,2.9553671120990175,1.6806793387686252,2.5746538163010193,1.0187943317306853,2.0863671765182414,-0.5352840283132724,0.967256126163219,0.9707406565639084,-1.007415953867714,0.5657173542018992,0.2586699757080892,2.7534292965804874,1.8024104266522447,0.33565002540790057,0.7674566895104749,2.6886471191051187,0.29751129635242934,0.5057830242176284,0.26029740096854453,-1.3813863780272997,1.1284366227517038,0.5141612541655733,3.401564034749013,1.2234983351681092,-0.543597326994262,2.372565050280554,-0.28258880167460976,1.3833827322159276,1.2489220403334695,1.9183076526318146,1.9675084990211138,1.4466068203995277,1.5176118868627884,2.746172763906758,-0.38128334896612454,1.434501696741086,2.1617939827313326,1.582657170000975,-0.11474257299490617,-0.027415448834631272,1.8674481675908472,1.1593869408015023,2.3324409338751386,0.9087346505864992,2.138296408012098,1.0282993663127824,2.27675068954465,-0.4426176355698684,1.8946820945342313,0.31757269582032815,1.3186171267607212,2.406022204176605,1.3976991437872208,1.2502805388341853,3.0403037445501315,1.5570536089416702,1.4848608279057687,0.840918721910578,-0.055446052759451823,-0.1858725049110915,1.7770363087114653,0.2592515896296061,0.8222814540399915,2.177773425507045,2.3871834572031454,0.8160482606814604,1.7457014789047611,0.971620374897705,1.4655516791044885,1.1783518928377907,2.013404509533204,2.0352324169880873,2.6068288446730197,0.8677045600453287,2.1589195608892693,0.10778719225071906,1.4996890369902691,0.2323642844859275,1.1629665643884701,0.9571005779548823,1.8457065841330074,0.7130543488545382,2.3195856801619033,2.641847758203009,1.2707855576994556,2.324396245370227,0.4482495220237568,1.947398782243815,1.9625635063187985,-0.7946711061334719,0.22881492016288238,0.030354764013007515,1.0742415576077973,-0.745762529361916,0.237770898487608,1.2802532220184901,-0.3776996504077637,-0.5195406113919888,-1.3572558350014117,0.02174092071736375,-0.9577231005627076,0.6037490360316812,0.25450032587698856,-0.18644227520710155,2.441508981580518,1.8031477829873532,-0.5859789704988374,0.8225793795973579,2.027666903045424,1.737580770665376,2.1664518193420252,0.5342556022280535,-0.3392079858879121,1.0396379186551294,1.9615625440791613,3.294662142275967,2.3584592251587697,2.3468068008462932,1.2257115678783095,1.7284599756074444,0.8378817448635054,-0.7902492428486655,0.2149873122839948,1.2624432731633932,0.547036313252228,1.6837102082816087,0.12857009865411811,0.7058818430227708,1.7062362741973847,1.8804937286602166,1.7343983710304347,0.06987584554497508,0.6184057985761203,1.600439864759736
2021-02-26,1.939955485645824,0.25658609137567606,1.4197013708724082,1.663855706473928,0.17619804351907073,0.949735671276268,2.0822336906706007,0.030635659079392127,2.6805366113747113,2.2140237597183803,1.6314420403281022,2.744704483086013,2.77429889250263,1.543507755346102,-1.4182318530052005,0.3639347085625055,1.0796779214967849,-0.9766976449791751,0.4755733143863845,0.6460968189206481,2.398042032061226,1.9972017045687351,0.7169833747477767,0.19204065411048296,2.1127375913833473,0.42284168525474086,0.964863782998615,0.11884715998438326,-1.60533611159074,1.121870747418499,0.9188048417039172,2.3565548334535755,1.3213755177732223,-0.8307139283122077,2.257435612942969,0.3685137969326237,1.1538403802577317,1.7534417844350816,1.5882564719782537,1.3133628789992553,1.4793716004018054,1.619695962004513,2.4498777464694776,-0.24105428873342932,1.1335069290226831,2.232679339844231,1.8201428136888425,-0.019594752905633516,0.08565506030209036,1.849369244113025,0.8908190162391619,2.3179099618603276,1.1887567616152757,2.1034230100349083,0.6461139950969401,2.648745203832643,-1.2677907922684464,1.0335309892169686,0.2653789639061006,1.78117373608273,2.49252371885146,1.6399981366089553,1.9774989467784152,2.403741502420865,1.9593792103501606,2.356793090744755,0.5455065752059266,0.46487425538493,2.77806461000958,1.74114330039049,-0.07614274076681901,0.10001321302536462,1.6894031916573757,1.7621633435332733,0.9360114045252759,3.3260801750140594,0.08461179421201843,2.256588739235766,0.9160207361790729,2.7063342832322603,2.6140993506147248,2.5981104362198773,0.7365879429823947,2.043628780021673,0.5102925485507556,1.8058853712170573,-0.27195114171725937,1.3553926555621487,2.8886747293387605,1.8820384384744793,1.165713826186643,2.9457544182066036,2.2163966081705255,3.617632969862814,2.037686381037242,0.34059492327509605,1.5604770952692377,1.5620210954941023,-1.3012077262149555,0.6932201299635437,-0.174398808287694,1.0180299288496155,0.22267572767186072,0.32570919246021507,1.3926508033935272,-0.38137385458263634,0.05879033565497164,-1.5742799377292935,0.3189156270153432,-0.843845901405369,1.736825260344292,0.7196419199876061,-0.938406198518552,2.0599163411955095,1.3803371690856414,-0.5773433389534717,1.5560961300141039,1.822495664215943,1.501239242796454,1.8300067025956734,0.7513361921588669,-0.5080312122593604,1.384365746394813,2.5145205772296664,2.350783924639932,2.5997694260437227,2.057584725094379,1.30297361093995,1.6819831260655909,0.745253322878067,-0.9629236109569999,0.08865145965887924,1.11952871098989,0.11041987577378785,1.3850312338343818,-0.3046933313649663,0.5535676186429241,1.4901713478623757,1.9849501142799577,2.0999167705725035,-0.4274982512485194,-0.16042509713232628,0.9546062919268931
2021-03-01,1.770629105728351,1.1446088209613308,1.2377979372788814,1.4973263508204726,1.0498015445932543,1.8031415718218435,2.4098030665428936,0.22307786821578013,2.37731344239406,2.196440002574351,1.6343989688096625,1.9560493936373524,2.2155609132902323,1.6137871925385303,-1.4123308648961728,-0.02859780995387582,1.1895463233814811,-0.3080282596995258,1.0055408814874889,2.4494161835188826,2.2711206068958094,1.6597980554818634,0.7282245792484828,2.0155488019715766,1.816496224994957,0.10329764520921281,1.3087028088368093,0.3358403263500122,-1.0441040341773837,1.2610219791572326,1.379651415341655,2.190140180458329,0.872024780323405,-0.6508994692823943,1.9723881502039513,0.8733122307002604,3.009838074554109,1.5350508368940317,1.381030094827368,1.2845760890498006,1.1597224118846454,1.2479681053747114,2.0263336781503125,-0.04315964483265266,1.3425469753908343,2.3706582069562057,2.9155151618200423,0.41536568607268565,0.002546504618133824,1.5994964076214881,1.4801453304960674,2.531841305830433,1.4330420041807987,1.8647509474097543,0.9575888101939074,2.3472275080073306,-0.24597526958003932,2.011261845898364,0.5866972262148413,1.5558678361571425,2.4663137489106406,2.151901976257001,2.027299009220803,2.1157565951831,2.992004372391257,2.6716929850181135,0.8335566369874181,0.8062168318966167,2.6902513836922433,1.594493843855001,0.7767149549222198,-0.5044929031606303,1.7116392417944397,1.9013140590043935,1.0387873672903034,2.693580972018996,0.3096170234448389,2.766961689858958,1.2253347502301883,2.755722126858714,2.047831943012335,1.9361261883176586,0.7462743849255832,2.3504310085154545,0.922226625830103,1.869467493998433,0.38631330035911726,1.5804585005689435,2.45781280903977,1.7861150075962386,1.554340437794363,2.60123412479785,1.915232248485366,3.2822857927434215,1.567599090893097,0.17084092047806101,2.164292625647755,2.164177737807504,-1.0184017437472093,0.821279835457744,0.3829228443112734,1.2776560309381426,0.20944527938940133,0.6066072698556281,1.175078450494001,-0.11136481429695944,0.11817629122340884,1.7013867091061778,0.7947027940098599,-0.8129152418395338,2.798312330703198,1.410439070724939,-1.5313436091728323,1.6699127874958548,2.065195043518401,1.688695783705199,2.8045255013375097,2.010667023148173,1.7966507323831604,1.7416305997442763,0.8050686377824028,0.5876281923400658,1.2398413345523733,2.4335036092054594,2.0491495094691037,2.1474872577243937,2.2314839616011932,1.9640482095040461,1.939354461091572,1.197216708785831,0.8995125423840188,0.06717378095318295,2.4285442029555235,0.7213080785978397,1.9036586378576064,0.65734182985115,1.3240154856745214,2.308135315997281,2.759822266783923,2.1082261928201516,-0.34397781741141276,0.12056027768236163,0.661988378127008
2021-03-02,1.5939967839945983,2.3585664512752205,2.06925278034415,2.193123785873705,1.2360000171748107,2.3129622852445313,2.6264846602969194,0.850380578451403,2.1327631812996475,2.6360949602142223,1.542240469543138,1.5633690066946202,2.235161804261051,1.2255606119150604,-0.32465837004877335,-0.3966651737840608,1.4538925075772793,-0.1272470764441553,0.7476959356499104,1.8926356367561323,1.8827185670355686,1.5601830063031523,2.902478221685325,3.207730844621366,1.4281970090342941,-0.5563812629346911,2.2473997864047264,0.16724398251275052,-1.3451998129393457,1.2504579236041662,1.184367537642252,1.6853355840369362,0.6417212157801515,-0.6041282499327677,1.3313500682602863,0.7990061439114707,2.2389491682884524,2.377076601517251,1.076087289507798,1.3212533082648297,1.5090012819672012,1.219437119088883,2.1878481331672086,0.1639190721427879,1.6186599150440761,2.4937548831938283,2.291002621507336,0.40271487905075054,0.43986511667983585,0.8778408331105391,2.1042248142986235,2.46202448431536,1.8717565225222697,1.4429693019787573,0.5691163483602981,2.077216074678545,-0.3531524767161914,2.9834709452970007,0.2505732461331227,1.0925537026509031,2.3913693821719435,2.0453107592477644,1.6566459005226128,1.9070580010767606,3.4058872181794357,2.332390108124681,1.599770510068988,1.5714277179047533,2.4528698063994607,1.344473134868261,0.6861840041228573,-1.663995198979414,2.4687577723408363,1.9388193689868332,1.3027007929862229,1.939333026441795,0.36241129021436563,3.014222855368752,1.5785451324114006,2.201403474663051,1.41052651701737,1.400135485759974,1.3537573906059457,2.7199583235966456,1.3935264984734321,1.5108706304676596,0.07696027987236714,1.9363310057747187,2.437979562711504,1.5594704445787897,1.3101450849097973,1.778970864767498,2.1194835973655692,1.6494698390561409,1.6142377273912032,0.0793897189664327,2.2817870286649766,2.28309714796252,-1.1456898447047776,0.5431328645466449,0.26205633030777536,0.9737502283656935,0.8538608755849938,0.9481059322470183,1.3436605183575723,-0.1427583304106811,0.0184170192152434,2.583089232654277,0.6283422943228134,0.31032609127627586,2.3793474430407326,1.8161806935817684,-2.066588593472417,1.4922724416954827,2.0407111111103835,2.241562444822398,3.1557737944928244,2.387495699798822,1.5197046455588124,1.3481330869620525,2.1484196699786016,0.7331155842632471,0.9248041585647077,2.060081409542375,2.597884603142583,1.5782352175902963,1.4927321224891381,0.8566533626571017,1.9796546461169586,0.33536554761304754,1.0861151962925704,1.4521211325921213,2.449499600650309,3.7162070772456905,1.9494655863750945,2.3021736889054485,1.8440177512155906,2.1485816632419463,2.5580204922605088,1.633414412644594,-0.3641077440954126,-0.018018806279344147,0.38406806740808075
2021-03-03,1.0247815886270115,2.823021047434839,1.9014940760908816,2.1465989711583204,1.9194305952089596,2.3424844565615492,2.350679348810344,1.0635839213981342,2.15572009367613,2.4034739729788512,1.5293180994907618,1.1553062451348008,1.9819335808981255,1.4868010164912762,0.8563587775360599,-0.49351286730392974,1.864357267312312,1.3182339906089546,0.7982642934518496,1.3734440593470576,1.5065530349643081,1.7139008730800374,2.4013365913862206,2.253681434297962,1.4341648058475578,-0.17402063716593963,2.2872532778324355,1.1626228250247739,-0.9755833096492952,1.1296270337188288,0.6509613383372629,1.407735709150034,1.212398152591792,0.3264321415296715,1.0343632078579847,1.1551086726318813,2.120807455271992,2.0736863871117786,1.1976501353314808,0.7918857047492815,1.632728128633713,1.4256908890431734,2.3061537358430195,0.930701148949519,1.797765552448249,2.1240343447669874,1.73152788339408,0.47854474622324145,0.9472883117582311,0.746997221956407,1.2999856050432386,2.4274281505512003,2.3590462462855495,1.6160810699553048,0.8983230500607482,1.7246656339093,0.8321209475554447,2.2945166403890362,1.0838007197652517,0.16725588563694627,2.1663257874665014,1.3563038397445069,2.501884973478794,1.614660328457095,2.4589455759484853,2.113933865858724,1.4324235040205349,1.7977208680000478,1.9321942054559436,1.5402509211254638,0.9591510424426264,-1.832461921051076,1.949925100680182,1.563054141671347,1.8267910269648426,1.7988404596078476,0.03375165277729659,2.4665359399206928,2.3495075343249456,1.7790467888067991,1.513553162376218,1.7385570744984142,2.2026536400642156,2.129728327783685,1.2276036663498344,1.67583153339519,2.4188245989699237,1.9112889417860117,1.7088711623132153,1.1945628371199917,2.3751228245197495,1.5754464032878097,2.1634484305338497,1.5277970631620714,1.168482641287862,-1.794632572579605,2.1811635653529318,2.182062812089422,-0.4669507655550525,0.2345244177738761,0.7015476585869432,1.4286846966319482,1.7738649685333454,1.0975782147866002,1.284978824642814,-0.12182254436866045,2.1173408955277546,2.5459254470403727,0.9502104750825409,1.1768967256307261,2.0663828492712004,1.9200225155454906,-1.9856076291118248,1.3931789201165568,1.718630506238854,3.001288425845099,2.419821778626977,1.9966413358737294,2.2364417222993644,2.0625032733321405,2.778595422505812,1.0636274117194864,0.9849823846482224,1.9990569769344873,2.0660710573186436,1.7731686139942828,2.4332711527006103,0.4608296863746323,1.8169171594495062,1.3957747656002568,2.553766945478501,2.28086436187959,2.2646717910374004,2.5232856261529393,2.154308210524862,2.7054115231751634,2.702900852036676,1.9742971267319809,2.6708945527980172,2.1524249834334492,-0.33928136314071683,1.6391516292265047,0.7381044792456394
2021-03-04,1.3995880570427137,2.6415431061432937,1.6238937727230056,1.6334013806006658,2.439037971966414,1.9979395217537654,2.121270834779531,0.8353857608539049,1.8977002945218147,2.4695028010037694,1.5759503719402048,1.0466176584144236,1.6617572793327087,2.097912036636598,0.7850219270398853,-0.9740857459813879,1.9021386678083394,1.5519049032055179,0.4589043855678029,1.4364718671486478,1.5449487528921477,1.678445291870155,2.4677175577492005,2.1547259918163486,1.0937205809445918,0.3625012656001931,1.7718161489472912,1.0744473892830686,-0.4817207192293832,0.6084380383954257,0.724644415540017,1.1810343728168082,1.7554965353452383,0.9039770720105913,1.1028479474252317,2.6263117239766136,1.7557983633528071,1.4457742284153616,1.512315386644725,0.9489469065351033,1.3519240097179983,1.8557677105413577,2.1861010346655965,1.3617787282761287,1.3548268830940946,1.7464054140329324,1.8710515981709939,0.649456320737398,0.5001741910816608,2.4081259825548176,1.2680560898210687,1.7999306695737183,2.300547414925036,2.3799857198346026,1.688399307738442,1.7853141215372947,2.278639499147184,1.5984110836173462,0.5324760216412748,1.1873332337945999,1.6272491800923539,1.152422151078826,2.235861898128418,1.1990864998656507,1.661030424696312,2.023119195941101,0.9196501042942238,0.9760587004313936,1.6184388718153473,2.3232110351734776,1.1375618020384712,-1.6068337614246437,1.2326341425511356,1.1175612558123948,1.9964967993798697,1.71594682388446,-0.3531643133224852,1.9882838987921145,2.1766985427454086,1.2769028307292956,1.8003779263895463,2.3216157927277874,2.5534848570224713,1.2643017481822993,0.5632511222211437,2.2006056216635073,2.8513164405447777,1.5044827225159407,1.4088608318670928,1.3841124778724463,2.6397626519130393,1.0729767822293736,1.4453061036448271,1.5152242012831931,1.0269789075501863,-0.4425414173763492,1.9739663749324805,1.9778263311385609,-0.1696565262554965,0.6021525936584321,1.1180410466390078,1.3992670999950945,1.6064421814267855,1.020396496622323,1.4145639032907331,-0.06645452184113479,0.8810939379099934,2.266553953087689,1.3221559577318645,1.6399630369127474,1.4527375744251605,1.5639044799687591,-1.7684836107844453,1.0209510955032184,1.219398810593924,2.355095125328742,2.0260955414121913,1.8723314329070597,2.1875354793920514,2.0516702010560772,1.9348745710342772,0.7860208886156113,2.057619513222539,1.5950556905129192,1.447509222914172,2.24361536529652,2.394145794221054,0.8061450584285549,3.018541810913631,1.7221226415432263,1.4793905509859966,2.778294253335662,1.8241520088428171,1.7708570308648095,2.2263758098809583,2.476609867998433,2.3066957199730767,1.3240414726786158,2.365659219912856,2.364076490432425,0.23902497182192925,1.1063985759945256,1.417682662036736
2021-03-05,1.5548334466200489,2.3252317335098653,1.8586209470388468,1.37227326420391,2.4227484874188336,1.9426706928077675,1.7495807873702227,1.2951362917110447,1.885357998321897,2.6556471962077346,1.2355538824281753,1.1293168711189145,1.7032229178561256,1.8734175249000096,-0.4054517702766513,-1.4457692368374975,1.5412162513710084,-0.6176318175092269,2.3010661920629945,1.0617625564229083,1.4060016969926574,1.4134989643337361,2.101979356937713,2.4584751871155075,1.0059466316519354,0.4833688424887257,2.7392720760766074,1.4278990978678463,-0.10135246375699716,1.7824582728799672,2.8578720557013018,1.5401407947072252,1.749427131637289,2.025714832772802,0.8976205169529623,1.5338548737846085,1.7204669888745308,1.0588181783230506,1.466570967020022,0.13977313436870467,2.978599548643454,1.8281576847988255,2.6026752881628212,1.7739072201092798,2.3998050917168823,1.6179332654640204,2.4992116079475015,1.1824366754388103,-0.055307225673918436,1.6902233581439114,1.3796560041970891,1.7354813686548105,2.078029855595253,2.124940023206627,2.248369207530734,1.4518157369219344,3.0449268546633226,1.4968761900166985,0.8225920946140086,0.8811777026145016,1.570143735376164,1.3214766611572943,1.313619242104821,1.2684980072500922,2.122682209872412,2.1159849746327186,0.4169346898894733,0.676096364403881,1.2508634127658187,1.9255759143772564,1.8283382558347818,-1.2863446681304391,1.8406464043114996,1.4257336667495089,1.189482407725309,1.1894059645384805,-1.5602667938027488,1.721548723861743,1.4968878339261626,1.3337642505585023,1.9798206937460194,2.0454801059010834,2.2579301232753886,1.161017194736662,0.8228120183129006,1.8707170839686145,2.423924965104324,1.1779345127255352,1.701989621133964,1.722066321987055,3.1402453970842865,1.0673579860612323,1.2177210052732717,1.3763829995520285,0.6144044028456649,-1.0971751694219407,1.748073636894211,1.7394473671538067,-0.1903080510303998,0.8166246938055522,1.4436174049647956,1.7206623807136925,1.866522176518245,1.1422555150288125,1.1676082086615944,0.5293161279209906,2.9609405625029077,1.9113243062684004,0.9711590044723702,1.6446833762684228,1.1195979364350106,1.2521612398038506,-0.9103133680602143,0.9538356764825757,1.622995425024547,1.9191705282147338,1.7146835402818614,1.4946184584823756,1.7967380507018018,1.5826316991897305,1.6050592356741293,2.729462186743755,1.88887815265941,2.099060434710602,1.5705096227882303,1.8125003234835833,1.9691023859877472,0.4253546549248978,3.2172166295083944,2.234446105729153,1.304223858699607,2.5419191917569015,1.6766491568988189,1.4592334344123388,1.9111472239761917,2.53920961043572,1.8470010399047394,1.279582529343338,2.091130308422658,2.2502303291189945,0.26735054859621077,0.38024104812072446,1.429326311963239
2021-03-08,1.1087232112879009,1.9280820169049058,1.7510191760153444,2.0005024825109214,1.8445368217637843,1.2748578343211332,0.9506053884751134,0.8960604662916086,1.5676637046969513,2.163562573794157,0.32184776017894345,1.0186482230414498,1.6607298515942965,1.56378358932379,-0.5784936706543913,-1.6032270863129268,0.8067329348710341,-1.8319828290888172,2.834968804728653,1.0945514924725424,1.4435389718658298,1.1115882130209662,2.7524668113377375,2.98543926015089,1.6830130902422356,0.11241635638623736,2.587923261524875,2.453928307494627,-0.012167776700840106,2.140825661023854,3.006586381384671,1.31059752053329,1.059770650611426,2.07139400042443,0.5293921813730014,0.8217984315618309,1.554483974439834,0.8673268523441684,0.970888766549894,-0.608849160203703,3.0179947477000524,1.0714263446258034,1.956553336110239,1.7371174130476643,2.147098674602098,1.64097045311755,2.1188240542916805,0.5726295752857468,0.19192018888312828,1.3246959126902187,1.0583526400466672,1.8848919461233777,2.0819581984142004,1.8715101532229803,2.1871071896187355,1.2319496444271143,2.6085851950491112,1.1939804183557383,1.4061135079538194,-0.06590086342173761,1.3848831139834055,1.71730660669381,1.3591176512606604,1.5805206518389463,1.7009749539879195,1.7286562794449243,-0.24939693180647296,0.9805459374620235,1.223672573806964,1.9014916247130027,2.3982868178128003,0.4238689297430278,1.5377504447438155,1.002260007462162,1.0018360662105907,0.928456975629984,-1.9194356158267485,1.952674847258557,1.5055250146228543,1.5270622490274588,1.7313912403958196,1.8690043722056342,2.7959816641541617,1.6930312996549932,0.9689690064954481,1.1545471751391598,1.8053624259583245,1.3723970495418867,1.3249595495211024,1.2155905668229676,2.5155588469701042,1.107871915619937,1.083236527021406,0.9939574605135472,0.6973630484367039,-1.931469193804215,1.313991703635126,1.3074760848520126,1.1841849884846685,1.5887357990628956,1.982712238753462,1.5995345817224769,1.679407463487443,1.388762381924236,0.8186303998075087,0.8699263042657303,2.4469845239886956,1.926799213047627,1.3657503947518854,1.3193299885912142,1.0453957652765606,1.4323958900304443,-0.3411605845373782,0.8683325226934283,2.4139109828430536,1.3059155934970486,1.3127924535932622,1.0551709364380417,1.773991474325262,0.9251000791457339,1.836802542052272,2.870202825778859,1.588982782929103,1.8634876021268234,1.1783324930017223,1.4083480032090345,1.7424879906235589,-0.48658053236487603,2.3806039595312627,0.6331556988366617,1.1841130830917996,1.74518549359032,2.0233099789214157,1.2809478865616628,1.57329513862108,1.9811995243297245,1.6420788389830856,1.1613011795641743,1.583802248586267,2.0907989835503886,-0.18012299377806232,0.8801787260086734,0.9846723553055353
2021-03-09,0.6495484647485478,1.600042622442005,1.5758522997420983,1.8140306464499618,1.106180711934861,1.2384155710337823,0.7375592982052742,0.7878928333521544,1.655032692226397,1.7034422592328105,-0.0347663678148989,0.7826117444977948,1.3823630240758007,1.6048274604268071,-1.169876048474437,-2.2354766911624946,1.0238313456852954,-2.786792615818374,2.5831731100800557,0.863141005622807,1.6032255123548795,0.9605444342340281,1.6113895189682235,1.9188290432498518,0.9900132459694859,-0.37739113757463877,1.8895550469547446,2.3516575225168173,1.0156881597266947,1.946656882976174,2.7026476923989464,0.9693929607420253,0.7799288362849331,1.8157718511949383,0.04778041289098771,0.2902156932055746,1.4087872329150077,0.419739314327972,1.3153567575057121,-1.5148817253381452,2.1215676643840724,0.5090466014074858,1.678165934732649,1.1468395679944057,1.195498300953628,1.082092751158438,2.0029783743561813,0.5226676535704173,0.03859128842428131,1.772880587251841,0.173535280344105,1.6398018419738232,1.539439448733008,1.3927560975081947,1.6322810357552722,0.9308285549555957,1.923547297988383,0.8663704227128092,1.755228920214613,0.08045649166377603,1.134115283225366,1.3915957875946456,0.5450895222635316,1.1546041874387551,1.4206622592885567,1.8073800993361193,-0.798737298964691,1.6019659778737154,0.5933330480174998,1.5953633673608132,2.2235570918667213,1.3847734523030806,1.1310975051014625,0.8120142074844247,0.2769817301659523,0.8353458826495369,-1.8207863944890421,1.317506467202211,1.700582896497288,1.3918675022427045,1.658315176976912,2.072660126418458,2.361564796045267,1.1256841298260676,0.3002359777590477,0.6249531559524277,1.4083456921103803,0.9562612338797646,0.8885987294031086,0.8657634508855513,2.5215272525719006,0.08691407342222113,0.5820209786399293,0.6547193078841601,0.47040626265332214,-1.8967672334177499,0.8726482710014366,0.8669072482580725,1.2098624146926527,1.279225852670575,1.7424193515972866,0.805967564315303,1.217955896512795,1.278138642626304,0.5573783169694562,1.3527826064473272,1.0959029857542502,1.8151151889381272,0.9806805835311355,0.8808610195736267,0.7429920879324696,1.287735821033099,-0.578357266809908,-0.10350594068840228,2.081541334213411,0.2348150219664267,0.9271794019154886,1.0548394176768001,1.5956640398003918,0.6754780414757509,2.0424090059295006,2.3795635995705102,0.8966894393817648,1.538237839485474,1.0674233682348626,1.8521108447044556,1.3005791547369654,-1.1599576642142952,2.018995530212764,-0.7923497992072507,0.6265456056225744,1.1592994511166241,1.8703913884391414,0.9130272431642287,1.3971734907470075,1.5641061600400168,1.8111864895721608,0.8252836496578778,1.6989653726054954,1.7853748193342598,-0.57375064169923,0.7626632637447996,2.053575840333024
2021-03-10,0.29030677070293215,1.2103256690723425,1.2938676008866004,1.5444824349077075,1.0682589279347665,0.8304530021443755,1.7448490692397516,0.4790006244750265,1.529671253488384,1.3537493591770313,-0.9479667787523326,0.3667339569267165,1.115883291083791,1.172117949248609,-1.8020928891931458,-2.1503143946414593,0.9192243983069199,-2.3524335825844704,2.1203574708488078,0.626197600504705,1.285002577239671,0.6522430515052992,1.2029339285679819,2.30504790720942,0.8373999926803,-0.7977399145317732,1.56164466622909,1.9813006602471708,0.8399283857488418,1.4755685689063118,2.19196407246832,0.5388261581820164,0.5718851940553383,1.5975005583005881,0.04666230078277996,-0.2794093996931237,1.1726066761361527,0.4900466570042928,1.1939872847152266,-1.0254234017312438,1.85434928059074,0.25853717838085416,1.4592960152060968,0.8962923961177753,1.2819612631646227,0.8757749688171453,1.7414744643954687,0.7562267227315714,-0.08460197889917415,1.7079406956968022,0.2167505872982557,1.4240979709450492,1.1350944398994929,1.3334659520411347,1.0118442286536957,0.79374695116529,1.4402017601340567,0.6870963377433879,1.9125542768549177,0.020483961879423595,0.6947547406646855,0.8780055387410315,0.8834627196712086,2.0855325683252484,1.6381938245127479,1.4521340574697157,-0.8945467595671507,1.5298057271897032,0.8960473023108597,1.1993741174333372,1.9746734724100894,1.7760175707335624,1.21919004165789,0.5544380741242069,-0.2646164275714691,0.4585484995458695,-1.6248482904640398,1.009550035459622,1.398987715429463,1.3951473628631208,1.5128225588012092,1.7752348746290494,1.877116630315403,0.9699417939907528,0.13598713397844397,0.4723221462666903,1.399518009909207,0.803224458618098,0.7057360349099631,0.480658074581196,2.0646347110207817,0.06356981455138445,0.4927979361127446,0.5958753000671538,0.7206779170600652,-1.6514408054394878,0.7866885042548064,0.7891605325106852,1.2447671511337097,1.345194759864955,1.454304196319987,0.5666206679724032,1.0990819164475716,1.659048547604416,0.2782551854962874,1.247032831168799,0.4455344190348552,1.362184552157417,1.1106979344219332,0.23034123488792754,0.7296144698740651,1.605343413516698,-0.27859733176945256,0.1292204938624533,1.875612136052814,0.13402528016991483,0.9080638752611676,1.191877036219554,1.5597481282965504,0.8996521423731894,1.1775208225929967,1.5554326519626447,0.2558755650593438,1.5139231065903538,1.1196257766784403,1.6833516252491667,1.1602351755692273,-1.420317407023258,2.127998613659966,-1.0669617707699977,1.4416839349091506,0.8398090899532449,1.5212352503986781,0.4126216176461403,1.1840533633472474,1.1825724285666839,2.0181311569868305,0.6467498410453344,1.324016062400535,1.4330541073403167,-1.1158056381420887,1.2530100579414234,2.1391558350428097
2021-03-12,-0.18755829058008527,0.6362287510081359,0.8975042982949493,1.0760727665582062,0.9677832787526626,0.547703422453361,1.7213966270246177,-0.6469136230386914,0.7614015214333577,1.039544952659603,-1.4123539202978705,-0.1555365829356058,0.7945497289875298,1.0209827660151496,-2.616222788999528,-2.1177690137970155,-0.0892309036543832,-2.4208656620330316,1.715354205064095,-0.10649283641855012,0.7609625036111306,0.283941718977113,0.8190655803628943,1.773296734921291,0.45642146685332347,-1.6622728505317441,1.1715164492088446,1.1253128064962905,0.642747507366829,0.9865198132174601,1.7032086755801628,0.36059236404439027,-0.6732689987854493,0.7429961343200109,-1.1405132806536287,-1.0840145868191442,0.5298455068920747,-0.22892094918565303,0.5832279082771635,-2.2157302373060213,1.4548877131722202,-0.8065959201427535,1.3578206593517061,0.15556450743377703,0.550516805329632,0.43435980396854296,1.1423201462121355,-0.2606059031895321,-0.5617693152313963,1.594274321330469,-1.0617895885431565,1.1155171953020095,0.8029571768092333,0.3912443274469415,1.750790628712541,0.46314702714051004,0.7225140261688804,-0.00871561611915142,1.246462997456375,-1.0693245072322175,0.22381669735021653,0.654731105511743,0.1322003063512368,1.7101575620981198,1.322789547097975,0.7727916257219001,-1.5289224329405315,0.8870360124319033,0.5298524348210654,0.7216396670153356,1.383473638930529,2.2752334367542617,0.8565929021594757,-0.05091493821630551,-0.05235235654062588,-0.1436370147661645,-2.037036072592135,0.7402481277798758,0.5895499871132138,0.6083762872629922,0.8944884933471502,1.1776304408622806,1.3263944181321023,0.45281277006136345,-0.4127788820335973,0.11673965258092109,0.6709608915765274,0.05562505384177199,-0.6162425119969338,-0.3228851720448457,1.5018853390624067,-1.2777981096380242,-0.03335414747585293,-0.08742283929347029,0.26155690501734935,-2.1346557560778643,0.06137160464946475,0.06218153543411719,-0.01959211678348254,1.1293598657793287,0.6161475586633677,-0.0566954602183242,-0.01697580456657281,0.9010552487321604,-0.959201896736666,0.7115127633568236,0.9453200695982635,0.7377434560211708,1.4154168147856117,-0.1550190530673563,0.33576093314284294,1.0289616651653672,0.5890755993887777,-0.23489734626102202,1.5168367950852537,-0.5128295985043616,0.5313223875748658,0.7583727923517259,0.43954894950061246,0.23693054407645714,0.4189655689979997,1.2227028390934727,-0.6061914694955206,0.977315482868939,0.7292779753593034,1.3919449512221824,0.10697519366355474,-1.3484276156223831,1.7667948494670112,-2.6385261246483394,0.954233809513051,0.28790473493392416,1.2432531585901339,-0.3474708359125475,0.24828221833741837,0.9366805506776594,2.716858202928302,0.3549168092457493,0.8880902581905036,0.9253206710380747,-0.37154054002885983,-0.11284834752902045,-0.2883495949499549
2021-03-15,0.2552436785936014,0.26390897199220553,0.9294911908165987,1.0992467791733025,1.0875320087033367,0.33550954865824384,1.7981138762095497,0.41293937842818107,0.4824063745869865,0.9800834503523198,-0.8460190446861217,-0.382924385112601,0.62656220105753,1.308096310299345,-0.27993687434432585,-1.1469618266906536,-0.0007758101231193898,-2.2151855201523567,1.3489095639503565,-0.10647075549695485,0.965592738306724,0.5655117597679881,0.4942895374227581,1.430878908802773,0.532978149383404,-1.7580540181528204,1.515216778165918,1.0850886515598184,0.4442230147750568,0.70184114069993,1.5437209335406685,0.9556292706978164,-0.8134007063052578,0.28959727657041545,-2.0607522741485935,-1.1913460423678888,0.7169337785912472,0.41920044187372013,0.7008950851691974,-2.1497932181111556,1.9017771271324078,-2.191920089421084,1.2988644960991134,-0.5826208679249569,0.3918949258197162,0.7990606392792726,0.9753057375456283,-0.641156028678899,0.10893524473946478,1.4915352698371183,-0.5927499950537083,1.3903012471702665,1.1584035475750112,0.1663255705902269,1.7338452505349848,0.11441401998389579,0.929360364694382,-0.14136742809787584,1.3792462416008948,-0.9502064462379978,0.2272719360744201,0.5432436143380587,0.40946171612360305,1.5322592392338181,1.4955606967646913,0.791164854892584,-0.6335382715014702,0.6222074665110405,0.3930551429816711,0.4901190228553738,0.9602253035027708,1.9202909196580342,0.7363725978327014,0.10843379751525895,-0.06095244066833557,-0.30520774174695353,-1.4295823142236175,0.5760905446663055,1.1764348824354216,1.230680273613644,0.4626060213645928,1.2197313857715257,1.169983644317176,-0.1360021391636068,-1.0202217436255627,0.07652395165437555,0.4952097934276714,0.6038787010340771,-0.7586205511907327,-0.7066465269856346,1.312071835076407,-0.9930243186849917,-0.13255958830186243,-0.2908362796508054,-0.2835917472999079,-2.544288834409528,-0.13022725711418648,-0.12082256055415838,0.04269562793107038,0.8392034063541621,0.029314104741284798,-0.07504490128991596,-0.8397316947249679,1.006423392009447,-0.9196857146267422,0.8413617364121562,0.7378804409020359,0.39900300513143977,1.5854220927250018,-0.49134883607507746,0.3809886643346304,1.3450799558723676,1.7716195287443866,-0.6549334717867066,1.0087278617534892,-0.39343443664456046,0.7000569433230024,1.6697884688239286,0.42189382219951205,-0.11374864800261798,0.4122702282920607,0.9848525430452081,-1.459649074152468,0.8565763351547385,0.07247513483366283,1.3924457400612802,-0.07541148012500873,-0.8285319303335907,1.537238143009063,-0.7095558883056441,0.9877957939173678,0.7128505848614518,1.395329663331438,-0.889934159084931,0.5173497080327057,0.9064707593244822,2.2666596332608826,0.29063488866330145,0.9901532987516879,0.6876104392132864,-0.6326283499065974,0.09267449665087031,-0.3887750133905502
2021-03-16,-0.06268850835851195,0.15934882152471946,1.6238774244361724,2.0324968339748555,1.1091745386757572,0.35304794614664026,1.803860067168809,2.055614967243833,0.45473983438433047,1.0831475851840449,-0.5667209644686524,-0.2404352363565951,0.8336749966316717,1.5048579535649946,0.02794633971445563,-0.8471366669514313,0.6161007218918677,-1.773436941418693,1.8199172685450584,0.5499785492208726,0.9558696699419338,0.8410862552462222,0.9311904693937797,1.411210255601074,0.7249348796504869,-1.8704162218881237,1.935591564397314,0.9280646383253276,0.2537075094063889,1.070936868570996,1.8042147993369064,1.2907542340425244,-0.3604975392425469,0.23056557566248093,-1.1667109115007879,-1.0854757128537087,0.7818874592874631,0.4777344633662503,0.4241719733266859,-1.5838412418852101,1.5353743294198943,-1.5029128587377512,1.3434954722776435,-0.25833128569374936,0.5139117164305232,1.2292730150758586,0.8072173975675743,-0.3937024756437361,0.21045984113598812,1.6847936870959133,-0.4627184142834931,1.0419280330462917,1.2029281395385656,0.34922318101508204,1.3359735187226214,0.42311223050909436,1.3907100306561802,-0.12477393952670443,0.9972604304928302,-1.55152573490744,0.47813143692543236,0.9112444075722153,0.8928218379207913,1.3151960551375657,1.6158329817262458,0.8458192579830167,-0.8327115208154768,0.5959725566408779,0.26144530236517316,0.7338138926208956,0.7880121133422472,1.2335609437468424,1.1286138143566151,0.40274066447876095,0.1739525833844873,0.3119480084003751,-1.367844411895993,0.6311154074036086,1.3101923281204269,1.064685773311459,0.6062276803605434,1.1737394220277237,1.2998125667220615,-0.15062233231001876,-0.6372818050349022,0.4211606827769176,1.013833018464869,0.7663284653235416,-0.3624732477189292,-0.7770232431878357,2.0884315053197557,-0.9234472813913963,0.18324773243781736,0.24336712455244539,0.1626091574167771,-1.7898161477676817,-0.0569552111216836,-0.04816899408129706,-0.6543676793488398,0.7903727821573178,0.13354297831236012,0.22709644721576885,-0.8596620537135717,0.9924855401652539,0.17767001481611402,1.0648106076153143,0.29234162529644014,0.4286016695890905,1.7209906841001916,-0.26491066411044956,0.4558259210152117,1.139830742393193,2.221312545836102,-0.8002650952970307,1.079823804042151,-0.44095967336789593,0.7692835110696192,1.4450150513355977,0.6808204614931433,-0.22033591098903335,0.7195369402498943,1.2882411592085454,-0.8260075911934727,0.9422895183693909,0.38568643417664417,1.5534788524466872,0.18164009438363252,-0.3240009186617513,1.755432625160807,-1.1832130459902594,1.1595577456995674,1.0700551686164144,1.0255166218668477,-0.9771589105308702,0.5329599052719564,0.6843842826756662,2.1528211433132824,0.12015319881125716,1.0520835209493142,0.8588786924752618,-0.8013915461520171,0.8326228545021094,-0.3346619256949235
2021-03-17,-0.1296650942705486,0.18641507125910098,1.5537599225760377,1.7886330913758468,1.1269365184090103,0.4337175091263742,1.5988349730573819,3.080015754124381,0.24841771898206189,1.1009406764621386,0.7926862916559639,-0.5148937628833309,1.2437135542302284,2.3471095198714513,2.186045255338146,0.49384209927106837,1.6117011992864088,-1.3389839668525485,1.6791077273205548,0.5382823772886196,0.7626819801711675,1.3699399164514983,1.0729659474559194,1.3096125714507845,0.8857223003211434,-1.646626487427958,1.877345657528673,1.1719184420243596,0.9047611500121256,1.1895065735207764,1.7297835633821876,1.3969221071202313,-0.015797091138070804,0.2231771003493062,-0.036616545631811846,-1.157721568177242,0.6905310257280473,0.6111119736665146,0.467988365243602,-1.6454678100449447,1.4806437156571841,-1.5915993888122908,1.1763586638851689,-0.006119890651554505,0.8372503791977479,1.31803269908074,0.6323089453764313,-0.5235825845623601,-0.1615283146108631,1.6856817252670995,-0.3928310009833444,1.1055242317193401,2.621758516648049,0.49799422510852037,1.0924290296702603,0.3425080921917024,1.7638089496848375,-0.12611303153675527,1.0213412586383959,-0.5524323475369525,0.573602012220793,1.3504529923430875,0.31434810537795416,1.3058979813619938,1.3833286304586816,0.87552212163735,0.3321735302450098,0.8948281863383114,0.18938746859125064,0.8871318724409799,0.661904128865496,1.2064249284374133,1.2574794054737155,0.5311113033096249,0.3539975010836368,0.15519678238362283,-1.0273318806925338,0.6651111779476374,1.2681588076825023,0.9658943272842037,0.34546894735675215,1.026463066948928,1.2334887199335935,0.12668766249690153,0.39284276866812917,0.5979909420461772,1.224145027562852,1.945451383968157,-0.421035655986914,-1.1182804729785527,2.082206054668358,-0.6249478656404076,1.1046323676229222,0.5721320513175155,-0.542506205080497,-1.6996105441928802,-0.22660147698424102,-0.21938740767577258,-0.9744803483199056,0.5369167179643747,0.1301127383568594,0.31813290728354104,-0.742572280151729,0.745007240879742,0.962336617919154,1.0370691257981126,0.2661118058243727,-0.06360320737975053,1.7162205650367426,0.20553312565272888,0.843997466939708,1.222470934315041,2.91922447047205,-0.9477406213308042,1.0353484802778323,-0.7104510951745037,0.8150834566530918,1.9701657099989307,0.7928130555557713,-0.8552372441285409,0.5758138469742733,1.2984040503508576,0.026640575463847585,0.7027389951583337,0.16367044378645254,1.2872147897346717,0.34512155753059276,-0.06762266280685883,2.0175520403550204,-0.47952754141508314,0.5351407201938762,0.7250441485621224,0.7559019008392227,-0.6221092365086693,0.9312482115946803,1.1256066611013846,2.069413471770158,0.0021968635096204247,2.3257991757305065,0.9415682094858723,-1.6072750601665877,1.2568041552667641,-0.29233224166411964
2021-03-18,-0.4160710839041244,-0.09234092088498104,1.1836608225415841,1.4578792606982287,0.4010567969698332,-0.21844703326047654,1.1242672979127013,3.0827937258355473,0.7249608609791711,1.272581525027286,0.06746795912596491,-0.2093981767748906,0.391476323058236,3.350420461918186,1.0547181553624234,-0.0699553716137786,1.196685018497703,-2.467811010974126,1.036599680062339,-0.5419773930896806,0.4123538618191366,0.9103802265746361,1.108152659457121,0.7187175746608067,-0.11291927173393168,-3.5107468684307293,1.8888039738593252,0.5026361362974029,1.4750080423322662,0.16470203444778775,0.46159204852642294,0.5109465897878088,-1.4559003693240258,-0.7882779358193667,-1.7266038935718018,-1.4730629619461597,0.22755184301588557,0.2582868912851574,-0.4314349693427863,-1.793090419095795,0.860992301323607,-1.7224550662301366,1.4715430957806537,-0.2613970580161486,1.2567397709690098,0.806716113599282,0.15215413961130977,-1.2437957786396976,-1.4857980759128393,1.2570641526696265,-1.3851176465945685,0.7024048079882909,2.2536536306253447,0.06349898581363471,0.18326071270020097,0.0864301081416537,2.5585777441183866,-0.5530660927232158,0.49757644294409453,0.3806511351227567,-0.07465702641812787,0.6984844577014209,-0.5177583650605662,0.7401887532956526,1.060182404385553,-0.011819010802064519,-0.7325282980812838,-0.2327433874202626,-0.6441515268192738,0.7078924811158525,0.08551124983613341,0.20756461019143535,1.0739563177040534,-0.4451504198013818,-0.1443968006569428,-0.2275579795513026,-1.4375912852679618,0.31761319147440453,0.6761668119005211,0.42867873071131024,-0.23145163343672254,0.727428209763437,0.9580111999380555,-0.6807467591095486,-1.4999138484955445,0.31586413016332426,1.2426691261682046,-0.005424356895913745,-1.448025797914682,-0.37919977177719055,1.5454330209521536,-1.449474915085111,1.1088766555042948,0.49866262596453753,-1.5430415423749124,-1.5781965863619773,-1.1208132539121907,-1.1165643900562547,-2.1147828359503205,0.4911073728489417,-0.9479642365999662,0.8098566207736789,-1.4337334644650395,-0.5241939060020004,-0.08112806421150302,0.09802116145241684,0.32496030870358533,-0.3091311735789155,1.4139074642108704,-0.3866881728030771,-0.2090206265510132,0.2745006543404332,2.2643196898343927,-1.384220339062126,0.41491116854132587,-0.9377002731283932,0.2682430483937761,1.0335162528301867,-0.5203774844788382,-1.8633508833417975,0.10280827804333136,0.8332010111645805,-0.446788144673916,-0.005189376843394855,-0.48282491379113757,1.268425948767109,-0.4393005654802064,-0.6621020126119442,1.909048322461643,-1.5413170655821353,-0.47762185582563155,1.6621787844073765,0.4428255851542415,-1.2708735825059172,0.5756753810929599,0.7531699937863084,1.7682063087950954,-0.2761441491679371,1.5806780206986595,0.8090615119745656,-2.3351010247622703,-0.32748861009401814,-2.2178469077814884
2021-03-19,-0.9722185664493106,0.08964010027646001,0.5454112479623469,0.9413946263035423,0.031602453406237074,0.22550691173704437,1.525675502018434,2.5130363270057052,0.03191741057921228,0.9281181146318817,-1.7523851381842703,2.3820447822888635,0.06663859880819668,2.8090347278533425,1.6466893232204864,0.10090038651698471,0.3931099874570138,-2.4425076228096914,0.7671505547588898,-1.2503219476716376,0.23415658531139408,-0.6730876813196198,0.8388022728013382,0.704743561512687,-0.8214777490791696,-3.4152661617515996,1.3026635120576735,-0.1989832117760846,0.22561179331184406,0.06908843772409957,0.2605530472846715,0.6737193747913619,1.4449159340106597,-1.2181364865323234,-2.086271360989283,-1.5668462634593854,-0.15806382791126888,0.27424528146863586,-0.5290984528701361,-1.7652835098809325,0.5320014243826475,-1.3616515681153496,1.3220707570363712,-0.662229850326758,0.9130566551539266,0.17331713660848994,0.1596031866996626,-1.3662328263465628,-1.919007180318137,1.3762342456386893,-1.8295458539409122,2.183046344103517,1.902163558054107,-0.20361073738885196,0.5526563551844638,-0.5317068466480565,2.313317818967447,-1.0809247333094643,-0.1495904313263301,0.7835398684781085,-0.39368746064882476,-0.5225212857254874,-0.44229643719492384,0.4366345795744304,0.9488051697091533,-0.1779582625344627,-1.1336184213080305,-1.2256731260924314,-0.9553874919732264,0.468503881407082,0.05653794800044231,-0.27945791743673715,-0.26049603217005446,-0.8373058594589022,-1.1724730220500363,-0.8041891760355261,-1.4052558829352644,0.4051203216586566,1.1304600388645536,-0.10702974020991222,-0.4290620666145601,0.9627496746927325,0.5859716243688656,-0.3179447107551717,-1.6942876608096906,0.44322737275371465,0.6584203367317594,-0.4024826374410391,-1.4911540737156022,-1.5593008138787579,1.3242115569097854,-1.1856089596957422,0.2486423693325827,0.6304965694253493,-0.6822978820824102,-1.9208742960956842,-1.9152599119551472,-1.9166971061097307,-2.2202819635543674,-0.9870836563861367,-1.3131255845842935,0.9056498616323,-1.4840058940597913,-1.3165794411215364,-0.716857108574215,-0.7247658388277466,0.35029640767241316,-0.2802565207909343,0.9519639426158224,-0.41263998013549075,-1.038005760161096,-0.029259297884001043,0.6532622586167726,-2.0965104624735935,-0.48690110172889756,-1.0689212373869315,0.5839425088996335,1.294585246353469,-1.7167271603563579,-1.1533670231666546,0.07345905577201854,0.3096909332326667,-1.6902146146663133,0.15781293682278966,-1.0424631406826486,1.2442717978003242,-0.7332338419977104,-1.342903931406964,1.5286042237476811,-1.9014373547784524,-1.1522420627062855,2.121630838778237,0.244663919716318,-1.573752751712206,1.8671847185056398,0.6447241528139575,1.5766387074211965,-0.922041347673977,1.2635074909403288,0.6960017646685406,-1.9625646734764415,-0.7842920784679542,-1.8482331295357701
2021-03-22,-1.4772746885981418,-0.769528645380865,-0.11418087008050179,0.37748987463174116,-1.0012128913511977,-0.3843680228747306,1.732836561042812,0.7397277041624313,-0.3815850900263979,0.10464336616619681,-2.5051517823033276,1.3779881975067565,-0.19882126964809224,2.344726441326196,1.1979763115977382,-1.2725273803353578,-0.33289461193383285,-2.148000231229745,0.5897171173987735,-2.124445972383526,0.08240498418585593,-1.8193557880293745,0.13832315697176506,0.4657105456412776,-2.0968634097361116,-2.7592667277475558,1.086315984896593,-1.0566102371674795,0.44284015716303365,0.023133281757595655,-0.6016763908061151,-0.28907821499407244,1.2573042066713371,-1.665376421150252,-1.9695482944952412,-1.1190866625491844,0.5142172218245872,0.4723918663024629,-1.4466165494540337,-1.4739144200089282,0.07935366757690238,-1.8050111021188673,0.6927168012025895,-1.6136090666444818,0.40077126123637913,-0.7041763768812775,-0.6295383621136831,-1.7646013471553261,-2.123963431704944,0.4158871470906478,-2.3898972292352236,1.93567798659238,1.4243517315832286,-1.1468576932429542,0.16760246085534836,-0.8571791644941338,1.7554250391486457,-1.387791382534887,-1.1949086585334368,0.4240134060824903,-0.8178565535247917,-0.9760024941070463,-0.9266478969099384,-0.508446664308304,0.606474699243418,-0.07376392866637085,-1.7579434471764142,-2.596898252104444,-0.7827769526338155,-0.05350539186947149,-0.884269619411471,-0.2462409216007475,-1.1065636825836844,-2.268642015830089,-1.8237822322366684,-1.6226542120054468,-1.9038282139358071,-0.24336047796803062,0.9462486235058364,-1.2890617842488639,-0.07168106845103545,0.6178521450797296,0.6019073218436057,-1.2935564179256454,-2.010081102513014,-0.5452616720505816,0.3017526893651332,-0.8509633963397211,-0.8784911959533479,-2.249991003054068,0.6973013278460782,-1.794545714705862,0.5507992135373088,-0.465870291043758,-1.2127660532510394,-1.9335433039520917,-2.0170739492826053,-2.0060610700271595,-2.47742772204796,-0.8873059503480011,-1.6506907351531315,0.4737798376156587,-1.3691236616665456,-2.015099587528603,-0.8731322192155031,-1.4048839079009787,1.2197183290944156,-0.7069910106873618,0.24914915667451543,-1.4490498726117318,-1.8343016764560307,-0.8656913424488228,-1.3424296766782473,-1.9343451301566768,-0.8011361598855737,-1.8990795912716412,-0.38703463704069324,0.33535477475850345,-1.9462858148634763,-1.7292540516437156,-0.9261910594899329,-0.1589928327489466,-1.5958846186758684,-1.020351533245685,-1.4896360290065669,0.9231322283920427,-0.624236439404925,-1.4390169624635558,0.8647706925841395,-2.3420115163039767,-1.8303430542693835,2.1439085796719985,1.1300212085625738,-2.0790719174892067,-0.23378380742100632,0.8075386655563025,1.5553362018568402,-1.1690497701872897,0.8681948181718167,0.7465838627995816,-3.4216739876168103,-0.8139070800346474,-1.704847335962482
2021-03-23,0.1898827727168152,-1.3542435789525933,-0.2849597886532807,-0.0896261583211838,-1.544561129940559,-1.7659008363395898,1.142795590956353,0.3807916893619771,-0.9550691139317037,-0.09323240906016379,-2.5205103474526283,-0.38720365233371556,0.23253582516678725,1.8395076084967927,0.7604162415825849,-1.3775616861645756,-0.9732044617212723,-1.874943449402555,0.07595625896221997,-2.2628100557619057,-0.03588721283092554,-2.289800255440174,-0.15327232863642934,0.22769491730687005,-1.7899488798831864,-2.229166862772837,1.0299577239854523,-1.1316841741270338,0.39317983058284595,-1.7248829290188807,-0.8736602548197848,-1.4058097365642308,0.5785755558929244,-1.940545966465435,-2.032192140066277,-0.47247560692862195,0.3451712580922035,1.0074071994551848,-1.7876251377010113,-1.9786490420726681,-0.2971981091689732,-2.4568797377014557,-0.02806367630105179,-2.033394184550948,-0.3472890867542777,-0.6671463049442947,-0.9959044504489255,-1.9858432204040009,-2.702819455442825,0.056825758435942314,-2.5475443079843774,1.0730818594351785,1.949854251623106,-1.450419272846177,-2.1353091699570075,-1.6569949752438566,1.4325185007395707,-1.930425510102181,-0.8720261995603066,-0.142892893160592,-0.6000023705259275,-1.988854631001409,-1.4837235478857758,-0.40371898841361537,0.5222723603251245,-0.5903607150610131,-1.611829331935145,-2.7117323751214975,-1.1089209532208273,-0.887667523507971,-1.1501504030729688,-0.5498942168704316,-1.6348163813554248,-2.1813642975719554,-1.887150897359354,-1.4697973946483507,-2.3880145479964425,-0.9397526271750266,0.07710877732908383,-1.855856902793177,-0.45484031837644284,0.16393724954693067,-0.42878328012775185,-1.868505260109245,-2.503158761102638,-0.9377535822773849,-0.2073943147416875,-1.4505879695381843,-1.2878366604520382,-2.1143414687038806,0.5076829081300124,-2.221452172867909,0.6950448631690073,-1.7255098671130302,-1.092392251439521,-1.8464430524309379,-2.1635232596817238,-2.1718306084636656,-2.1639769468377805,-1.322771909205641,-1.6029650160674351,-0.08994435448645659,-1.2916597228993092,-2.367214664519401,-2.4258587526103614,-2.1877743278166455,0.595610500254386,-1.2686052372314958,0.5593164729723918,-1.4422066328761778,-2.0684188418684433,-1.0393806924972595,-1.2404327849771009,-1.925931598657506,-0.9805930302009005,-1.8763142130397148,-0.8058611393875714,-0.46380714764458286,-1.6643078114648167,-2.2676887432091064,-1.1197197627435698,-1.0169679988648577,-2.1135601388280065,-1.599363791691097,-2.0926103254867705,0.6208008614961441,-1.0925791797563147,-2.430145385341632,0.7449131446822453,-1.7494557725253483,-2.083094410077866,0.9304395596111709,1.2515685246941384,-1.4529338560959073,-0.6451315527642256,-0.010327804169292456,0.8425343750514832,-1.3954763537325126,0.7575654943783419,0.44827852334332274,-3.1514696310373025,-0.8189323361202184,-2.0125512062410476
2021-03-24,-0.0006162271130115517,-1.103777802728285,-0.10992898045262368,0.07148372235919336,-0.8691970699574398,-1.5661625650932658,0.8260644649998203,0.48086652543280667,-1.015254411196488,-0.06978161966522292,-1.9047259105253187,-0.42892827008380435,0.19317168934355838,1.6600031041309342,0.18397704616314395,-1.0242282873577926,-0.17713363335689913,-1.5422975516093054,-0.48457313327773865,-1.8776903802327074,0.19841245400439772,-2.0747213320609195,-0.12002972848945073,0.23176672735387122,-1.4711841008706066,-1.9064196587052264,1.0524296243741438,-0.7422353347855936,-0.37330355562910317,-0.6043627712026458,-0.7086357607397702,-0.9585402622000975,0.6701840345678038,-1.7712294012941323,-1.5017016405044328,1.8605398268784612,1.383974243431256,3.0467777524899615,-2.06417753997798,-1.9233551825888557,-0.24855790747035203,-1.9919113830176651,0.15207322159417824,-2.024397108893162,0.1790855706389781,-0.14402484175434635,-1.1142554919508614,-2.086798437659901,-2.3674872301129324,0.06189013858065273,-2.0124250437475126,1.3420602038538734,1.5986937100321528,-1.5274934981846988,-1.6970884708039868,-1.6114110900983758,1.4125790473161384,-1.6476521366398493,-0.9616095094681765,-2.8097736198730066,-0.6086046509304294,-0.313850642819281,-1.408263990459925,-0.8879823161503448,0.4793489963291572,-0.6861568574624807,-1.0866430460856316,-1.7074983527285321,-0.9270190847292546,-1.133860270639933,-0.36073064853973286,-0.9553019493316719,-1.6873756000413225,-1.779556356833151,-1.5437830123993665,-1.7784484752276548,-2.194149648272349,-0.4520283607989787,0.10765388893994085,-1.9139219872145246,-0.6233972988558497,-0.5158243837655647,0.044897951543647646,-2.8433664432205235,-1.7618697057897084,-0.12025861112831496,-1.4916167934113214,-1.457475309895062,-1.213480033469146,-1.8431526518437549,0.43049830073053114,-1.9772336253763618,0.7318462267304756,-1.8246862113766946,-0.8351632926494126,-1.718449307085718,-1.8688758344048462,-1.8786463115244574,-1.85497025213634,-0.9521638390410094,-1.2316210928759987,-0.06332144552551155,-1.130190236816795,-1.9201364849059654,-1.7553321725938358,-1.3396199963120832,0.6721703335682083,-1.5362920469888164,-0.08148168740067087,-1.231092307401912,-1.366301300579723,-1.2249239271740042,-1.2760648024501153,-1.4727176633929573,-0.39944570025323367,-1.5486441145507335,1.1370770493743447,-0.2896521159946068,-1.8046893704966618,-0.4059705760425171,-1.0618338646024457,-0.7063131956571026,-1.9404054930880201,-1.5139811572206363,-1.8403921531311054,0.05360059163049739,-0.9427784188215939,-1.746684017092376,0.7923266046238167,-1.5914058682253445,-1.7291933224226876,2.8816523490380863,1.1393374081146364,-1.1249561940313775,-0.41212566016760827,-1.2020238921960273,0.8627748275828441,-1.2764822713761228,0.7575712841033306,-0.09246940892406309,-2.1604231245002454,0.07260971034362955,-1.8700840565033043
2021-03-25,2.125287566187459,-0.4928200932298469,0.6571402642061334,0.694398820173917,-0.32076172190935737,-0.22284026092122103,0.761106164863103,0.8431466208610573,-2.6286906688236584,0.7621065554696868,-1.7505122407143667,-1.5266626229753446,2.512629332713747,1.2765578602213514,2.846687403693552,0.04568786799390737,-1.5229826157151323,-1.201003368314968,0.2339639691633774,-1.8172574305795417,-0.5003512402936372,-2.3081011611160345,0.2665224153385864,0.2320855955153977,-0.8211150638974228,-1.7336527402920552,1.2968315610796914,-0.7416835761482857,-1.777988223347282,0.8305978203895259,-1.0647361201766217,0.6339082815175291,-0.9593438884786751,-1.5908495159208613,-1.5233282763076168,0.37072655358148376,1.3873035057604208,3.4319242778017163,-1.2852521122441438,-1.3347654900482098,0.8681998524073131,-2.8866031182977596,0.018422845084272315,-1.1638489851001281,-1.5546635848641934,0.9403260523416053,-1.3429996162979745,-2.0188538371878373,-2.1124982544803537,-1.0711648740461193,-1.1310529580917925,1.9591445227107231,0.4320830408013822,-1.8337875941139303,0.5152633268707564,0.18421455935441855,0.47431930091941094,-0.9334662657500326,-1.2281992859081436,-2.8391156753243547,-0.8418528115794333,3.647499318554863,-0.6874418849231175,-1.2702777965296708,-0.16517590890255388,-0.8230120358484164,-0.6983328858066403,1.0372248053039612,-1.5142124850537373,-1.5482181991032153,-0.43333339235638585,0.8242670390733446,-1.3460877387096277,-1.4871753493287063,-2.2568109066821336,-1.8843041615887786,-1.241898457744715,0.9571168154564982,2.7359059277142994,-0.9622332460164977,-1.0017735811911264,-2.110949614054194,0.2221461973358157,-2.255367577491415,-0.6645746274856865,-0.5303981421569196,-2.1145573017601302,-0.2860139760831396,-0.9446455405345703,-1.4075925769499853,0.24902108768548556,-1.2476316975655177,1.216634698254873,-1.7796461941653479,2.7703453482465132,-1.8808787691503415,-1.488693613469617,-1.4873671732003304,-1.6618734127783183,-1.2071112980741832,-1.4842718952819107,-1.8093818814852318,-1.3027561426185774,-0.7799200880674115,-1.790104036958092,-0.07587306907331473,1.3796208483427914,-1.451162705963708,0.6954230971351539,0.443407026685636,-0.5635995495616497,-1.3213157926407328,-1.27608808827752,-0.6998633345736237,1.6686208249856818,0.09909300060280123,1.4041364416160653,1.0426875577511756,-1.216351243297793,-0.44927038328496144,-0.7322270413727892,-1.1569195575250129,-0.9994033626808455,-0.8437286173702024,-1.596447556545674,-0.6461510918584236,-1.8675206014773067,-0.6722699573407498,0.7928273754350494,-1.8900416499044308,-1.3118259252389117,2.272858709401838,0.7214595929090726,-1.389426903189108,1.6705774581678352,-1.6881198616660562,0.2186964214027477,-0.4886391121996474,0.7827742629228216,-0.8981493657066412,-1.2572148669369112,0.1589564991057768,-2.0530779349798687
2021-03-26,3.303242130243569,0.9368776086384131,2.1291636986331692,1.1386167744138478,-0.06119167815774125,2.0680628468708355,1.5661901216079637,1.4627648818563657,-0.9978154162206987,2.042830479409087,-1.2275784985947473,-0.9560931506794538,3.2883942251839264,1.5377767453627282,2.5886654094390753,2.1690170694679383,-0.0562360095928939,-0.6584386676631512,0.6658382189963988,-1.234622080902079,0.2841286629317595,-1.3932598814011012,1.1636572161767706,1.0354948554389047,0.18032659236233395,-1.264947892992736,1.4215457916651075,0.20608103683361118,-1.7099905688389103,2.0163712459797942,-0.8664701311160606,2.294598755974533,-1.2455149536426988,-1.0230529065696263,-1.0772985039229503,1.2141740480114016,1.8167964134330676,3.3208155716236227,-1.2275963598826365,-0.9208112070838851,1.2327944015926393,-2.429298924495251,0.4023085445877141,0.7426174172884034,0.19328511340535853,2.4545389592676052,-0.859378368682215,-1.2364321400250489,-1.518718982588539,-0.6764026163664606,-0.2364001432116724,2.803248030879801,1.0599071036595447,-1.0266278936831448,2.6264508142107656,0.03542411464427381,0.6783987777987784,0.1262118906639893,-0.5702087202892215,-2.408326533728058,-1.2011043605988976,3.0594136591744356,-1.7118012452175673,-1.0163196267529577,0.24179590933534034,0.21606397972960087,-0.3989925734990632,1.2939817406405725,-0.5960238117064145,-1.1103263271694082,0.3387112029885198,1.69852051297293,-0.80042420637961,-0.7041103415223283,-1.2606067636639837,-1.2041009046358653,-0.1985780669292666,1.257960810930033,3.616768922517828,-0.1979414546218899,-0.5722532038571473,-1.278148017326185,1.0043685758513523,-0.988117002841388,0.38919262997521753,1.5613378158461533,-0.973163116848903,-0.0753555178471736,-0.5586811274140625,-0.7272063886030461,0.7510046426235686,-0.8410862564313625,2.076615064032679,-1.055792367371322,2.7282571057831446,-1.5253325952524992,-1.0300477640531305,-1.0302822989538623,-0.8074826869307832,-0.6289453135534672,-0.9241987844907383,0.42899870569366644,-0.7484866272808833,0.2742997527358698,-0.32493957522007255,0.5772232547069466,3.325975279150024,-0.5186525878995503,1.365127729609504,1.8547638453564248,-0.3013351960104167,0.15044144204300397,-0.6519396398681787,-0.7337017944320458,2.8375053969801516,2.0380941437514704,2.3425556615943917,3.3565550018345154,-0.9647930917938607,0.8176090794002212,0.37835254488948145,0.04533752777853205,-0.5290821888189274,0.027399340558867058,-1.2114097959505867,-0.08805825586283685,-1.4246438725534067,0.07360209223755944,1.8100666604629005,-1.9996250613619833,-1.053850296398761,2.770862949981537,0.8302181763805879,-0.9658973777340399,3.218532978408683,-1.8008764826501975,0.579684529385798,-0.02641897195435371,1.9381752323465347,-0.45750960706650595,-0.8044662599657085,3.0981665479556995,-0.9881665823019568
2021-03-30,2.742998405119612,0.8496211353473965,2.3424746976503816,1.4786026642920553,-0.37755592836725427,1.7007763402856204,2.0935111449487436,1.469178048474494,-1.234653555924331,2.2210964151131742,-1.2056351718224458,-0.4938383240437929,2.29209869870385,1.342688328791001,1.3290461381103562,1.5358668033653942,1.4063321194802771,-0.49444300714559114,0.9747746648719819,-0.6112039052059779,2.075897474386067,-1.5104873023601382,1.6791162970646107,1.6521063862790542,1.0537965583497304,-0.8754262526225659,1.3913102372939974,0.5996340435179821,-1.8384169248973463,2.3937965034371396,-0.7988350070120613,1.5341124424473844,2.3135458514654164,-0.2161125559777826,-0.6680010546168992,0.7630259584597633,2.638020428181022,2.3051917633001393,-1.9579805341482317,0.17816572380286946,1.244530157468312,-1.3565241395790977,0.6024691282082436,1.9918139854176964,1.4911263676456556,2.18242740666436,-0.8683071096594164,-0.15307043812851753,0.5616570377619363,-1.4286372961626799,0.0217815180486431,2.2679824308014775,0.9261167477447978,-0.7279462668618933,2.216577328822393,-1.1421119692994357,0.7687493642757017,0.5523162282352868,-0.11885870310642013,-2.264153437527892,-1.2284391190733015,2.484430215204669,-2.3362525146222697,0.12369924710459337,-0.1563438327102477,0.18835257280751108,-0.4939157146035138,2.427358121069807,-0.6733112288207406,-0.857150846790512,1.1854711837161251,1.2844246089371203,-0.09543153905474959,-0.03598467006159332,-0.7041111734512364,-1.0108164806378521,-0.08031093455255062,0.9553063327380474,2.4109596130955584,-0.43014855374221145,0.8876516493467907,-0.266497305344962,1.5623532167104741,-0.041703453804572875,0.7669646239789017,0.6899980416395196,-1.2034220852500725,-0.8637339448339149,-0.09025548296638528,-0.132269239893782,0.9310753633714948,-0.7580330616450485,1.9518161544176205,-0.8422793728216458,3.48238466153706,-1.495934777889252,-0.9803566128488692,-0.9877699812161965,-0.08666126618606267,0.19171060359650885,-0.635963481889738,0.3600633518473175,-0.4846748799265461,1.4649903965015882,-0.30807170661286154,1.8344483406138994,3.299872628174588,1.6735402611318255,1.3861796738112642,1.7371035610034578,0.5296082792724952,1.5339872019915568,-0.4317904261214093,-0.6304835629878327,2.415680730814787,1.6983299764414845,2.514680123149845,2.821869473890812,-0.3129054170603831,2.44627396330337,0.45803213169331247,0.19492588108748654,-0.39570340262748055,0.45271154240525163,-0.6622234027030551,-0.014050000562719885,-0.6491680939978649,-0.0487682718059579,1.905683806044379,-0.539331707827154,-0.4038742327830704,2.6352928391205626,0.5793329250562614,-0.48875578534267083,2.647962644405884,-1.5992207054884844,0.7713912905692203,0.017688360260107172,2.4079426835770104,-0.3242237203771963,-0.9205604032725347,2.789164153943995,-0.09093699707579868
2021-03-31,1.6620702141152468,0.3644337154605519,3.139341056223204,2.0002893473500025,0.2785430003690228,1.0939450531833128,1.199326733518426,2.313098660611476,-0.9672399990214002,2.1926945915038996,-1.3725352711670247,-0.9308113664300997,2.1940480128014,1.4988737901477869,1.4982567022489,2.745303188337368,2.943145759698804,-0.31263395798061,1.6916163498933805,-0.4009740658407384,1.970557085634765,-1.3741944746139345,0.6694434494671757,1.6104091374634677,1.61896636237646,-0.6389088696256255,1.3519009921735055,0.9366789233596101,-0.4777975563653319,2.6544182173777853,-0.8234930795117779,1.5806495922783506,0.7555041038065895,0.7119136497999832,-0.5300149796884351,0.5479134175929787,2.5938992715407894,2.0501369291636857,-1.6237960746344835,0.3120396339982839,1.6813683223004476,-1.3896841664658663,0.8909805611094718,1.9643848384294886,1.5896794898542936,2.647129860527084,-0.3531707163242649,-0.01807192284373445,0.7061949774844689,-0.6418080707946214,0.11187763685304948,2.0764961429441855,0.7794593491631285,-0.7527928256620166,1.9839877741223308,-1.306259540218867,1.389190506974168,0.8218821626586771,0.50097651157496,-1.9087496120980894,-0.46486482013558333,2.1523937744534067,-1.8377168424362849,-0.2723064538179373,0.2909920213883234,-0.31364837347417546,-0.090264701548391,1.5133603944577947,-0.15041377728682226,-1.126185009097788,1.5754510883719393,2.3173277728312924,-0.2853833474787873,0.3407690046343712,0.4839102935183136,-1.163346075483468,0.4830050716519428,1.2445624003596976,1.9473935545876782,-0.46556725682401656,0.9933771286247376,-0.5446285900392842,2.3661246235623272,-0.10340447231663623,2.0489812351784367,-1.0302472662279258,-1.018425978560203,0.294876963545203,0.1606598047025293,-0.13769484654460945,0.9649950375115568,-0.4473295973183504,2.030730008144655,-1.0513068147916014,2.7090977929474445,-1.4725263205705659,-0.3454965142993517,-0.3559457191099027,0.44287879398183017,1.2250351270831137,-0.0246991136691106,0.8837098892331274,-0.24370099448250543,1.61718026115416,-0.48186379403763974,2.6308609823941826,2.3900070877867585,1.1684055920425722,-0.016782965612114772,1.2596176633492535,0.34988418210207434,2.088868053384584,-0.5971511807073374,-0.5150707434804037,2.6608579219310724,2.0350273471837754,1.9049812095992527,2.5292927077415923,-0.22166489956766944,1.7437554582344044,1.819744025472514,0.5003022953611759,-0.7718412450680923,1.8512120752270484,-0.6377988793608383,-0.07942564622411923,-0.9088497494885908,0.43993345366625847,1.573383870404452,-0.3213135807203369,-0.3270917595801992,2.2984580546538664,0.3867076775284382,-1.4207203356917837,2.0918937718948447,-1.4309730854974498,0.4099269508268712,0.4815233256094944,1.9278257860254957,-0.648705109880772,-0.9272792812708899,2.8645456445788517,-0.1010530075290095
2021-04-01,1.364218716673888,0.35446322871077435,2.3555351922111427,1.7874895611720134,-0.15483785767550057,1.0800242273623542,1.4802705376149845,1.7452842208021404,-1.1940617150393118,1.7550833376587485,-1.4214361599300902,-0.09603586849597472,2.374435238747979,1.099555463780208,1.7405167380328743,2.530919301931341,2.331740276177944,-0.10465874531720379,2.437470962345551,-0.20641986568581144,2.1280417289535376,-1.11734155479059,0.7504909567509273,0.7326580423794813,2.1496582559519,-0.3934761369451577,1.0090836028633172,0.8325703109601624,-0.37655133069657815,2.7283451903155025,-1.1544199856771036,1.549090631645726,0.5794084851873221,0.6611935743561574,-0.38985888597011004,0.8014598988912673,2.551902398469671,1.8266873964262087,-1.6113156902811767,1.4042290676565203,1.6672650118488257,-0.856428524313055,1.0222768651576355,1.7713496716785606,1.0257195645853434,2.4079825920361824,-0.7766988802958673,0.20271095625166344,0.3336478557130488,-0.5818263293815333,0.2627788366771574,1.7016892141934916,0.9734131948435119,-0.8674443231872908,2.14250551674158,-1.5163765220458851,1.6270507245654047,0.7837252297752546,0.675802942238272,-1.3299600286292068,0.34238497186367606,1.9151750279168793,-1.7997643381612571,-0.3567271450785491,0.9252675696692219,-0.4628134800845333,1.2208924397496688,1.9168405157920498,-0.08719653573154024,-1.2242875254710834,1.482855752000348,2.609052818475238,0.4645643272319794,0.8612285244969016,0.28795091412317697,-1.1523919542184955,1.7858019321943939,1.1848889259330782,1.661995617238285,-0.4269909147250428,0.5684582102601627,0.07612846500379034,1.835427312573288,0.012227225145442099,1.8186192660183989,-1.2254729055759637,-1.1487055509752069,0.4935550715527148,0.79710965763917,-0.3164101424013235,0.8751233755058541,-0.3947022192019264,1.7243200081078252,-0.8019757778058716,2.731639261524817,-1.467713839045847,-0.20696816532101087,-0.20138990811623347,0.8470076935621002,2.2336069734907316,0.22803142225770054,1.432402333612953,-0.3013148906838659,2.247821812499493,-0.6097539543600045,2.687903129191285,2.2327954296950647,1.1823451581258697,-0.10658698141458438,1.623996354414294,1.0537513789191573,2.152938703492478,-0.5234731031692703,-0.2866191717340908,3.2321617898315282,1.7426602594977942,1.8171663904324946,2.0021755193269404,-0.32293496440634245,1.6752874865744756,1.964545493842325,0.4111948922092937,-0.1841651884002628,1.8741638989392346,0.23341936057953017,-0.7623462523879078,-1.0336636774444061,0.48193769484002075,1.3623568153457144,0.15169808093378284,-0.6537925355020164,1.8866525261396194,1.6698214672867564,-1.1434051605816054,2.301267520766539,-1.3315919636682387,-0.08963782795329135,0.46667071165813684,2.047426090273267,-1.1365332430507815,0.058780680510725145,1.6499610704544077,0.36987572835268034
2021-04-05,1.6596315668576764,0.5962256681332794,2.6279365101340635,2.401124991676909,0.07777412606132911,1.3074012064179097,1.2971463827154055,1.7688653453727152,0.14926448382347887,1.5058132239210493,-1.2276472511790972,0.12581904415568151,1.5462588272168227,0.9565425138042188,1.8691607767011205,2.2021436849970066,1.9718926599455422,-0.5558135077835862,1.5512804043648638,-0.23254648954503748,1.768615116897431,-0.5383155398099285,0.6285126279395542,0.5521073214939487,0.7416546564844505,-0.45195089994953236,1.1716326275073632,0.9144523106004858,-0.3952345014555253,1.6593236117500596,-1.2751054332217808,1.1168262000356364,0.811569596011097,0.3559057546489363,0.16317066325107524,0.11287855712836953,2.8623272045371344,1.6437461858611375,-1.637039806529814,1.5994670266970028,1.7251019031608519,-0.5022039803617927,0.9189981987078529,1.6915830051499166,2.700209960060768,1.6097629151270945,-0.4780400442614025,0.0010983787355346411,0.37319059343746874,-1.4530247524638524,0.7929514150782103,1.6262006898685923,0.7414188907286434,-0.794250217627506,2.003599694609669,-0.9727276470202144,1.090401420612762,1.8472565590344932,0.30767341068677817,-1.1475100660729298,0.4416406576675172,1.634333494873879,-1.7875936386949554,-0.7941740916860883,0.07868396119729751,-0.48251671093294374,1.664501603954626,1.3277602029605153,-1.1457211330871147,-0.6350757330485385,1.268376843970881,2.1183633166293343,1.3083398763589749,1.965119370954071,0.12553126780689042,-0.6128489821160135,2.0772348344508806,0.5453220259433962,1.699577269769021,-1.0102191458091625,-0.38177482123612094,0.20305420612183325,2.9780281473585015,0.41060672299180284,1.1329640624402102,-1.594423471781932,-1.3779486350728385,1.1551237190790478,0.6060845557200096,0.4696842994584678,0.5488305559010511,-0.4843419082568216,1.2722289975566423,0.024609094248836203,3.0486412533458656,-1.0927598384950015,0.09401498851490198,0.09855877352075586,0.5726248573743612,1.3308780469958672,0.374850601740742,0.6505036973174926,-0.7152264734349384,1.3387352021163246,-0.8308110612925972,1.7093574377000587,2.8497400011526905,1.732844486270568,0.177280386363438,2.269174222900026,0.3789741392725884,0.8570864819863144,-0.16317315324627235,0.17749223134300757,2.481571674071293,2.138051158590272,1.6689971309339002,1.8927521716146116,-0.4491439561192323,1.5511355569305236,2.111673691786111,0.6411324347843382,0.10458256648587139,1.6387577961823785,0.7497328878333964,-0.5674359197016003,-0.6382072408187219,1.343038032643862,1.5337542431349835,0.6573674543523887,-0.36729849579104673,1.5052703980432014,0.03681091815231013,-0.8924811873086982,2.133484508912489,-1.3801227666412645,-0.4121311412852134,0.5678092960029357,1.8487730455953861,-0.8133685815582323,-0.049386870636342735,-1.0572835892774934,-0.2613623802841523
2021-04-06,1.495614139802114,0.6848159534848615,2.229178721662988,1.892412472161933,-0.38221332828622645,1.3492690953986195,1.748429911837805,1.3624477523265277,0.2500459997789853,1.3784740541594498,-0.5011226035491156,0.7395925545410797,1.430654511875521,0.8011531782639577,1.5568587579897701,1.4810182946509687,2.0104484051678395,-0.7130415620103424,1.1220824728766583,-0.052221336705041546,1.304196488258553,-0.12483441839646667,1.030312651722934,0.7331327187170666,-0.1469668688336019,-0.4746851229156698,1.1002006097657244,1.7390699370966216,-2.358560611782942,1.3687365274689551,-1.1680415990067918,1.1255801649571497,0.6698802675446209,0.5185758903522661,0.3017729840372296,0.44534105241685606,2.0980734991208077,1.3768303682910392,-0.8842909424490707,1.290218912213708,1.7325962629490306,-0.480620427467288,1.3858734171939207,1.6928392270789108,2.5176582893017363,1.5189081814798178,-0.6052272678813834,0.4596736773343842,0.4419522197039066,-1.9365636895049934,0.9052873589260435,1.520902969033164,0.9690670163370986,-0.306533088336803,1.6869872868934679,0.42451122083624443,1.2479240810903427,1.9934661695755378,0.5370109882822275,-1.486248215656457,0.6922160217761757,1.6384436435290624,-1.4244132923136799,-0.30802823787688666,1.6824977884449042,0.6756446322236246,0.8512453422185273,1.15997637712847,0.9185078453467285,0.029518954060584936,-0.05138492376356066,1.9415815224451765,1.5758939958493652,1.7982140791212609,0.19134653451949973,-0.7667989970146257,1.2539104013868418,0.4392032108252389,1.5404606897589759,-1.1781166068025746,-0.3212230665940103,-0.07134167750637271,2.1835857077330845,0.32732315450573135,0.6364740376464504,-0.5640861254532192,-1.1025889356330063,1.871088588868171,1.93875733952999,0.5573765641552726,1.1860246171301148,0.4573242877205162,0.8868022743321335,0.10804153346384222,2.3988186751653395,-0.5010566292073901,0.7090436982887025,0.7105078053067514,0.6368746970793004,1.5834666248995453,0.8513435209120859,1.6136431210890219,-0.7752500930431794,1.2312251708218134,0.6609225185789691,1.4542315607655794,2.768499384170529,1.9714891112109718,0.025930722700994703,2.014635916179746,-0.08532306690925175,0.9578186012910864,0.1287215485350813,0.3982725596386438,1.9851988644243883,2.0083923165203634,1.2062473598855679,1.7579894892327348,-0.2878831893242711,1.2243879837987002,0.9636884773060622,2.5968116375872583,0.35823341599766934,1.1992509716982234,1.1053046667682112,-0.1887754470812094,-0.37624025604542405,1.9226480456330322,1.4017394663853406,-0.5086314886818339,0.2665661786217219,1.5660671578935008,-0.4767129801404338,-1.1153345138903807,1.8112082131816505,-1.4831009828788715,-0.1798747219524713,1.9027863639668314,2.2589406679247372,0.4052360797277262,-0.19899479254699975,-1.0170486461887112,-0.36009544313919883
2021-04-07,0.9006489721609712,1.1711760820916446,2.1140846162014792,1.5815688054278065,-0.5717356922049864,1.121120029069122,1.4728912051406475,1.2234968115542404,0.286571774407515,1.04172377720752,-0.25471909098305195,0.9338237373008367,1.1916364726824018,0.6459548481225723,1.8670440181272092,1.1941005856720954,-0.5681651707886051,-0.5683717961893906,0.5993363609823907,-0.2622773585460665,1.257840635271542,0.6643447978440347,1.0752735029725358,0.6618517349644344,-0.3097242147664825,-0.40390200492216555,0.5900641793521144,0.7021339561035083,-2.214214930878078,1.1689096196592559,-1.1029172543543508,1.0382842359370712,1.3203022195468497,0.12810354570597526,0.2039530412494078,-0.2693172539649826,1.8652440737908778,1.3093001691601607,-1.15536725889614,0.6869787594811666,1.2818789596274252,-0.45010961729284465,0.967265639707292,1.3681623851737656,1.6322179325193586,1.0493965504212341,-0.42874145817985215,0.3290198073791496,0.2367977773402872,-1.5860099654193915,1.11165950278273,1.5973143918063728,0.6204228657905989,-0.6557364196452344,1.3315394887996643,1.491228518084594,1.3642378094962235,1.6677669560232593,-0.18318313750993628,-1.504816216599601,0.2807945249066088,1.3489477761524737,-1.3350016228025003,-0.9037545340226342,0.8148776902222779,0.6422577986168623,0.44504728028721247,0.8903504522335621,-0.1086221841402965,-0.6785755467653621,-0.344003818279442,1.009610086400887,1.53702782860452,1.2581551812367042,0.26819097958955973,-0.15254039337639594,1.0323277245611138,0.22707230084099705,1.2725180893267989,-0.910240485170185,-0.6675073871665409,-0.2999389653147288,1.498558340938492,1.1873214343475018,0.523898598423886,-0.9834536396138781,-1.0218112326743711,3.137972979592184,1.875298984970073,2.2504329817777866,2.0016206548644524,1.6892471601513732,0.5353362026589434,0.35193957460951364,1.7416664556832828,-0.6146468017849681,0.05775193890398201,0.0539150137643052,0.467416884947187,1.2925398559245507,0.7217415888189057,3.0906280069217313,-0.8532375720306213,1.090253759686393,0.2118107711559323,0.9330994021522001,2.656048964768883,1.401517326040951,-0.20396863457902292,1.849204086252067,-0.1899268239267214,0.5509591590238236,0.02883580352499872,0.7270814123316455,1.6134415731083083,1.7573159430732659,1.2019439594685262,1.2792503226915468,-0.682329026694389,0.8403735555109404,0.75357909563778,1.854884891862422,0.3978121962566204,1.017080156543323,1.3621225518081896,-0.7345331162353713,-0.8857722474037802,1.8561236365325666,1.1113529235307393,-1.6473038651412586,0.6494709500749911,1.3437818455544377,-1.1299957369612612,-1.2082655600735415,1.8086820272269974,-1.5128995134751082,-0.6441084782997444,1.7109066447216434,1.9941076472967414,-0.19372870798680242,-0.5847467472889321,-1.0857260513056666,-0.765584603646771
2021-04-08,0.9751688917217038,0.9717015833825625,1.9057975764391777,1.662434885606434,0.8008271737096239,1.041965829943263,0.8419208509049538,1.0377833885474963,0.9742974839787159,1.0004931385625595,-0.30160398061203836,0.5214121411557358,1.0246475113758196,0.5255066970144275,1.7273045910523843,1.37079789357642,-0.9026072333760079,-0.43354801115836245,0.5635861325510692,-1.3575157578925263,0.6254745023958239,0.1409511397248804,1.5047522663499053,0.3538314992496107,-0.36979843140723506,-0.24126702132565062,0.6826978848007569,0.5502256408486726,-2.0428496816782955,1.0509367404808527,-0.6795083419739648,1.3003055097527656,1.6327780221014168,0.040524736763820256,0.6862098231769659,0.38352390683492027,1.504582143941009,1.2721126729817342,-0.052953970468239776,0.7447469585083313,1.1461170839948318,-0.4741239013489561,-1.6511127818869586,1.134061705551397,1.4717434346686913,1.0098215692620514,0.37294691243170663,0.41327914412617456,-0.012513900463448056,-0.8439372496968846,1.5834317904311015,1.3790085394917362,0.6507924091336459,-0.373618998732662,0.9935118136755691,1.660555550185934,1.1126199688865326,2.1715845454935074,-0.33261562344241274,-1.0075497481753635,2.0843283133537196,1.1191993175445327,-0.6506513270921805,0.5186269467374333,1.8388008980140202,1.5685150033657618,-0.7447519491337369,0.7874104289279644,-0.22939568158527537,-0.8611169013679335,-0.637296818126898,0.7333842510461396,1.3935083720132735,1.30893236148619,0.319740429430461,0.08403641713913987,1.238585833159592,0.3480492453982073,1.1067226430235004,-0.13772036805926663,-0.8971987032470623,-0.40784953415349795,1.395290422396958,1.54222288508488,1.0127990522460621,-0.5379195519430434,-0.6762856847068824,3.032665796324345,2.431031007663362,2.678286121902902,1.9502712633261174,2.381681488200152,0.91924059883381,1.4953842541290903,1.4577758976260813,-0.5065739305649027,-0.26458603470349595,-0.251081429881977,-0.11899373923040622,1.2573566612646538,0.4297551787835859,2.031874734769978,-0.847773956773699,1.034172462109322,0.7569295891996333,0.9151853105109234,2.5510747851643436,1.3800445974175743,-0.682674457178262,1.6816952072886948,-0.32705423608544826,0.3709116454246515,1.1993185555749022,0.44647228369779013,1.4125020549080352,1.515961146327637,1.0266604300405935,1.216812434286935,-0.05449178357751479,1.453735755253997,0.08753716408559938,1.7789517890916755,1.685000892449965,0.7958762549245372,0.7472823816321782,-0.8247594191276179,-0.5545667796322389,1.3512536147315477,0.9786604846231695,-1.4050028264185292,0.5802528285659165,1.1988482254988384,-1.6578383980662263,-1.2484829005181137,1.3393206416125165,-1.1925648426474478,-0.8640160235695671,1.926016138094547,1.913941677604273,-0.4489441890621936,-0.5109072187259942,-1.1306844854234563,-0.6078679289014195
2021-04-09,0.8310059981115966,1.4252962750008946,2.486639200339184,2.3404938138784126,2.260792216817501,1.6112432568785333,0.9480973754894539,0.7190917361642936,0.632972211622516,0.6269926246277338,-0.3729066681557446,-0.361847960151311,1.1868727158674337,0.42554954129848055,1.3972599213101482,1.3234555399717862,-0.7122641418553222,-0.06537120618453932,0.15588063466470337,-0.6080572376336608,-0.4650410851814494,0.12689851523644433,0.8612256213674943,-0.10567778775237624,-0.1791405102745915,-0.20337836866151823,0.015003837609121324,0.7966675034040651,-1.5789159358798273,1.0005083114297926,-0.7601024372840224,1.1399814083645898,0.9191500885064178,-0.3168075564084477,1.1512663904714913,0.42583114698858854,2.7565927493787594,0.8302585599416914,0.9305366847011066,0.6460555581121804,1.0821379604583292,-0.39924650012909996,-1.4519198146158772,0.9821528819085693,1.1630234278971197,0.9432378233154386,0.35004556352443694,0.5894151847106003,-0.0923602365959078,-0.7229995768297797,1.5971946875182053,1.3432810029567663,0.6606481044743848,0.18679883800064348,0.8363366841725477,1.1604622063941477,1.209227816508444,1.8679885757828554,-0.07460120270030547,-0.8561380544879016,3.1555673564484863,1.335488355040587,-0.29517924709282906,0.4011735633409795,1.635570889813833,1.519871211958228,0.7460713568555601,1.0226248740440065,0.20717861735527007,0.15956402225554395,-0.6638900840874818,0.3095255113989192,1.2069498176441134,0.887475183426226,1.4480339521182835,0.7349060118255915,1.0263913947819776,0.5207358426696753,0.8448009890779873,0.10362225455395264,-0.6458688694788173,-0.41544211205393283,1.233868418321027,2.166629939543626,0.9814437149734174,-0.765034620416526,-0.8596716120845255,2.2803630845128553,1.9546316830366437,3.1508557859808,0.27693311822962136,2.3651934637305794,0.770559827254773,1.5557032753628017,1.0900635227412439,-0.20665126746929038,-0.47186250208916275,-0.47033580670284325,-0.041150072230009764,0.17426233418899467,0.3472864931834447,1.4022540205964393,-0.28403319164317903,0.9203929084505541,0.5608412701503658,0.6983671643150656,2.2896422910067415,1.668699440462263,-0.4040434812920302,1.7184210149921295,-0.19300346610674005,0.47883771746491816,1.2714197699103724,0.4092411636285323,1.3093094939330276,1.3423851755950316,1.0336169855638853,1.20472664545091,0.32357477755158404,1.5015656600526863,0.0722792608611414,1.2441419909762859,1.3307493539852346,0.6194560337551442,0.5736676494625109,-0.24058212187205105,0.3830264123279821,0.17912260842081926,0.8700815370968079,-1.0042522358385504,0.7971536443697633,0.9911554540438898,-1.538234154739966,-1.009130559106096,1.2281857027888368,-1.1786037175027864,-0.9789869242356862,1.3932881242581394,1.902162015468274,0.5773579881064742,-0.6247694689602447,-1.0582080807470788,0.014707265251752769
2021-04-12,0.8237933411776658,1.0861077835127426,2.656565053579374,2.40112986977602,2.1090129306175425,1.512547925842417,3.4872957743818875,0.6857559767420714,-1.4792296797075966,0.3349652692715225,-0.3638542462021673,-0.44706957981827433,1.9973885504972317,0.3406415907700011,1.649582301845301,1.7151177994289528,-0.7962583640484483,0.13039029611970646,0.39565034076982264,-0.673020904716897,-0.10206232538937197,0.23229837978668208,0.6972106058156121,0.3076201472794239,-0.15178017476021285,-0.14152911981352145,-0.3977719938064311,0.7628828153061994,-1.8971260132631558,1.0972572981464543,-0.6550053328436093,2.922263153213947,0.42372359403396975,-0.6353017222115618,0.7546297783653303,0.6087811234391026,1.8057943981140925,0.5985042957103839,0.591322130306491,0.6197507888624774,1.4122435068154284,-0.4478397871754446,-1.7787124392860758,0.8756883961266912,1.2185842739065431,1.1295438191204852,0.0708839441266033,0.788382502309395,-0.6595709313586426,-0.9661865066164929,1.9113796517936599,1.2524526467907906,0.8468786466815013,-0.26511958015685494,1.154676877087627,0.9590102703995554,0.4947012945961881,1.5960443255079881,-0.6630547332480277,-0.9116290430013194,3.0394531515864602,1.6833620198823966,-0.2854606122610004,0.34249620450537704,2.122167813993148,0.631108422426676,-0.5193600424063443,0.9881609732958688,-0.10094961468574239,0.4299798044061319,-0.8841811425014428,-0.21612478854829648,0.9814317618333482,0.6084571670512285,1.204705595317249,1.4012292455232627,1.2279077848126263,2.2207903244369365,0.7626280923215344,1.7193209817614026,-0.6096138797465641,-0.09738839691111044,1.1422412192664428,2.732240466694789,1.2733823520723775,-0.6332388685376359,-0.8748571478592609,2.271959900363737,1.0375034966339929,3.2776197064551402,-0.09886032093523796,2.421513361480409,0.13050801188995728,1.6907717525128998,0.8564927392614229,-0.14510757583601483,-0.5897224054711367,-0.5907854357734842,-0.31026904539503725,0.08073843446906806,0.43188536367349595,1.0842911792709333,-0.4872986657114853,1.4321954300942803,0.8738858189731653,0.7874344215415028,2.1177795041747216,1.195684941348164,-0.8377398994437263,1.7088044261846511,0.5477813389898175,1.4615063163079776,0.9340929416734142,0.09212805740680256,1.3551573831866894,1.358026107476942,1.4812197994189829,1.149445939075164,0.2682110145728581,0.761712775181671,-0.2542337674591342,1.5990143844415068,1.8725861743200938,0.6989190172155418,0.30990998822361543,-0.9330267354467138,-0.07107243836556762,-0.37040854802946066,0.9522667887094323,-1.0710499897154986,0.6856875811440349,0.7906620650364258,-0.7224633117441072,-1.0098014851780275,1.0750423391898811,-1.180625328184126,-1.2736276896632825,1.1723218866803296,1.2465108090405894,0.18571517708616864,-0.48986544677705857,-1.1587759919052645,-0.5298554491028848
2021-04-13,0.6182906027077,1.7296989873372544,2.295094799182454,2.1043663828179913,1.827535977657283,1.4548894311819156,3.1016456366785445,0.4375970217476735,-2.199196253487788,0.4141391328384773,-0.6776128572296046,-0.5523895837926108,1.7355249064786404,0.16510105186754528,1.4543780190675297,1.592407414632702,-0.9144605780972009,0.6943027831678521,0.5803106609916534,-0.5911940716787982,-0.007490863685984134,0.14449212782635426,0.08865406187362694,0.20614394985118728,0.13043486569114804,0.3013606384353748,-1.0659524579034478,0.5592441269565728,-1.7856327365141749,1.113397506041683,-0.5653833281802179,2.339964955843661,0.09616347536822892,-0.46081684219240826,0.784841430302734,0.17284713984732644,1.5421376928948138,0.6599382435713568,-0.5601855107220902,0.34057321186983097,1.3681449802691399,-0.7465468361861949,-1.9037312996346196,0.4729826876473139,0.9683994546833646,1.297271881258065,0.13315331321050355,0.20909708306769578,-0.7262971547857477,-1.3586625009087228,1.5947188074368828,1.1263375783576082,1.628308115814443,-0.5916750140614092,1.230021124865515,-0.021812339618683865,0.20897912632663015,1.8234300052333765,-0.43186998602984816,-1.242928634636953,2.356246168213268,1.5357265518292722,-0.34132426679836475,-0.6416867600455147,1.8624789415583551,0.14502397141099313,-0.8986291511388137,1.2735728988783708,0.006125231661785371,0.12800489674634075,-0.6758013084521146,-0.12746735601700168,2.0189898314525814,1.542089221345719,1.5097917094320086,0.9430626913379868,1.625501926546729,2.010662118268303,0.9934483192095426,1.3795645370189478,-0.6773964963746443,1.0612848879387395,1.0615301092005516,2.150162554349656,0.7991474987768222,-1.5116223884131565,-0.20987740797996093,2.0874568657624226,1.0421183837950823,2.257150407477074,-0.47904161645077753,1.8191424529441498,0.3883289646817257,1.382258161151029,0.7071612792331182,0.5248745474210947,0.2906928378524851,0.2909433219875019,0.4894662464479656,0.636040883521396,1.7199207861634962,0.45131676572580687,-0.45972793523369404,1.7707245637966271,0.7756845535603235,0.9198942828916897,1.9928387372953882,2.167724757646963,-1.3195035683340264,1.7523054011659809,0.937048429376994,1.6865101006922243,1.1001701044463592,0.36244572543158615,1.322296973693246,1.3185825827271973,1.2190283714363717,1.181583692750092,0.9264870302487633,0.594625784122973,-0.18271215366571048,1.589458595512866,2.1187054044445137,1.0946364847401493,1.0342344955834606,-1.584033534088174,0.21998237280075678,-0.759393395709462,0.9384900504577167,-1.0336803108459423,1.702776928503565,0.703291549412401,-0.250871191249927,-0.7362334676084521,1.154038677772194,-1.0552833334879737,-1.0865157249683388,1.7228494072488583,0.8805068603978475,0.5354989700681727,-0.7490953451440319,-1.2193002963366404,-0.2177223573469492
2021-04-15,1.3347074981646723,1.4278284860471093,1.9333779944111442,2.3257540217065293,0.4082482821305278,1.5250168308384995,2.533365585796344,0.564207278927718,-2.4144619055213323,0.42119105030280685,-0.7732103554926353,-0.5759636782863019,1.2767720691858162,0.20558522213477268,1.2699902752199506,1.368605708187288,-1.295749859440976,0.8253636456584409,1.2789015351540984,-1.4337412784178998,0.4126663418096408,-0.1514815463790981,0.6596823898883178,-0.009582039032621741,0.5311023966657759,0.6451583031380551,-1.2495487393704023,-0.08843844449344127,-1.8251044815049575,1.1823966637905488,-0.6354401224048358,1.8931403698008358,0.16941849207724302,-0.32853224757979316,0.33098254865885784,-0.051897544416889305,1.7491762961585433,0.801653467056161,-1.4849752707667805,-0.048134102308093674,0.9577628337453234,-0.9361309903843951,-1.9615731248316501,0.2727020471336183,0.8009920590208629,1.3286310885071984,0.7409295217665393,0.4645511470415391,-1.1639020251601255,-2.0539091390297064,1.3010990179708177,0.9372822077719966,1.8151584498323974,-0.6913024240559081,0.89500049254232,0.5019354319877547,1.3611198925033607,1.631564138157939,1.5570223238362857,-1.4470952216932353,2.118395859317044,1.1267948214085024,0.33913083823482254,-0.30030119916931486,2.518237351128729,-0.022476983193741504,-1.298695091802023,1.0265449029993454,1.032522914301046,-0.8199981517036309,-0.8395237209733575,-0.47641351386952746,1.4667915066757666,0.6491579907997068,1.6868312058922035,0.6257976362076211,1.1977415818989448,1.508960747218155,0.8270574521935246,1.0118821759933894,-1.2758419713852023,1.328711223117223,0.9337927038797529,1.7682467199465322,0.6690521449062794,-0.3998891368206343,-0.5976053505544923,2.102759343953015,1.1208871651083063,2.2869080689261017,-0.778067876550492,1.7016823355594948,0.7426425069908432,-0.07880591284380413,0.9059297811829676,-2.2301533281661934,0.3375252477221892,0.3333929222214402,0.8274282978934802,0.9923007754225137,1.290883159046361,-0.5896591372009197,-0.794255137860715,1.3119190034210297,1.2189331126359104,1.4092278174225394,1.900339810576447,1.9195852247804093,-0.472934700422263,1.4987476313970942,0.6321568345492636,1.3497687955338884,1.2370335377512731,0.235831569082756,1.174398745267494,1.086738147752915,1.026499865697226,0.765481847613714,1.093064853670414,0.45701401044188483,0.01722676522147266,1.5331443199066814,2.2546965540250152,1.2851170253328688,0.8088298834201477,-1.9108428867499567,0.044231832189422476,-1.2838427332476834,0.7367589401192701,-1.187612490188453,2.0705689812622996,0.4435241288771129,-0.2578386473437897,-0.878866641449802,1.0353681651840714,-1.1582923705854729,-1.129574467511241,1.7215024361055116,0.4336663920977351,-0.5660919617980317,-1.0174395266649503,-0.9805387759841656,-0.4896652217425049
2021-04-16,1.3562825876139926,1.293512318750581,1.8497319564724262,1.953075814698131,0.8924167244993749,1.3652918842971513,1.9288345199622365,0.45073961165451487,-2.1367198742043767,0.3734271140460104,-0.4737499493116246,-1.2424839767311293,1.0934901929640453,0.011954034780247685,0.8287206371227398,0.990520164581607,-1.360049866780634,0.8882312571415057,2.728454491085446,-1.3871383567124689,1.557175769715679,0.03201271758237873,0.2148825869004505,-0.050308220053704306,1.9352661094044752,0.9273472022954533,-1.0395986780402968,1.3353314196121449,-1.720494705840382,1.4552918436407158,-0.5466815797376612,1.7078431283876543,-0.6295614718312952,0.8011460170750473,0.8727875170886713,-0.30264136412390596,1.4851519755539888,0.8607511459109224,-1.068600201877602,-0.26597759739154725,0.6908166108321154,-1.101979522967699,-1.9551535523845789,0.36000675046070824,0.5181258918093059,1.0788467220224898,3.066578200663197,-0.6328937907704951,0.13534976452275038,-1.8666744373802522,1.1655956009297206,0.8421165994082556,1.312024037656737,-0.6950318927263341,0.6277816308664893,0.810595665001294,1.7175941946904825,1.57379865629597,3.4166732529927866,-1.6536990005753396,1.9935750809613735,0.7901592957876681,-0.2501897059215133,-1.0786692322342712,2.4331900649119795,2.6065613164731065,-1.3479016485762765,0.6087715445304501,1.9528219118018844,-0.28379209194562605,0.39597496058314907,-0.24924134500846942,1.4754417812124767,0.8703409559884457,1.7516310531779709,0.33440651409320277,0.6975484516245264,1.7117633245941137,0.5725664850176008,1.747543054673436,-1.1298900712672277,-0.13878354119388644,0.7592327300900851,1.6638225876261756,0.5528283161521536,0.31184829214732007,-0.9747162316617577,1.7373032516124034,2.3674307387352367,1.9547714387263333,-1.0478357522435122,1.340310356290132,1.536135953598558,0.6837374496612999,1.0242076143272323,-1.9780678838792203,1.18005738426496,1.1717631530918742,1.8819097840941073,1.9468910075549668,2.8740659513402207,-0.7016535648467255,0.8357639838701014,1.0915511659970072,0.7886336781969359,1.7470672205357283,1.8315257661282287,2.0506702931154126,-0.7131780256999687,1.2536491404390717,0.5236063909777586,1.472019121172533,1.3244365721479083,0.8387286326778627,1.2714773159735462,0.8769431860300282,0.6923132781382072,0.885876380685363,0.42239609246681975,0.20928032138609698,0.06307533077217843,1.494803973536375,1.8242897528852908,1.4560001218873762,1.029170026038046,-2.1453002108079833,1.303419273663562,-1.4169272844397542,0.5623372107693682,-1.5239426381676102,2.876222285768682,0.25994383159616485,-0.6960721621266758,-0.6054316709583978,0.8267636194999922,-1.056282364031552,-0.3713323196578277,1.7845460367648514,0.06983877676870992,-0.7810701222777875,-0.26048231258054705,-0.7770184946770466,-0.42600190925791115
2021-04-19,1.621203480241253,0.6284488415944756,1.6634140705265612,1.8006479229006653,1.4758365415336525,1.085163731424383,1.1711455390988037,0.40812416954817315,-2.139650402315397,-0.1777621878939279,-0.5165273865673974,-1.3183047400771815,0.8915524087412244,-1.8961783421390888,0.9630715926339488,0.6153119951052226,-1.3771356515728153,0.8339126981543821,2.5038964154034056,-1.2026039782623839,1.0790213415533083,0.11010503919113401,-0.5267929986710289,-0.1742215332009529,1.4352761601078445,0.9340120827503493,-0.8848918452064148,1.8219958733906572,-1.6002915641083857,0.9668283801715832,-0.37582733787616435,1.4876210343032725,-1.7073176396264222,1.186844893541383,0.7880470841082265,-0.7981205085104482,1.7307731457297355,0.5110411807374903,-2.623963275624441,-0.6012131912048545,0.3571385617633922,-0.650087154255478,-2.141127421931923,-0.13451942806675102,0.3676315253314964,0.9623108305780332,2.68806806931819,-0.11322974860471613,0.06339304646308676,-1.3898017048750326,1.1673922189494892,0.6665129092956088,0.18348730830359494,-0.5825562379129284,0.052918585513456934,1.2713181725769556,0.20972954430124133,1.4205260573208671,2.64321698676315,-1.2058115531936688,2.048921243295835,0.38139429389375856,0.0928499400234252,-1.5600736967411444,3.1778540843720764,0.9016778805046236,-1.5476709615329085,0.765558127554302,1.9160955120783558,-0.48775550742748774,0.5819796415366529,-0.42671344510049786,1.349668585423654,0.383874406545071,1.9139010742488392,0.2383858629097074,0.48990443685724716,1.2097730497689292,0.4518023705873051,2.079502036933354,-1.3961333919080998,-0.7599189558225401,0.5265614277790183,1.259466580398202,0.5244844699636548,1.7660514815309154,-1.3013763699209686,1.4184989240390162,1.5662469383262043,1.3929869344320553,-1.1623610881384214,1.0192856184811325,1.801769622430679,0.4109572313924894,0.8145533929165262,-2.7837449920105755,1.7331566520006207,1.7330416364643944,2.1619832983709237,2.080182089024178,1.961741077984156,-0.8851799228007806,2.386762644727329,0.8451108506367617,1.1372673209846145,1.9973181248766034,1.7805717105558758,1.6522849270652507,-0.2571189553575821,0.9146101504888304,0.8000087670832916,0.9310553153112251,1.3065752872708332,0.991821592906007,0.9377674276660201,0.48280062851628974,0.3590790633650532,0.6541376615259697,0.4093469030594708,-0.036565205599016784,-0.33189957954682564,1.976285908707581,0.9191911506130598,1.4381562596959125,0.5179703844742072,-1.9841194881728375,1.7711582319349333,-1.822269415493125,0.11294841896418473,-1.7911707775488719,2.402940522199469,0.0008592723191668635,-1.7049740004477036,-0.978415083948826,0.34171015150759804,-1.051566145297603,0.13986038616011998,1.357986084545123,0.09722108819629426,-0.7970551095272863,-0.6014726746191128,-0.9863234943148732,-1.0260880570912783
2021-04-20,1.459590150903523,-0.18652086184047356,1.3415322254744313,1.6065077883130412,0.9215695690631555,0.09354427576161509,0.4321285362482624,0.2080424681498901,-1.519442140563566,-0.6186961894692211,-0.9494297555386966,-2.1225682745927332,0.2018928351143563,-2.5544740864936624,0.5294066417462912,0.2952900638937442,-1.4887929458495464,0.04686403965893891,1.477620319956522,-1.8845822037962505,-0.7883291872786552,-0.7635617641188523,-1.5151297504555452,-1.009361047497633,0.19180238414953937,0.0441197970303223,-1.6357907654869233,1.0846952646450432,-1.5382800245685835,0.294906681750499,-1.2485048608876035,1.6419153040740548,-2.131262768734584,0.39849611988675376,0.08552448974817839,-0.8750921553090822,1.2348736966756102,0.3103118493523918,-1.9490927810240057,-0.9134093838895817,-0.0002444215489265404,-0.5825906975599576,-2.206727084661356,-0.5398717107916013,-0.5197558133032825,0.30428822397477306,1.6917719593482792,-1.6448052122565147,-1.3172217185710862,-1.833746857574752,1.037693198251563,0.5360864636817116,-0.29727423407500747,-0.9531853896999272,0.11574797006640009,0.5533307164858441,-1.0866745258729003,1.6947423917285012,1.840812611345221,-0.9846079017441859,2.0636986089810505,0.1813040694193124,-0.6083935913815425,-2.203362716268634,2.0886452102360447,-0.7868301070574063,-2.1949081481975905,0.605947187385768,2.152796150486821,0.07583954258036928,-0.03704829581373404,-1.1421783952641076,1.2135192959389607,0.7202930478813768,2.4996955330142994,-0.6423334677604625,0.35616755804110756,0.07048178378081009,-0.06782215449714626,1.0998553641149875,-1.7396439198186173,-1.6700765245960891,0.04740497235961214,1.118270612143243,-0.0024168393621887916,2.447508876646714,-2.0025312511172615,1.2890111268695603,0.9573823893820295,1.2856909833716879,-1.2320449921901415,0.9688532074371713,1.9067752025806675,0.07403324728652365,0.6556083567779438,-2.1972222785921867,1.1961366344033362,1.2045535427771483,1.7605510915390714,1.5535214912915414,1.2642076283780006,-1.5095258185227671,2.2764031152154343,0.12445585136203106,0.5343279190387067,0.9220936327997192,1.5713896116671688,1.3525416428833223,-2.2689149302432887,0.875737637432594,-0.140830096531493,-0.45273780908195604,1.1510785825676384,0.9749329945743181,0.6021116348037591,0.3640965100997207,0.09656219811495538,0.20655474758949738,-0.7047168837411992,-0.5862892807865512,-0.9522016132123549,1.967846702563531,0.7452652487245439,0.8930695256605545,0.5425541956458568,-1.6658344346446816,1.1338821694948438,-1.8036018636843079,-0.24100378285746907,-1.9087499383743267,2.252281915979099,-0.31208983884766506,-2.6792261871300598,-1.5921175238904157,0.18240421360644474,-1.1986230524866488,0.007259337294498241,2.057129861452158,-0.2589244616495119,-1.066025144201649,-1.0514657465603094,-1.1712128342901515,-2.4776622540947786
2021-04-22,0.9826362343136461,-0.6908408122704724,1.3168726401019715,1.4945102412070042,0.6725736557139333,-0.44728665082601354,0.7636437848200868,-0.3136400391131733,-1.427966569401173,-0.2889156737657769,-1.9701800704337251,-2.687178274621546,-0.2565365354299121,-2.458435658898518,0.34204995133396016,0.12371745337278116,-1.1237531639271414,-0.6345623865382536,1.0838354464174813,-2.0578877974172314,-1.0945600703206495,-1.06119060367982,-0.868402214779531,-1.490621042515522,0.5322860006909084,-0.44849893452716755,-2.4218988063027713,1.3972327434625469,-1.4324611621924115,0.20133829710140722,-1.338251833011534,1.1953267305254929,-2.3768115963455503,0.19279346600304473,-0.6899411961620324,-1.2524082516048005,1.1701624327941704,0.7809104048342931,-2.686706471197096,-1.2084320960785941,0.23495538384499184,-1.7959609897010755,-2.1245160915218015,-0.9952423204529556,-0.8653595745240313,-0.12302764096813494,1.9219620304705207,-2.1483111711222134,-0.571353741710093,-2.260920663233041,0.6286882045963644,0.7048489554971797,-0.5201725157364347,-2.267546324032953,-0.16266868810040233,0.4496793389596593,-0.36679274063852446,1.7737240427700012,1.7380336672906416,-1.1087163771368174,2.0585745840454672,-0.04965347655710047,-2.132115983874208,-2.041421212747658,1.7206676775011045,-1.607559978987116,-2.2347981112675868,0.3783175702183136,2.416678157406015,-0.8877237968556885,0.11428988518596811,-1.2688268280963446,1.4752210935060313,0.8099733232334451,2.4998479322604337,-0.5657555916626124,0.3381450735977467,-0.6066120686463135,-0.34620733430600514,0.7515660558143546,-1.6091254010029052,-1.9509672748159985,-0.4989130523751122,0.7801506289599818,-0.4859317007024775,0.8131956302565208,-2.6031184912772827,1.0456065723869816,0.59893587269213,1.2054270983974869,-1.3223961137518847,0.7547628355520071,2.428173646550861,0.43101794232293816,0.49845247850205154,-2.3955627456715485,1.7936450326751696,1.7929205794326177,1.1389041924656422,1.8973670967859881,1.8203130783890846,-0.7157096977364196,1.522576364945731,-0.24049255235849595,-0.5665812460515413,0.6631494750063192,1.197805344039222,0.9527783732816932,-3.0249721447375846,0.6678479124175591,-0.8344970691698329,-0.9622258728231893,0.6316863424063983,1.5428632273153855,0.502004278517318,0.18570522890040658,-0.2580170009885461,0.526547445860915,-1.5857922251406464,-0.7511493709401066,-0.9751236171155734,1.972961255512356,1.160011940178098,0.9644343362435244,1.5932850950525919,-2.3162897555575537,-1.933565133788047,-1.526278599899981,0.33660505318840667,-2.0057898089831236,1.8566265010625926,-0.66712315689173,-2.309429682248917,-2.060264532429048,0.28901039440459847,-1.2910688887086736,0.6739242619502699,1.9304396516044497,-0.2108252136755387,-1.713431762021866,-1.4103242399037446,-1.3016107032884736,-2.7863488260189135
2021-04-23,0.9338563518862605,-0.43765414931933483,1.0787867470558303,1.1572270196520658,0.41447195765868655,-0.5591143687734591,0.9902807614452177,0.13990882240627414,-1.5338537572026254,-0.4849331841263197,-1.5441885273627283,-2.1761526072219852,0.168978272927791,-2.3950329162542827,0.38811462768035215,0.2999471565346642,-0.9088289100952739,-0.15835676619337738,0.8305691288839877,-1.8632755026896757,-0.15308040119283556,-1.2997138336980345,-1.0330118771703864,-1.6071448946756288,1.3099574482434222,-1.146744293248367,-1.3503347453836037,1.427364903965484,-0.866695662810806,0.3691904183869301,-1.9102734991907346,0.7407522086146762,-2.153306561389484,1.3525739150155265,-0.8480422134213765,-1.0269217670059092,1.4994284563296243,0.9949268168129479,-2.1421389065774448,-1.2051905714249076,0.42882035581854516,-1.729787531965204,-1.7484866612668686,-0.9307137196494998,-0.7263626683762299,0.35808653738577373,1.5985632062381145,-2.161962040287214,-0.2490621009627304,-1.748302537033408,0.6776968234890015,0.7523102613618116,-0.33981385893556376,-2.37970971049103,0.5507915124991959,0.9594181430560312,-0.07750585738216666,1.5672326357292257,1.4297148585668298,-1.1616975736766861,2.0479012580791935,0.40192308941167626,-1.3959777584211481,-1.098292791603804,1.6509173565901962,-2.0297642930318953,-0.374709930482844,0.586802948572364,2.3077642841526864,-1.6546451692736945,0.2910137996379036,-1.3086253991527552,1.434695826656491,1.441461272491769,1.9626246870996844,-0.3477715560235085,-0.19292210958563438,-0.28478691287399127,0.04656628530952912,1.410104873184278,-1.5715053925521478,-1.5637238046965014,-0.5801696577065055,0.7915902206672599,-0.38420357076996575,0.9828824108294589,-2.5324684347163418,1.7726362437306682,0.32254901480113346,1.1727590230959972,-1.0977408229325225,0.6852669093469332,2.2953493596420653,0.003113664269520707,0.3858543804310584,-1.8017537164781805,1.6296645080807364,1.6153762854786806,1.150411532418957,1.5922728574348473,1.7102032513623648,-0.6126629652479255,1.6943938637334965,-0.14788887777486037,-1.5863153488897443,0.5585294543566226,0.9317356483239747,0.8058274859127541,-2.21671756134222,1.1728888755272746,-0.16525675519843633,-1.1293780205626804,0.7181708346589691,1.9925433508627792,0.6535362924928407,0.26242391453566066,-0.3140897479576237,0.9179860458784219,-0.9964990890483126,-0.8179635142792179,-1.1369051556563603,1.9770450355691596,1.7706226971832189,1.0801181082364404,1.6494627161394153,-2.2479065244911314,-1.6254526962238567,-0.7228063671229265,0.29903533186215897,-1.5267500133827647,1.6152762483814787,-0.6929081231636351,-2.441298318542987,-1.6371673460256446,0.4945778160417643,-1.2374164302776967,0.7562847425756383,1.7347019841052613,-0.23796254573359082,-1.6032050336409478,-0.15782212671006352,-1.0226274642502615,-2.3151572576241564
2021-04-26,1.1124025959729829,0.6813029955748042,1.3797389984730546,1.7112612852761164,0.7478769657027285,0.3638260612749434,0.9836900234360619,0.23641656971672986,-1.3521386782657674,-0.00727008405985201,-1.8144891047923204,-1.6984222413296948,0.9953255675017167,-1.797123456829591,0.6385542191805273,0.37135096747630325,-0.8697356027978778,0.47985464837875913,0.7924254044804496,-1.4756785812685644,1.0831321842108725,-1.1801409521839625,-0.8796247816211618,-0.9551096365035235,2.771879787061607,-0.5812969707556256,-1.6961623692712255,2.48664496485897,-0.677527547666435,0.5087978214239978,-0.8897847907107771,1.0568856490787446,-1.296589684588728,2.88229139603752,-0.4106667076691639,-1.2704359875762632,1.4107820502839359,1.208179279777551,-1.5184480904501272,-1.1933765359334105,0.5487381326800832,-1.1177249146810053,-1.5655310076894,-0.7149160124259071,-0.07783321376798219,1.0884898025023486,1.9469884052561721,-1.492199949991952,1.2513968537635705,-1.8724025039692216,1.2389781322909295,1.3807448465993,0.9485790110501822,-1.3788378083570771,0.8635397105050445,2.182470664553371,-0.6642650066228504,1.8787434054502739,2.0711180166324326,-1.3110250087150193,2.0224225701153777,0.43572989315053906,0.23948329324741452,-0.5859781175285814,1.6475704208471118,-1.9417803192304512,0.28066314488013583,1.3009080256385828,2.0147619129038037,-0.14735368551859773,0.8693089950081709,-1.1679523784384274,1.4151610586042398,1.2496795575513624,1.2694238122548538,3.1322874709092177,0.20339957877520973,-0.0002822022872881991,0.05556582025006699,1.8465627317564866,-1.7157737298041658,-0.7292363462127676,-0.521641244030913,0.9745641645225042,0.6725117470701265,1.2391407154534362,-2.06957236813933,1.7653382883683915,1.3062779072676858,0.9806038579112286,-1.069519206316549,0.9251159329354884,2.429221783606792,-0.3195032576668887,0.4806518674110308,-1.588419858305224,1.997191405097102,1.9951216754391956,2.085395113811319,1.6952513677651446,2.033641739750435,-0.7186832298018883,1.991490026212293,0.5964543566214077,-1.6614401394278864,0.6750041541975633,0.8378229128111154,1.0123393010557884,-1.6516352701556303,0.848595142416776,0.4675592020556014,-0.7444841854495458,1.6838912544189555,1.9916286464494217,0.6988223035708807,0.17622104504754196,-0.7546252474910365,1.24066924238776,-0.5522702319783639,-0.568660053960236,-0.3275600015109542,2.497922972510511,1.035480273224128,1.6289511433064585,1.7243124309831188,-1.6799429987066055,-1.208896395806158,-0.9643567520868079,0.4598644739355103,-1.0309498301825202,1.8142773377605974,-0.886590536716043,-1.844320204793699,-1.4889749509673262,0.4884885163694314,-1.8095219817324562,2.587034641504383,1.5901394440056071,0.24279160328077987,-1.092348787870624,-0.4029178376678524,-0.8333060211519328,-1.592251529340581
2021-04-27,0.8581012683580075,1.4987636815144627,1.2556818240099892,1.428545036804977,0.21988772195598608,1.145607950323119,1.0437533428726176,-0.3570345757392182,-1.4868766204745307,-0.4622579738996896,-1.9752481743836507,-1.5709778626010815,-0.008357786770377984,-1.8262647979129005,-0.32197004357436476,-0.5912082638937299,-0.9942839635623709,0.8303167982267418,0.24990971507404758,-1.5284310678904365,0.7931887411731348,-1.6039228537295163,-1.3942576743514945,-0.9048766028162099,2.487253112383915,-0.6045250451092999,-1.862371991316154,2.107860030698679,-0.7883061435448269,-0.26320273155360413,-1.3894501546393023,0.5889570082507783,-0.951207726194583,2.8064693121181934,-0.07363956467829513,-0.28906625492783394,1.0813505902254121,0.5270815420042236,-1.116386770698269,-1.4426322806312093,-0.3024894342237255,-1.2269352936658837,-1.4523572463570154,-0.9494833315893565,-0.42057254001762573,0.136916874064576,1.3995705372812979,-1.4282501802304164,0.7355509337473943,-1.5202583963452814,1.1363453926260139,1.0320123308421225,0.9270941884810637,-1.685843428411068,-0.22758802353914756,1.2220731860688896,-1.116716071006542,1.5907665165355231,1.5116422648846393,-1.2830634012897038,1.3868792327617454,-1.3473691419864773,-1.6412323846474521,-0.7392594692021655,1.282853414056447,-1.6721502034648479,-0.040047959999443224,0.7195315295588232,1.0592792195146747,-1.6507585850031807,0.7843381938400991,-1.4821043957736917,1.2825158287614475,0.9041056991618898,1.0737136335902941,3.206748915456419,-1.457853812259224,-0.9633790505751414,-1.601086065647885,1.541637859191018,-2.008757415032174,-0.02792466501587774,-0.9269295241296972,0.6612091085790853,0.43133272655446253,-1.3726379236340578,-1.757755589939141,0.8237505124789941,1.1549868261260055,0.7409206926230489,-1.4036660245917767,0.6094519139318678,2.8726964626115716,-0.7864084165534112,0.33591947372809783,-1.5683769889968648,2.1086515237783168,2.099430770188357,1.9833594953794704,1.2614098104425973,1.5831782961118994,-1.1297335354821754,1.4588943353941317,-0.1360266733694171,-1.6902133710492933,0.24270326787231183,0.9536115007796988,0.5721995312592519,-1.771106841195715,1.261281463624041,-1.4760723923899057,-1.2225899244817195,1.31597088446044,2.6450645387180405,0.23934660108433517,-0.12326402835718425,-1.950991059675541,1.2947438562051745,-1.1643099410933324,-0.5263504532543449,-0.9367117764738253,2.303375277456395,0.3466995910035208,1.3568226362617155,1.2876383156234072,-2.0033187717207936,-1.9740995695677068,-1.4901447153580587,0.26525209225924845,-1.2538516878904187,1.5091390188678326,-1.4349699082745264,-1.8339992779371064,-1.6826756478544407,0.5609540530765803,-2.0362381642791068,1.882385867864872,1.710669983897138,0.13171257789072977,-1.926679578508934,-1.3648622916208228,-0.8919269354671375,-1.4673852271823313
2021-04-28,0.9182847787286663,-0.35213993471668986,1.1596829681661112,1.3258944148755798,0.2704217849462083,-0.2000786629391348,0.5938032035902663,0.6455856792068686,-0.9906666972299326,0.3621979054921154,-1.5819569236830386,-1.2535143893922815,-0.8270294364057561,-2.099909328886738,-1.3383650401149532,-1.3902159941389038,-0.8653908524605551,0.8258980010595615,0.038521830366412955,-1.5321950958930328,2.121433119150083,-1.4353525705602481,-0.7845885083411129,-2.423859476179683,2.264969581510002,-1.1107707489391774,-1.203003218741679,1.7886627019378563,-0.583981509716854,-0.6501998985901188,-0.4037897843969523,1.464796730262247,-1.5894748584449698,1.8041526239747687,-0.556765183383067,-0.6359273438327228,0.7284594743031686,0.4855496603553202,-1.4469949630631773,-1.4095310829623136,-0.5199938121116436,-1.699472545420134,-1.1924436614758929,-1.0164684047897625,-0.7292667863164392,-0.2616107874603093,0.747944614890512,-1.595505796744804,0.0575053373446263,-1.7003663046699233,1.385474557958773,1.195811098976945,-1.4801488920011436,-1.1937162672855943,-1.1421702995670562,0.02340843965694096,-1.9885901467193408,1.3939997389202738,1.1639427419211938,-1.7353947209901515,1.2878184206571168,-1.5416905159426424,-1.3175146688162445,-1.2194237817646367,1.1790746473767655,-2.136122018226457,0.5446144162939908,1.1523992052080207,0.31874384427751123,-1.0721786402165732,0.553788895446047,-1.382788800538436,1.3351150771598779,-0.47819976542875275,0.7325813016696793,2.4032866142974507,-1.8953806333972623,-1.182372101333559,-2.0708318197190922,1.7325313954513961,-1.5655286024801902,-1.0509488492915897,-1.221503912047359,0.28043371799259503,0.49714451387025316,-2.3788633853099954,-1.6861249544414485,0.9107439873647291,0.3271649528807466,1.153278467681956,-0.6174722861204341,0.6619941783905279,2.296661676057336,-0.7192836414333309,0.5803719827623163,-1.2500702510799828,1.9746566546776285,1.970803748029446,1.6143864972521222,1.2298066274791284,1.3747758232473255,-1.2985787888943385,1.4711454168520484,-0.3881173820283225,-2.275415159784162,0.02131765469669568,1.0729448238011785,0.6270000786162162,-1.836247233309463,0.9499977424590462,-1.642621646524931,-1.7040165217139436,0.9468963197727225,2.49409049514324,-0.005548517491563947,-0.24282036404209761,-2.021298043860823,1.174885224898304,-1.3436892640529075,-1.3220433720182203,-0.8322264439245308,1.9632453187765055,0.4064712461015952,2.0238900725012456,1.1119978251786404,-1.7908767130564471,-1.5217329475331172,-0.7705326924465195,-0.031216114172735804,-1.4749327224629283,1.2408959187211657,-0.5801354799027301,-1.6027588751382063,-1.2728853398475808,-0.23981338061914406,-1.5888956164514454,1.7945622327936146,1.644923994910956,0.2416060052420627,-1.9251846795091312,0.7909914170565657,-0.27015767248916556,-1.6304103290504486
2021-04-29,2.49824525655414,0.5856597269215145,1.2042712423178514,1.5442180180576914,2.2307320718921244,0.3814768122039732,0.7881678722213331,0.44184901768459556,-0.75123370309292,0.2520236376618124,-0.9295933278758324,-0.9071050969552771,-0.955024188244713,-1.2112918529992311,-0.8858644223109303,-1.1849121893214862,-0.5042783753054979,0.30372432679168776,-0.21962102231331146,-0.9427413934163851,3.010438258229792,-1.23413770410744,0.3597384721894875,-2.5667070147871387,2.411150082984651,-1.0960962261756952,-0.8553440168098396,2.343778344010431,-0.15860583800360414,-0.3951070124444772,0.862517552200831,0.843800087283694,-0.9835683320009206,1.5026661110706996,0.2493865168761999,0.13269338105411901,0.8652640822119063,1.8657456889365687,-0.9502423462296941,-1.0876878688249931,-0.0603973017892208,-1.6248507167802697,-0.8640470596224555,-1.430760234817649,-0.1165494638689583,-0.3680193043010451,0.8363781537018051,-0.9811707417868706,2.043411544405133,-1.3957019982899257,0.984039448836028,2.096268261183266,-0.1805557909875286,0.05546935759266681,-0.5777394917770745,0.9305598994826734,-0.2528546356297836,1.3434862221328818,1.4605881424677842,-0.9377866609761771,1.3679824076018183,-1.2376024538609434,-0.8889909717471824,-1.0591231615383936,1.1500856659616863,-1.2481888373053047,0.7834177240095151,0.7349995919406143,-0.23502609256025403,0.48865545955826317,1.3555264800245381,-0.9996933775850092,1.1357803372938047,0.15035097575175058,1.1834034113760152,3.143244727985021,-1.613087895761386,-0.7504412609938741,-1.7469656221667107,1.6633831342102379,-0.5489410366750924,-0.21632758303630384,-0.8635892589875964,0.1758593405984872,-0.11172690653224215,-1.4877566480457045,-0.8834874157405642,0.9308437854149944,1.0368107937351883,1.1198763548074997,-0.4550981129153765,0.5354569868396623,1.8559379345783056,-0.6771647977293315,1.0504547012258354,-0.6732820409494658,2.0462215096451337,2.0540578762113193,2.1041777483972717,1.4265153350712914,1.145387318472816,-0.4094239680340111,0.9436751782567777,0.733479356275986,-1.2698781103152794,0.0050838871318711525,1.1379249517207655,0.6147345958213777,-1.4201991031332897,1.1434360653582893,-1.3618822003054876,-1.2071658059318688,1.1037248333245377,2.3750276533828387,-0.07053477321292899,-0.4132213798168142,-1.2997219661163488,1.6905152989218541,-1.0254846323384088,-0.9389646548787614,-0.6264092721989277,1.6252864337575739,0.7376089081121385,2.1208118731162617,1.1117040054084122,-1.0701864916623733,-0.8164812541453427,-0.5576149570131201,2.038319338679887,-1.0170153901556311,1.3479003468737887,0.07155285802362979,-1.058469231632365,-1.2067641555718722,0.4141052251958433,-0.9220805544489493,2.237774717156,1.5733056695758512,0.4439644657417678,-0.32746386578806463,0.24344569355674536,0.006315925349979195,-1.2472425900016157
2021-04-30,2.711464693141265,0.6703985862801477,1.702321839250263,1.8680546771626991,3.149866812884312,0.7230454755318573,0.5451873932681678,1.0503285356988064,-0.3977023294567843,0.3064278137233916,-0.6029931206810608,-0.8236534735238185,-0.01970804787935136,-0.9462908858073722,0.8838328671131016,-0.19879180782059408,-0.27409904847692307,1.4833588978260626,-0.00531039720925069,-0.2597315744823085,2.4300746607659756,-0.8025137474172058,0.6111538804323517,-1.9310302589395587,2.084716737035832,-0.6382674010254831,-0.5481824217000336,1.8968827327864342,0.3549184164881881,0.6186079853996918,1.3057629477889425,1.0873193648999797,-0.781668638969912,1.457051894243337,1.5728052833320447,1.0121229387387878,0.9445513566857348,3.264430700165972,-0.2736297594757914,-0.6394809650749065,1.924523657215432,-1.2397245760681987,-0.6959474936609756,-0.4974787150887533,0.04004468585751923,1.6053316123920431,0.8340613883377687,-0.9679528983921727,2.2898296904230366,-0.9601964138528876,0.5318434169092225,2.9051554040653427,0.1621744044625097,0.6096801488639819,-0.2754675791476589,1.0716300553542488,-0.002616231474905342,1.5745931752722626,1.1664625045494548,-0.3828715750976329,0.9606571953131003,-0.33195230912143486,0.43799721316649887,-0.7191020830211978,1.4564568418964379,-0.830170063934163,2.4985367832167276,1.4165556427484687,-0.2060271741559302,2.271745745721486,1.2603322102916237,-0.8215638991509042,1.4939364592119087,2.4629594077646857,1.3847799817999016,2.8393712480963886,-0.9353034151800421,0.6127676779892567,-0.9454553141149018,1.9716477606314182,-0.11314645005701933,0.07404965407998874,-0.8919932408496228,0.4661587418752692,-0.6583171290670957,-1.048092766083155,-0.7107976574400711,1.292999348069132,1.282934467240753,1.1103322275058556,-0.5058818907324025,0.5376077746211116,2.199351702425218,-0.43377634728038333,0.7455571392243444,-0.4187819511470536,2.080047470686816,2.0803897575596064,1.9580319110041184,1.1762443320481046,0.9492136455971486,-0.31915157370288405,1.3010870220782658,1.4617932684829746,-0.015877075754752005,1.2102214546458778,1.136191338022246,0.619096801388963,-0.7604921656189673,1.2786675096936684,-0.11870206878429891,-0.3480885916880061,2.0876115181983192,1.9587130097212213,0.33190372062154916,0.03648903786907851,-1.120509443145828,1.912513261736104,0.7302234109690273,-0.2535660197422364,-0.41914221696549275,1.819050522819025,1.2956796926839065,2.671680176507504,2.3665174870740393,-0.608306865876389,-0.31655594904032613,-0.3662767772488997,2.7005080117385396,-0.7777493235790819,1.6129994301293689,0.1462795095333598,-0.46305860123958004,-1.827152720886954,0.9369761539073216,-0.024601824608843633,2.213273200871565,1.64295632826431,0.6287345643490985,0.06926590397341992,0.023223114786567002,0.4407249013258112,-0.867098682435405
2021-05-03,1.811390120616795,1.7502923395731138,1.493275302422601,1.8188355650929657,3.0586416498796956,1.797420921405136,0.2632824641886608,2.307618460855139,-0.19506955135421053,-0.06086410714474964,-0.28763045665405734,-0.851341941143455,-0.5157765864611411,-1.259397703914115,0.07483464248520595,-0.21185099516118425,-0.23680836481317236,1.8233429994248203,0.1159072211310734,-0.054117907152916166,2.1416227340710288,-0.5389093781976628,0.5149789114328464,-1.903572952722688,2.290709447107972,-0.23781942052912616,-0.541078774222096,1.376351680795988,0.8493762564046714,1.7144348782114847,2.2449681798914143,0.8425860074653144,-0.7117977666809915,1.0770533191593326,1.3631015532277704,1.6860053444315395,2.165835355066284,2.793139379008915,0.37990704695582883,-0.5963895549341341,2.127054525773981,-0.7393763929719698,-0.5852782817438021,-0.5223306103310272,-0.09146827188438286,2.7987760642420723,0.6599342138801616,-0.9908345470896796,2.8507752000644726,-1.089816225968428,0.2865980335401634,2.638108650821153,0.4817975713488327,0.7134306600263818,-1.2162815225955157,0.792465807966457,-0.7583113581442734,1.3308427370661577,0.7439143610173599,-0.3594212459657638,0.8777955061464365,-0.4836509773029168,1.3348749175741141,-1.421141936221568,1.4676786889605127,-0.6937063562613196,2.0361225938506764,1.706835261332829,-0.09725373484823394,2.4568374336922787,1.0005881615352599,-0.800132593982817,0.8102201217526563,0.6567417873499259,1.2439490781906357,1.7083817129528596,-0.8970185013649828,0.374263595730811,-1.322117583299005,1.4688092160159123,0.26626837708611495,0.1854569182757027,-1.1089728269025252,0.3094842316597703,0.22969649948852125,-0.7900623039457921,-0.9215807515975805,1.0602086922617309,1.3089017452441256,0.9637094026795926,-0.18667038428707722,0.5225169358202686,1.4618947939048397,-0.804580497436254,0.37408356616110966,-0.3928490270101615,2.000171039604398,1.9969747938775464,1.4544756313500364,1.0213817738954323,1.0071561956871635,0.2229573585563152,1.1789122739253284,2.2850440939489083,0.11627334385499129,1.2996175022132448,1.1916216924544456,0.5258142947991423,0.48871035600196744,1.713635627562902,0.3026771994262489,0.38515608326477563,1.5399984859226998,1.1930042368556792,-0.39062245692525804,1.2334853685462353,-1.1380038591656543,1.7095850631595155,0.7395241390183086,0.5771805734851121,-0.4168022408462071,1.70578601415811,0.999919838219939,3.052356736857735,1.6707142699231063,-0.36412739922847337,0.3911045537759915,-0.20316618819900964,1.2330873104576061,-0.6137622526738058,1.9781633061034747,0.15632650181476557,-0.27533763988380394,2.3169757679989744,3.1139050523041254,0.12746873406502446,2.286503911528846,1.1908497241912501,0.869245534889017,0.8496751830472801,0.46171822670581747,1.3192479161895387,-0.45434724712251967
2021-05-04,1.7091379635411779,2.1324493569382783,1.344318704829296,1.5705922464482756,2.814062023485428,2.020897557663011,-0.18223185488391774,1.718312514507344,-0.40857955602456425,-0.36064994673570955,-0.4775872062515603,-0.9931143163271998,-0.8220851744364773,-1.240729689980551,-0.5990830263730315,-0.5704544265030534,-0.22744050063996268,0.952688632502762,-0.22144285378666648,0.3237987913907138,1.5870451585903576,-0.7492661725235221,0.10704014473946456,-1.9164166419006616,1.910766474197127,-0.8206957378089385,-1.019139319531992,1.302333680728037,0.9390526273711215,0.6138121342045392,2.3930327495303554,0.37537987216719126,-0.8630646154398166,0.7687995433379626,0.5554867725419308,2.2849394026463923,1.530290724754083,2.1540057670949184,0.49835333123620307,-0.6778652509024671,0.891968029931919,-0.8057764120570873,-0.5030720055435908,-0.428089683301502,-0.5742580407273928,1.8695022487206407,1.0238499533096483,-1.1489223760236416,1.8724663897696667,-1.0568616120697318,0.17792365390912335,2.393447452203569,-0.3815189770593311,0.7933157875519065,-1.8798852194054994,0.4483969403825429,-0.2134448802829924,0.9135460420234051,0.658271582774555,-0.11923952840210993,0.7214691732022039,-1.2482121390895466,0.9701111724102359,-1.4800641495204045,1.2687040689995432,-0.2640984055978908,1.4820187975530243,0.37325215293333147,-0.3754279904914217,1.262936187299805,0.9674590404438191,-0.8470762987448148,0.02105853156796035,-0.42393557182801905,0.7957482212889496,1.503223031332611,-0.5058026156491005,-0.2145319146985169,-1.6376141243290527,1.1394730285705126,-0.2076414624786136,-0.33432927594253764,-0.976880273622888,0.1381721148425496,-1.1695562153263224,-1.3162089464141182,-0.3598371978205131,1.2102936311202277,2.1311416973202597,0.894379136612039,-0.4866451320695032,0.1128802633420207,1.190534681117643,-1.0245127037010813,0.23647983828703942,-0.09166976129653066,1.519321882357606,1.520660499849711,1.205260524318742,1.5004635665181332,1.0546872611729996,-0.4273859596561928,0.6249638721593681,0.6878808061372408,0.3928996875661239,0.8536234856543927,0.9757642386647983,-0.03909897892559212,0.2955671535800536,1.803173904518621,-0.386662867316308,-0.24216309218966578,1.7105348438882864,0.8000068075422309,-1.2936677318995435,1.231546000904384,-1.566108172570584,1.2440921821579816,1.3713394200024793,-0.5960473586281434,0.37568353127686555,1.402851994900934,0.9052183704190366,2.084355745955966,1.142134986330875,-0.4900959591001762,-0.296551804511466,-0.05445480186007058,0.3512642789575337,-0.5302624829093087,1.4500535124845002,-0.08786937951618737,-0.16029760021553516,1.6147629453273047,2.885974144796175,0.007634809092896422,1.5108251827011472,1.4379301864931953,0.26256655015667707,0.3544751011964356,0.9725915234746523,1.7156013369258063,-0.4681735248307551
2021-05-05,1.010179185262469,1.033260592799689,1.1741272929098865,1.518393397691071,2.548748048091562,0.926264183269223,-0.7811940528717576,0.007522636600524555,-0.5766815536042229,-1.3005534414405846,-0.6316379831432476,-0.8635493473749555,-0.41235407784502437,-1.5507541853517084,-1.1642769091423772,-0.7014016573412948,-0.41506043301829326,1.0656260203511474,-0.6219431896408832,0.33052019715037917,1.1137495309307537,-0.7318687896598893,0.12262671792462228,-1.7674164550011777,1.607934156748719,-1.1853692563499645,-1.2396218830664074,1.1236552875863646,1.329385457482084,-0.0050647905013755795,1.69565675329711,0.47762238379765215,-0.5138809456718254,1.029256337023605,0.14084596895078397,2.237251319532731,1.3286942010316065,1.8341529649804553,0.6491526873645979,-0.6196197395442123,0.6652867308432103,-0.9648374445040391,-0.3655108355995495,-0.49244883088150804,-0.6884681593788053,1.0529363452859286,1.917261415421697,-0.05109869726746323,1.2978456922237325,-0.9577077334148301,-0.6087454148842057,1.9617785282478997,-0.8875820106253818,0.8116888206333627,-1.3861850887715852,1.5226821848691234,-0.23115828630162252,0.7007679349704696,0.4753642875409678,0.15718406201372467,0.6539437553245906,-1.0978779657387767,-0.09752974242853728,-1.4532960922231446,1.151154430374424,-0.37431815273578267,0.9063458616449817,-0.8213488298043373,-0.784343991562588,1.3695362120807288,1.7127270879963945,-0.7065494570643429,-0.1675653303106153,-0.19362385604984844,0.7053128091075357,1.448596830964868,-0.06954953838069576,-0.7575398703328942,-0.13154760919017824,1.1839590682384504,0.11045105408495008,0.1521909464189749,-1.0051511897792926,-0.6544894324889068,-2.3892630340548577,-1.4652599528067305,-0.22176199439489447,0.8556549568038472,1.488545469360797,0.7140355819662331,-0.5061637367620498,-1.547935852229409,1.0747477306345397,-0.9572325847579748,-0.1992570725542554,0.07209345084282583,1.589445426833044,1.5927261027605293,1.2265412088218224,1.6763830854733381,1.437810815192522,-1.2411833669158379,0.549297364670305,1.1295579318402031,-0.44351566549666566,0.37730420198483855,1.0047041997573711,-0.40173285361443517,0.29421990560701855,1.1823761874031298,-0.11351127500688538,-0.12027170559787011,1.8139796101856693,0.5936468242660364,-1.3287240538627183,0.3697161328980283,-1.3763756563044658,0.42960392770065386,0.535610441659715,-0.34486751087635215,-0.718529469797654,1.2510662665909265,-0.26232326473941675,1.8996627323678044,0.8637687525339529,-0.7322951963278062,-0.30967417546399373,-0.21675456665813775,-0.2883026908031409,-0.6185322483198891,1.3916360134697485,-0.16843743344727904,-0.5848560226363163,0.8647516787076985,1.9085661057220051,-0.3619721827160787,1.8864993659695612,1.7609747543146157,-0.2576214893053429,-1.123564322812829,0.4646395506265351,1.3761802996396657,-0.42832376854640314
2021-05-06,0.7378781771726816,1.0040171997270304,1.1277823082075242,1.2601837804331704,2.4441388204992256,1.1164950128731692,-0.9018735578337674,-1.112497872169752,-0.5252137813607671,-1.2101538495365756,-0.04153883706556526,-0.9449297496649187,-0.12015675123179514,-1.5129360711187678,-0.8060461376811623,-1.0372465056532303,-0.47116367286152866,1.124395401518545,-0.7687011200104802,-0.4021358055312306,0.5450797955815242,-0.672890875104616,-0.47222023603818775,-1.6719719166469282,1.5570011639279588,-1.0250311622646615,-1.0216002286668031,0.24173895171927018,0.9571848925781893,-0.14514754028221385,0.9683046990313985,0.7598176296126843,-0.5378739055485221,0.8423994388838407,0.10837108471301685,1.732763412564414,0.7782656041680056,1.5047215923999027,0.6719125065545963,-0.3700482613763246,0.40726160838089326,-0.8958574559861989,-0.469758523405097,-0.060427053441864005,-0.8543827261743444,0.434470647138255,1.35580567904289,-0.0565347710187882,1.251460577987951,-1.0181592702570477,-1.0110511003526896,2.294901709631407,-1.5286447492570043,1.0440941919739197,-0.9189352354186872,2.058473899776168,-0.1868547751833166,0.643991636354211,0.06531685842871443,-0.1047015277724304,0.4005665050336635,-0.4406016580216303,0.7888452348839154,-1.6102308173524293,1.0014662725090293,-0.35857593898261786,0.6578127949132352,-1.548665325886398,-0.6571182883079079,1.4442853696286224,0.8868718375484503,-0.8011143518800882,-0.4650358402108768,-0.26564914652021593,0.14354928393298652,1.6254905119606693,0.7560139169314879,-0.9937028968992109,0.17357795479967889,1.0288877452786744,-0.05828035436656763,-0.0248822676758311,-0.6571082934381562,-0.14785452302074958,-2.549151276805254,-1.4196665894237441,-0.19736870963278083,0.9453149672393009,0.7089877402220048,0.42860709267705016,-0.42969818451614644,-2.095320536878594,0.9726665234022743,-1.0179215499319134,-0.7853700760128265,0.24745048583513182,1.391058358434775,1.3966262519274404,0.8935812678083909,1.3464398104268576,0.9713683577227691,-1.2006567924217248,0.4133000419431327,1.2087701793241084,-0.8388886525016949,0.056309330470143706,1.0577384607329894,-0.7083739632628535,-0.025712775761278225,1.1349853510661476,0.48544531525392065,0.4199862232909645,1.4290069385919495,0.5605719080290881,-1.077650407272778,-0.6065389638976169,-1.6919292501415044,0.29908171311253456,0.3126740169964578,-0.36005060411054296,-1.1812525541795216,1.1177974770602301,-0.9425276174639999,1.5383350795408426,0.789343620474856,-0.2795081408464371,0.6151609836711232,-0.17446925155470552,-0.6109499366400227,-0.7381241214884597,1.4274329079115675,-0.9551494553575938,0.3146051223461006,0.1752332759311813,1.5546162462153141,0.8544343011909485,1.678342878489899,1.4663711011622442,-0.2102983563411772,-1.2583175783389127,-0.17557322328314415,1.3192313346847835,-0.24298943026288514
2021-05-07,0.5923237046998079,0.6498370172161979,0.9063177995404218,1.173227367134873,2.2184187538957656,1.0682969978717198,-0.9927635927503657,-0.9071571530580275,-0.6942969979867565,-1.5898986579164165,0.10367974755730934,-1.0444667145167412,0.19189801475787416,-1.0491045910677919,-0.8571358967899774,-0.16034798009306545,0.12864236262846554,0.7952701278361384,-0.9193138821206494,-0.21098554046940246,-0.2124927071976179,-0.2632775957649476,-0.7086182428619523,-1.539339824677079,1.3913305240469898,-0.23927276694016508,-1.0689025828264365,0.09065657158013717,0.946266946874646,-0.538223940595326,0.8378175697737607,1.0543694859744064,-0.5444123696976269,0.5999593990984012,2.0778739369017414,1.4545256912617877,0.386144645772059,1.2295769327593458,0.909783270015552,-0.5381244704768154,-0.28406609339585637,-0.8227011231029243,0.2733351014839546,0.25065690345797914,-1.1339452916779127,0.18285724439912351,0.7094582713337426,0.11412672596620471,0.8821742056197376,-0.8267379788290099,-0.3011625764406693,1.6863530523393235,-1.4954715095914037,1.7618020479931755,-0.5187914296768297,1.7770205619236856,-0.362568609886842,0.4847860207809509,0.29705100415535074,0.9068818529802709,0.09537289859574517,-0.31324152079123596,-0.03441401729387894,-1.7049393022434138,0.8250669737788963,-0.7500375560962221,0.38339075302766595,-0.6459097784351673,-0.726764447139365,1.9745597381403042,0.4978016361271179,-0.821157384267043,-1.1330472662623154,-0.1957140412969581,0.01501107121283814,1.4745721788597699,0.8656701707734176,-1.0930085768475928,0.3164066088956142,0.38299544004188046,1.6915328365107367,0.11001803001812709,-0.26535229482613965,-0.29786320943246036,-2.19278685964293,-1.3738970902617793,0.08234691420898434,1.0220156490476484,0.10205600770826706,-0.1514710854839106,-0.27109185743264835,-0.46423243163187616,0.6274446666900569,-1.0110560922558751,-1.217332021881403,0.4242322123613472,0.6477026755297911,0.6474938662799546,0.6149935382488477,1.2121987141067934,0.5663012521579406,-1.1764570221189206,-0.17488274491606398,1.0060437450019117,-0.5120607057133955,-0.07451022397781736,1.3637517016162988,-1.2867860864705323,-0.3043392017918737,1.2970719565856645,-0.2020785014734884,0.664644685187771,1.3719169211577342,0.19288258100361597,-1.2230403708534192,-1.077809771178345,-1.1439050802274406,0.2432097087741154,0.16657962467495724,0.2106838671924283,-2.1081345915981426,0.9961647280268857,-0.8994812222993283,1.2316875441265778,0.004350727315969777,0.1171759524425026,1.3635426809924236,0.002445000485976711,-0.9685959328779519,-1.2631910554032237,1.1194910898422838,-0.44525096082870097,0.09397644635618622,-0.38130599000080634,1.2530037040437603,-0.5154102270726679,1.316729935779831,1.3689963901358069,0.22450635087824022,-0.3548037410632709,-0.5870282064727621,0.7613125657530297,-0.41195894547725387
2021-05-10,0.5047519411612122,0.674257739729532,1.0310914602778598,0.978404246762594,1.4966603116581167,0.9787944201571803,-0.37198505086139483,0.1231762859021787,-0.329762510965232,-1.6278232640861778,0.6238519197603865,-0.8388164767816575,0.682124860778556,-0.9621713911880504,-0.18735819715523422,0.6706032266167942,0.6390022824982875,1.200767459778176,-1.0941366894612932,0.5948472392499202,-0.09519833769900196,-0.6428724154218118,-0.2546712601176096,-1.3093304462027548,1.2369264451540254,-0.16061994423859113,-1.119596296776799,0.573606063942317,1.0021066611025464,-0.20510280979146764,0.777872661127671,0.7053680779605923,-0.27995972027102833,0.5066117262302446,2.217525039050325,1.2610378576537695,0.4730277941783394,1.7985262168403666,0.9324387146599766,-0.2240765656178707,0.4743864885344107,-0.6720389830340637,0.5190592962792961,0.6563285420704182,-1.2060524957152354,0.35547646922270365,0.862074990982768,0.2956472914159632,0.7747146487374175,-0.436405262331068,-1.781016196536641,1.7011864239747048,-0.9438214334135873,1.873033860754476,0.3798788151255868,1.1558657310633538,-1.162018347027941,0.5302402350477383,-0.06500232397543129,1.1255794974431432,0.46407050864928323,0.049189017828101686,-0.5225762237086536,-1.3404181730302784,0.8230040891917295,-0.919447144403593,0.3110838300202948,-0.8917911057374794,-0.2544307458707904,2.1252804378625516,0.5531401224823018,-0.9826825610291753,-0.32229359035700644,1.5286992594665172,-0.2868653381185672,1.2013614971895759,0.5020830438806199,-0.7964503258797181,1.3401405936091915,0.5690118131982984,1.7192319375975116,0.23086457875751235,-0.14961073288474608,-0.11217238373202387,-1.3484758854288206,-1.3718758983601143,-0.13551781240757144,1.1470575635350273,0.7190218738056986,-0.3965955421845558,0.24770909561609047,-0.509443684925101,0.666698875239079,-0.9312692955265501,-1.0814116306382162,0.5256453813175946,1.113522331255718,1.1139590164692963,0.7852339000993502,1.2485368906792975,0.5426348131705051,-0.7317550019583927,-1.0617776423862686,1.9361110960156631,-0.6912202311794903,-0.3318768962304867,1.8139910290082,-1.1180691578992463,0.015309082115309536,1.0739189713725117,-0.1965658011889128,1.0747368666012382,1.1141351162341147,0.5061314308331809,-1.1584810635430707,-0.4521782157834734,-0.8756612716306809,1.4731070257509766,0.40139886709208666,0.4305826129853921,-1.6457507227574417,1.1294058945497405,-0.8138292285960521,1.6291990412935367,0.49086163485499484,0.5288699698744536,1.5334414067079325,1.0990370087828851,-0.7120656825038689,-0.6172335972287598,1.0328937689273103,-0.9100272274589093,0.11330067704540915,0.004215128007520245,1.4127374592527193,-0.6469716665776895,1.2485869403894732,1.322370830293234,0.8030612101852194,-0.07847691048344756,-0.5215704903923741,1.000582509429838,-0.26843146963694964
2021-05-11,-0.17838859396758516,-0.4594888212534114,0.6532053486114828,0.3855292149631642,1.334814840909664,0.5408517676046715,-0.6078018399551752,-0.5501143419108602,-0.9256365716301176,-2.010677562919693,-0.12155993755978876,-1.4114752478142927,-0.5043777675971655,-1.5736633742454702,-1.3161961745664048,0.019593377140002192,0.664422672362771,-0.07971366714859046,-1.3174344314709499,-0.3347837310801292,-0.5017747901973842,-1.0556182775619039,-0.9635576043151468,-1.337838180324035,1.0768473349294427,-0.513011275129411,-1.2783837598559156,0.5451718417023155,0.2789136939304791,-1.4572576275008986,0.43728994641060276,-0.301965550016013,-0.7265916139868651,-0.13648263038714734,2.3462928749808425,0.42977383937392116,-0.5749247909772397,1.033517436839673,0.679032035010076,-0.6270470526567797,-1.0447478164238337,-1.1869042059976067,0.50272004456761,0.6711525693241656,-1.6951401046230292,-0.5665852559426414,0.04756344958246155,-0.6913975918443006,0.3059435673765995,-0.9360380870833009,-2.3906442962655494,1.3276760557689509,-1.4583697211342455,1.4502782617792127,-1.3319826441356795,-0.8171751645934546,-1.747364971617856,-0.005886592581782798,-0.3880457716144816,0.5317358776966647,-0.5770662094975955,-1.0868010601792908,-2.3241875576105526,-1.7076292274228213,0.6044339216038417,-1.031555299010064,0.06937511109344997,-1.3726305062906103,-0.819915840192478,1.564988812766233,0.6119771077310666,-1.3156085614528166,-0.9219850202897264,1.7175637369974368,-0.746959203684196,0.8982305597451348,-0.15795906190456638,-1.1946769556261378,0.10453423626887566,-0.06747016753542101,1.2847342975244511,0.38858439422661145,-0.6205373947642073,-0.9682033114512546,-1.7006742963425974,-1.5656971868994394,-0.6962027103035152,-0.22775007630954763,0.8811870505143954,-1.046380018305856,-0.21455952658847546,-1.5007053896569675,0.5691840968670039,-1.4012060735371963,-1.3867343397372514,0.3150846770962979,0.7810936951821486,0.7787388710608731,0.5170846033387546,1.1718294990656153,0.38448009756556945,-1.1600803521099914,-1.8325240499192412,1.620115786165021,-1.082531669437662,-1.0028510301455464,1.0932611111533501,-0.25847013396999985,-0.8090709877700584,0.372180165501536,-0.9354496549378403,0.8070710737756751,0.12933943599722647,0.735536936686968,-1.6940016989195423,-0.648654452115625,-0.7948398675329952,0.12285334964497976,-0.3855343727613065,-0.9143369642191785,-2.152969159089187,1.0314122545697724,-1.4298780454682543,1.429650454824804,0.19915078425163263,0.45122838208510196,1.6262762685903145,0.8795987707007212,-1.2561544268547247,-0.8145307359667644,0.8568042582405809,-1.7455391113946583,-0.5323625744321551,-0.8795959107729536,0.4956700648414695,-1.5252308745073857,0.9371729659712262,1.0410072352404585,0.8903213012032096,-0.4806845133483126,-1.8337434123629972,0.2087347367034574,-0.8407568503125721
2021-05-12,0.056884296205565024,-0.6557986555260212,0.5852429238079493,0.49383984881035387,1.5119834766441467,0.3949154607128699,-0.06260864215971355,-1.0617965919942098,-0.6345067038280899,-1.6414721564704173,1.3865388935835259,-1.1689640664601582,-0.5362508401227412,-1.943545058339121,-1.9672091078450884,-0.49291170495144454,1.421520662101561,-0.7234957043840113,-1.2547297974456824,0.4395567942490928,-0.9532540736977912,-0.20094446103232805,-0.8263929863654766,-1.0241667338885605,1.0104400103094762,-0.9764838955069317,-1.0831410287622003,0.5020466503012339,1.0903784508140557,-1.1229689909456397,-0.3929884800546861,0.33063230893430134,-0.6875800058793734,-0.1810382632421187,2.998156342367424,0.25196639175345265,-0.9138421745020942,0.6866827509616845,0.8488679359434088,-1.805013680766367,-1.4018432433277226,-1.111266660440385,0.6729093897869685,0.4034641092050779,-1.7538879392017204,-0.8723070003843445,-0.4641009755422354,-0.6610222792955716,0.042127457412669295,-1.441803504913579,-2.5699919192007257,1.2712983779249467,-1.6178366268380397,2.0971970893171434,-1.4427692875402058,-1.1135431665979931,-2.2776865650650824,-0.08018707722776346,-0.4544148072002827,1.8619269203365025,-0.8010282908393387,-1.3019204785519436,-2.553301780974632,-0.9294011922422108,0.19516548785950028,-0.8790499522960668,0.2449467592099894,-1.0494591940006541,0.10450472880135005,1.9474060950327823,0.51440480352337,-0.6381332780533236,-0.9510595054439376,1.7576649863926759,-0.9309387772188792,0.6463513037745224,-0.15041516712129555,-1.0695013857291746,-0.8817637994550519,-0.025344926262417314,1.6890810055000902,0.3764953361823967,-0.7707517857410778,-0.5904322339277237,-1.589999292591054,-1.4157444693636632,-0.4567726934616058,-0.02324607239903048,0.9129635614726838,-0.5859242480364423,-1.0412898264186068,-1.3805796958282393,0.5422849586469654,-1.2617631568941425,-0.22513081318855238,0.8358750515633551,0.837337776407037,0.8312496676760154,0.5366741563342257,0.8703768684542336,0.17943182640867403,-0.6952798605143702,-2.043813849810111,1.3545939087654162,-0.7599309318831755,-0.9012113105360703,0.5631257289320966,-0.2763449998150182,-0.555075196997115,0.18823459541070367,-1.3260164167167565,1.1618643790052392,-0.32140415739346495,0.8439567571936636,-1.3519760689726743,-0.3800172361900758,-0.8810217251181949,-0.9553068761249935,-0.6360086677332693,-1.2577542240767832,-1.7424012568036567,0.8571680356787464,-1.4124811883822517,1.1155676227384625,0.15120043099049646,1.3435689666153778,1.9205097615350357,2.143079426093466,-1.0023019178872163,-0.6066875471094223,1.142574767325548,-1.3178258308893054,-0.30705876976043756,-0.8766562739844131,0.5563032911511913,-2.017324610472128,1.231038412790578,1.0761477481714903,0.4444561999923186,0.38315450617369773,-1.8206235877379071,-0.4157319843720206,-0.7353625206677462
2021-05-14,-0.30549570843648755,-0.8652267326926605,0.5308748637788334,-0.07557463937788611,1.6326430954402265,0.049770263340541555,0.04429565076147719,-1.3098068740611364,-1.1245902580936822,-1.4992005797641546,0.8685108639345961,-1.1430629239857604,-1.07350903190906,-1.808876822754722,-2.1838478509207593,-0.8669765568920437,0.8782104552564473,-0.8636986835799838,-1.3608595015017773,-0.9077651706513241,-0.9779178272216725,-0.5257801221306226,-0.572818724755901,-1.029651909495842,0.5933748418987376,-1.1309239545443464,-1.1765219572404244,-0.5926010730591476,0.9780978184794179,-1.3632762794403126,-0.12830003663255315,0.2646832055681616,-1.5263996816991687,-0.5997711437576625,2.4430017502131354,0.17271597866194732,-1.3491738405594311,0.40757825078602,1.112463526378736,-2.2836052208965736,-1.3354179595461237,-1.068594955027545,0.6064795124617246,0.22606303091420418,-2.279762138758459,-1.2037770856635075,-0.7143788594051905,-0.6666215116613073,0.13042250521672538,-1.5757660970554683,-1.6518648660718984,1.108001212170545,-1.7647942992012124,1.9346066158583788,-1.4020736493844195,-1.4256044994224293,-2.1062736808585787,-0.4001238048659196,-1.377860358873666,2.145356321616769,-0.6318112367830144,-1.4875213430722831,-2.418463462563196,-1.6555692817948424,-0.578496646484964,-0.562793104203385,0.4187815671098216,-1.3453116663475166,-0.10619032546133719,1.577505841359789,-0.1512792498497401,0.6495883745230082,-1.3224265108132818,0.7409613286549114,-1.4135771737197163,0.3583774159733933,-0.5508196695684048,-1.0943738421447236,-0.9441540414680103,-0.15242630755627773,1.5052648065555614,-0.13931750960517875,-0.9432158208397041,-0.5729247598531781,-1.2739227679190495,-1.2944886545749716,-0.5381683980295205,-1.0501389264065033,0.04302086696786935,-0.21686688037497992,-1.9605368479446654,-0.9808012392836302,0.25602856982110717,-1.5150712417468677,-0.7315688244336501,0.36299435706555716,0.6554956667959053,0.6558001363090268,0.08759451252565387,1.0089582379288191,-0.2542296186716399,-0.1691120493207853,-2.300399956670366,1.3106372308574796,-0.5275645295805076,-1.8702020142102211,0.8588671876559796,-0.6781820302069473,-0.5655880658250529,-0.17800617426957008,-1.713859491511532,1.0319302025576735,-0.7582922926360401,0.15216516817154752,-1.8217444032909875,-1.1557247563785245,-0.8755326088953412,-0.8740838378581095,-1.19031799333662,-1.7344905036706741,-2.125074218448403,0.6530140207926817,-1.6801104495827421,0.8245933241375046,-0.5161218806920795,1.6489182295889193,1.638220349368453,0.9358590851036029,-1.0828403998298328,-0.5794748794509593,1.4311579203257454,-1.4926658682637575,0.14092721238154385,-1.1217873985445443,0.3621480679020269,-1.1020861842562297,0.7744487749083474,1.262215129126885,-1.1943459933792813,0.5974059953542147,-1.797173976975473,-0.8440985486553891,-0.6627892193177612
2021-05-17,-0.799214738593941,-1.3423219761539844,0.15157396740133364,-0.46481567268242896,1.7333041981349213,-0.10398930022779998,-0.02432735492184912,-1.7897775040405188,-1.9647393111182332,-2.1511413754941118,1.081964451991147,-1.3240481259354773,-0.9248924797364143,-1.5857702748694618,-1.66748309975729,0.09060121108542137,1.2399580839783035,-0.8112627765764413,-1.5358647529923135,-0.7361712742076664,-1.3796517963076609,-0.541889142076532,-1.7867725707127557,-0.8990702031692449,0.48536144876465165,-1.1531289583177884,-1.4841741858947117,-1.3151314354370554,0.6839054455928328,-1.8462754091334748,-0.846125904505962,-0.1905926213809809,-2.5571855609135663,-1.201271685627271,1.8303876224903424,-0.4042528080050462,-1.285319311906191,0.47513247866248937,0.7350070319471848,-1.9950742296139095,-1.9767765673632114,-1.8625984672658833,1.228870978935839,-0.27008136171817226,-2.4215440261949577,-1.6201648335349226,-1.891702322010466,-1.9665732047800133,-0.556543916871639,-2.3561460449702745,-2.3965958810204406,1.0711064098591985,-2.173828459725111,1.0287958631362848,-1.791761859526242,-1.8589788672054524,-2.341008987478078,-0.03622656121327199,-2.0080301252089616,1.4976304864719296,-1.5004579398852755,-1.5735519851842539,-2.496801819894784,-1.4761328457448422,-1.2873643272700759,-0.9628907380281498,0.5159214482652581,-1.4848390070089283,-0.16974945121903628,1.2828302928458672,-1.2679901429833909,1.9543230425544256,-1.7622207680737598,1.3880858438166574,-1.9377509221767748,0.22598521883031514,-1.01690570890623,-1.3094225020167016,-1.642877960382939,-0.772685722740435,1.0839304657837279,-1.38060732306124,-0.41915832574415784,-0.9891472471366688,-1.4224514071671372,-1.3896543328249233,-0.005564717178737623,-0.7952523817664923,-0.8926608712106733,-0.3833487527333161,-2.403238209150531,-0.5880493188539065,-0.3176489065847503,-1.5402316773706104,-1.7324197002283552,-0.21958082720158523,0.462997133491895,0.4707587481390883,-0.5337670355142098,0.24263113755610452,-1.3500988316318965,-0.01998710050621068,-2.648514594467121,1.0194626671688827,-0.5476088712112112,-2.0569512349624888,-0.1287357120631808,-0.8808775316755221,-0.49151465722462084,-1.270947833161439,-2.238203545244093,-0.010724569647584213,-1.0626609706153998,0.14811999009681595,-1.9091658989597453,-1.6510246060593836,-0.04219943450356932,-2.0086340337648823,-1.3980991513681673,-2.5049153015113044,-2.1443162821487727,0.216846662256343,-1.7774076556544929,0.2971933803759502,-0.7378136478852907,1.4486360549483244,1.2340449326026541,0.6472480602701232,-1.2663825967340998,-1.9492019953437352,0.8758961714097933,-1.7377313564866284,-0.5693106472233902,-1.2567264758159722,0.17471891141424295,-1.34439564630492,0.5748723886028478,0.7284231850566462,-1.331937588749465,-0.9567569168957556,-2.039807109997615,-0.460507221522136,-1.578565764056521
2021-05-18,-1.7350156846857863,-0.8018949799286768,0.18032193909442681,-0.942243327766827,1.6269979459391675,-0.2432216702786271,-0.9421578121579657,-1.6868817656044535,-2.0509229184434665,-2.2964755483740005,0.17524049310900952,-2.186697388431974,-1.7199072931131585,-1.6498134426496767,-2.232728819604358,-0.6036523994242292,0.32328387862477104,-0.2343971922508431,-1.7641438827523195,-0.5323312654198407,-1.8999252096071302,0.055137502820888376,-1.6456325494874098,-0.7238731688648345,0.19067446768280263,-0.4772300980569013,-2.0429648600981603,-1.3633437700549302,0.739889447281322,-2.122542747331773,-1.3535398504291343,1.5687935799379136,-2.8103686380175112,-1.4233475952150334,1.6497361749742634,-0.7302170665068661,-1.0543140051158495,1.1316006601735515,0.4308112809609038,-1.725385437084294,-2.3705138835097004,-2.2497088896459956,0.9145419560213496,-0.13410105358951357,-2.932829745875682,-2.118223151394947,-1.9700463713608538,-2.033883735807209,-1.3928168232185945,-1.3445075804443967,-2.8674766726279293,1.1785417272566348,-2.355178800056163,0.010107462993934196,-1.8713070736231971,-2.1370658061846024,-2.6416090304238016,-0.24489630322068895,-2.0664225764072746,2.946761466872777,-2.033515047616124,-2.124741315467792,-2.114004983433278,-1.7681890260979818,-2.106433634472698,-0.5636408090215096,0.4519197153595664,-1.7243936490461698,0.23727950589515737,0.35709940540234975,-1.2156576021461267,3.058422667884434,-1.6951550332738623,2.371666822028756,-2.027406409661628,0.20130170045626777,-1.3527555479189042,-1.7431877349676854,-2.6403530959459807,-1.2187935912695986,0.7842998665251394,-1.7292032855415325,-0.3841284143306388,0.9837949300146855,-1.7671197298163908,-1.0385171506169484,-0.576585206800733,-1.3638443946458203,-2.569523760291628,-1.613553514569132,-2.695624116935993,-2.40613551957017,-0.8535066826248228,-2.3710657240469915,-2.1146078537624833,-0.27400939951149317,0.0510468362273045,0.05313747083924122,-0.2326969453533432,-2.086450009729799,-0.9542234199324435,-0.3742050615771048,-2.416448314467792,-1.5232220777479224,0.35972176188109617,-1.9459116340495008,-0.8439971622831037,1.0194008853815362,-1.3454228024261812,-1.6886104574737144,-1.9285714384958923,-0.6916996244527905,-0.8481302893926256,-0.26401879203715056,-1.9619871107552957,-1.7709574929086684,0.40066342016958034,-1.648055715867686,-1.8477208655337227,-2.575208683941708,-1.3978245997009735,0.2202787568676056,-1.6058371349941234,0.004179010188997797,-0.16201901406274008,0.5683612080321397,0.1369328254570472,-0.21386503148904457,-1.5783726555436373,-2.143100364490306,1.08204622872346,-1.361908967050825,0.01057415336853101,-1.8963052137265128,0.4379780221265213,-1.5686404345004246,0.712357019884403,0.4500801249279994,-2.2756447484107696,-2.090901709061961,-2.121594435953337,-0.20364137697879284,-2.074902692414869
2021-05-19,-1.1681520640649208,1.3095922792058687,2.2410082631405066,0.04002279654639504,1.6699398473959604,1.358651303721364,-1.2972587222443763,-1.5587013127108829,-1.8472156200807408,-1.9628904923225772,0.3611940656740315,-1.0456659200780256,-1.5282640672506156,-1.4378181546308306,-1.9174390513295203,-0.27021813038840886,0.21890298472965902,0.7041874076846972,-1.6750858896575012,-0.8686881696217086,-1.455784602010145,0.35648059151570893,-1.2265247231270437,-0.6889665959245214,0.168966527745024,0.757591738822928,-2.02448517293913,-1.1015018822870464,1.9788629120490777,-1.5777991900730766,-1.2268125661727596,2.664283674098674,-1.4529253362640182,-1.62509014273939,1.5165685631427444,-0.8666719023737597,-0.8223777807083529,1.1032386356729087,1.0896793379639007,-1.0284497626840794,-1.7042418068576137,-1.5244603803902697,1.1233014695137717,0.9582329471899269,-2.166204394945296,-2.0179274257433524,-1.743682584506542,-1.2006490389699644,-1.161146629898662,0.05441750661440541,-1.2522682230252795,1.2580763087808409,-1.8499521200241724,0.40826607236853063,-2.0204686616043417,-1.6089364475526866,-2.104425326781024,-0.13724656289666118,-1.7640459832738982,2.7456992689836146,-1.5574654512266661,-1.9181268441158885,-1.5902905503458176,-1.2901078210291204,-1.6980758305849033,-0.3067119935115333,0.3542656571194693,-1.7058854870982372,-0.4511199020060739,0.751870878010698,-1.0454159329560795,2.579281558769108,-0.9944847576960736,2.2074338566667864,-1.6693579928622944,0.36751801714898863,-1.6289831569081772,-1.447919577520918,-2.2739014817761407,-1.1067628252252122,1.233251489307009,-1.421190755953689,-0.3883651634149939,1.9612712455228005,-1.4283032857450564,-0.42943586561479935,-0.5711318156796583,-1.4308153183851224,-1.7127055060887026,-1.5680404377323023,-1.9350906820408098,-1.9952152962660097,-1.5093220556607263,-1.6636576735340647,-1.820417758969908,-0.0008014932816107443,-0.8467636918600839,-0.8422165999003177,0.046341234878855,-2.525301895186451,-1.5415288883413818,1.7882874270582896,-1.7304480764564019,-1.4097662841262673,1.5040009039402962,-1.9860831926022426,-0.6913299687714682,1.6203149484101087,-2.0764976586000867,-1.1098583897546914,-1.6373446892119283,-0.9454486721549651,-1.1714816488490816,-0.5687273106592482,-1.7597209893212808,-1.3987208803727285,0.8710410540499921,-1.1076549072332413,-2.0913297662299564,-1.5028663798519353,-1.0853891273539265,0.37066285716740727,-0.39597403525196273,0.1615634874232572,0.19267778687858145,1.219489459582368,0.6913122704993341,-0.36060724474179917,-1.6872911639686392,-0.930552192791619,1.0050000587848584,-1.2077444360805514,1.9467025865962415,-1.5409333616596146,0.7784096238937717,-1.0782085282252083,0.9316790724500905,0.3671531515934239,-1.301773211757547,-1.5349229936174993,-1.746690951663028,-0.17154722453696522,-0.8538858263231597
2021-05-20,-0.9517836366459876,2.0054033547766963,2.9402036007582706,0.8793039412745274,1.7534780861327357,2.0577903104745316,-0.9970257906837123,-1.0110411176602352,-1.0315156600663546,-1.7223757853441999,0.2569061168890035,-1.0082408826613287,-0.7957600576462703,-1.130697203107967,-1.6371018939291901,-0.9444769414021151,0.4179840178844789,1.7474296919304944,-1.3523693172329856,-0.3287113718384113,-1.6148156164763399,2.6957112072370393,-1.602860976015851,-0.6886233421717856,0.024745052056380994,1.3265636000279537,-2.0406470539446646,-1.1497524383228521,1.9143561877620712,-1.0257080162207923,-1.461968810264386,1.9634691138695146,-1.5770819986579512,-1.6837768838032532,1.131852754437957,-0.9019600458244282,-0.4668555054654024,0.7812841126255122,1.1747714430457377,0.10992798911966221,-0.9069110987516839,-1.1322205853075202,1.395666448747756,1.1020205012002608,-1.801426044547495,-1.5481734484338796,-1.8541734038554942,-0.8649787823081702,-1.3066211918252448,0.8716467709173026,-0.8255339100497799,1.0879813387395818,-1.5726520651300993,0.6791437816546809,-1.4671921786149318,-1.7076637510745811,-1.8709703528283248,-0.2795755972122258,-1.295538773743673,2.4082474474622213,-0.8786684841600607,-1.5569939539422022,-1.2485443964487695,-1.0905145279326478,-1.3697917819787786,0.32862645554111564,1.0593755479638167,-1.9218716657761288,-0.17965455051245882,0.8319746868245179,-2.1810775933465973,2.306547324933056,-0.7964171713413891,1.7720154189280624,-1.0826117150758743,0.1326130581108715,-1.5469598533503248,-1.2002742047760806,-1.9352665839265983,-1.366967400855621,0.8257133098171248,-1.377774964864873,0.5003803351494822,0.17096927277090881,-1.5030100374691755,-0.36554865604506454,0.24765379256424255,-1.0891196236254317,-0.9275284433149174,-1.5414424810535192,-1.9006210702289266,-1.6760368776822907,-1.414609547946492,-0.8562382895653485,-1.5583142706378224,0.25364341351695247,-0.31592019501920166,-0.3125426697896461,-0.1575464821314234,-2.431740028951098,-1.9776403062952628,2.682931449677042,-1.378170810190147,-1.5989912452537833,2.4153860271089456,-1.3992786814932199,-1.0096263810430965,-0.7453424803254971,-2.026976509411004,-0.8427492468328334,-1.40990909670575,-1.1842560503580228,-0.5889064599853449,-0.6836076068362233,-1.1980835202674107,1.220198421918844,2.1564114539961614,-1.0519898555917684,-1.5519797007147857,-1.2966470760347815,-0.9923654394603956,0.3598894903084957,0.8404025325338307,-0.003314217866192567,0.34547802914633025,1.5700664037595409,0.8030358885888489,1.4103894702151645,-1.2837604158432094,0.31190843175777566,1.0038847088754808,-1.318832197349818,2.2127966377791752,-1.0086434783471092,1.5505708412433776,0.3236218963467921,1.1541645896090376,0.36801796127459613,-1.3320137827203282,-0.5732777180233672,-1.6202488917985154,-0.3327301070498414,-1.0874787773832946
2021-05-21,-0.8318919277812176,1.7846762817432413,2.442340729128124,0.651857389586183,1.8354730115640465,1.9806534350111262,-0.8180650671268602,-1.1010994410114434,-1.6076205504326926,-1.7521457027040395,1.2448910373414244,-0.14858861263729117,-1.6941715021088655,-1.1199196265892335,-1.7803268302961315,-1.661437400255688,0.3410574362350142,2.170701995219069,-1.3603589682708181,-0.5360574414768657,-1.7937023714216227,3.116030658985978,-1.3914459152320742,-0.5636746163678686,-0.38860695991829963,0.7430842831297736,-1.9764884164824463,-1.4781815425638554,1.6328372145726677,-1.2624566395756471,-1.1536219680531774,1.4147068896125474,-0.3492069942566919,-1.7870748758130903,0.6761457774895715,-1.3523101732586975,-0.4302272330358348,0.4568741978618247,0.9892202884126055,0.6765659986824,-1.258708580664756,-0.8352764647468736,1.127233356755977,0.7862169305321451,-1.8091520002013834,-1.7171715423672613,-2.202694052659625,-0.7152492153885157,-1.5739472095997067,-0.21400429160485873,-1.0578758220705393,0.7923677158373781,-1.5694198655279445,0.3426701411050298,-1.3512319276685048,-1.6479579864531528,-1.8832726670104871,-1.9469532729158239,-1.1520582057316266,1.7505716998448901,-1.1541993239209698,-1.7576266622044425,-1.3597971882843538,-1.2012622139225524,-1.4314473380629207,0.9148769457103996,0.8572643198848983,-1.8800907958523136,-1.102053836248262,0.4646865567961185,-2.2461874258409664,1.3412378649110495,-1.4585561061598629,1.2780395895022147,-0.940279000615262,0.21641365453682865,-1.9860562505225663,-1.3939638615250958,-1.8504983082557558,-1.767440788886634,0.3614559828103249,-1.0347684338998442,-2.105623096982957,-1.132576841731654,-1.2856825968090804,-0.002691492779137665,-0.4123002056226142,-1.0832383768666756,-0.5137439680068913,-1.7258316672060348,-1.9246979855440143,-1.6235484055189906,-1.9519860320188214,-1.2344163409542988,-2.3023174973336706,0.2523949449519963,-0.6574833174120182,-0.6751179357993335,-0.6783468847559356,-2.1974736444297696,-2.6111553403696317,2.0421022220367413,-1.053246807722192,-1.7817124248319707,2.2054158286120784,-1.3324797986512968,-0.8004433365273909,-0.6983431680263521,-1.8654474287540614,-0.793405322052494,-1.7968611039578746,-1.3357053765865738,-1.1688915782927403,-1.6661216102042398,-1.6611285359431625,0.9017503905429906,1.7725411486094094,-1.3998197754420427,-1.5249892832676346,-1.0602845594801702,-1.1438451951482707,0.11753655375089193,0.7514076886467153,-0.16068630343091458,-0.8430331886237329,1.1631349923178953,0.46663187629221015,1.083702170421844,-1.633070039348242,0.1980778551880672,0.5228068283448952,-1.5389335680358347,2.1563632546836735,-1.1128278933862041,1.3590906429256178,0.6732571335143167,0.7654334111212341,0.33666375955882855,-1.2908243148365355,-1.4253785627030886,-1.5394180260650234,-0.900433435615966,-0.9266684214831956
2021-05-24,-1.0702696409559085,1.434003698305033,1.5449593406006816,-0.8915696398440152,1.7365069585101722,1.8516285541542474,-0.5467191644258068,-1.5936348131443405,-2.22749728061796,-1.79916652114167,1.0964461979498856,-0.02311171005268412,-2.1532239120410623,-1.6152060302595632,-1.8671807254278365,-2.1402355765292116,-0.281446519742091,0.9651889887874395,-1.7062984249738007,-2.3645253323810094,-1.8916750923821009,0.9043187282609991,-2.0023707276326332,-1.0190198985773402,-1.2307613220081748,1.2107597535917427,-2.330233090597269,-1.8754859411311806,1.420105609996345,-1.7855949633017234,-1.620578821525297,0.24268117128702663,-0.13736297927074037,-1.7967490080345585,0.2968433827352766,-1.6888572101921622,-0.8758129846515631,-0.07928966584643132,0.25864000915564583,-0.16525917390544415,-1.9004303082152603,-0.9585606741342545,0.01579164690424432,-1.5703766006761346,-1.83788488113568,-1.6924591679382637,-1.992710393136753,-1.4738077793161533,-1.7989022152287477,-0.24462751413960152,-1.3960051274764653,0.5692786608539205,-1.5718193800808493,-0.11345799840441233,-1.4703383294457242,-1.8172271769419768,-1.830566554893654,-2.4134253835823185,-1.6494804017735725,1.1662316197576352,-1.2872715552261196,-1.648668986950606,-1.1706093487757925,-1.4293224096577295,-1.9615457284355435,-0.538362284292279,0.24710355962567876,-1.9158147800996628,-1.6340082815944734,-0.0646337993800413,-2.5152713871311683,0.3149637139069962,-1.4601675072836149,1.0979738466883122,-0.5295990379989789,-0.273629612612625,-1.8008893016483802,-1.4319097292691212,-1.9075829290940092,-2.2042551646415878,-0.12376581381285898,-1.3850569287864845,-3.46242659017733,-2.322224134971552,-1.6843856151874623,-0.15939804821334852,-1.4111736058813777,-1.5302450041841695,-0.8452681518328973,-1.9783686571841832,-2.1232946844698635,-1.876532161924917,-2.0769591000568974,-1.7775773074882542,-2.4761069199118957,-0.6487342263119046,-1.7552556433770845,-1.7510539805007177,-2.3114497263908884,-1.8061745094785926,-1.8580604733463628,0.9706708438833614,-1.5185184781927328,-2.0685521450176108,1.775916388788907,-2.0651708762238226,-1.0054548628825284,-0.7607534607500865,-2.3047303940256345,-1.5563218776503158,-2.188491940490625,-1.9656832145903547,-1.5938397742827524,-1.2537688193769632,-1.9649609123610376,0.3600309836554604,1.2188666993441177,-2.099560066412006,-1.590695067768501,-1.5102487615590243,-1.6795033025577597,-1.5388927182480632,0.4996289579689877,-0.862450307835997,-0.9447437348213922,0.7329057238287178,-0.15326950357241276,0.5542392386356314,-2.0346891596631873,-0.29179743043842177,0.17829884119104167,-1.8142728554270355,1.0354597373723542,-1.5663303334123175,1.087188079196207,0.35687222455528633,-0.3261787379385346,0.11300976604957144,-1.7695947193760817,-1.638682377864408,-1.7192060374428741,-1.7287229984578034,-1.4817931789368746
2021-05-25,-1.4547820905879103,0.8854156396820989,1.095595646917218,-0.9560520201172867,1.2586598111213605,1.060338900808578,-1.4956638369330952,-1.1120682733039746,-1.7883191703163617,-1.2779834123155234,2.0724749871306467,-0.39415156446130456,-2.130920025966539,-1.424575379994575,-1.0265143155989815,-2.2369106877731095,2.2410524114134343,0.5398990502169649,-1.6268284456575375,-2.1525876507788246,-1.5790136924521212,2.18790409195765,-1.5020226580600984,-0.9358518194996047,-1.5153949210858335,-0.43361643782645326,-2.111521484795256,-1.4154730114533047,0.323478822960337,-1.8383096109479318,-0.8958859817947001,0.9834686790426844,-0.29991710154460244,-1.8081152458137353,0.2551869855892644,-2.0001489306437077,0.2899999455437114,-0.027319736142631147,0.3685750841660492,0.1038914948283905,-1.7310287712312402,-0.6139851405853239,-0.7035677651086109,-2.687932333115375,-1.799677967130124,-1.3369190172894614,-1.7407078962529723,-1.4433851458619484,-1.5050716258882109,1.7220106039219587,-1.3405689909926857,0.7102125688553056,-0.9746337411429115,-0.18710880764574106,-1.326627288042462,-1.637539721903177,-1.9089890724108145,-1.3655871059623856,-1.813231800734594,1.0947014980272436,-1.5702705170647384,-1.2819275993146348,-1.0213410488615942,-1.7767017364671251,-1.596188404822205,-1.1468410882784275,-1.1832382368007168,-1.5941207594315019,-2.034966501329898,-0.03060964607195547,-2.6096793713898307,0.07358046631759033,-0.2429426876431058,1.6484855975131067,-1.145973533250765,-0.8793197110407502,-1.6710120006254379,-0.9395718210995148,-1.3693935464745244,-1.956858553004174,-0.29942141809431083,-1.943981232730392,-2.5781369633939253,-0.9720924833134017,-1.644453271743552,0.1284918777747448,-2.480298594558966,-0.5995593908194405,-0.858778175998224,-1.9431553516788223,-1.887164998179028,-1.1393983431334676,-1.6184138781644206,-2.431138837796053,-1.6584101822658346,-0.5866416399504467,-1.6539729993684076,-1.6517594438529308,-2.215031456881456,-1.5085249552512734,-2.237926200226469,1.1175157760241732,-1.4647252211006907,-1.8386525629828432,1.6557174819876368,-1.9870259253481932,-1.5639455440799712,-1.0146021880067502,-2.33892368414337,-1.4156717866260475,-2.0119537627389916,-1.9669114423718665,-1.9403120500391888,0.4702541992092784,-1.7204604962691703,0.6733563688631139,2.467764336250781,-1.582248824526688,-1.277793283194979,-1.2200180090517427,-1.9245179224755158,-0.8743074902620706,0.5887164868997191,-0.5764843830594113,1.9213496414084392,0.45269006310820703,-0.17809792084694706,1.0776923122112,-1.381627205013413,0.11956542762994155,-0.1051084560930253,-1.4385441889960493,0.3045493846288715,-1.5841371864797489,0.28440882106818255,0.44513902477486383,-1.176266181328995,0.6049339491669296,-1.6683652821703874,-1.7783583624240191,-1.723621028966234,-1.8971988120040892,-1.9985811185808537
2021-05-26,-1.4553393336092968,1.1123796689871484,1.298325223846693,-0.7110535679715605,0.7105718069589291,1.1673998624827906,-0.5974092535410679,-0.954453725633989,-1.6713885556866594,-1.102204504084822,3.01276223537878,0.5601890249004063,-1.5564730222566827,-0.8790463375342601,-0.552620008537422,-1.8416284917010672,1.8280984855641669,-0.3431873983162615,-1.079890269801995,-2.2189575121699683,-1.1929526511386905,2.3454570054766135,-1.0360437134652978,-0.8444795089632883,-1.533436820297661,1.8378079894325532,-1.0493069937939887,-1.1627126035143487,2.3427120126150482,-1.4797930172640472,-0.9300637970276876,0.8954505325090689,0.7934179911337265,-1.2745016581425577,1.0372508193154504,-1.4570520917457637,0.9647120886637441,0.902971242686324,1.4933275421142387,1.4348920236158185,-1.5213032044658725,0.8524067706317201,-0.12811609580025488,-2.1687520307655492,-1.3288408220514374,-1.2184210206333972,-1.0064420766460997,-1.1645919000721423,-0.4441068466354057,2.615143756280842,-1.2879056070758346,1.3110461999701857,-0.5959355382198644,0.8370584431390647,0.5203632243428317,-0.818867553809671,-1.6865007344962164,-0.8276628046846763,-1.6179702182299363,1.9776806574806192,-1.800817480917791,-0.7539690766600624,-0.9043745600853972,-1.5604380247735783,-1.2461437270511861,-0.21869239010751354,-2.060245942607993,-1.3808762287906775,0.49178408638013626,1.1744409301784602,-2.1790869718860977,0.10048073887531894,0.9168674629127802,2.3439803607472696,-0.3903061455082043,-0.9805249769631175,-1.3893696157657627,-0.5865786284550735,-0.8909414242072178,-1.701706789405619,1.4041348623725727,-1.4750305470273573,-2.4412139665820733,-0.6610432811850929,-1.4689511069591379,1.3539473008628073,-2.262197825467145,-0.5762495642565322,-0.8481975408086284,-1.3011841965747215,-1.3020056908003346,-0.925306610927847,-1.149002777471174,-1.8847332114043107,-0.9373194850987786,2.321557388851646,-0.3110028683174013,-0.32056977252256524,-0.8402325397275032,0.16564839441719398,-1.5458842741883743,1.985505489297448,-1.0171948628930756,-1.6637064924841163,2.0284423448368902,-1.6132945103955052,-1.8190041492760887,-0.5174188813223559,-1.281456415428116,-0.5560150632906836,-1.7974203461485094,-1.8003512335733889,-1.2630146633555819,1.651492155762773,-1.3912007539502202,2.389137904658315,1.6062995877840813,-0.8569946993951206,-0.766455489506648,-0.6079074822060306,-1.2565038991465614,-0.617583208422761,0.7507028176557783,-0.5371371249699761,2.89047432909153,1.5625803408329957,0.5550581550040405,2.88168854539939,-1.243124327316737,2.4197704398271087,0.4697261353817018,-0.9839285103122717,0.7411675307091985,-1.6927858309249704,0.7448095010597475,0.4776511959545873,0.6554094727556268,1.260674974876737,-1.0573683314689948,-0.5340089968854562,1.1822441012752671,-1.767095439578309,-0.6024260536847007
2021-05-27,-1.5886701479896648,1.2607117189132953,1.312718135831866,-0.6860904751616002,0.08774980068746438,1.846249039099623,-1.0807331647958243,-0.8875420495731393,-1.0602805433951845,-0.9825012590766872,2.4770758066457685,1.2506586257543175,-1.7926394549366544,-0.7304394584428756,-0.32120568676759814,-1.9374949529325423,2.90201457616578,-1.387894497693776,-0.7541531167026546,-2.2041418178301826,-1.065046831483293,2.0376618076117605,-1.0669336892693857,-1.1123470967389424,-1.4843917792437278,2.1893279064460307,-0.9896940987301429,-1.1819180245232694,2.464568086446965,-0.5217618780403541,-1.6498889257372338,0.9056087892377179,1.1866531379867202,-1.2889246728641943,0.6920385672734946,-1.0647130922499,1.0682733453411128,1.6395520303408901,1.7487767675547155,1.7827603717056042,-1.1501511513371323,1.0412502360303453,-0.42915854482788923,-1.79381444275493,-1.0961125656855324,-1.3045257246252213,-0.8622193667661389,-0.4173108524115829,-1.5576300351267773,2.283750871934725,-0.7655890287306422,1.7181975717774005,-0.7086550294091934,0.7565914161786997,0.13276655133410878,-0.579224410024241,-1.5482456954806787,-0.4560957934027912,-0.9755137199791167,2.088577027359742,-2.2418057713233486,-0.8606534820513342,-0.542920872507787,-0.9969657163210618,-1.233248967331045,0.4071481816257135,-1.4512552864288382,-1.4313244353197119,-0.6519100177848027,0.7627114231356134,-1.7843474041366667,0.6601939704578667,1.5115276942592721,2.1656676891789823,0.08510961887492123,-1.3260075618536735,-1.5776192355967995,-0.19997758572923321,-0.761676813453669,-1.4523598989755064,0.8968658228091391,-0.8015121009296718,-2.0311227241989203,-2.3710411656386774,-1.4633311130012043,1.6136064494690867,-1.6689733917671032,-0.7970903749344345,0.12270101333838143,-1.4485453620869497,-1.3011575306028285,-1.3876363949291346,-1.01096637791685,-2.2155193618414772,-1.1406474820544685,2.2476521854207383,0.6149617799904988,0.5892279560947173,-0.6858165192153735,-0.23156555690714065,-1.7045938798293552,1.52425491107463,-1.031488720573867,-1.635111892987327,1.7506684326245754,-1.1044574098088031,-1.9213219524214036,-1.054167612506779,-1.9337438369199176,0.039372761458871634,-1.8099966774517886,-1.7389708237424517,-1.1587439372859587,1.309111034181096,-1.0351083290522656,2.1645657414798856,1.3926620668590333,-0.7736700804759659,-0.5657522070894959,-0.15250512715421635,-0.8832093809108739,-0.4501710187207251,1.2905151477994434,-0.5464763780095809,2.628380626590277,1.833007966517131,0.6171629018458958,2.4431962516837236,-0.7942729914020626,2.0782662779661445,0.8233131532202569,-0.5853240320223992,0.4193587898987144,-1.4985822766300982,0.566726605456133,0.2803086165719352,2.085361313574309,1.1827581891273686,-0.8105804723671386,-0.6023669771784135,0.5019739087337727,-1.5125464369654134,0.5930058282571798
2021-05-28,-1.2936060358729602,1.1265080102358627,1.9032866392183636,0.234522447001774,0.10709340498197291,1.8714760151654841,-1.21292891562937,-0.004998375624261198,-1.0735775472394846,-0.5045397088302869,1.8238620203955755,1.3873415933533615,-1.0407326155598644,0.032659583448412015,0.02889595089440216,-1.2656159997987801,2.419474240697437,0.008718242290277246,-0.5699977754818419,-1.5017390548009042,-0.9700293062106291,1.6214994384554424,-0.08560490202038865,-1.2790073582256658,-0.8794303389539673,1.8338018376157303,-0.7952820936154036,-0.6226713743015632,2.2659610652148476,-0.18739098258522252,-0.9196732040337835,1.0875295313728521,1.132654188033898,-1.2216593760777994,1.397340325919897,-0.8586086954487631,0.6363734677706678,2.1093573232997556,1.977479431014372,1.5579311558309072,-0.7464488985768862,1.5119997164256656,-0.5121753135026731,-1.1166043455081676,-1.1459385695855158,-0.7585244250586564,-0.3894636968215369,1.1267485155883457,-1.1479061054481567,1.9809604222908674,-0.8655391189757637,2.060671556706079,-0.581812227393849,1.3912823964881518,-1.190401780022825,-0.24334488166542725,-1.203458129644664,1.1588182815240917,-0.5720850214530766,1.8940007995962305,-2.0384565490065607,-0.47456388308750647,-0.47014960237531966,-0.34540682943779805,-1.4974257431054698,0.6631216427631971,-1.5835789294267455,-0.7262845823355477,-0.3796473863235749,0.882558500815244,-1.3735468796432138,0.781537924159163,2.8731704660387423,3.0070701082160816,-0.4647932368605835,-0.6367220536533162,-1.017266477363582,-0.05967484768599679,-0.41334343619121827,-0.836419937026629,0.9407313839002148,-0.2836317602352494,-1.616672648631831,-1.124704053671445,-0.6054344591481207,1.3781814802052803,-1.1805644050668003,-0.5240173795620566,-0.03992022510505494,-0.6498302433320051,-1.197780281385924,-1.4351030635654503,0.29616027131941874,-2.106236081807518,-0.8470931853731192,1.5151537806681183,1.029548631509529,1.030169454177237,-0.7134577770012227,-0.5167824019321033,-1.348351504753342,1.1934860082575307,-0.9784825748041377,-1.4581101711547593,1.4922693016554445,-0.6916147145022536,-1.1423218875469203,-1.356022906999506,-1.617955302472821,0.9091637605619441,-1.2078412204746953,-1.4715177617638,-1.3072323282885385,2.4913020324015216,-0.6777696629196789,2.397892219149425,1.8363695336905606,-0.5591133437563671,1.2535588722265576,0.28165445503662423,-0.5785200777779345,1.2371059305757608,1.6698790338057026,-0.7496729807765395,2.950434034108262,1.8364657924923846,-0.1807336495043362,2.5847605988628763,-0.5767382933115549,1.780996865264066,0.7608348718013177,-0.32253764269334817,0.2755575840660612,-0.8004839780262886,1.1129086512794306,0.4899807017370413,2.0405077764066744,1.3551866852610144,-0.624475210339228,-0.2507621497667959,0.04279831901357071,-0.7354221619528848,0.5560475261304091
2021-05-31,-1.6152420300974204,1.277899559061154,1.9729276358426335,0.3920283949372097,0.41521980713512974,1.7773605669605577,0.45158362858572715,-0.16450746143005807,-0.9443761771747053,-0.6182142440712296,1.5041144133797768,1.7386816747006713,-1.3002356552145433,-0.08982325292777943,-0.06111864061486929,-1.3396673442228417,1.172784694998726,-0.6957551363894348,-0.5685493788463227,-1.4009631949548718,-0.4290173436211356,1.3879515310345742,0.05895021817510386,-0.47074529545912097,-0.8716920526500479,1.2617265793869117,-1.157515129578622,-0.7256864205197524,2.424797910327985,-0.34757818190632506,-0.8336278244626343,0.4466482273456196,1.2506687527227796,-1.1468323824794426,1.2006534118249588,-1.0176006331166743,0.6611484810508939,0.458104693553029,1.4289116481977426,1.8654563124157217,-0.9431378732013316,1.2770924914971786,-1.8684084205972624,-2.0163796706410855,-0.9618896430564436,-0.8010335769318854,-0.5399379658225024,1.374632811788212,-0.9554242372260942,1.6219643499627603,-0.9628140396758672,2.0253207743104533,-0.6884755352125755,2.3572758873730253,-1.4884486134248185,-0.4609096420272564,-1.2343973735789018,1.4037723918233826,-0.4168766757784842,1.3709498283941195,-2.237956309531401,-0.6111007906946866,-0.4811818527981702,-0.5547865795588383,-1.5126956107986023,0.4474701943813106,-1.9226291081470255,-0.8350065879581625,-0.17241348639638263,2.1013148991819195,-1.3121307916453626,0.6322376588812436,2.876391624289126,2.5590514455016433,-0.40659425565514873,-0.8900702559906428,-1.0967017065489633,-0.18718344014660038,-0.5182536706524183,-0.8721884260357328,1.7229380181999787,-0.37694265229569546,-1.4674701361357219,-1.3027693701511387,-0.8105532480712315,2.056214386049632,-1.529416162928472,-0.6807758420271456,-0.3966518195786579,-0.6641307692044023,-1.1393620799274817,-1.4524017831919946,0.5098184469949744,-1.3286653400262998,-0.7799785990138042,1.2040484208566715,1.9210867406032146,1.924194876453442,-1.0715447981841284,-0.6118925016780186,-1.32419496325081,0.7612275902049931,-0.9116734766015644,-1.3398803791427472,1.5144951373021014,-0.5991761679944756,-0.4251036762204704,-1.2841919439055776,-1.8735727223282221,0.7811217326502683,-1.2122381617798292,-1.346412667502,-1.2473149327387958,3.061201733339708,-0.8032086490320661,2.2614550647093536,1.6008062444133957,-0.5648722428856379,1.2048241898747714,0.28558598460588974,-0.5562005321535531,0.9416208444923744,1.5470493005302681,-0.7496729807765395,2.5032227300442327,2.2877106039611,-0.3003933213068471,1.3900870251800148,-0.3848657157707468,1.6661023931591465,0.1787831207373541,-0.23561489457853224,-0.3636158694287007,-0.8539422818755638,1.5771403717121488,-0.23341538536602452,2.2059114486223206,1.4853862983923223,-0.7438382481468568,0.3162543822193864,0.21943673132509064,-0.8521320767859242,0.752442852379445
2021-06-01,-1.8459577913833258,0.9571138968429422,2.392102394660657,3.2906397343728657,0.7886634609350783,1.0942938312444956,0.5423885267730272,-0.7894665110292887,-1.3508513941298852,-1.0222407144179473,2.1578251507291157,1.7041517273346722,-1.7280935450962214,-1.0423597459328573,-0.4494689192729651,-2.3017004585043477,1.1528636839430033,-1.4717152752861236,-0.8186409207570029,-1.6711797941151572,-0.029487041641127223,1.0207338950840252,0.6363307592220155,1.558103589992357,-0.9963666297512672,1.8407542996205168,-0.7523856566241748,-0.8612279621633451,2.161791447125044,-1.2772788286218542,-1.09604510199053,-0.5795858460922853,1.9929159859422654,-1.0707975898813737,1.1517800945274843,-0.7976361957444227,0.24093028942920766,-0.008892306535336462,2.2392515047736397,1.81970291604878,-1.1608590141348976,1.8213165152691086,-2.643275215283866,-2.238987148156654,-1.118113051622429,-0.9261202877348752,-0.791123984246819,2.316010679531402,-1.3824262757781196,1.4807468827457608,-1.0428749163207973,1.1645744912925873,-0.7978465490575688,2.020502471733425,-1.8726789339887782,-0.26575945302112647,-1.3125278914046163,1.9814140909805764,-0.6511914709897116,1.1736352450937446,-1.9000862114151313,-1.2361821364594394,-0.21201526268269724,-0.6999489965697864,-1.6630072086151992,-0.7763042498900864,-2.0339533456431593,-1.6285000083065362,-0.704965940968798,1.830294225972864,-1.3973961273378657,-0.15580958835064834,2.637324390913211,2.4774228414183015,-1.63303324844573,-1.1428911672561213,-1.2090541912599457,-0.5953756140575036,-0.8658165753607592,-1.095736377826258,1.8777012879576278,0.40282845139736817,-1.835496513171784,-1.6341597863409996,-0.9118620343711206,0.3154516614921321,-1.6711919426951005,0.1263216831151841,-1.3181027243785957,-0.6862353353140302,-1.2842859240621514,-1.2404294523323283,0.771326463090258,-0.9915835969265564,-1.0659339668880294,0.9683562255372714,1.6301479757609534,1.6306852944951327,-0.8414583105491076,-0.5658442478497127,-1.2064056668088528,0.27894643011689174,-0.6885213487689339,-1.090322652628125,2.2279800248021737,-0.9504622363970445,-0.1809941023208881,-1.1687144702142371,-1.8646713772555157,1.5013910789277718,-1.2043566195380737,-1.1341297972903615,-1.3620669719827632,2.7837054154716596,-1.6183859375718792,1.8518357467967441,1.1443342987635288,-1.0311305369740809,2.6590207298497623,1.0641033306016554,-0.30807460673614356,2.3613312935154824,2.681873035585273,-0.1775219494747094,2.1389432019621557,2.080618007624448,-0.29935858085503275,0.9747074429183454,-0.12061417335263527,1.883518800138189,-0.6519658918485979,-0.2903615956153953,-2.8149456043159375,-0.9773746162798687,0.20560282343051864,-0.8199683680278381,2.069322838468122,1.7716837904113498,-1.2714002249471361,0.5539040264088403,0.1523782268118922,-1.2536254216476346,1.8205784769775275
2021-06-02,-1.5674066308898924,1.3696621131011966,2.067770498217644,2.949210213797523,1.1682668565927723,1.158342677771021,2.014903688561358,-0.9672604053804416,-1.2971859900691476,-0.5092017336612671,2.340493472886702,2.1948486476740308,-1.5739920646302463,-0.37328481363418087,-0.2534661284705095,-1.7087297925055875,1.4100302296428056,-0.18541820044525456,-0.4225175808503059,-1.6352050427956062,0.00858502945810996,0.8940437521022514,0.7558979856929844,2.8575871615146484,-0.7957126990039128,1.925639721408505,0.27752793167691175,-0.9368231113411839,2.4547807875313237,-0.6629858065992317,0.5094386655689128,2.1431740449682946,1.738433399194019,-0.9832386732389543,1.4950524074294032,-0.6849146626354689,0.9762939480809821,0.34004474091326065,2.825024959882904,1.8948387753603078,-1.0017579132167616,2.3776708735705117,-2.284035219462056,-1.8580031038188762,-0.8656215957257372,-0.4554980472976508,-0.08896532904346607,2.165128254028458,-1.2486892836112797,1.723794933764543,-0.8406888963304822,0.9164444233625659,-0.47930096079500445,1.9045497721669788,-1.7532815063885745,-0.03697709432328866,-1.1065926967189492,1.962663360971451,-0.2909435923767405,1.317156238524711,-1.5569999802460552,-1.0409474661205185,0.15821204175802014,-0.385790517240063,-0.9680888292617261,-1.2743965651036238,-1.4959743481034165,-1.55068109784945,-0.6760196786505394,1.926306835041013,-1.0527012245109542,-0.15484103575838418,2.099561222068428,2.4732083105443188,-1.3337024658108803,-0.12492418734587932,-0.7489319280615578,-0.4231365719251139,-0.7805424793806018,-0.66386505682156,1.5284304675668903,0.5958845269129541,-1.4042146940834637,-1.605666893536915,-0.4965564312535888,1.4850557951082008,-1.3009915302967412,0.42121259818138573,-1.571716542288452,-0.11775866147633694,-0.691497696585749,-1.2063382976066561,1.068641431124005,-0.028869623882302697,-1.17056597248561,2.930806632522204,1.238345449330303,1.2417058995101031,-1.1124508458650042,-0.28127820656553754,-0.9454821895090321,0.3408795600264199,-0.41337876697018583,-0.8702704257464725,2.015949813389075,-0.6240955499471016,-0.2895336942466848,-1.6248284394427497,-1.7850998718684024,1.8568504478873546,-0.8087807445562801,-0.9609852639045531,-0.7191160289410407,2.1210720873966062,-1.0241961915376534,1.7004308411114288,1.6460322993226857,-1.6532526820784497,2.4765690492167556,1.435613545597445,-0.28623896136840243,2.346712817117109,2.0811535079371897,-0.5962981381802229,1.8601258489680892,1.8426066845144122,-0.5458304102045711,1.2153449198264676,-0.31487347394891896,1.9289927112003278,0.01153741407198353,-0.9622187788838517,-2.7558951794233373,-0.7717862937423637,0.35933283814843064,-0.6970955255475821,2.029712679755144,2.614831271120296,-0.2383347609910023,1.7630469311710195,0.026891480204552235,-1.1848202280726787,2.052680438706175
2021-06-03,-0.12062597088780169,1.9052161967234384,1.370776412147909,1.7215028266241867,0.9476675195126615,2.216983227552386,2.0682867346098397,-0.44490180671953,-1.647644252600033,1.1479488595371632,1.896225642258435,2.1653224643645115,-1.2794446047858585,-0.22569439864854687,0.10484102591939645,-1.4812327247023713,1.5362990078921586,0.8141184556375608,-0.3286111594655062,-1.3625969648960996,0.02519166852600525,0.865134856187011,0.6493929644395503,2.5017362610482214,0.13013293996458275,1.4755635123633157,0.5690426031247526,-0.5415287587958137,2.1283875048542265,-0.8824737070025112,1.1771681026133594,1.4666600130634198,1.7664373162650848,-0.6742568492685482,1.6932880108150303,-0.07007902688569788,0.7264985498883708,0.30493386389854615,2.5669499028054257,2.1075365918928903,-0.8115265304242901,2.1448717894992417,-1.1742241184087872,-1.0028960868026857,-0.4595304247651053,-0.20846115368070392,-0.09951287279586114,2.021131995070733,-0.9906440939986383,1.6243733536128069,-0.4782368291617766,1.462530767794398,-0.26950695633302496,1.9634268823678003,-1.4596552724759204,0.08935098549875906,-0.8188194916927294,2.523015071551236,0.21391969167957384,1.2366432112112458,-1.1185362597823636,-0.6427631952858591,0.39131150477936805,-0.4403152730011443,-0.827886048791511,1.115446540964714,-0.7429287358877542,-1.266821315494873,1.9031423308171551,2.1761341334527273,-0.8072916593971755,-0.06327395439462641,2.5305178388881497,2.9057597556535497,-0.6931088191037714,1.3019608585891695,-0.510357055485856,-0.20430114068383984,-0.3846992684007153,-0.3656163607753552,1.8276050563973714,0.9121642253984473,-0.8846068491107028,-1.5164863601582284,0.04082433972733426,1.6000941955915164,-0.8977308767701513,0.7516713988155946,-1.0951523216982322,0.4167071462184033,-0.4210422403609636,-0.34499044686467817,1.4126817205288154,1.0067254246041,-0.4168423785236119,2.1254954291525747,1.9062431283085761,1.9041582682894092,-1.4792760291499698,-0.28077026281061773,-0.8161802765449311,0.49689380477885603,-0.3363770868244087,-0.6260967366215336,2.100846530713578,-0.5500158642882582,-0.41474015643340434,-1.8932832354643898,-1.5073984649669714,2.12803125196657,-0.6745656168692786,-0.7417232855449339,-0.9977526944886232,2.4116670723774583,-0.9274267352506376,2.335831860069098,1.5586236390882025,-0.363643132252924,2.3543934653552108,1.2382975213005827,0.5106283996051043,2.2552179125955774,1.8659972912021034,-0.21382178941541377,2.378950308867646,2.3004139476089525,1.9711751723712392,1.498794908049497,0.7285795031692673,1.3721512303926329,0.7490095240661264,-1.265700231947925,-2.206660334006606,-0.768016262980985,1.9045035409269562,0.09673615249005943,1.336075948127129,2.9030999211503645,-0.22384542662365978,2.1385810689890077,0.10659054913808345,-0.986180764792556,2.4785603134895577
2021-06-04,0.8920804609168616,1.7903056983430117,1.4856756064855372,1.5196615111327656,0.6254368930568478,2.0586682861267214,1.9920163004814113,-0.582771379637399,-1.902776453439387,1.4106773265795207,1.620170456992736,2.6523971270437,-1.4531802275855152,-0.21756770718445678,0.11483614337299031,-1.7877636649153523,0.530683917785318,1.292585707890231,0.38917157186619694,-1.2613508368670514,-0.18837563366962956,0.9991268340722665,1.0961635055334158,2.183431102256825,-0.010711021662595918,2.0783212934220883,0.5782034220121043,-0.77944686068879,1.8842277745525573,-0.32033265078579404,1.024850225270125,0.6357155908293857,2.6751411358704362,-0.8379225283586271,1.63753576977216,0.846865128795931,0.5532902725363594,-0.22244085416654208,2.4046609543428628,1.7074882193957723,-0.9093816430580579,2.057568338294233,-1.4637868699266183,-0.8491383281577145,-0.4329330489386981,-0.40415296742328466,-0.07958588517052088,2.3961472814255385,-0.74404178846417,1.364075621074671,-0.6329761529106595,1.48638938554754,0.8201250361142823,1.724866771574553,-1.8648211161981751,0.06451092278904479,-0.9750663511670163,1.8853539178194925,-0.20487118473213722,1.5894327778798651,-0.7290368259669617,-0.9499069308759148,0.6424173980903077,-1.0817890749809231,-1.01071131753654,2.806114110520097,-0.41753945311298635,-1.561237514249007,1.4589899543043718,1.9783599292981489,-0.8943054748702642,-0.13488337430288888,2.062210680635526,2.2460823605644085,-0.8245858429392802,1.3209626850659013,-0.66717690935379,-0.8140759868514393,-0.651597050864316,-0.5120041302081464,2.094966991828083,2.0709947035558223,-1.1082037631694865,-1.64756066541813,0.17271572564828372,2.0657865276257446,-1.164084715216422,0.5869990087874477,-0.9377172145378073,0.6314564089629777,-0.8019396648183786,0.2945733951471196,1.2751372328992188,0.8023254383637993,-0.6202428433972649,1.985802807988601,1.776057779543733,1.7628714250001436,-1.5744399828212017,-0.6542789477728765,-0.9015396208301447,0.02723013090313965,-0.5119763517146041,-0.7486265721105357,1.864804753395319,0.0337030324796743,-0.39658935365113435,-1.9554851718449124,-1.440795349238528,2.497236197313094,-0.835129169309435,-0.8702810551307066,-1.1634501183928534,1.9683345725249528,-0.7526201248842384,1.93302655958592,1.2488921167692923,1.0684720626993383,1.9875877360319993,2.0152710319061202,1.4482043086270462,1.7296823150267162,1.8853210839540424,-0.31942315085000783,1.757449457885547,2.1639079264811,2.034449666684265,2.1039203725173112,1.3533510099397883,1.6969634000220195,0.15576779604807509,-1.397476634335972,-2.2367424300604557,-1.2292031708085485,1.6816177791716795,0.08824754937021809,0.8005770435790269,1.8955548890437004,0.1504298659724914,2.186397072606696,0.09008993975813076,-0.5548974885243202,3.388218307402902
2021-06-07,-0.3852325927128231,0.5921836125964419,0.9778859758178301,0.9520238528929744,-0.026353383933783864,0.6165362963870026,1.2620368866395582,-1.7313757169594564,-2.376772492939622,-0.37585814113040794,0.9776113936220479,2.085734021322836,-2.2611078761209056,-1.553198994619175,-0.9214415614110156,-2.5026495750616844,-0.8166615741122577,-0.41885397814304204,-1.5094629398609982,-1.6347053734536252,-0.6127391620985838,-0.2895769866831541,-0.8869160921732409,0.6951916285734604,-0.9999456284232617,1.443617782079585,-0.5224572227666305,-1.6457460439119895,1.6848948268276458,-2.2239159452021027,-0.7441382075434623,-1.0459054134414276,2.9464843261774485,-1.2612423282819056,1.6009513144248118,0.44687931943568726,-0.5024248646510966,-1.354105835798086,1.7004859582991485,2.145266173395894,-1.7708419045516541,3.0041034973583804,-2.2116503523755098,-1.4056595953972684,-0.8964226977389697,-1.3015232952649052,-0.8978787387328786,2.106846556806148,-1.127665373135086,1.069876612802357,-2.2818717564498825,-0.11922459731664944,-0.8400954041498288,1.160478260779613,-2.2249351065914937,-0.66940135850127,-1.2530012231172993,0.6911581721638618,-1.4666363596836711,1.4829016634091599,-1.1237345609283054,-2.2820374571109694,0.08200102108343414,-1.961555499113426,-1.7433643135541435,1.1041102972551096,-1.2208522294910749,-2.3777287722151703,-1.0424131281069533,2.2140809326468456,-1.3447242579550587,-0.9743332475150226,1.4364113686580668,1.816425423510656,-1.797456292948022,-0.08193423298655704,-1.1695986209279983,-2.3963578003843633,-1.040490399967494,-1.5725607929056826,1.4207620590344565,2.230029228756087,-1.6532180801033913,-2.292724161864683,-0.766635043978823,1.6014902652569305,-1.8097639232331373,-0.5836191498637348,-1.3451744105334378,-0.9247039709755429,-1.4448466354208005,-1.355691372216017,-0.04792432144102423,0.3973093663111196,-1.5604939894093666,1.2861505804151832,0.896768524718617,0.9054358086922566,-2.8422916341577267,-1.2053268634267045,-1.2969068009079132,-0.7449944195920435,-1.1058380621842934,-1.1011934814865705,1.2976393625326699,-1.1908745011912174,-0.6758886735083217,-2.303763892047645,-1.5835226203125612,1.2286820177367286,-1.506538858249188,-1.1146211981711738,-1.8076506049521035,1.1429749203432364,-2.2929426875314434,1.43568377910488,-0.11085412530208158,-0.8003708131135744,1.4186055507358355,2.0094442871128564,0.46686688693125017,0.23314694874162925,1.333834672653274,-1.6644373817750293,1.1490045613009563,1.7132021971296856,1.8427774356003255,0.93891962724937,-0.5143504670769987,2.402076904985966,-1.4107927284959252,-2.203954359569312,-2.2872695478734086,-1.5337610528736147,-0.6343590420075643,-2.2273791029147203,-0.7140890196159266,-0.732520330097799,-0.7240717709283084,1.8034796469575145,-0.5251608105874103,-1.408483169357378,2.8650490963580735
2021-06-08,-0.7951683384653536,0.16901348801446386,0.4197989687737737,-0.01830867021068319,-0.06636213941863803,0.3167306553731464,0.496500140431639,-1.9943299252453803,-2.1828836566503447,-0.6917079821357784,1.055429819893657,1.24643889413035,-1.7776302448623384,-1.262228584793673,1.1913313942954893,-2.036009870316784,0.5975465042562916,-1.3037631052508782,-2.24720860523492,-2.3359815365084877,-0.9869328810305527,-0.782813573244681,-1.1627893969309768,0.7864135594892032,-2.1527040364654,0.5087312739238671,-1.3566867840592596,-1.9884254820544025,1.4747141092173044,-2.8326331234592006,-1.1923341112910566,-1.0795716943978473,2.2328225108926363,-1.217332586341175,1.1373372325439692,0.052457831142169765,-0.4409998214599814,-2.2075646379582845,1.7626941254152206,1.5938285653062132,-2.640212900115403,2.4360275827404947,-1.9471551243799128,-1.4785341404400432,-1.4636506885038851,-0.8249951363864632,0.08794721975524208,1.2741767412688902,-1.0741788949481426,0.7278671867014462,-2.1389434294262815,-0.7863197069094653,-1.6661198992773074,0.33550500414167317,-1.901201247646842,1.2210515181164314,-1.2666980464583366,0.40963998648362854,-1.3945598847325482,1.5206625259922246,-1.2821382996858224,-1.6590969903437829,1.362198561212658,-2.3458867252792492,-1.5240934591110213,0.40425045453166114,-0.682552729751773,-2.195883547677717,-1.7183239021320178,0.9116476283209773,-1.4772451158839217,-1.2324551232207612,1.3273026725736956,1.708927468810503,-2.555918819132857,-0.5247377575493293,-0.8348293550356577,-3.1618600047618535,-1.34302245866076,-1.4979706608160133,0.8425195585966844,0.671811311130425,-0.31465438154398784,-2.688597953129944,-1.826238186038358,1.7816141215421115,-1.077878782513314,-0.5221403925018893,-1.7965086764691385,-0.1378689187638125,-0.6834172908684851,-1.3115592170594097,-0.6392323721785,0.6056053500622554,-1.4177132774215935,1.1287349053414448,0.3380546884073075,0.3491690379006331,-2.4263073017272214,-1.1102747669642812,-1.1662382831030407,-0.46483732482720075,-1.1318377285698507,-1.1696324319404057,0.5537307486089974,-2.0184607963277426,-0.9492365278632647,-1.6514545975503843,-1.5889404078796168,1.3820609860925124,-2.1504970406375055,-0.8889853177072488,-2.0833710307796327,1.0083985242163884,-2.172968692667627,0.8595102433923858,-0.47565283532790936,-2.0926901108477685,1.523426937446096,1.3913516451350794,-1.536832397448423,-0.5838839986745454,1.276543333424962,-2.5593135644106706,0.9064846630120056,0.16338905692698627,1.2669211600588572,0.4264669710683064,-0.8239264845201384,1.1521576131105853,-2.751273300239458,-2.565732692310544,-1.7408634466116997,-1.643036360657819,-1.3316600727727443,-2.3523611426345274,-1.1278794045681149,-1.6017460706807634,-1.6581735836757903,0.7799070983993134,-1.2722645142979845,-2.699828120995956,1.8722885909641425
2021-06-09,-0.8957124016080334,-0.008586743476744402,0.5814732460818033,-0.0649585013383535,-0.5434018704342786,0.05482721891502164,0.19091222124114895,-2.1744159351903654,-1.8893554303033635,-0.8411649814349562,0.5988797666300357,1.2902666114887922,-1.3995078284854654,-0.506927740069909,1.2310423923793372,-1.8615471964430905,0.8711475117900106,-1.6693721292058932,-1.9473541745541274,-2.0991415393417387,-0.17658946607819298,-1.3030911840786126,-0.906203905557417,1.3962053222836834,-1.8181125690534972,0.4050049805365834,-1.6573755300496107,-1.6123732448571084,1.0344946160212833,-2.1569182858073757,0.5871023928746238,-1.2953750196127638,1.7850984073917484,-0.7585136764276935,0.3778337464793109,-1.0035645091270604,0.03608450045628102,-1.3985537929168554,2.1559099367329537,1.2579316840706665,-2.2297889378558793,1.1536183977400714,-1.8578300162745653,-1.556473061113908,-1.520784904090068,-0.8890739465776017,0.6495604299837442,2.1280168894828484,-1.185629024363621,0.8371705953619776,-1.1103333617511815,-1.067405371184868,-1.2386083013288738,-0.5981604852910649,-1.123966935282425,1.527680698579082,-1.1448672477894326,1.3928905913773275,0.07282921153004022,1.321577512323846,-1.3838686033216177,-0.6695643870909481,1.6152135031649693,-1.7971266944192654,-1.5437251820806432,0.7633252355104976,-0.9472527473150011,-1.8599617756824203,-0.824848652840593,-0.9955047719644468,-1.1218502415074874,-1.217683046004934,1.4202272190059546,1.6226878739245219,-1.8757028400431033,-0.6930611859694705,-0.3194443694937829,-2.154689111346374,-1.1051227582210519,-1.2974199382985798,-0.7463365102886038,0.6292136014601569,-0.5298299509117045,-2.202474714303447,-1.8441692699342147,1.676588023404615,-0.9667766238991191,-0.10902956423339351,-1.2772998966205387,0.0810752725922049,-0.9822313818570979,-1.934985462937264,0.29852678469106425,-0.350198686615569,-1.6132800125847166,0.6155712572725568,0.96641570951258,0.977279560697388,-1.5573949488863668,-0.6407165900682688,-0.1552549155007228,0.06432306679320346,-0.7853267683410697,-0.9656389699785776,0.015957064488519572,-1.8060185188310922,-1.7905016580220847,-1.2328917300079767,-1.5713988756601278,1.0467784920096974,-1.7979280593945848,-0.7671010832634202,-1.5701336123840823,1.2685514601668497,-1.5570017228643864,0.8854720258366584,-0.7334110463675029,-1.0014236007942998,0.93762602166994,1.5303609117544545,-0.7849556695595502,-0.7968158288166144,1.0191836577888893,-2.2126087281992537,1.1600862561660705,0.3808219044105049,-0.7502523532766365,0.39401867293861437,-0.38039312609035386,1.4932921694991872,-2.6889334710226684,-1.996425350485422,-1.531708459051896,-1.418598720050227,-1.0215483985206442,-1.7876419502508267,-0.8423364184675172,-0.5147555508675866,-1.990113809262927,0.4957687354130873,-1.2223643918849758,-2.1564796958829535,1.6239206697709745
2021-06-10,0.040347994482053576,-0.0016254014184337933,0.9010516045479419,0.6044292697264221,-0.3690430559429855,-0.09962539634379437,0.6367834554025465,-2.437037585853373,-1.443573566150089,-0.49499953511184636,1.591076486016026,1.746321277190167,-1.1548693308695874,-0.41717654035338086,1.430825813443993,-1.8160829171443844,1.005879606306501,-1.9793046307878284,-1.750439749807323,-1.776683395309916,-0.1559981537142677,-0.21971008739207723,-0.7999952697435001,1.050449019122467,-1.7575062759682711,1.034020015266709,-1.465716806732818,-1.060257224097366,0.48012819214228397,-2.0569095612366226,0.23677481638976916,-0.6944657858614707,1.8287032890733277,-0.9012887339797164,1.5800629091203722,-0.3423679777500166,-0.30194657980203304,-1.0388378784807957,2.0703529828275617,1.269845019903522,-2.148703736315611,1.2747756527020089,-1.832406140085732,-0.9263318638718953,-1.6520347125001815,-0.6994772941252568,1.016134983268704,2.346481694794626,-1.1678255959574242,0.7213405487299733,-1.008162267756302,-1.690455483485827,-1.4562262657815874,0.19574226505684672,-0.8548885251151596,0.3983206512714768,-0.813251913934921,1.757416813902781,0.8531772615548823,1.0195868687187413,-1.4982544038317642,-0.5170351889148492,1.6935919805439101,-1.9759865989439231,-1.4026969585567712,1.0920749198292503,-0.9176137081611039,-1.8923797566880498,0.7917024004548714,-0.8084041099927893,-0.8677063481634908,-1.4354800776938508,1.3055008299740498,1.360556673266215,-1.0888723801530218,-1.036918734305474,-0.7326702897675054,-2.2398478379868374,-0.998771219388248,-1.2372604468797552,-0.2607557174633795,1.1053711529439396,0.5998799901129174,-2.0587729383876088,-1.6736589010525837,1.6934325929727088,-1.238969077869197,0.8349952753988079,-1.5169064887315191,0.301896578440558,-1.257990660227884,-1.8158055717492596,1.092406692681849,0.3335988536277976,-1.4378771188024735,0.43424531802681465,1.276368623330668,1.2883796881249097,-1.437175678825828,-0.6839301880777492,0.23978212839057994,0.5257561809169374,-1.5399174479479958,-1.09452415333866,0.23353066430162198,-1.6935934756875204,-1.4727112431780447,-0.6895409150665199,-1.4926373672948865,0.1956435174502237,-2.0060295149507357,-1.1553975843926156,-1.6175285828647976,1.0644310785038062,-1.6072508586906737,0.851721042256334,-0.7238498729779068,0.749665517352517,0.9225764458045639,1.7022723446289187,0.7021341552170879,-0.2643043557711583,1.0116174782235818,-1.7317656568608482,1.0829047992455814,0.4449277419867568,-0.4090399844438584,0.4854429971953881,0.6784652804991078,1.179831707314931,-1.3366005987354885,-1.3419507047951866,-1.3916437094587943,-1.810628117633498,-0.4068647536934157,-1.7691876096197834,-1.0195006622998228,0.808778891244961,-1.670996165153895,2.6798583380089793,-0.959183980448126,-1.205468369483042,1.8185643073918218
2021-06-11,-0.9005931613011764,-0.41042388355212456,0.47438217694868157,-0.5571613249290279,-1.1723235033298351,-0.4749415427538636,2.3259539375555636,-2.574859020575544,-1.7642293316600055,-1.882894431690253,0.9882367416505,1.824912254891825,-1.7079157400149596,-2.201371171805923,0.10535121852269824,-2.085699835184581,0.6017145458330616,-2.644408288816327,-2.6897448423036305,-1.7616512731152145,-0.8534785089139363,-1.4716669407915661,-2.2231485129409774,-0.05409613396932153,-2.3720004165453457,0.3136509463348485,-1.9909786079724228,-1.9587737917468324,0.5650359198456408,-2.5692022031492754,-0.9659768898992509,-1.6629369201888382,1.7394085003837851,-1.8033218544665561,1.0263347172685364,-0.749274632608777,-1.3106504816786084,-0.8407352193956702,1.418600171753337,1.1871968461002051,-2.355354680795954,1.3657285037464124,-2.3250862173678266,-1.3741301220228994,-2.276568476497734,-2.569862382778581,-0.2478703180714131,2.142514219606382,-1.707936979071097,0.27340964054528644,-1.7530724343685367,-2.536805614915498,-2.358822994897941,0.6017805171146593,-1.3190741196059528,-1.1565854554646664,-1.664889483613665,1.003686248042378,-1.0112732082031783,0.6978337178785342,-1.9061198841767957,-1.6391353577247347,0.5637821010614211,-2.283808385705098,-2.163003611298942,-1.7420204976700602,-1.6598195639401092,-2.167028340775863,-0.4770277291238932,-0.535208777049506,-1.4304495709699545,-1.7788799648573796,1.058102168136352,1.1194837608966408,-1.5690197802208654,-0.8011928786965129,-2.318502343474386,-2.412467187720404,-2.511676471973311,-2.6567748634500776,-0.8448990212121885,1.1679118670289557,-0.5147445746379175,-2.236507189272543,-2.244819934885115,1.2140942367581864,-2.3420105336216333,-1.2779501229469774,-1.958651324025514,-0.9239541805762739,-2.1791550373472455,-2.41485238403361,0.22203552540591528,0.7025086259813995,-0.8526487906274586,0.17116883594303667,0.375113550949199,0.38045456289902707,-1.9548106815265052,-1.2649628441786789,-0.19108037781735498,0.008530670185120694,-2.856864368772964,-1.5612379658423141,-0.606717132296786,-2.350116848535775,-0.444801122584865,-1.5538161274962223,-1.7047467612300644,-0.5866502903643418,-2.3999376585718997,-1.668803865089422,-1.955278512747303,0.4725083806247509,-2.3119971220532016,0.47693377829984857,-1.670729161473935,-0.9832679104141874,1.0566822049090419,1.5507759280622444,-1.1180871203004779,-1.3806485959928996,0.6353970195518683,-2.1809797262257944,0.803855696077027,-0.3404153734500933,-0.5405058131570749,-0.2237507587406483,-0.6955260475952387,1.2638005314043523,-1.9200189424268097,-2.136882804629793,-1.1569856296167327,-2.449097633593127,-1.925030777725569,-1.9793007458931104,-1.6369076676608132,-0.04303981536268316,-1.8512507289971634,2.353871369820142,-1.570069622352208,-1.6717570049393244,1.7274153885889192
2021-06-14,-1.0645321255409115,1.155420029407358,0.6523931016634079,-0.33147958626149526,-1.0312774012636639,0.5340348588460753,2.410528852816266,-1.830453479847449,-1.1933562320380229,-0.6564082743636201,0.39772508232409676,2.1409133641170577,-1.3348673394381207,-0.8418224457486064,1.6365653331153427,-1.3051604137748598,2.0833662757509366,-2.143015536841711,-2.049262115407951,-1.3585365473105322,-0.43842822667322334,-1.7381462415385598,-0.9485537149879555,0.1549328127750689,-1.8125143165299593,-0.1711469547608094,-1.6015318590637408,-1.5448720636946431,0.4722554352118044,-1.8301318736119718,-1.0813168012081869,-0.12737023152441396,1.6824645977222903,-1.667619054407959,0.7599754932945034,-1.6205872219765003,-0.7817475325604993,-1.395896496246245,1.3717111895860772,1.0872403440958154,-2.1303130613277865,1.8501061268518644,-1.8322326204856032,-1.0258578463035584,-2.051585458006706,-2.090259757913256,0.4073452144083278,1.8797733553657354,-1.6799282368430142,0.4302389231727143,-0.8172186862871577,-1.4213995483607877,-1.4703001131768823,-0.20988949814729524,-1.017664541952603,-0.6511047302217129,-1.3566102552309525,1.2050336376857558,-0.6491407408467179,0.5856484589150104,-1.6893034736823669,-0.6963272894465199,3.5496487876158103,-1.8774018065672224,-1.579393624195092,-0.8078967042268024,-1.1016083734731497,-1.4839762761736446,1.1269252923308495,-0.5303703042515329,-0.9912288523497982,-1.4408173098247452,1.3169940620599172,1.0635575636133416,-0.44353511763179426,-0.6586028449523413,-1.8596603848342546,-1.6884474357241028,-2.3960546454534946,-1.4037684339015852,-0.6161002948647345,1.8387748965257107,0.13429130254303834,-1.4573269804416742,-1.5997218351905664,1.261524044431307,-1.3821612756594965,0.11663069091125881,-1.0727026164813593,-0.48895277250747815,-1.8452849533455853,-1.5999129798025753,0.4406666047955689,0.9485022259252783,-0.618514756250763,0.5095889329708416,0.4423740149046425,0.43664993231323174,-1.5728268463801423,-1.0457290296667048,-0.4311859928827485,0.7142783883072849,-1.7821815690370335,-1.4624082860195724,-0.8970303719498911,-1.8076326429389205,0.9255919351838019,-1.5216777270774497,-0.8715065140596159,-0.27632155851009765,-2.0809970599738468,-1.295368290780969,-1.672908997501424,0.679723148195777,-1.500377499641815,0.5064435210198609,-1.020950455297395,-0.5882549152335463,1.0121727587800329,1.663892565002673,-0.7763350478123874,-1.0436272492677483,1.6740787187783903,-1.665606930493438,0.8052215141162363,0.091088338121922,-0.5730860762911515,0.39321768871776164,-0.11624786532465953,1.0028353910264185,-2.4848593389487075,-1.5732772138225077,-0.8260794766944157,-2.1361530940307762,-1.1042006078419213,-1.308479999016478,-1.1205501955548394,0.26666956980580825,-1.052720811438037,1.9578825415640886,-1.346144494948478,-0.36497491318970776,2.0948146047737204
2021-06-15,-1.2784975677362642,-1.7141171790580005,0.49333427990686596,-0.4189262327282806,-1.3564995214913604,-1.4739745303254257,2.155071706469012,-1.880816873766116,-1.5543775266211415,-0.5048162871453165,-0.2646182058985812,2.021423590695092,-1.2444541445701078,0.549431455025586,1.3001907575873668,-1.1405019090972108,0.48590276518838926,-1.9818831762109612,-2.0716013073734216,-1.6304208376592388,-0.6569985966009654,-1.9385616434352053,-0.8784480450905495,-0.2694651293468393,-1.7308978220311335,-1.03631779205644,-1.672703930422058,-0.7565666907989845,0.5087836110887893,-1.7552268861341946,-2.1852033870804903,-0.1282574951237015,1.4691453603053257,-1.7614163213192875,-0.32932461650608397,-2.2918519824921604,-1.805434491939717,-1.1097203921640408,1.1127402662682297,0.7773584776202005,-1.5095482655388444,1.858100700849599,-2.024889210441784,-1.6113822826423474,-2.149660297299963,-2.503546111990304,-1.352888124492724,1.623637032697124,-1.8868466173263592,0.15069658948429188,-1.1822907003991245,-2.432948786156738,-1.6248321882082595,-1.446120992149223,-0.913000371855111,-1.1835442309867372,-0.9161524896799391,0.7754738777712952,-0.7687634681368972,-0.6025622885503693,-1.5040301585672697,0.053945927608913105,2.002338759398654,-1.6355460517455356,-1.6655763070314957,-0.8118645830737257,-1.290092834343511,-1.7104326828358647,0.7481000008355395,-0.9379055844282961,-1.460912780773291,-1.4126642153584337,1.3700120658604518,1.1886360340960707,-0.1645410200766794,-0.6369829273726492,-1.5893808410594874,-1.5458234985932509,-1.9992468568795516,-1.7203984511683788,-1.410084425946694,1.8156223154915765,-0.48811988956566144,-1.2624631412922283,-1.7663843159094972,0.3448892438059035,-1.2749275603212362,-1.521637998654843,-1.4071124900237084,0.557075382505555,-2.3872992710221066,-1.7593669346753777,-0.009646288105052617,0.9547334402498705,-1.68904432463489,-0.11198236135518701,0.4842403983926887,0.475863271755834,-1.6726795214842922,-1.4013900080493098,-0.5783198777603547,-0.1422343692212798,0.4291785551141778,-1.6002187238038463,-1.0516805127776223,-1.612357605794035,0.36056188420030216,-1.4945861561039484,-0.8783660028079051,-0.9924683782834182,-1.939108140927384,-1.6691182122672577,-1.5697099778810006,0.8473614036490668,-1.4858303075134751,-0.602227442897633,-1.972445136071085,-0.7508459771683765,0.7196940641415592,1.4524503228179384,-1.0783444805192859,-1.3389292600330018,0.9002309783707608,-1.6539523176130133,1.1392443239948944,-1.0396285804162249,-1.5799360182889122,-0.5102209204794655,-0.875905360245341,0.9362041596813198,-2.533711691604531,-1.9151473573157325,-0.6978730780461215,-2.172308683976863,-3.0965524427710838,-1.51269378164094,-1.5814254889395554,-0.2542758735571156,-1.8466967950286826,2.227459340374831,-1.4212394318105774,-0.5269543382329472,1.87319916646804
2021-06-16,-0.6108584327928944,-1.5291221561970152,0.6071463951260159,-0.40521106594932177,-0.8819968483128396,-1.3084849818435398,1.641884512383649,-1.519994485256356,-1.174298301241583,-0.9450974434509297,-0.26798486262627563,1.6764668092826607,-0.5341988147680272,0.8319441323551892,2.0973742302934557,-0.902980183952536,0.7740943976745318,-1.450270002139859,-1.6382961721507765,-1.1221223691333349,0.07223214757701006,-1.6514254549427163,-0.3602560364900575,-0.36894050299096043,-1.113878773116081,-1.2505611877988174,-1.3870606602804607,-0.30793461979257425,0.39175564398696466,-1.2279261450552872,-0.706882232740303,0.4655357121366975,1.1898645422279612,-1.168416472989753,-0.6505231064990574,-1.9699382367010045,-1.24803552709594,-0.6345615279943995,0.6712857992636241,0.8269585308601956,-1.3677315340980603,1.5799325021125548,-1.7015286178891487,-1.8096326365236517,-1.822810596326809,-1.8363125735412733,-1.2541283418910816,1.2438479228523664,-1.768684023518668,-1.2766654919640947,-1.1081942819805646,-1.8784760293700067,-1.0568596172962412,-1.3037832261480564,-0.673785462165471,-0.3523807330257992,-0.9595806822161409,0.5428986605323861,-0.3418716717090951,-1.296158600007231,-1.1285169163486561,0.0745433068484443,2.7062876272882717,-1.6036532963773085,-1.1396997327633904,-0.42899407277006585,-1.3829304552346262,-1.2325032548718824,1.6028795600295183,-1.2971573682725663,-1.3541870944921701,-1.2112727273479273,1.3090606555284203,1.0980827500419026,0.36424364435854906,-0.9380492930527586,-1.0089547604373432,-1.1078548942959128,-1.6037254273370811,-1.5068867128098773,-1.3317711754618122,0.9718746184775052,-0.37292540593954276,-0.8783626661227739,-1.2025222513061433,-0.006156329885686484,-0.9513517441061392,-0.9603571521540207,-0.8536388172170598,1.47546684782026,-2.1601473696176376,-0.2498857450459542,0.1548513724262839,1.4206246107468792,-1.2744255168982501,-1.1326356138156028,0.6772122393541102,0.6895632471840943,-0.6811983743762815,-1.2428920180028358,-0.8952463685736893,-0.7772467475704291,1.5492820587260898,-1.1753038249664947,-1.083153956620977,-1.1708384527978821,0.758737520397722,-0.3908676391910474,-0.17274850762477015,0.32712802008118474,-1.4536057009149965,-1.299563273351821,-1.341287509462585,0.9980070482114094,-1.1910053536488059,-1.157204330001831,-0.8536834736834937,-0.7832469770669446,0.6714365553726314,0.8609204375316971,-1.4863154139875472,-1.0923826147339013,0.5939827924954261,-1.1153783177070289,1.126517633087553,-1.409843746137348,-1.9372445891007353,-1.6404692296407388,-1.1380841006374722,0.31395239956790727,-1.5017540290715696,-1.6065405186229902,-0.5006692529675696,-1.6880166906665721,-2.606847521658656,-1.1910495907562908,-1.4780169967639532,0.50400532081015,-1.4544042588514476,1.689924847175687,-1.3517904534881042,-1.2961097309343421,1.7046748365820168
2021-06-17,0.08036735098981498,-1.4256018225682658,0.7459875145703461,-0.5295342435971743,-0.9419584166155497,-0.5916426778992785,1.1682402608238214,-1.4746586197867502,-0.9515349136051926,-0.4089341156565371,-0.26083948954628516,1.363566565650163,0.6684868106901197,1.5034703361466049,1.744301789812292,-0.5810060724690668,1.5887612866751684,-1.2847964141552113,-1.545557079494582,-0.7094267155540607,0.3052390752447827,-1.2289541046871313,-0.9341865514716268,-0.807092499775972,-0.9091574691153863,-1.4820886427646938,-0.9917957576496016,0.15021254500025552,-0.6162215370420039,-1.016805075627467,0.8592876606961157,0.6591753078890195,0.907177681628797,-0.8587802344695994,-1.2606912298082775,-1.8747360506171387,-1.3102917296772019,-0.06188003535337689,0.3495105614052622,0.8424666405670101,-1.2541034963775015,1.0297932106979373,-1.3930727088352024,-2.157650111623953,-1.701901968350464,-0.8645063803557671,-1.662423393190021,0.9808894066984198,-1.5814906955965902,-1.3383125308498243,0.047102844076953275,-1.672630164343959,-1.3234437934952887,-1.7956793224043823,-0.7171575492233441,1.1090513476029846,-0.8636926589226565,0.2385782540688037,-0.48217724846394555,-0.9424658904961528,-0.916446513651754,2.057359774172705,2.660477639006338,-1.3670002138207948,-1.0497140216977823,-0.5372753606517903,-0.7801720642897143,-0.9402303423277671,-0.26936564785406736,-1.1405515491795388,-1.2265304067940344,-1.2333885061168308,1.2305245494673631,1.0882298805980724,0.010146493778285299,-0.4225117233043839,-0.06477127190668763,-0.8406447789804357,-1.5023554445548521,-1.3942228079445242,-1.1986976768294255,0.7998978563761201,-1.0729983812494146,-1.5480811712988898,-0.7453413015103103,-0.1810380083527939,-0.42274717599008266,0.6031918774283245,-0.5569352552228516,1.1419278110838158,-1.7015764349944038,0.08046266498316283,0.26565220132717193,1.3750682475338303,-1.1797335032220284,-0.9246604581633092,0.6816691064303614,0.665319243043705,-0.3298958205778426,-1.114852187903542,0.4143583878843417,0.44095190541529716,2.0229883938054125,-1.2299322235409866,-0.06698405085636945,-1.0671675779719922,0.8647940808977028,0.21551590915623797,0.0961397409697319,-0.8276506496474766,-1.1806886782537531,-0.8699090133748313,-0.5429284242201556,1.3864683005314473,-0.5573394837954829,-1.3389402461282456,-0.9401750148062727,-0.26195760880929053,1.0413767535842522,0.7054656065004394,-0.7649701008375762,-1.0353502834216939,0.4865347643457481,-0.960142757961875,1.1822035063317538,-0.9156037502946981,-1.7105401542769543,-1.7248727139359779,-1.153720306878274,-0.6656268673660324,-1.2165317750746045,-0.627790182862595,-0.21701970343059515,-1.6404541982660255,-1.7519455166599431,-1.069765531176488,-1.292179226634099,1.2806611779058292,-1.5269041545625122,1.3834501257217322,-1.182418038520414,-1.4411918461564406,1.9074490311040482
2021-06-18,1.0813173692565294,-1.0055501691178113,0.8831099141789095,-0.1875463810042919,-0.7109608947505727,-0.22454277434233494,0.7368253396091987,-1.2259903604533853,-0.9669146722229628,0.2860340396240478,-0.3051729109064301,0.958202462720498,0.7667485951530544,2.0560232824084475,1.6053648514129093,-0.28318161269760994,1.5364621870483075,-1.0936777656113446,-1.1713924340694037,-0.5313185567685365,0.3498293818492293,-1.0408013526641595,-0.21924980008059186,0.3414285957370801,-0.10213862510310373,-1.6855566771704253,-0.9232619439515288,-0.40422530966106773,-1.495984511975954,-0.4655924405744193,1.764002522348627,0.4530183603517779,0.5122858214993656,-0.816025997882831,-1.4741719943249005,-1.9346598028570476,-0.5156585291927528,0.6233807167402389,-0.8173827608681632,1.3628962148795325,-0.8317226677839668,0.8931715154103345,-1.0263676471236736,-2.02212666657431,-1.3278613896899045,-0.7042258934756966,-1.372866757752788,0.7722457070251355,-0.3155821156349815,-1.5597589308213529,0.4022123268516565,-1.205213859858976,-0.42580876057091704,-2.0098874409309317,-0.3683402802000413,1.8077801260613127,0.16073183871577937,0.8580988823691604,-0.6971864099899197,-0.7044621090000063,-1.19864019079902,1.559975180416592,2.1767390149562615,-1.0025285341962362,-0.7332502367160588,-0.5708199148372298,0.6062570914516002,-0.5959323666507385,-0.06722716854250627,-1.0542503106147556,-1.0557393983992351,-1.1105993735478952,1.2405936363233803,1.111156392506982,0.8097840161327587,-0.8028570702683403,-0.7100625101611142,-0.24575680089638144,-0.16642652205665107,-1.8249820177543734,-1.319232070509446,0.4781890597592734,-1.4342135283805966,-1.4607489434262175,-0.8102373255244737,-0.8092824253965412,-0.9394634245590525,0.980757213277532,-0.5639720765539414,0.9227559529911461,-1.8706542189020166,-0.662656000631789,1.3735440913396306,1.3362095166497066,-1.1735336798137246,-0.8770956426219269,1.3640242659307031,1.3598455202571478,-0.381762737656329,-0.9882854285352837,-0.6596920923899229,1.235673270222829,2.1329918788825286,-0.9502565677638044,0.20999027763029293,-0.6409997880641544,0.5982787414596316,0.9228827800893196,0.3930885000047447,-1.3546959951338284,-0.9716593342000079,-0.8307492894679849,0.20442324237763346,1.3557699998505106,0.09775420773173718,-1.4281474399406924,-1.239744083512254,0.23578293359455088,1.076529382551324,0.5633327794383867,1.4389041935947633,-0.2852184956976641,0.6671599506262736,-0.609832286060748,1.502865759515142,-1.1243571711602567,-0.9348125862451242,-1.2947895569462788,-0.6557566368773593,-0.8094350085847127,-1.3267396964586267,0.2815591213667445,-0.03055169281092386,-1.5529767872538078,-1.37754169644648,-0.8297276273383701,-0.9306413121057548,1.7811520074737375,-0.24331887198951455,1.3424288820398493,-0.11070593963910215,-1.0894210234171893,1.2146911052772493
2021-06-21,1.8997885398894574,-0.6077882730756313,0.810957440228592,-0.19124839834294985,0.06165612925382918,0.20969429673828596,0.9600323885955196,-0.4395079663419139,-0.5849713177905801,0.7636850355877697,0.3607171436443621,0.8188598264987903,1.1694304680516538,3.0926975019105525,2.9400679448494302,1.3743932303155881,2.4721113002087054,-0.43419329508942106,-0.5567073255746692,-0.1944925861065083,0.41350215636102755,-1.2163699236473877,0.2230683486218511,1.3191266459578326,0.05989668825903691,-1.465797436189614,-0.4848216461536278,-0.23683123057482722,-1.887366230019771,-0.04127588987145612,0.7116029179424708,1.8845667510427033,0.4145411918194723,-0.1925178595005861,-1.3426597899294928,-1.877237328579235,-0.7004146353021831,0.8841195685439104,-0.8373893619549405,1.6030555525530463,-0.639866345561332,0.7830041353783229,0.2717479113107877,-1.4075576679816366,-0.6377112910497267,0.4755603131172302,-1.0612292989606251,0.9407621203388424,-0.7158113166170934,-1.130852135385044,0.6206223282626377,-0.953423497756584,-0.12931079615622257,-1.8726944343172147,0.49249736531362887,-1.353610933958363,1.4990825476254779,0.7422834405094046,-0.7032841962987879,0.27366811799962626,-1.1993355129102108,2.446082734970883,1.6749679842895993,-0.7464289549267458,-0.17087883968224465,-0.5681094637713042,1.0408975852536815,0.27524160576499257,-0.30786468453090293,-0.9095186450156406,-0.7598990853126892,-1.0874349896031241,1.1389156144047337,1.1042518677742863,0.989636289786713,-0.756666720646588,1.3516075325980306,0.4472329015511308,0.13801997785657674,-0.7907383979136822,-1.3898787214026846,0.45982330268250365,-0.3133983104502134,-1.2469501382161094,-0.3479035295944617,-0.3551721350966676,-1.318202503258951,2.6126158694110835,-0.3289764892344213,2.3603978388994813,-1.2811948994561637,-0.7308120109217956,1.377068443156558,1.7066083493651092,-0.47895153664131884,-1.240897867821271,1.505269157477257,1.5089277547693658,-0.21172291675821003,-0.3910891403301447,-0.3599190681006145,1.4199935753930724,1.822437884028564,-0.7289059389131088,0.9798531028816846,-0.30666222893135536,0.6984733282485803,1.1480653580101872,0.7505567748787463,-1.1062273319005296,-0.40022952024282205,-0.4295980159008943,0.4880873866468519,1.6334306520236057,0.8457653347779331,-1.1242981569602952,-0.1855808574495941,1.333928649033938,1.1972116595652842,0.715286856505931,2.619955268769464,0.057108374349525384,1.2981588338139356,-0.42287784352389074,1.551702277509473,-0.9494382845210791,-1.1633596672619968,-1.0174174958248101,0.20974259919508642,-0.9863740212165012,-1.0902792084498967,3.2523782017061484,0.9424954640701813,-0.798460432034054,-1.0470480469691836,-0.1593368361302005,-0.6015012107824723,1.9327674099458692,0.015289419081114308,1.4074136267858444,-0.1339226296940544,-1.2826792419043849,1.114214246517959
2021-06-22,1.772407218942848,-0.568109158844528,0.7383401301294172,-0.1339657748922293,1.145525481035304,0.5968465072519865,0.9537823424036144,-0.1969550639229226,-0.15820140276038042,0.6999330967186427,0.779894966525822,0.9015029562568385,1.6970871979213291,2.4261503803817335,3.344069268095246,1.9893355450366692,2.4367107323591766,-0.1782919785193926,-0.1861791650137122,-0.20896780789108374,0.5967658312636599,-0.9028934215574758,0.639733052295682,1.4058307282871805,0.187026480138795,-1.1975308812821386,-0.33181944820614884,-0.3502248416473456,-2.0673006711920934,0.11733115528596301,1.4351026348644644,2.0374588262038613,0.3263973727403882,0.03512081996744808,-1.1481478932267244,-1.7716062439607174,-0.6660638966745702,0.2426077930850659,-0.86817824816435,1.403371343880172,-0.6896067096678725,0.8400541962422527,0.3883245803355905,-1.4296973915549096,0.03172933845536884,0.9732093246208474,-0.4310874143850033,0.9390293176834381,-1.1212803313856352,-0.5012526977358993,0.7869291803482454,-0.5443019712585032,-0.43347847196192746,-1.8206459554499757,1.0444463257680945,-1.5289313816420018,0.6948817335556343,1.3165715021628264,-1.0241931075229467,0.2640896240331182,-1.1701736857331726,2.2561273589374897,1.3624250616043783,-0.8463117954488445,0.13297658006462224,-0.6477624279310009,1.2983120519093168,0.831424724373646,0.4728358568524142,-0.6959872182425386,-0.17641220457425885,-0.8010379761311022,1.2257289237532494,1.6958401032368047,1.3908500863806201,-0.4957399629762759,1.8027391277843805,0.5868047329400113,-0.1258432131432748,-0.4683739565189978,-1.3998721782066903,0.029504949932511633,-0.9696531971675674,-1.0439714869134558,-0.30140358966439645,-0.40736771801066374,-1.2036642063935656,2.040739050882554,-0.3758131727615583,1.787644057216594,-1.241741468808024,-0.41459931289342644,2.3858518582549335,1.3520381085432396,-0.25756676759101194,-1.6308839695965667,2.606991663618382,2.59612427465375,0.1457477623801892,-0.35723922849031936,0.7011019156290704,0.33622453972537425,1.442929960141081,-0.37739952221854506,1.0183220790473584,-0.05790717404701105,0.8743394227545478,1.4334594401913425,0.8347480463968018,-0.7694572951179226,-0.2264093136072893,0.6943288528214929,1.1884921334585752,2.4844133573096387,1.234381666962447,-0.9665228611756849,0.22172214568180346,2.1256008882707893,1.1868677647804629,0.8993397885060369,2.736682098509462,0.01669496713827369,0.49494665138122446,-0.15253276631805843,2.261030847362231,-0.9194910964430236,-0.9341805499334229,-0.6727456827636743,0.22717576540692022,-1.31091757552405,-0.5526799303987937,2.2811726791219296,1.0102756391105767,0.09391471997239378,-0.818498810862506,0.17506236305387077,-0.3644628423332039,2.4598867216665368,0.11065982895212158,1.2790705893512546,-0.04877870541607464,-1.0258778484009639,0.9536684400245309
2021-06-23,1.4820237775164766,-0.22437089816262484,0.4597604201903609,-0.32342258252777145,0.8798777930285439,1.0838359490586567,1.211633371810803,0.5130661252570452,-0.5489082884998758,-0.3120183684167448,-0.14175167164358687,0.8219854915816677,1.6992043827184136,2.0968834625207817,2.4552705073679895,1.8102530433133623,2.377882101248603,0.2343952243711893,-0.42218992785205156,0.29905190068619736,2.1170757748011844,-1.2595582011055506,1.085628039015326,0.9532831305660324,0.29144533007075346,-2.1694687304813827,-1.0407041890588795,1.3309902193950744,-2.096093620531321,0.03816567774191883,0.672904716569085,1.893889791154139,0.3170502689829539,1.7286405965034382,-1.1732394848606167,-1.7865761476878441,1.1123015678636674,-0.9267871671025452,-1.0336101236676811,2.6051768571287637,-0.6165981173227388,1.0075580412500946,-0.30496667777609393,-1.3670702926123917,0.2680080089540928,2.1384236225510267,1.030893009690266,0.9764810314267206,-1.4595694138707613,-1.3031562953098292,0.6829345541964184,0.16174484843373144,-0.34029349935507214,-1.8671776606562065,0.04209466206983094,-1.636830149410996,-1.1253406500462084,1.266514427118764,2.6317508906874423,0.08112184286051083,-1.1786899795807653,1.4628566634253328,1.2748952127080349,-1.0051895053890305,0.21816520147814755,0.19765730986555816,1.5589511802767677,0.6809902585681542,-0.1602155841795169,-0.5339470888419313,1.1774058900750084,-1.0548474418437415,1.0846111046237863,1.7165248841235616,0.871888265842733,0.26655884320652035,0.47102808364414145,0.382963078526637,-0.730180553487554,-1.3915246898655556,-1.3116665027302843,0.659004090611892,-1.7599410017244441,-1.2779477301795015,0.28472423906585714,0.784609466368303,-1.6730191151983895,1.391223418412701,0.41661790524229053,1.2298578794131798,0.09371169152922809,-0.5621551176104158,2.4358666629602355,1.1781010765255517,-0.7834095747614321,-1.7773573656847623,2.7955191105680233,2.797055841745336,0.4307760303003581,0.8404399393881801,3.408196627281858,-0.5227712770143079,1.7912451513212586,-0.29597322345229116,-0.0039028833598661944,-0.33204472870270796,1.1625550489154377,1.2467447458460663,0.5196327273956621,-0.6677858019736429,-0.5073086370520034,0.057927766846773,1.0447868507646498,2.7166228507320533,0.6561143612213632,-1.3960852903617218,0.4215575559529603,1.7209355090031875,1.3109473773370781,1.6266359444784835,2.996342915526158,0.6230796563664762,0.238969777848621,0.15832135738712377,2.2184626200212687,-1.1990510934608285,-1.1159793858782416,-0.9221919026634787,-1.1058849606972838,-1.055540017250025,-0.7245424792110371,1.6850080558552685,1.2984385595100782,-0.12843657869420116,-0.8174960846173103,-0.3987011441850152,-0.33770659855586305,2.65617435921182,-0.31274818941698346,1.7293458718761503,-0.4284891976657657,-1.0167401817643928,1.0251668027623817
2021-06-24,1.1722796201604007,-0.17839323540656118,1.8226641462811748,-0.2829293343086113,0.6935918663196363,0.20639152719141554,0.4570680215542336,0.5531209267226523,-1.4422640463332705,-1.1482300856837286,-0.42771226043112565,0.6825714263248708,0.757855867124029,1.405272138426039,1.8863365058587476,1.7862373241949359,1.783718410310973,-0.3378219739372966,-0.6625285632240476,-0.05602898619014303,0.8328346162693611,-1.2711853086574882,0.913844161450499,2.3371733195629627,2.1544745392972797,-2.5461101959768673,-1.1016715842391154,0.3403802872682713,-1.7695367427136592,-0.3775349631106903,1.5747277802041288,0.03344181964637998,0.3071946910240837,1.2857835715310433,-1.1860768518060023,-1.1331082673047297,0.7802809316320205,-1.5702928527628937,-0.8385567988009986,2.2712427232890966,-0.8402239335991546,0.9317999339374535,-0.7968244618363105,-1.6286072022082099,0.6859063996250635,1.1445437574597992,0.05167866560453284,0.9799110327378245,-0.6203631003359014,-1.0316245704478944,-0.38752402792445356,0.5191896216137957,-1.3259705465441727,-1.7106387517512034,-0.824496988713844,-1.6838342133014266,-1.2099079762934906,0.9039329717361322,0.12351681495512393,-0.5471586171301279,-1.1056208234158587,0.5592863150118306,1.5794677043536767,-0.9865549466670933,-0.01510176710882842,-1.1866294047402037,1.360261984529065,1.063106558707499,0.49869808064368315,-0.8111290797087318,0.5434930045066029,-1.6206828489200442,0.9311846971514371,1.506554785473734,0.37288838894278986,-0.6017211182135993,-0.8026223054579549,0.0753467139618382,-1.0119173017938137,-1.710491196186498,-1.1414714136010389,0.5880279146847341,-2.1341970949439575,-1.3089969300122126,-0.6225137998762595,3.44858397413717,-1.084662706588408,0.5761598568813219,0.8805201641957887,0.7278448250297759,-0.14037535504054613,-1.212086777731994,2.5494593164209896,0.4489079835007947,-1.2490604398100238,-1.5473539833318455,2.4000270010084086,2.402512643432993,0.1547402851757608,0.7220623588829802,2.0773018300149566,-0.5006224286697682,1.0702839739832708,-0.8508781648344268,-0.764488310380672,-0.8461037936180771,0.13592002277476525,1.2990278520523417,-0.01906337565444914,-1.076811300140165,-0.7905055757792778,-0.5478779416148274,-0.06900976443186224,2.8225895831570456,-0.08032391001744074,-1.5232052112536505,-1.4847064538868635,1.2642148638282324,1.3376891497959817,1.387309714106303,2.5765444118135843,0.46689832435540946,0.5310993652822411,-0.005857232747282334,2.17623011789995,-1.9287411434399258,-1.372745050192976,-1.8156559632967726,-1.8168707687894645,-1.1733668539202327,0.4443499339470178,1.457231326701509,1.1585174050127867,-0.4800247583102883,-0.8830746365445172,-0.779942554173998,-0.3269025341377792,1.9441690462045336,-0.8634970100489572,1.0806104901905083,-1.5013174914158414,-1.6564861890323301,1.0380925029070132
2021-06-25,1.6695515545794806,0.03409267829184724,2.27637597312513,0.08094915121601814,0.8817818440760341,0.46500918554948056,0.5704184766312381,0.9190907249792158,-1.4979797887963298,-0.6987546251212999,0.08367928055963482,0.45610163749101684,1.198032546452767,1.1605886185474268,1.785331464635167,2.0188841761483403,2.1869274757494725,-0.48287032589441625,0.7496863139210475,0.22323195299578372,1.9538247796882435,-0.9147561450346655,2.508733094986215,2.30695431236223,2.2022441952151097,-2.0780352503472783,-0.7336091579911302,0.4868357182941927,-1.6749563617733743,0.7489089908582395,2.0379928605483073,0.39546295234901585,-0.041386340900559426,1.8965112131773405,-0.841642439164174,-1.0021204618208228,0.39974351424228327,-1.0648055679670163,-1.0595812842169245,1.73096914749421,-0.4500067220940095,0.8998164672130352,-0.7190074264457312,-1.1814890500286095,0.656269707327543,1.754439175947872,2.001774679547487,0.8313789300027281,-0.6847542863742653,-0.8966627827442272,-0.6986558762106102,0.9959053134808681,-0.8713593376789004,-1.4345294635031207,-0.7200289914358105,-1.076515287135653,-1.561112332430423,1.9162142540540679,2.0934216486618595,-0.4365701688725523,-1.037997396067403,0.9630978294497473,1.6191167185820212,-0.9100810800639245,1.2654620147781375,-0.7616415138342831,1.4740839801163224,0.5040196839659883,0.920024709099721,-0.8952651085211768,1.437277623723765,-1.4444393847752832,0.9576906589109795,1.522256261095489,0.2031678725277301,-0.9997162878491539,-0.5835404880394953,0.6380869241154866,-0.945530073873209,-1.2902024336906295,-1.0223204602313019,0.26290365597430854,-1.9846111307966727,-1.2076071276561022,0.23569135399994076,3.0102108100198053,-0.8069253752346031,1.2596186667916986,1.613836747897438,1.5498226420049297,-0.20972174249667275,-0.7423278951937422,2.379339525465192,0.42575742661101657,-0.059952137887502956,-1.3027164395641024,2.470721670426195,2.480379721123943,0.7993775660769908,0.6116665595795004,1.6588854625537817,-0.6092079762642316,1.152635813233878,0.1442451640389494,-0.81544527890199,1.7918378948474547,0.882036020816901,1.0697397171219463,0.1526308421087136,-0.7684122358256799,-0.5548308444419808,0.6508530577136844,-0.2540388458882081,2.55319076476232,0.8506563983239617,-1.3425473465567326,-1.1043027205374591,1.396995127242989,2.173102460309432,1.357417975143415,0.8943632804578401,-0.6660738810861632,0.8477388100471033,0.7401532438298851,2.0741977119914243,-1.3460594011882088,-1.1021219245907707,-2.4271359986199346,-1.0246638019575685,-0.7182797254520932,-0.04387159556225443,1.0295911674839286,1.3920611014130517,0.10054617684811568,-0.6473404097254338,-0.3056296455805844,0.7104126044908053,1.6845467757627817,-0.3454753138434035,0.729385949313302,-1.1559158153854698,-1.1967839597326022,1.0226140491658724
2021-06-28,0.4682235846338687,-0.2772071583800682,1.7668645802461211,-0.12129005903322841,0.7574452255405119,0.15169712335391033,1.5114290604949596,0.42159388546954624,-1.8795652843814192,-0.9590699945268583,-0.019885476145241863,1.5062038191021974,1.166092058990724,0.822509681509583,1.5332756989015608,1.6871369174409878,1.4562127466895851,-0.6810393424193216,0.810934523235454,0.24502147782698863,1.9757762397420509,-1.0622160063794632,1.6948703804759642,1.9182067120399473,2.165202379379484,-1.7556132152398842,-1.1778673494782328,0.8485196047861983,-1.5012797188890477,0.8245570205034455,1.111611909062212,-0.294580585664239,-0.527617182074415,1.3632323672009603,-1.0930625992333642,-1.1058813288934304,-0.1972597313843773,-0.7513459897936691,-1.3246294882729486,1.3144396581408444,-0.42994135934582717,0.7414780044443554,-0.9907856667646406,-1.3615767306936346,0.5369985145878371,1.0713124572990549,2.312649183037282,0.577565900825702,-0.05944980855478408,-1.1091647780820233,-1.692582101515007,1.1532909401251197,-1.1764134899056882,-1.3543631845700657,-1.1275272679817843,-1.310067080912189,-1.6883941486966487,0.664615671334812,2.150412175540751,-0.08715314883269262,-1.0328500765684343,0.7645799764343495,1.6194107865928005,-1.0112473817042011,1.011426195574296,-0.3476023205537303,0.8895355711012254,0.6099113112649616,-0.4099307424817381,-1.0508066189766887,1.3595681779433406,-1.4610932018099463,0.4122745651500123,1.3803871389466502,-1.2130165778650288,-1.5799542623107241,-0.12525827238851156,0.44979219151554173,-0.9916452237299869,-1.499045942961976,-0.8219483264036683,3.7340147378765844,-2.2154300971349024,-1.449244354446895,-0.26278392202109574,2.5058094918791416,-1.1135373642927313,0.536508720122964,2.2238258942878817,0.8808301400720887,-0.9168659882460526,-1.0166415410652654,1.6699058028061315,0.014739522158236982,-0.7982698180814145,-1.2105291329948056,2.3851024408360924,2.3866448164068887,0.7188484375280517,1.3894837464153622,2.3759815773086896,-0.6999160123353181,1.386168192301809,-0.28703710965338874,-0.8892351523796307,1.4830900917389598,2.0508332580104165,0.8370444430662823,-0.25954425639198914,-1.035575600310344,-0.5960304789058225,0.1394671594923121,-0.8258297080916436,2.0435145890501443,0.45434149706285953,-1.248996317523009,-1.600228607715966,0.843512043156631,2.6505529096931513,2.524377309570512,0.5819351372624627,-1.781680199889623,-2.65964266384635,0.6840278820840778,1.8172257600480566,-1.1145310025396453,-0.9345231293791434,-2.0546138864844496,-1.588290893963763,0.9101704186152034,0.44791732421432745,0.8477207945902684,1.1921606412495853,0.68902959026193,-0.6602287177184921,1.0317458463605105,0.6817064609740683,1.9083693492997833,0.6264847181871532,0.9317288457416631,-1.2123804244473129,-1.4172879339598359,1.3474207147548836
2021-06-29,0.20517053911194022,-0.04498585289906648,1.9763357609993675,-0.5409554705464651,0.8045382740567771,0.5851073352731555,1.640637878899464,0.16121821453597873,-0.7337821316378305,-0.42899271332104083,-0.9280718317692384,1.749182674189418,1.209997418218489,1.5223531619710224,1.3674726624669362,1.3347742565789085,1.8685183119950197,-1.15659472509098,0.8534913779262722,0.4883186404552611,2.5748304820506025,-0.815450084257792,1.7427144583551626,1.626030757972791,2.1207107823675204,-1.4340450746294513,-0.6227996998529661,1.269180690811929,-1.1582200300701624,0.7165218985519133,1.0055048654110688,0.8811490935986321,-0.15900906964960704,1.5195384974814192,2.5268332026218414,-0.7749181869713113,0.7698533922376444,-0.5904396538673908,-0.9419706014405066,1.3405241796915024,-0.501586367268111,0.9441719892531149,-0.15652427877697245,-1.0979993123586675,0.8854243602860699,0.9479389865082146,2.362467391440739,0.5553556623525574,1.0357520902537716,-0.3049294719064854,-2.515399729411005,1.0559582239774838,-0.9374877769269179,-1.0040291187245114,-0.9774712086758035,-0.9219655192306764,0.43658472933341663,2.018937395249799,2.3244645479764263,-0.506132055657985,-1.2928762099279394,0.9579607139694493,1.3587216175763257,-0.9372430959699692,1.0391754221698917,0.2676628814798138,1.2000885170626985,0.7292925703000278,0.029908064482056823,-0.4879146322868771,1.131152537270792,-0.4823897886444885,1.2532463188113978,1.473424358051392,-0.7895614929724815,-1.543318374191329,0.3360339923188049,0.577126877851184,-0.5993209469770734,-1.4359945753048622,-1.0414430510522366,2.870507494848717,-1.5329278710406178,-1.3605110080186797,-0.1529662609053979,2.4348624068867593,-0.1179569294637205,2.1612533388712674,1.2733651866380005,1.4333538438255031,-0.9286965157365942,-0.6371375949933893,1.7456619193783571,0.03430198928046893,-0.4231254611284558,-0.7963403395491399,2.2661090876870027,2.264250998939836,0.5980814416639209,0.945193882262021,1.7439278483174332,-0.7321644003949792,1.4632859411617773,-0.09242467460758595,-0.5688855069412276,0.9236788784342833,2.657642705787599,0.6765618921400859,0.06431837024449996,-0.8587885233581687,-0.5892400347809423,0.28954663334984204,-0.8226015827724734,1.7923398459208146,0.6124648152913643,-1.1877791919351686,-1.3242608127856748,0.28416513580305713,2.1500862419424167,2.515565817878028,0.49706871365638516,-1.8333430670297477,-2.244437148191452,1.2026790013582096,2.017873635599881,-0.6444910496316234,-0.5035043149809354,-1.4995683714998889,-0.4978827923025443,1.5874541099357196,0.9053664753692571,1.0698078092542334,1.4256617910507186,0.5636527221344005,-0.47904957482591237,1.6016595704360754,0.7114638958552121,1.7315274534048366,0.40476149070074474,1.5361124080973132,-1.3473964890881307,-1.3632605881886184,1.333166683559119
2021-06-30,-0.3675748274089449,0.41045295295567835,1.9189918575019842,0.2792547546044119,1.1280699064104733,0.7293754474737189,1.5464708035773502,0.018560029930060624,-1.257764546896421,-0.2697085795855532,-0.6286155834109207,1.214929432506856,1.2435339068097306,1.3408921836214525,1.4807881390128712,1.1978062457733523,1.5508694223348445,-1.6011302617157055,0.6118899983389089,0.23110738550334062,2.197947907051894,-0.4192442919199322,1.6897913236503181,1.999652436087784,1.7396872833230739,-1.3166424965616241,-0.4909781857956666,2.328822304405415,-1.0862476281705178,0.6661117626261743,2.1543221298980355,1.0899014407426764,-1.05290483759645,1.9523424983819504,2.4688913576888676,-0.606682847594329,0.37178617150260845,-1.1817047456673404,-0.8386774930174413,1.2445747728240348,0.4600272480395342,0.8671771270443752,0.023684343626225266,-0.46734404417249664,0.6774489277241004,0.6054231620703246,2.0998084590884756,1.3747794889880274,0.7258537113754023,-0.37745191788031823,-1.852735203213463,1.244236400921306,-0.6780110321209118,-0.9549253449624031,-0.3654211484078138,-0.7948352219748218,1.5831048080381342,2.7455264279262805,2.307752787841265,-0.31637346874390326,-1.2942597826654372,1.0364914165947365,1.3733399169564176,-1.009011618778204,1.2619615119012175,0.9866202987433546,1.066144307336854,1.0373091930508451,0.0030065323645789357,-0.21824781833592036,1.9720728855721965,-0.2906672702269452,2.2041293980932677,1.8077068790779982,-0.5903449142168409,-1.528273152342847,0.9190921557658207,1.2694809038341863,-0.41347098574600133,-1.1732718852924553,-1.1451952792526434,2.562951092219472,-0.9011362160244657,-1.2893938998488201,1.353159595695455,2.06895157107076,0.3595663996897115,1.523771824423705,1.2491252424710904,1.434829312923948,-1.0731160576908936,0.8481587712241951,2.7092017374813295,-0.7125690147550081,0.18350890072463674,-0.6591213028228496,2.9733873073950643,2.9763509370092276,0.8723453768768988,1.0282599749545223,1.424162314757302,-0.6819150237566625,1.2324225776605082,0.44254760610143373,-0.5359665734739522,0.5090644251122818,2.7737068599451793,0.2599813055161403,0.43150274240580133,-0.8591835367645665,-0.3034369560779532,0.8097803367098869,-0.2708657586579813,2.0457681511006753,0.8612858134073956,-1.0717589036970698,-1.1405276479884712,0.37674091762812706,1.038928053872925,1.9018667204038842,0.3112445987276441,-1.9010898875243787,-2.642463913320048,1.0736235592123158,2.295791507268451,-0.2844760861133405,-0.47959515049474494,-1.1546503564057555,0.035261946338530484,1.1482815762879668,1.1145386398267552,1.0174393576995058,1.0996403902814857,0.31814029781508557,-0.05003673960514097,1.5185004889860643,0.9347004689717349,2.245216337222621,0.573209928623842,1.4578756811866116,-1.613084526867334,-0.37455440179189264,1.3034480942865256
2021-07-01,-0.25985338296901817,0.38805424962972146,1.555551770076942,0.504448753514755,1.1395072023177482,0.5292828584537099,0.9340294538728596,1.0419228689129878,-0.9844847328409169,0.2165487337922948,-0.5819239090925152,2.0794152029522084,1.0800027341224423,0.8148705740322533,1.5113337540072835,1.0287034219648865,2.0342175729783425,-1.3722984738075856,1.365057195593557,0.3325798014237749,2.2058273293746513,-0.29454281069764265,1.7151873003219913,1.9593408033101678,2.5705310006871738,-0.9633387729448527,0.20245687462517556,2.561295938734329,-1.0242418533197941,1.395600226742257,2.251336467987172,-0.3350276568866451,-0.9528419606788292,3.1476949291467027,1.4384880416663408,-0.37462529276422407,0.8029728825621103,-1.11036790333333,-1.5557129556234852,1.8724194057964287,1.1150206691165365,1.6917969624665505,0.029588412415713403,-0.08174909897832855,1.1062376692005162,0.7387909306766801,2.1265305740616665,2.3679075184109677,1.9623248193293117,-0.7723889801117431,-1.9204516521383677,1.457531079206818,-0.6747960840186682,-0.870258176462865,-0.10904527839127745,-0.34407617440711974,-0.2587286760094264,3.0530709810767,2.6210072068441845,0.21453592782954842,-0.880834666655845,1.036151686149469,0.9888377447303254,-1.3007647172587304,0.9338640236458694,0.44958293025270685,1.0624319497834815,1.0144327903335375,-0.18314504648166638,-0.6574356501533369,2.9256051458553625,0.09561072005176657,2.4076443569755037,1.6811755294992825,-1.4653652533889898,-1.9170794728395744,0.9603687477483639,1.7046055476449924,1.1650765621850785,-0.9377948030389044,-1.4013259084138558,2.1203149386216293,-0.33638608825507466,-1.2143434163765183,1.1559268651074381,1.639467192988428,0.6899302030113534,1.0292044520887424,1.4698875330182954,2.397663509833259,-1.0451281397455014,1.385629684517705,2.541000839362972,-1.2609657500741636,2.4706629956506583,-0.4604848312785375,2.70340839006538,2.70193475004927,1.9220123102246445,3.1318670193064375,1.815045771339399,-0.4130662513459448,1.1139047850417965,1.8182086109250064,0.2800637126507396,0.4189558953779623,2.672357475710326,0.722512267946852,0.7526428076867826,-0.9795881669986173,0.16673222387611025,2.2575443251989404,-0.4187774399108634,1.9651217690812497,1.2723918453471297,-0.9348911211973647,-0.7673070813023631,0.6801827924200565,-0.436078560464631,2.187331162466017,0.45477403698323704,-1.8094699806326946,-2.382264637195406,2.5002131750866554,2.196676272892573,-0.14454179865759179,-0.13225025872146645,-0.8583930343960442,1.385129506733506,2.657104548131658,3.049980812090722,0.7794113896652701,1.2699153723121555,0.5250216739246806,0.42137980215773607,1.8285669701016078,2.600834599043954,2.176152075719759,0.09007899006061179,1.7180730318050916,-1.7870245652113015,0.14505425978340294,1.7038012372406905
2021-07-02,-0.2867511948948517,0.6505534950701801,1.5560413744572958,1.264539842963938,1.4038301820116694,1.0098697165725885,0.606563246123057,1.5331750223054794,-0.9784759650413233,0.7683058634735227,-1.2646701778179341,1.8414132286983296,0.6149845752162245,0.6802347258374081,1.0644331510623979,0.7038641739996838,2.1730290418443388,-1.976094066550553,1.5740716174112581,0.8100245721411335,2.2682633304090296,1.105109731710059,2.007939975985065,1.59696217041178,2.8487661772930317,-0.5851363014456367,2.3517238730823924,2.589645726080018,-1.1890347892390976,1.668397558107433,1.4194368258803336,-0.5889552928974946,-1.053876744758358,3.072442420216755,1.700941414908746,0.0766566223403962,2.881771255395724,-0.9242816352300851,-1.8608819861409207,1.4539393089760297,1.9801519980736928,1.4039343450212773,0.5923406717662851,-0.1197422284011269,1.5432373318951587,1.5954131739486006,2.5156468938912213,2.1888717087356526,2.8239021387989998,-0.2173903307501887,-1.4927787729345052,1.3466158527916816,0.5983892097534038,-0.9836431279397561,-0.32820215081350257,-0.5985439163673031,-0.7972644439737955,2.164646386087553,2.6442672942028875,-0.21788923591672218,-0.3993754900528046,0.7743433635904732,1.0926072570913579,-1.704203551742331,0.9713017143184974,1.2379148649272282,1.516974052384398,1.1368898103790808,0.8836922814185656,-0.9388134197002702,3.090746134709381,-0.057294051902206974,1.537998816021884,1.2039926947894102,-0.00439026850425803,-1.3943877060160528,0.39880422658353504,1.6544222294256439,1.3181473717542886,-0.2842629189045994,-2.083097443424112,1.8707921893978279,-0.4690361285028204,-1.1948954667207292,1.2893581431935806,1.8576679858609553,0.5474765795539641,0.7040558373748433,1.8912316995972163,2.300950221165294,-0.8195158445437964,1.2873839558769802,2.066541950483226,-1.783800633418291,2.909168135559598,-0.11060372366541199,2.06041239616476,2.062815946661451,3.0323365553581207,2.234341479050609,2.2120488078760716,-1.448589085203929,1.1534355620973005,2.759661213058971,1.231372620907912,-0.33590681742655415,1.1618793121625928,1.3537235287067881,0.4988557647498904,-1.3741880117807914,-0.19288123296748438,3.131498909538117,-0.5614894111810486,1.4245332848193595,1.1986456625190074,-1.195221689047624,-0.5572580780411096,2.2428993783280493,-0.04396893212882672,2.430737214168741,1.0506277086281528,-1.2012130771438836,-1.37775620613399,2.3180887576562133,1.9798876834760064,-0.5599695386871704,-0.23829386022169993,-1.0449815913829543,2.271797630676516,2.07326130875107,2.5920193222963746,0.8163780437774566,0.8352089437814929,0.09356439636760683,0.7222381502930922,1.9332085133226664,2.501211153104416,1.8322381877344454,2.3024419693336102,1.3662882831325123,-1.7426626666457163,-0.39697350699150447,1.604776151526107
2021-07-05,0.6783712629491684,0.3793240333101573,1.4154179032027578,0.6010977787770998,1.2156476689725508,0.6668986419242972,0.16043191445205676,1.3495331821948524,0.8963559766269619,0.700712775255534,-0.4154509155361345,1.0706799457689344,0.2522971046067254,0.6386143696626824,0.9944106947995114,0.5875821961554266,2.1092658158012094,-1.9483730195880529,2.4833617151293907,1.1955772089418522,2.4206623502301143,1.6542881529351658,1.684564263922387,1.1084906068278235,2.3779181308426454,-0.6007996975817977,2.3181415278524415,2.3023897926526424,-1.0292144369582157,1.898484656539391,2.2023029601633786,-0.39785697030093214,-0.9217747736743134,2.592371278985429,1.4338265857554742,0.5666435901558653,2.025613865263478,0.26597598221305324,-1.3304439539229356,1.001130662586512,1.9535494364739943,1.1940295466285287,0.7509333107571937,0.2571529135894539,1.8700694669055455,1.5581941823338905,2.242694728077344,1.9241025394526194,2.0594096705578724,4.084181121570005,-1.3426899621855106,1.0619849176056477,0.9750485634874838,-0.9904662738151848,-1.0101721852896435,-1.0641472859936665,-0.5098131442813969,1.7579028030830195,2.3165729196269287,-1.0145397283347855,-0.2666392088874245,0.4199816946640034,0.932412950440934,1.945887444199004,0.9989957904280786,1.3613037109425226,1.031788582809531,0.9012945034210226,-0.3286548573365414,-1.5758640925175467,2.6759648077095,-0.49671145100965,1.263807210917445,0.8733325073312805,-0.43200429178809546,-1.853925945333947,-0.834644609371559,1.8656990606878645,2.0874225722976782,-0.35823042609183153,-1.782413473355933,1.406632560480775,-0.7951131988579286,-1.30421655955047,1.2203447840452226,1.531477947990389,1.4497527378154635,0.542793717732366,1.2748295283977515,2.0714226774787945,-0.5833659673536493,0.499568267077934,1.7987139911845036,-2.300243777698819,2.0151556195641436,-0.29044937103485796,2.239353755369855,2.2392275128338825,2.8984729252006267,1.9846546782738859,2.2542118755441325,-1.9593597842018857,1.3498447830100804,2.6359195960934287,1.5509691972712356,1.4770716371145094,1.1207998772932597,2.3335944409399882,1.0534695329153532,-1.4531121841443755,0.3364645483228915,2.738001982649387,-0.6664604293611015,1.250914030343158,1.5961231393816673,-1.219265049887986,-0.3026888400022592,3.474809005899006,-0.3483318262738871,1.8316792058350648,1.2264368652618307,-0.3536448992172643,-1.404142753163069,1.8728508179871144,1.7323362356406544,-0.6645483106088974,-0.5832911543332873,-0.9133841198995563,2.9666960635448802,1.6839122292187547,2.0371442874987493,0.7302610984755185,0.6919549855965382,1.217587592095036,0.07255701197775948,2.582274429570528,2.4036710319656427,1.4970561602493166,2.364449256742218,1.2239889239172814,-1.0226966330262581,1.3775666625806526,2.2517505610683894
2021-07-06,0.794637943826679,0.02158122429048511,0.9482401835470206,-0.23645440482853888,0.6454692570181135,0.17027576451524487,-0.5993760511389092,1.0997621409081342,0.8587673570801125,-0.2635615050735883,3.6015049865501347,0.6808875063122181,-0.09284167847193964,0.5236864521361604,0.6794162825588916,0.4428438819661675,1.6233465010198627,-1.9286188820325523,1.9986619985408538,1.583755807031287,1.4333375797739103,3.2108642757273373,1.431488387820777,1.0141228932614457,1.8290200658698716,-0.32960520132779497,1.9981005832195347,1.2654358437194948,-0.40401378338859356,1.7300172013408344,1.7985774080280978,-1.7287911364866746,-0.21769179232062302,1.8744874336310007,1.1109032473358735,2.197231633400646,0.7210039736622006,-1.1174320764974526,-0.8814644016417512,0.8067259154864084,1.546147872708825,1.4526602003392686,0.32425328344188503,0.11257462367228074,1.259207219356994,1.1170992279875478,1.6102410852279163,1.5769721181101386,1.6735070450508558,2.7797559195283226,-1.404039993349442,0.41585845880346095,0.07312084343828966,-0.8406038252340999,-1.3762390762682648,-0.5615756609614024,-0.5882015454920838,1.0059603528248466,1.6331332486842673,-1.1033898034776315,-0.3331239561366324,0.10148222265608664,0.6710196214154506,1.676971139149011,0.44255571377123676,0.4211062671122337,1.3076585550591848,0.23144850760272997,-1.4649213724410475,-2.0872814231248205,1.8067324681420174,2.5271074292592273,0.3173321365541641,0.41269576431190785,-0.34649710589305666,-1.8065664718281944,-1.4340916273790012,1.3083324372426464,1.7915337523499792,-0.7466389926848865,-1.6796479696889683,1.3435921283833394,-1.035557933918521,-1.4388794069043367,1.0643163708518841,1.2079756746491845,1.4789212495093407,-0.22099197045395133,0.2192361256576587,1.5759956643786386,-1.5086966982940986,-0.44915108330975206,1.0951085248211243,-2.090276303580539,1.1375038800476804,1.1785138907010675,1.611101512445344,1.6140679920937544,1.8871040390511522,2.082229411854409,1.1599564837126664,-2.709236218448378,1.0546650444354053,1.7185670688885315,1.9192163057610832,1.428092130384676,1.2950575172589867,1.4730985363107587,0.8705633036346713,-1.75700325785694,0.6431436793289974,1.8052749898456162,-0.42768150054243376,0.7596845609815976,1.353157419148832,-1.448161037548003,0.1530646763344916,2.0566808823701557,-0.37818406231724533,1.4989893804039542,0.9644675416412664,-0.3552467308108893,-1.1197536911747594,1.2378325992921615,1.1130199590639798,-0.9966388291020821,-1.2259295946969375,-0.4241064408129541,2.0091346336558447,2.063032537045777,1.4521602476729776,0.45317708071884866,0.6971193508463044,1.441049869301894,0.07639352794783433,1.9757608695502542,2.9946305030496925,1.1754825596839529,1.6510812573843605,0.5954500695905921,-1.4118105778954053,0.6411562498008218,1.780236211178454
2021-07-07,0.5885300206438013,0.2966172684204633,0.8195418483531601,-0.1743117761916662,0.5798835960116351,0.10766076955941178,-1.102611603098394,-0.4844528064707732,-1.6097083559214016,0.34145303188771897,2.578514444621104,0.298446808791376,0.3144691124482871,0.6742524562359266,0.9058736471485849,0.5703280666486996,2.7415708577395437,-1.8632030049475679,1.4414943179607236,2.650892664250597,1.3251392681302492,2.7793648483235476,1.2788452239501837,0.6190490630688699,1.4178954443852603,-0.19298605318808157,1.4219844081436974,0.7533244478710568,-0.2531814072988815,1.2667189236912262,2.0987603491884936,-1.0634694235839546,-0.9085784272987911,1.127368446254812,1.3715512085271977,2.9513620877915976,-0.2429273261136759,-1.9831416952896093,-0.7527138400580642,0.44088775987696166,0.6226377455807564,0.3826441751821175,0.9068435725317638,-0.16371446476571025,0.5606585520497275,1.1690044074120134,0.8801573131783368,0.8306918571183521,2.1106324207966685,1.9411548608678006,-1.3660430563084973,0.026135535257354087,1.170401546329392,-0.38520261427727487,0.4081155661364566,-0.8552524282532188,-0.014535850855044857,0.5424861380814905,0.9934368639562215,-0.7015273392691653,-0.09558234169717704,1.195456974603731,0.7269184693771404,0.4434862870306476,0.4931334543228569,-0.13408847773200358,1.0807420800687233,0.9762222932752308,-2.6496020629241945,-1.3769568286356422,1.3796137415181753,2.951104226393687,-0.7522593004921283,0.3643953507287533,-0.5493985605162871,-2.7347297856092214,-0.602539972957595,1.4648937388413603,2.04187339354664,-0.4127284705300771,-2.0283855144693264,0.7363496344403984,-1.2333255530911575,-1.0500533644144063,1.3417787193955917,1.0698945739782246,1.4532266482187424,-0.14191918759169125,-0.7381247041635911,1.8756369960859205,-0.9748369512316166,1.8211696287662509,0.93948025889177,-2.3264671867966413,0.7101172372801213,1.3794224858571669,0.8883067026009074,0.8864751875035936,1.341721052665845,1.6975722694442024,0.9501526655860766,-2.096733219427804,0.589881646668881,1.265234150426723,1.4630405817223426,0.9678517190940241,1.0577124973246002,1.432839587998456,0.4787402895555542,-1.116018742748982,1.8140425356753902,1.6188753034744732,0.1371510772412634,0.5583087380641426,1.9922179205663755,-1.0412722976986821,0.8242620787023475,1.8533800552023902,-0.36038614623551507,0.9361806580003065,0.7759137169140435,-0.9089465465694408,-0.6188618223801023,0.4723667524903788,0.803961661909042,-1.3732617383899797,-1.616460790341008,-0.5209500937797021,1.3359769124467615,1.4731191596039916,1.1304705785638502,0.6364762295493914,1.1708560558003223,1.225684208902727,0.6045688632706324,1.7083456956004242,2.605199927170787,0.7915078999324902,0.9412165578419772,0.29341906124168876,-1.3413884426601257,0.3946628860494695,0.8723169210243885
2021-07-08,0.8845939475687196,1.5634270830795187,1.3922145517453222,1.1295237488942573,1.2478264835581765,0.8464569745946121,-1.4396463104155806,0.08581308090312127,-0.9984673127036088,2.7237093056999018,2.344732312828956,0.33563994266890107,0.8838526137795859,1.6705768206463991,1.1280010785454686,0.9929585541141707,2.254189493717023,-1.0742026933405007,1.4320841855012596,2.4567917312036167,1.7083714437287485,2.3889364056751887,1.6637153936566547,-0.09352155960236413,1.3749844044824153,-0.6403388207391165,1.97575173051261,1.0098295108210567,-0.18120103429294016,1.5175360324838663,1.8960474311045932,-0.2577525915860923,-1.488742569556603,1.0713185479500065,1.343973149354454,2.258662459161972,1.239201397918455,-0.43098541817340774,-0.7027456774361945,0.42963281123558184,1.0048637747467741,0.7179709680699093,2.1655930686412206,0.3082533030882173,1.0830713692036187,1.68122265200156,1.069859556136721,0.8471254597004639,2.0056140425001816,1.5581621411004971,-0.9478991663917423,0.4778003272694542,2.9799387890455513,0.04776815101725346,1.801298306648374,-0.9737382052284819,0.6101811537629197,1.2483386079845755,1.489410237803689,-0.22297793140986988,1.247717568096826,1.5970058268945382,0.39595800801971676,0.3018209445274124,1.0526015504098853,0.2411544166630891,1.2321638687858663,1.4167150260079622,-2.0447435881715355,-0.6876496636455505,1.7276361746238604,1.9529421731668537,-0.06975915774319547,0.46962531392509627,1.478251593193989,-2.117817177498138,-0.1066030605088223,1.9403170323167658,1.3481795287417349,0.5759927367163353,-1.520535170703551,0.7485789501733529,0.8537469542806213,-0.654172494139198,2.40532585099045,1.0359016273778041,1.5995142207399962,-0.07241432225064731,-0.17525648617243694,1.868519144850404,0.4736443111063169,2.6583487844025293,1.1140239366515434,-1.4150274758005215,1.3739364254328241,1.2328789623654077,1.03186379189562,1.0328149442320262,1.5466207261577574,1.7217387852040746,1.2084723548340508,-0.7509158186001967,0.6121996859412739,1.6422803556340329,1.5525781583913691,1.1663804798932955,1.0316726635261069,2.09300794564448,1.389279423180347,-0.0776472854833403,2.25675452947201,1.7394739178064307,1.0671260155023607,0.7016597420880518,2.093285746597791,-0.7394578536622016,2.1787229773894636,1.6851088496097313,-0.06447535334751353,0.7552181178333717,0.8304433038351307,-0.5779852353257913,-0.5341041210977084,0.9598752736485003,1.024772894085281,-0.22931270847678234,-0.1144596423568466,1.5148640524020074,2.0864102289601414,1.4695385792934181,1.0178601315470654,0.8687481756888447,1.355074464189589,1.553134817744082,1.5185528099168533,1.7832327451648022,2.0513531678739203,1.0406106487746754,1.3151415384734215,0.8864299082529297,-1.0556007114056558,0.6340821168958547,0.5323853066241195
2021-07-09,1.068623167783093,2.0663541865553645,1.3713603807481602,1.7449846884992184,2.0200606365568388,1.8473074826022202,-0.6780948220365904,0.20132315537702938,-0.03277782365084429,2.6770395229761426,2.0100463897694776,0.6192015830398401,0.7290918965703577,1.839921454830286,0.8179278412400344,0.9683926255853245,2.3226986429927012,-1.2120718418059797,1.2335531940571074,2.638208411893121,1.7625267611621096,2.3833436438694133,1.4775160233406905,-0.8993833735163109,1.3211517604864915,-0.6415447804360876,2.3261675513099953,1.0304834363920607,0.09513239239857128,0.8062336559370139,1.7122941899484523,-0.753589471699395,-0.628128858810235,1.1785170435888914,1.0365766724347685,1.9041463301046535,1.200572987749024,-0.13815307673667432,-0.6192986419818118,0.23635575525913088,1.156901403001728,0.21216449617920244,2.176046014358911,0.6901153414556365,1.2086619917423047,1.3023328966251861,0.6915389307709433,1.0242851619208087,1.9646636457980575,1.1853530535232053,-0.09878379308222593,0.3055767735626285,2.636141750053579,0.2891785562332538,1.4604153928110513,-0.9943935132686734,0.9381520317143834,0.8616649132066931,1.7684244342039181,-1.045822518942505,2.1358012173108682,1.4754568331760523,0.00771659856675836,0.27978363356063746,0.42589229422330094,0.6028877807966089,1.1478601230570702,1.157161948466042,-2.036421341600913,0.22292180706007664,1.88419595471411,1.0231405178422313,-1.0559053227087547,0.14763159215432187,2.150792040254745,-1.9644045995149837,-0.8088917945395674,1.9149105848476888,1.5290133249339988,0.5131947812850122,-0.7457943150107069,0.9016076583785018,0.6084031329323637,-0.8638890305363561,1.908913575137777,0.7824372559755248,1.404205021966531,-0.8041194560654128,-0.11159527892094458,1.4089342004145977,0.5555139082852103,2.185132053284318,0.7078840104830444,-1.1403274626476714,1.5591547274777475,1.8764676943339242,0.8405247605340453,0.8416676430491308,1.2082518002636877,1.6290411625306496,0.8112797783633923,0.7170317327061438,0.4457586556755691,1.4606810915955466,2.0064809621610533,0.22307545765401168,1.1772619549901906,1.6878698878279923,1.094047731694876,0.2808423482765804,1.8167244967011351,1.5855225114303102,1.2803753616202465,0.44562454940093393,1.7267487881946608,-0.012442148913091073,1.7675973330748156,1.2657384428800178,-0.13007956011533403,1.0544166789317297,0.8151839348353749,-0.4744328269627454,-0.3405690304796362,0.8094958875766322,0.8801562924535893,-0.3094657489500258,0.6228973222545775,1.6016278120389564,0.932285116553161,1.9902856959685937,1.068895911564453,0.903757445295191,1.8639632764621077,0.6066163508840874,1.8792395287939363,1.662129255994996,2.075427842366442,0.9238604296274131,1.9250494964301281,0.9829395202687777,-1.1162346782233188,0.735477448178039,0.4898371893846691
2021-07-12,1.655734259889518,1.6559757899410803,0.783115547676968,0.8447927346936802,1.2705354797475865,1.2836194242041563,-0.07255413338960502,0.13349287721011985,0.282542643492429,2.4468125795061173,1.704812334686632,0.6091112440924649,0.17317734083261102,1.849546221349469,0.5105557175405626,0.733822384605465,1.8710605986529252,-0.7897391198996769,1.0075941470215501,1.9821066623727241,1.622444401871133,1.9439326289884278,1.2601883473136843,-1.4531760625143924,1.4376126686821737,-0.4605748962531033,3.3982201689750497,1.1480948348585411,-0.164287468414827,0.3874263674624331,1.3714597038394727,0.327960248179807,0.573568387718699,1.0585945311703244,0.6284551776005344,1.7893076364853215,1.019961625772245,0.24048328970081584,-0.3993326854750571,0.1604659192009199,1.22234220935682,0.42746941123551824,1.5166523246951045,0.5723110332180117,0.9917892919228997,1.2079791170901275,0.4378206171120568,0.8563196922377395,1.5585848788693493,1.0399078512235127,-0.3002124208893896,-0.3241584585756235,2.304210889025281,0.24855670203652439,0.9187155911375972,-0.3206093255799776,0.400813585756087,0.19503650167064096,1.6189525707711334,-1.492260002364014,2.110796608242909,1.3524699410299663,0.1955308383438136,-0.5443459214449314,0.24090320280742053,-0.39612708320692597,0.49271240851175696,1.2611024973875475,-1.5620643899338977,-0.27144558819774794,1.7254011886740466,0.44816014394678566,-2.084938195789596,-0.3932137271487084,1.9163403560095909,-0.043027508726475226,-1.2432022906892226,1.5770330194484048,1.1772747560279313,1.0871277061189117,-0.6340816727210656,0.8248800731729506,1.523856439901824,-0.22218694274875497,1.9774190860716683,0.7172982443118446,0.8793679357339609,-0.6887127003198529,-0.5642520705255193,1.2717584383925882,2.509700142617851,2.30320650019177,0.38365024859773617,-1.2935395079153735,1.8815759019480793,1.9367580140305451,0.43046860790177743,0.42947139091067016,1.0245337844634022,1.276893521942285,0.5440639114276853,0.5623619954983528,0.20782434920092807,1.2435538892761908,1.807753187081821,0.7860599335731049,0.9684944929651287,1.2678327992845912,0.988617351872856,0.9970549623863955,2.256191757208012,1.1284231241055473,1.0336289091085429,-0.013786016494587435,1.4646149490277263,-0.5588459421788439,1.0360294800823093,1.0823846712901188,-0.05925077254935751,0.7820224718629688,0.9048710789868174,-0.569617367348305,-0.5468402907115274,0.42895158808358913,0.3191497991950532,-1.1188423202094318,0.7181041169542615,1.8810319698384736,0.41846958196201733,1.0480913091349109,0.7090444420094593,0.7013253412491125,1.901518137084754,0.839784228598094,1.1286659739389497,1.6299255522380165,1.698400486687334,0.5524956869165374,1.5379941458737358,0.8515912392333249,-1.0124492067786386,0.6586980725475053,0.6211853562087112
2021-07-13,1.536654415849774,2.0392603805590492,0.9719561047426593,0.4843289849464178,0.9505296267991143,1.5750790537168124,-0.22983857395148732,0.12443540289083414,-0.39876547038661236,2.0177196092795833,1.5689145845675336,0.712877982836338,1.389302590806573,1.7188860632637006,0.6678105270524567,0.7802131335617428,1.6508165620107011,-0.5273148411000845,1.506717213987818,2.1356986181283006,1.485560726568692,1.8079897806578955,0.5724952658635435,-1.3097894523864766,1.0107071871951647,-0.6524486483922816,2.2367720037637624,1.6132024595416525,-0.8736975736585342,0.866152250998601,1.3677625539582872,0.9690829792547492,1.2278788461937356,0.7383120665971393,0.6524841883173585,1.8378469568142912,0.7870618893926167,-0.10914405120701484,-0.4179591153865235,0.5334024870195941,1.7772709133879652,0.24586154275501043,1.1225700811688524,0.41818813857357695,0.8798369116045311,1.1447295484339925,0.2063675384602122,0.46745699339170305,1.2730389097275316,0.8916674720431845,0.20928840478503757,-0.4700965572864705,1.4885414567557578,0.38920138817360544,1.846089587908591,-0.6313427411881547,-0.08481989648352276,0.07350856662405307,2.1117978637875225,-1.2644942436060171,2.4629777151539,1.894363390886679,-0.5625340680363295,0.298195771780233,1.2027777843431742,-1.4825049500830196,0.6234721871673103,1.9351113676035396,-1.4322600436026434,0.3936581027901716,1.2133395494313135,0.5465558701814972,-2.039461543501129,-0.4399987709282776,1.852520383421174,-0.262151893017773,-0.4265635754837337,1.7021878241160704,1.0127956614184301,1.1049109798281063,-1.0104464181618282,0.7209625574717753,1.956693984340734,0.08564242957323268,1.593400046249018,0.45968118613527914,0.998534553701904,0.12744698419999412,-0.06819696275675531,1.4301553783844232,2.0803404530542497,1.5925176902554845,0.14788799715309975,-1.0337327231415825,2.505852381566615,1.8762230656092973,0.23978727309153194,0.2404513658458508,1.0225405702375856,1.007101986289374,0.3517167517897746,0.26655802548786156,-1.1646248220009854,1.6199720296367173,2.255563015912678,0.9896921743355882,0.8180340608672525,0.5498142887647998,2.191237950922224,1.2342024171449355,2.122326245561707,1.451185465139338,0.9127475247242995,-0.14734531947411536,2.1971519201603056,-0.15190792474609205,1.9128608364729727,0.7156672704541531,-0.04660098721094046,0.4530945576766257,0.5344852862873447,-0.6329959695359952,-0.6822383785926103,0.46800416198763994,0.12769858547968713,-1.0291308400479058,0.8461912216261591,1.460320999233146,0.29984630385068844,0.727035203999156,1.7087816937652534,0.378912340110386,1.6992712456476553,0.7673710940392958,1.2946181813822049,1.2213720630572795,1.3782335294186552,0.4536746442292823,0.9344408436445154,0.6981029522867003,-0.9255359184216506,1.7033727291826153,0.4105444819219521
2021-07-14,1.893185821857945,2.003269612875538,0.7685197443191797,0.7376048104883747,0.9340441561573363,2.115240090355533,0.1967879192198841,0.30616562382528767,0.2231191902452341,1.6852860811221064,1.361591372611746,0.17399044221314605,2.421130931442366,1.9668598187923794,0.48744563950014513,0.7195510225203483,1.3178413739520658,-0.41716494789462244,1.707629427017455,2.004662106302677,1.425248614227945,1.9603283656415935,0.45157731780211313,-1.3306377475002178,0.9230473030570095,-0.8448536284314625,1.6353601284150046,1.765028899702815,-0.7984697290212174,1.676207943010209,1.441644464258251,1.1000755663505326,2.0424975233133322,0.6696141168056713,0.5494600087980914,1.567406438683418,2.154425581100175,-0.45510911483880107,-0.5748464813290949,1.0306448485931798,1.8395426280917249,0.5718318829868086,1.273323923349047,1.2512105102341826,1.7532062903268697,1.5538440590680958,0.3365152790050775,0.6478585558218888,1.4211249280226896,0.824560404087544,0.8464801298952559,-0.7999912219616034,0.037958113729894084,0.9716159084218621,2.019017164638792,-0.6924862900334332,1.1191655107001754,0.09045209787755192,1.7065888925249184,-1.5232582987229286,2.5922572743497527,2.2772309016718126,-0.1280942121893492,0.26658061508432485,2.2476008843284516,-1.1279601669557435,0.746041466734276,1.878643433600582,-1.398953122436348,0.7484805944017341,1.4432680972507965,1.006950346185959,-2.039988892667347,-0.8605386741601537,1.286723814752141,-0.5020852000233921,0.010044644214021282,1.6444768630687865,1.7344714825913132,1.0411950443268922,-0.9668438619033071,0.8934445050278431,1.9154965803470094,0.7639279910393425,1.3770224945522325,0.1467368698616097,1.9785740756957306,0.039470327767579076,0.4643570117276105,1.242624573866162,2.189988077147848,1.3565233244975956,0.234592249780168,-1.2047823640835442,2.1242834984716628,1.7224411283581216,0.3048254992467575,0.30338533104964627,1.0862263970070816,0.669804697315346,0.2501452742250333,1.2358665541090672,-0.9097171766586578,1.493506979565286,2.8401837938492434,1.8939088760395224,0.6435844638564968,1.135138953067945,1.9636265631841008,0.8949629810214218,2.119671281842237,1.372310036232118,0.8356038732280641,-0.19972483786586684,2.528020300376987,-0.8014729871967606,1.6028757525239408,0.7886737942556566,-0.16887339252110714,0.5265899055931793,0.23683172863741378,-0.4457491865687227,-0.4878385616408543,0.8326788779235329,-0.12551155914283105,-0.4527539468098179,1.5150815677600598,0.955035245594946,0.2558035187865357,0.43603259047394227,0.9717113781652672,0.3316828803346659,1.5713028142932377,0.7371428678034732,1.2444708776335527,1.9818141394150237,1.3323272049671586,0.20067984623546345,0.625427994997353,0.8009924636243205,0.22549796089528915,1.8170896252061262,0.9395387868480122
2021-07-15,1.931766113574101,1.7512170802282951,0.5674664266656552,0.42209666050117295,0.7691326582647355,1.7610496933995026,-0.10742774776786111,0.2557609231264173,-2.5575755287730058,1.8551174121312992,1.7080031658103252,0.2599291467370158,1.9051873027520796,1.797676364657638,0.5328737418880573,0.558810910321349,1.5065229027957545,-0.43953910662934886,1.4235147797771417,2.109121244454051,1.109615112013391,1.885283798588326,0.4168862133255787,-1.4948546612381985,0.9231430147647383,-0.6087418227470296,1.2206667045326853,1.7644193393187853,-1.1032116951719964,1.0722771459970388,0.7873128557355344,0.5358421226714826,1.6666301413568854,0.6132806015223715,0.47832145397766396,2.263043371740601,2.7816182897104555,-0.25345933567074047,-0.7659723474991952,0.6926600243220056,2.0883097338358967,0.7387122739220103,1.8051781825267232,0.5572642722230204,1.8116456038668705,1.568104915108025,0.5693922674905937,0.20404140743769486,1.4604202762162897,0.6973150573495697,0.89036466015031,-0.4318917156133913,-0.6113075665211144,1.4994440824598587,1.603202494218027,-0.5719260876448801,0.72543403640319,0.3113277469921656,1.7441803393168853,-1.1962470364242133,2.5753311870810256,1.8633425280932043,0.0389535281983933,0.2450196692011017,2.2911372723734695,0.4238519513763929,1.8133631400073045,1.5464843421227619,-1.4525695430739598,1.0315307237152893,1.5277033645713805,1.2024645758935315,-1.3516430466093858,-0.4182699322943398,1.553058789216616,-0.36105682991967214,-0.14088001164899916,1.551244068887525,1.6504385465458233,0.8481577244053459,-0.517779386699587,0.550360776423546,1.8350546456734727,0.7935344073571869,1.313361689632508,0.2101581563096978,1.6187908548106555,1.077526339442695,1.9273794257676695,0.863635422531702,1.7682519932384013,1.370059383657936,0.4260899990718224,-1.1490955203038717,1.7131131031764375,1.883032748080733,0.31040045503877783,0.30852958116207035,1.1613230948168998,1.0637837904939462,0.8439237561360258,2.2745970109029505,-0.7934081682551037,1.3275367190612437,2.2791840569930146,1.8940765615290756,0.40678155904738034,1.0449236176046708,2.299919244398247,-0.342264979569197,1.8070197845208449,1.1800022181596572,0.43123495440588216,-0.13017998286021276,1.9968749698385837,-1.2350559222522255,1.3365803238119698,0.6794572439355099,-0.12643538132283538,0.4104146456954568,0.07998097218414768,-0.6147011079415455,-0.5873976111746649,1.0882604841820611,-0.030594504574085392,0.35679656640239155,1.951336191191418,1.6578910027801743,0.4384557579772148,0.31883969987877786,0.7134635765732942,0.4940167893925877,1.7030209676822,0.42467781856769315,0.8952025874219022,1.5450332038547339,1.3408099049739743,0.313220765233876,0.3489421239431589,1.171568699415852,-0.15635149521876054,2.1252959415181096,0.47794894461943044
2021-07-16,1.4267791378954446,1.2860497537615463,0.5950021275984712,-0.24999928988423578,0.32328438506057516,1.2853562846536053,-0.8971717970278971,0.8635319517678663,-2.4069025810213875,1.4609309323788904,1.6608447260821122,0.8799867923870078,1.4583029292974299,1.5710686892963854,2.5969886417201162,1.5546000572391019,1.3715587802691842,-0.6895425553449591,1.2925787423611714,1.827768301893832,0.69236133861126,1.9323077855907138,0.9436540892513365,-1.4257928029136007,0.8923939597381197,-0.3894801726989378,0.9923158363545865,1.6483479144571083,-0.8768671349093011,0.3068888562243511,0.6179624149727772,-0.765871156917785,2.074438598941829,0.344278372919317,0.8917000265106847,1.9214282147593342,2.332144463643936,-1.251393725208759,-1.2901622232181433,0.37273073720264693,2.3404886081800087,0.8497586013500558,1.829202512317552,-0.8123004682418573,1.331550249397799,1.528478043941308,0.49465998671785383,0.3398266879433921,1.496518164748357,0.7034862645382367,0.8373140141711327,0.3032140489039016,-0.9932367241825746,1.7696662685902607,0.8363790481871846,-2.3194044351605876,1.3472716685566348,-0.32865931136811244,1.606578988495519,-1.127546382294493,1.5584553741105236,1.8506291532623358,-0.988343856862542,0.05357322454760239,1.6291622791314904,-0.8918641972032557,2.0422337412982317,1.3532444985670118,-1.4211471203912227,2.5579853576920724,1.4789675820124324,0.9018883027536245,-1.6977353864606135,-1.457397766269992,1.8880666515046582,0.7993305207257231,-0.5409547184753628,1.0525235156128037,1.7614196891024805,0.10279518232969861,0.13983726637225138,0.4960997762471106,1.553429322434178,-0.08125023056475408,1.7180970967056537,0.11918780208186852,2.0741941610970986,2.3717505041214175,1.802630028007845,0.9608582096392094,1.4165659148986907,1.4113350634541622,-0.039134480506804306,-0.5445300526328164,1.5709635871633745,1.352360821648117,-0.00516059165614949,-0.009928763581495782,0.8846074596893011,1.0177341569227973,0.37982809328064093,2.1441710163558825,-1.758148059656256,1.0252508610715159,2.210290125693215,1.555057277203649,0.15649735235242623,0.8544456959368495,2.150725088008712,-1.1846195866503766,1.3875465335297037,0.8166044372304251,-0.03558747537753753,-0.7263998049461531,1.8575884375333505,-1.3476318039773676,0.9039181856303754,0.603370431443714,-0.26419699402957236,0.7210264476718024,0.9221223033913531,-0.7935044727730537,-0.3341284630209103,0.7446738092060702,-0.5602147802352516,1.4660071277408289,2.358572197019782,2.084148609582768,0.45144717855728145,0.4241537354953643,0.3357718856454886,1.7969915772563598,1.857204560654097,0.4924535930271394,0.6588789977716749,1.498072028743568,1.3229074398428209,0.0020370741783832845,-0.2424773116157503,1.4753088470165192,-0.3223104534745195,2.165338177606561,0.5803168928811051
2021-07-19,1.5400172872469864,2.2858368697159603,0.873406160104658,-0.7480997938736049,-0.2787661178445517,2.4638282862704144,-0.8058597577607342,0.7484981556691027,-2.0932575300079597,1.20192678685976,1.5655336425708348,0.5948836385419931,2.0199758380911352,1.9961608533492947,2.4675732530066083,1.3920522689591577,1.1495466545072992,-0.4557002480762241,1.5037318437703677,1.752819655529414,0.2843975156873571,1.506438020614572,1.0972074791517203,-1.4958794856168056,0.7070782444053231,-0.6125990971606994,0.8613679523673884,1.8055648816014598,-1.2024857554413966,0.8299810151848456,0.38356660343898646,-1.0682563178617948,1.6507004541686665,0.08972512757802562,1.0393139245425147,1.459598332311411,1.8498326778819254,-2.567524407688374,-1.0345086346835963,0.3899557218072206,1.9363048772460936,0.06607691490681175,1.8202025012878063,-1.1022364666515005,0.8475872462929191,1.700524641761356,0.32518422602487834,0.237085169864441,1.2048194146287057,0.7913070598668552,1.3404456034234127,0.3406019450883353,-0.35892225408687234,2.0530441070369316,0.8658142453532272,-1.8845469172245986,1.9575005530453888,-0.4806448536248563,1.346997947726693,-1.507354292426707,1.3111998353805026,1.6160155951971973,-1.3930073174667508,-0.1096599990915086,1.0500583703502808,0.26802637753694264,1.794367339295309,1.368954634316089,-1.1061039705977747,2.628566305143527,1.4416558690389354,1.1614674086529448,-1.5022175875665227,-1.4604635428216062,1.7446880522663988,1.1016154645740819,0.2616439652705825,1.005604284555959,1.7080835865981134,-0.21376416909689908,1.1546360329039689,0.2280568971759409,1.5863614007933378,-0.5454586751328446,0.23232745248778214,0.4287663483406533,1.888420585849374,1.812595943843743,2.082534006257727,0.23721590143241628,1.4448320504459478,0.8012044428385187,0.047328033940565756,-0.31305474030497954,1.3968633816707814,1.7625533197284404,-0.07118468196096661,-0.07288196009791849,0.27991847149911775,1.2024413634652305,-0.22913533829502689,2.281636012820931,0.10882577950124404,0.697226735876254,1.9963845435588579,2.3145781164666297,0.19994984843487312,0.21250015419482612,1.6295556911088338,-0.7854871861164634,1.469960813722024,0.6962498565228731,0.3723004005780301,-0.8307003642812393,1.9685147522150828,0.8082289302518387,0.7666994887630426,0.7736609107041915,-0.21699318113934757,0.8372872282503738,1.0819595736683107,-0.756210669214864,-0.45391091570738584,0.30519878088879265,-0.4897115357656306,2.5228515654676786,2.8084776994686087,1.7072503510940225,0.6730774375409097,0.21021695229777002,-0.15749614938516177,2.219450585142936,1.6274973036268336,0.16534549951547928,1.4245776533007912,1.6529941651069793,1.3078197505732105,-0.4982167016344815,0.038525965132155886,2.205762336844303,-0.4279689995081395,2.548575766628057,0.6850112089846272
2021-07-20,1.0012804625119756,1.4253702777260655,0.5247379692613833,1.0426386104854073,-1.441592232478883,1.655448251657356,-1.0050326723484075,1.650583795264819,-1.8274318259940396,1.1852495273984673,1.3842765774404653,0.3658636131950833,2.0306483521739858,1.619925118381186,2.1970986238554744,1.0234275373299089,1.0706790214015682,0.14162232884427411,1.4225929340673271,1.482314062085741,0.044036600558236515,0.973998135769316,1.4835507338980352,-1.2870419906169117,0.662812582453001,-0.23966819405932882,0.7594149595925593,1.2681179851197633,-0.8017117253823424,1.9385489413754335,0.2554172125339129,-1.07328352772935,1.4072025692797432,0.2859852794262643,1.0335666177492175,1.5483745483657563,1.6733266907532909,-2.2457597374316687,-1.077334656938895,0.8066184253332532,1.464841862460299,-0.11526590531141362,1.89232165730451,0.10608201499510787,1.2541121626558425,1.7317479582652018,0.5726530040885028,0.17267233547164287,0.7440314266413209,0.8869648956309767,1.2466878873390395,1.5879942884360525,-0.1798919973293158,1.4040893436246356,1.4340472509788036,-0.3273482483764769,1.831618222598288,0.11978402299459623,0.9986487685983629,-1.4572188311576701,1.0885635688785933,1.5922038300834171,-0.7968880680042083,1.827021425077663,1.4857980958001973,0.5964819016408852,2.7457515173656306,1.5438358915556338,-0.9546900336965222,2.112999621885188,1.1205785223332463,0.9325850899828427,-1.0458524098256299,-0.7661705578438728,1.5274824426234317,2.0676965622340693,1.5604924177489687,1.088606106991803,1.7554655604233318,2.198123670360021,1.559550087276087,0.2132329749461822,2.0183929905410647,0.3698125419443559,-0.0069914269931614405,0.47045962978603223,1.5355686485906705,1.6616344078696763,2.0180659733365918,0.0693756909542541,1.504076956316939,0.8585865806689312,0.31280393351802505,-0.35515980411265946,1.0528528709839962,1.3960245472638264,0.14492671154553816,0.14551726376084473,0.055330236675488156,0.7537462865703295,0.2778059245943157,1.7412181549198826,-0.4695845426823726,1.3775370831516263,1.474108779078435,2.095638865717924,-0.02484436184623502,0.3670900181604247,1.6724762775339448,-0.5245255995824673,1.7371729803845137,1.1775506054751432,2.8486005506930896,-0.7130859619231398,1.8402329065139031,1.0750639026440723,1.6183998649174829,0.9225676214810803,0.11821457353701526,-0.11363101975573872,1.8035196930131885,-0.2647991685008821,0.06237472341537904,0.3785092321807522,-0.03389230338840881,1.8051258956404195,2.294453015270441,1.6028422291019382,0.6908337353426913,0.12516744418450035,-0.1291194150020559,1.3424813942035843,1.2096431829058483,0.5637576472019029,1.349761600630287,1.7183785299893293,1.1758395310425995,-0.45105228665066266,0.35428691359810455,1.6753253340196037,-0.6124873989605453,2.2426383141425106,0.2092438818380563
2021-07-22,0.5364033014415305,1.1196942283711873,0.12416013480396247,0.5047957193706248,-2.1818149635427453,1.1242549707633946,-1.1980500999347157,0.6833361380382563,-1.5492945226124262,0.824003422280035,1.3872689350041252,0.1725808116033255,1.4617304008752912,1.2739601197041839,1.3972020267000542,0.24064355341026242,0.9675719374193424,0.6818366700241444,1.1216096440030365,1.33333859147472,-0.4365235064309606,0.8902058218944132,1.0028336707832992,-0.832110290303142,0.34361405481022056,0.7769890601768261,0.9542684317364084,0.830442712094957,-0.5261083636522975,1.8248772066211407,0.6429969197917533,-0.7217048138806971,1.4303172257135788,0.16515619919891705,0.9424571577818761,2.062253916869922,1.8515351024541937,-2.2609027980861613,0.8923126621779077,2.911459466299783,1.443038862067556,0.7794548190888024,1.4533186905306563,0.22713713706087696,1.4776686868543008,1.5101017020715743,1.087467084228474,-0.5489107812955801,0.3305410974577391,0.9373364794890543,1.605852976624074,1.7809811542886191,0.01932230186910511,1.1524665023581258,1.4278328456063298,-0.9958668375218978,1.3866685230266285,-0.1799772750241841,0.7700887203005727,-1.4677856612818763,1.1545824399517988,1.6017263970809614,-0.39786071050472865,0.583915921780761,1.1330053676881775,1.8693151635399008,2.8088533168537726,1.2479211687953606,-0.9421911280262191,1.470141338557283,0.8379365373339394,1.6471530289643408,-1.06919461633601,-0.477498962702321,1.4988650206260774,2.1531703845882166,1.453048996613748,2.291322666164659,1.1401365283532388,2.067984539100742,1.3135812325349068,0.3825200811819729,0.9708864198424829,1.6405787497326927,1.2561987158877181,0.7428558874754072,1.7172431074003385,1.0644577923699703,1.0187199991245688,0.30587137694164906,1.513592887920903,1.5853028719036373,-0.20276928743107772,-0.6043566730020198,0.688569890920359,1.1306827118000675,-0.2281919691623358,-0.2271939114676393,0.07521889339573781,0.4410235742856355,-0.21993848585826525,1.0845449868978576,-0.1762873052111814,1.223378463594682,1.3707236753431387,1.9575060728872369,0.07059749862710747,-0.31528826427203416,1.6201296813744963,-0.10630236174733623,1.4618514373563098,1.170885235273716,3.211271764667352,-0.6764316450088025,1.378768831880688,1.7331290822599255,0.8705773346690819,1.139640576213008,0.12880847033922152,-1.406600982791171,1.0740296023360008,-0.2769581174616482,0.758679245336428,0.11311658442583794,-0.3691986894604301,1.0470803207195225,1.897811986990994,1.383994391969372,0.24790524121043514,0.19534309189680307,-0.0653261231203921,-0.6073616552218742,0.23239664275803076,-0.027616006298322233,1.1190918661201477,1.6793990208981333,1.04416057069816,-0.5052808505090456,0.600333911454511,1.4974196096634806,-0.23992040092531952,1.793320489504675,-0.2492139226121034
2021-07-23,0.7635003016655235,1.0052553483374334,3.5329429991983914,2.1830705022929964,-1.1654808426426848,1.0738617469907967,-0.2577220279600768,1.320497074926488,-1.3632652702542438,0.523822370197869,1.2099683700644284,-1.187806518994641,1.3610810992998952,1.7990761144306766,1.5345436947818054,1.416581168667683,1.139686526117738,0.8074912435924948,0.6053818999357327,1.1929129701232468,0.34243005281923505,0.6680957013953103,1.100567536098762,-0.634814676542503,0.4983081604426331,1.2050226917009754,0.7926654297955401,0.9271229820755892,-0.21967034276029365,1.6350384022230868,0.4680905795006139,-0.3383634405903086,1.5714596707606945,0.21361268715970125,0.9846389953948471,1.2796089832963689,1.675222071486423,-1.9397108046152118,1.0881239027871217,1.6759700198571401,1.2818811347722578,0.7677338859923761,1.4581316894730973,0.9985864010110015,1.2418825234884519,0.9535738480706897,1.1704279098353056,-0.07935665290820382,0.09644036664173324,0.8974528627919471,1.3671452453560557,1.1828743158196577,0.38566944758440946,1.2840497055990263,1.4213479177142672,-0.8902729278509205,1.7016614901708293,-0.18011998305605545,0.9486583942604081,-0.8037468851286228,1.4708318924395964,1.44091511769324,-0.14029171726182926,0.34682016693218515,0.991607491197268,1.572903039600041,1.3514822861609757,1.3937095355462525,-0.9813119272974118,1.308619728095483,0.8215326549798679,1.7506531737411877,-0.9062982218632019,-0.3288107773553629,1.0853269873423903,1.8770811045023454,1.6775986370762144,1.5823476950841582,1.3471464029490643,1.664339078934907,1.2484141355754315,0.29544094261475456,0.7011189253334388,1.288124691223526,1.404057250076397,1.157340356589545,1.7807378272143841,0.7273229750805328,1.4113814889142435,0.3610255719423256,1.683540119793757,1.5340029625434435,-0.2678745015391687,-0.7214838886356898,-0.06646328754281532,1.1698510946718172,-0.2934146136022973,-0.28852954153808186,0.012247991831441417,1.4022533151716299,1.2734337915712113,0.724220044011353,0.47056240087185097,1.0447250797402692,1.2883031659942341,1.5764372630689414,1.179269565915635,-0.14582729458809235,1.5737390386516863,-0.22629911025981342,1.3094434875674648,1.024634425793072,2.55631668772496,-0.6459805973895127,1.5433221967601,0.6586431421770204,0.3543736870977793,0.9924525143613613,0.022489670238469626,-1.7082824375549288,0.9897935520036726,0.030540259736117775,1.1616888736569109,-0.2257390302399231,-0.5730270920457943,0.9574900231644143,1.6660425281757734,1.2890652460196346,0.6722641575673973,0.6489343299537207,-0.16797250914316422,-0.6438298258757157,0.45728544533283033,-0.1881925904237177,1.0535615728470822,1.76590607764991,1.018102020294006,-0.4410659564713375,0.8149446646101652,1.708274658366214,-0.3614486834907458,1.4928028733240795,0.017962403763432187
2021-07-26,0.3175579221900069,1.0358509584902305,3.7149919559324154,2.8946061528157507,-0.2923917431088523,1.3908396335847122,0.5030146071016284,1.9043999210427391,-1.3942568703924239,0.4523923199102368,0.8142897434804968,-2.6615204786653033,0.7947925852839255,1.3776189189525232,1.1140782194699197,1.5107126055389786,0.9437508622949922,1.226545302190875,0.669697135937164,1.1689208037069205,-0.05241231693301454,0.5192526984999999,1.7578886883657265,-0.7589299424009284,0.2805384052234394,0.45695949080341686,0.6702777366282677,0.7772604735437657,0.21043175835284111,1.680234553715516,0.41737190083997866,-0.21678201596828425,1.486726372716996,0.19895262936119484,1.0541450371184302,1.0614581344952352,1.5886013366652088,-1.5834810330146756,0.29200587272002176,1.8311436316669862,1.3422062684748683,0.9648086740789379,1.2352904667854614,-0.4281879350384049,1.127237619166121,0.8645020343510452,1.4060007612354142,0.18205156479848278,0.421466990819767,0.6720912951741519,1.3970996753785792,0.4615305963256649,0.5114354497453546,1.0862359212862869,0.9451813527113516,0.5413179285090445,0.7919010154399079,0.20940839452615345,1.0724999965097453,-0.3982233891858482,0.9344151449023257,0.6650024933512724,0.849932498764094,0.6786990577931414,2.0497366986090477,1.7077384742325552,1.1508558553523438,1.228617395892155,-1.0870987611760201,0.8977327530164727,0.8144573808698637,0.27288153718218944,-1.0314307977395532,-0.6093462009022066,0.6339138914230789,1.86056344651135,0.48960760820512234,1.6618944898049068,0.891635053396013,1.4047752220880203,0.3892145793658149,2.547347139722445,0.4396075571816219,1.0523889851919201,1.527563051148962,2.2018402252179246,1.8749089522383022,1.7998077216013815,1.1378861233412887,2.9885884832094662,1.4854451540066267,2.8186004053501317,-0.6480090958961896,0.23753214528094688,-0.5709049305403051,1.0791972006989374,-0.2545118309166305,-0.2518754340750151,-0.09973400088872662,1.3567704278390276,1.573845674617497,0.5959611717017125,-0.09018813729262827,1.109966349890969,0.9470740269863218,2.0273671871814556,2.469078010481203,-0.18697367647798835,1.517014990664539,-0.16801869573609823,1.6302829202313585,1.1272522867894121,2.1612547558981046,-1.126906728442465,1.4590303193582561,0.48131004812218536,0.31433434487618184,0.9650624844116364,0.6200270089048304,-1.564336755440511,0.20539172629165633,-0.01636426182923954,2.350374672115039,0.5430202360922795,-0.49695755251595314,0.6171271253182645,1.2160127755173087,0.968309439293755,0.4778045942042519,1.0646539711415426,0.11929895854918517,-1.2425209785175677,0.023354365154308714,-1.5194661847825672,0.5062872488944345,1.4312898407354742,1.1192246240691877,-0.6363723742808899,1.853144426489574,1.5055192695335888,-0.05729444532856107,1.4712089899528717,0.3614695325842898
2021-07-27,0.8022773543094652,1.3930230180396297,3.1445168302039996,3.010213265833796,0.2853648765746996,1.6614527659778253,2.253046302877495,1.8754350399674362,-0.8074878569436826,0.6415034217194482,0.7827369002183625,-2.5338845226298283,1.0663505985944342,1.2229937892371157,1.203091096245943,1.8000303152595671,0.9824170955395748,1.941085715481428,0.8217361467161762,1.094913076295232,-0.017359075786235852,0.3963050331048352,1.7637749479407259,-0.744364906620417,0.20820908753447898,-0.06429797283926365,1.0343638945792113,0.9081995099785763,0.5253464826586459,1.677509208489614,0.9773090565756701,0.6685543723323029,1.3069868318119988,0.1758604820278291,1.8651842896397866,1.02376753940585,1.6081206599687656,-0.8122541135661336,0.5916406982262405,1.4735519019179157,1.8748833383729981,0.6205061336807722,1.8127377840742136,2.44909953388284,1.307842612462827,1.1817740607331113,1.0659067060213383,0.5296365441036435,0.28801913146598546,0.7560263810432268,1.76370647936836,0.7166994937788081,1.5680822466538267,0.9395229491904608,1.1598125603348854,1.4596077663269476,1.0151807152522354,0.3498433133283974,1.0719362749641048,-0.40801922080700737,1.0590302909735718,0.780098316317602,1.095949376231044,2.3996659045074415,2.0842067812010536,1.6568586270019983,1.2583007852952226,1.2958622684117846,-0.3301174996229838,1.0366923516218614,0.9934292415125835,-0.21631566096314558,-0.8674275704321449,-0.07139953822136724,1.4831242644481044,1.5699501626732209,1.561722764207386,2.163024421224382,1.6533198527513338,1.4958287854949506,0.7016388317826258,1.5801900682229,0.4029525191022585,1.3597845801208686,1.6087085956698641,2.389175268246594,1.8821798255183328,1.276184410685869,0.7427367448068523,2.2518257784217415,1.4329696033771493,3.0460537891645574,-0.4435509638906586,0.6324768223177526,-0.3493767945245062,1.1028221114739534,-0.12565993389227842,-0.12585987253368608,0.06880637717873977,1.5444092818865844,2.6128336494571354,0.4681965685485969,1.295547392125689,1.1836389397200195,0.9639642570245982,1.8693133709825376,3.0026728645470646,0.26882070488796694,1.725993280432458,0.6947898110600084,1.5484496523131102,1.2307910494336067,2.145149290826417,-0.8419799650030005,1.4436445700136207,1.3617407006176712,0.38466282979687444,1.4407594800162156,0.4854084780399829,-1.2798722325809642,0.43209773139088536,1.4060615078448258,2.5419278215953174,1.3861751718778612,-0.37182979464542193,0.4273778183598639,0.9480740478515869,2.1745735175077847,0.7745882906499216,1.0038563107584448,0.019220214224258174,-0.6812441028228327,0.11578051833245916,1.649389340448087,0.27583537599536945,1.2851150961752411,1.09387428526588,-0.10749073403317894,3.598482184725504,1.7070445062005475,0.05198752178848555,1.787288699967771,0.6605308639039001
2021-07-28,0.5805336566619034,1.397012749376509,2.9109460309309902,2.228612846195472,1.6444138227130198,1.605971809518596,2.0217872695434065,1.8182132775361215,-0.5359366465642521,1.2430087101983582,1.0097683842067111,-2.053636258898848,1.3231396050907211,1.0804580070997847,1.830383452007045,2.0567060337584024,0.8322991736159652,1.8277369436568431,0.7615431517870282,0.9726851690240587,0.12815000110903083,0.37554445909622286,3.285276614109881,-0.5430856757851804,0.5079237542646113,-0.147340933369126,1.0097735078812662,1.1642442074050976,0.8264387437600856,1.267808724658312,1.2268257238875702,0.7068399999805689,0.8732116229420241,0.9108745755241574,2.0391299592388097,0.8004724874480601,1.5158649285373311,-0.5071921963135425,1.259900253894382,1.7069865883719029,1.683201710805317,-0.5766093195311993,1.616405803661268,2.6693306931803744,1.2389746337595635,0.8554201367700969,1.450406489934888,0.5797464000716431,-0.14813872769480285,0.7579923943928686,1.4985200569942305,1.7088774500293618,1.526789887272722,0.500782916973087,0.9674186582803256,2.1301901424474927,1.4490737348317433,-0.21020726229395012,1.7477298250285462,-0.37678504663297296,1.4144917671713535,0.7571716132123513,1.7693149372376498,2.738096055531291,1.493915592118447,0.6416664848756156,1.0404380368570092,0.8295361388944991,0.032448278690036796,0.887647919829777,1.3200102084418759,-0.5625355167956513,-0.9275309261528696,0.19172917250746419,1.4082885556886635,1.4057606334274981,1.2274824826597122,2.8228066639417824,2.123129860338256,2.3400242160763556,0.7061090192840866,0.8934100730535363,0.35639840192956124,2.1490535869117746,0.8910779961521993,1.7455237486453867,1.872552042175875,1.8439584118966907,0.5244117365234777,0.8323740638664453,1.3691296138264963,2.508458418206849,-0.9613442769187313,0.7536526800108483,-0.5109855629101917,0.6466197555134754,0.4257109809793924,0.41486842370078514,0.2505320390233032,1.8551002337725566,2.712905206095938,0.5014958237669705,1.1604115411064708,1.6497637021596736,0.9488007485578694,1.2335575788721076,2.9648308329048807,-0.3939024993299057,1.9343078349554128,1.1822093761895278,1.1688389819256026,1.824746132152,1.5962172458813653,-0.8244132737429185,1.313263018274552,1.3087391890789024,0.11222024293504954,1.6044109518592875,1.255067010256343,-1.27436217063832,-0.23824169307622456,2.298162038503245,2.4734926007413853,0.6481210668441322,-0.5993229270985193,0.4554562987026721,1.0947277586139121,2.0022814074977764,1.8077913712474216,0.9008687286863329,-0.18965153895608455,-0.46478491475103306,2.529324890739615,0.6588565134938965,0.536376109650489,2.060854085728312,1.0404856264738855,-0.0288246866409006,2.779699080504247,1.247262492532405,1.611613175443089,1.6548600585424846,0.7963589335187635
2021-07-29,1.384327610863113,1.6438212676358237,2.3313608263851413,3.0228574385842752,3.7775133711190736,1.9333340157823422,1.421689893585426,2.411510771673709,-0.3670349327490031,1.4675566647495402,0.5986268998279652,-1.959895486308217,0.9244047015602754,0.9160522077011147,1.1270031577177795,0.9231216981981585,0.8273158724035865,1.8197053948961421,1.0930304482940871,1.3251522059981193,0.2640499540978028,0.5450322826829215,3.1186384636661986,-0.17958135080921675,1.7804864318382274,1.26518263921237,1.1346505904087811,1.2502049591055693,1.728991958487254,0.981069670530973,3.167859663037839,1.4315801425179329,0.8016724041031514,1.9773739027649841,1.9019223332071826,0.6881705381515371,1.9050041605380097,-0.342228197924762,2.1292298336066087,1.728053834638996,1.617339962178239,-1.0306576133431908,1.6293120899122835,2.036479495945406,1.949950472235401,0.8371009143450189,2.117168558011743,0.08630907057463236,1.1447419949446311,0.46225792789538017,1.3550774952000884,1.9969881116394237,0.7966918713125882,0.929626876151154,0.7318156059167831,1.3312306030567447,1.591614657883894,-0.061111481569803346,1.6513052386917866,-0.8821960823537571,1.5753362217588243,0.4454655183626533,1.9555745209921074,2.7676042917348553,1.1809494792386552,1.1641271970667586,2.245646521892785,0.9942472351916587,1.191953123949756,0.67888913256964,1.4752789414481018,0.07361882379197525,-0.5784139287402312,0.5428620517227564,1.0618566635434268,1.7668832025976888,1.3096530961464083,2.2404251955607104,2.295892648297618,2.2023414174542566,0.9093899616413443,0.5628440662916852,0.202341037865715,2.256316292758232,1.1877529402363336,1.179142442611098,1.9055774123305558,2.033538644123793,0.7520070793854716,1.1157661772592,1.8515489982798299,1.9194225736243762,-0.06515294581813202,1.739293525521527,-0.21646867578203388,0.24536577597747797,0.5509812333792449,0.554850317984002,1.8975440699630848,2.3373077853533144,2.372169594568165,0.5642202896026508,1.6704132447914437,2.2651160849364897,0.9181582655515396,0.9635722525905408,2.8243228548033645,1.3437558088825763,2.174672468676814,1.3624361835444019,1.0765186962042221,2.1507626330707934,1.6034457887790243,-0.5397530687323515,1.0578535149929853,2.584444241108822,1.4758330968878244,1.2023674202631691,1.935733886856836,-1.2767192543319419,-0.5020873609983505,2.3557723714235372,2.7916374826919865,2.7757959557819034,-0.10279092032799733,1.2498406934591622,1.4131280944444657,1.757688273225489,2.880887417508399,1.241234104455162,2.500511680042896,1.7240659930878284,2.1874939505019952,2.0464004845925747,2.6153978581548896,1.7412860589152324,1.3121786473355257,0.06753053866294452,2.150091774011803,1.4592824854049566,3.7510553611984654,1.5724144005432363,0.49779453975303145
2021-07-30,2.985539826059074,1.5334606418440226,1.7064999279420583,2.195560196433152,3.6644236354419157,1.6091870367350254,0.546963469038217,2.0348694393505093,-0.343996426160247,1.1130231309523837,0.5535090286967514,-1.5538230589022917,0.7084273288265057,0.7740680412143686,0.7216792735161326,0.6936347203599182,0.9779638830680681,1.6295378163737475,0.7219339175967502,1.1414258913178295,0.0714197177811106,0.5860528272011943,1.9308942413482182,0.35594565242947623,1.5501598543237742,3.2882595162501755,1.3000679251201526,1.4272431500600227,2.559409036331524,0.6557860347621451,3.0059867850648687,1.0896546906063884,0.8541011540302079,1.4368063555528583,2.340321302377605,0.7397068161582475,1.3975384353796265,-0.28270569784934285,2.890080434713258,1.1512079969381663,1.5811731109192337,-0.40556088633380394,1.3321208473719952,1.3685767325650142,1.9455479812898013,0.5025154978900814,1.8027196168988975,1.2123963422089474,0.8038506661309748,0.41594735887151024,1.1102433397277132,1.5170290418548782,0.30065851146038564,1.960552903700795,0.35269384904798584,2.272999612317001,1.4349276703730902,-0.5640703611322919,1.5724705789737379,-0.5265119322959452,1.134896034612053,0.27542876726481214,1.9624558949969326,2.3257416296266586,1.0219464873748967,1.6602514334832537,0.9717317553655679,0.7767875427050848,1.7922562778021798,1.4854428466707077,1.7865771093676486,0.5124231223342515,-0.6149136988471506,-0.169856249463734,1.0874160520186662,1.601004628613824,1.026742803309414,1.707786315805888,2.1694597866440586,1.8128976500901062,1.7946052827184122,0.8313720981375152,0.08122696735246752,1.9508414536838654,1.3655364057910788,1.124637103224286,1.8339490254825712,2.2479273448690957,0.46651154091468405,0.8851399801294645,-0.001341473659426989,1.6438873747003104,-0.40565819632606387,1.7985252683690354,-0.35091756434685983,0.22236809114754202,-0.6115650137184393,-0.601186494898647,2.5001070725107,1.6741405846978534,1.7119425021172452,0.43149450415045826,1.9701354655199539,2.2496719005063763,0.6737770822011822,0.709863546493429,1.9087297660735432,1.5486239778247786,1.9527188335010677,1.0393680240526868,0.8586389541394684,2.458424577572136,1.3201789269501303,-0.8258450620677126,0.7967797841886444,1.9636532028563272,1.633267562021168,1.2551913241633004,3.3152447009285755,-1.0204898081205298,-0.3028095035880431,1.8613384904103107,2.592872590822882,3.0714432888853884,-0.4103703491051528,1.9620209229372874,1.9249912249075811,1.6836861531192782,2.652004216933692,1.3135775485629364,2.9399324656240364,0.8953798544570223,2.5618826539243584,1.7811103886258024,2.054745793205216,1.6847892100267547,1.3173318186545349,-0.5801278489397078,1.5891387788825408,1.5433113079692753,3.0513704558848507,1.2944918981637874,0.31359293010280004
2021-08-02,2.8451050102763356,1.0787227021812742,1.4038219451862413,2.0803831089678955,3.108015375092475,1.4174488107571437,0.7883754155241587,1.7283729659910212,-0.2234893017538209,1.098813444554639,0.7093245312650877,-1.182802840065603,0.6392616319278115,0.6844726320191757,0.461129014241429,0.4630684829718471,0.935988360370937,1.6709444885716795,1.821980206375951,0.9938922084965116,0.46900618797726434,0.5035047903673555,1.802355270626936,0.7568274316898385,2.263122280696507,3.4662501826831567,1.431451864222165,1.5423270849491737,1.9527219261441113,0.728723639741852,2.7534152353085495,0.4799179426522643,1.5595521138102018,2.134766661735349,2.473587806757483,0.4929997030285735,1.117617865618919,0.5059708875908826,2.475162887349776,1.6198242784411738,1.4844022184952161,0.029412514704979985,1.179375898985085,1.4910576395226076,1.6581344084328735,0.28313073753486384,1.7023737986891165,2.2200496355356045,1.1933476538012413,0.6701651431663755,1.3767899461659125,1.5976076578669642,0.2904904825311764,2.345343061537645,0.2955293499504979,2.409536373484802,1.4530181958257293,-1.0529533859680207,1.720997076450355,0.13670423532900913,1.0530745576501672,0.06490877698945616,1.4220920240081387,1.808316735818011,1.4905664297673078,1.9017849144376615,1.9980986451770288,0.9202345238909269,2.074560033998662,1.4197239840293994,1.6501578483781658,0.5887229094182667,-0.5603506820147437,-0.11926689935096359,0.8869813715837048,1.2263333105361516,0.8408892539512401,1.4432805382420206,1.463715593212495,1.5403098180636001,1.5768457606803175,1.6042267207688217,0.2935090396019164,1.4931021245430076,1.2080405109168313,1.2787717936578393,1.5203832460057456,2.2748431750607887,1.0481362616366081,0.5580600201527361,-0.2521806530353311,1.4022981525430265,-0.8013035335658211,1.7549922064550147,-0.4045905487055209,0.1760090446637619,-0.7260712110707581,-0.7265638520079964,2.7271574923663766,1.8550925419719095,1.8688281068137207,0.2849947041679783,0.44894573423292305,2.9909609155404118,0.7012158797900122,0.5494997428920805,1.3725824776809947,2.4950997336736553,1.8117668853446585,1.2314445754615135,0.920942494642393,3.2310825437893937,1.1465039184712733,-0.4636811174123196,0.7170043127914754,1.3056780471510498,0.759464570431165,0.8381160478077199,2.678518897243619,-0.6232844190681067,-0.26495874166854305,2.055867945652715,2.115328224652272,3.606631658460236,-0.4441427670372796,1.5095331973321284,1.7650107303330334,1.6578001610622786,2.2843029493627225,2.0643272494593528,2.9608733586159346,0.717068617391521,1.7147816381467231,3.0665960114324236,0.950394709259962,1.603318549575514,1.287054851161957,-0.5887402783678916,0.906927922828957,1.2528388575112033,1.8645419396383063,1.5612422921648361,0.9826537731885757
2021-08-03,2.466418214196952,0.8296837224320354,1.152138368608736,1.1579491466025482,2.334765317208055,1.5149978188375561,0.9005841125701147,1.5623810205962918,-0.3260145820441246,0.43257168215009073,0.7123726245457762,-1.2194632788677178,0.2488577636296213,0.31885949989865137,1.4653422763940835,2.242518951856307,1.3862491794723506,1.2784272501416998,1.2835064586499116,2.025426407782278,-0.16839982606906562,0.30558842913114137,1.4504098921396718,0.6364409791423196,0.7674164719352748,2.59259522913685,1.0190804334770998,0.9751819670719547,1.7463894960132988,0.13256176396868474,1.9640973480862933,0.3482987079699433,1.4117340779946697,1.569291972625418,1.9444350778360382,0.5253762409026334,0.814955104588199,0.6210897414818358,2.2597224848932855,2.294636616017499,1.8001025977484677,-0.19867783798880187,0.9104815166970105,0.8385227913225186,0.8992644430062176,-0.23407695367193904,0.9891614983294309,2.065937284796787,0.42963688494240143,2.182596493553247,1.2974772317556023,1.253967716674335,-0.6733077341821487,1.9666912029942012,-0.19611568430827397,1.5513311013863709,0.7673026348905954,-1.1800305337493187,1.0960606754967885,1.8009348701940897,0.30534783777789726,-0.25830728080160364,1.4538782157122836,1.4660752799885048,0.9513257506876336,1.6272121670760995,0.9812400724976392,0.6241490826190069,1.3535341475766312,1.4081697964822684,1.2017594161210483,-0.6661835587253464,-0.5141800322870348,0.46845016172257065,1.031569219204993,0.8716751406152586,0.49225974223114927,1.4451057609124438,0.9559696160822648,1.9412514226346045,1.3881450350209836,0.7255492584302338,-0.04129353794120884,1.3922064945664634,0.6599770637105535,1.4261949345777516,1.093703425948267,1.7265786396514655,0.45787663361875036,0.07605128479685945,-0.18812247787515007,1.085363565234929,-1.6554365223872076,1.772537306843613,0.576581510201868,0.28165311348643274,-0.32179657994206556,-0.3245002106845019,2.0405766998169743,1.292411636753626,1.1439418903596092,-0.26936796244253475,-2.382667388324843,2.1944172580673027,1.1832955533294354,0.6653753123557924,1.2648874251552717,2.3842580015215713,1.4832954604379158,0.9715329668129229,0.7846797816777359,2.230455915025657,1.1122617338475744,0.5128985064034606,0.6869775612733808,1.481640279631606,0.3669209827063362,0.4726883679917156,2.269644937551902,-0.8255016180414421,-0.29606357286726104,1.3923468953994176,1.947994690933687,2.4978858669888826,-0.4446765715746501,1.4143112977282395,1.797227800793153,1.570859788148714,1.3232286734968433,1.4283822262034906,1.4925930080770062,0.027644082434156704,1.5018238856743016,3.281792065021808,0.6588428939719387,1.4008471608715758,1.1080487608996108,-1.2141942223038609,0.4341928796609719,1.2496580979761611,1.3241739078825239,1.2656082725497164,1.8216598878318138
2021-08-04,1.9624748461128196,0.9409944104489161,0.9860555589084801,0.905195618149754,1.8232296968916788,1.3222688648447938,0.8264711402738839,1.5274158115285577,-0.16185932435041844,1.5063527581161062,0.8364930082874824,0.27211595269617705,0.19959155766376815,0.05882293426376996,0.9904472509045658,2.546033681969984,1.197295903909131,1.3198172721770542,1.3584824942191518,1.7180426412291987,0.27657142487094,0.3218386848705946,1.5153539276557009,1.0489875982593266,1.1410718696327506,2.4311290309406592,0.9863097140508635,1.0231887457376685,1.3349163192749902,0.10232333197345622,1.5529479342013206,0.5798061952180241,1.5285869053564312,2.444863341728058,1.971489669667265,0.38552912560386354,0.4868218419602836,0.5806426326789762,2.078278885342542,1.7463851773780825,1.5708223050971564,3.552438315084561,0.8290881676750944,1.5230703853677643,0.38723377553328914,0.15039460864471343,1.1883202397327242,2.7129510532574233,0.6671886126331669,2.311502134871492,1.2681249123740583,1.010501693851637,-0.7865751027202255,2.199552449257377,-0.15878248667978861,1.2557023642617255,0.6150824114878043,-0.3391845163794427,1.1410953483039787,1.0690715444839503,0.3746693356915712,-0.3575395662056248,1.5233845304447986,1.4495565650613427,1.081692680656021,1.7555816393100512,0.8556189428999582,0.7641840641778315,1.4397673715121526,1.905697551199136,1.309789962591511,-0.9567490712559469,0.5256045244502702,1.641908475028379,1.1929973833451881,0.8851896752226933,0.6458972019346088,1.6391195960244755,0.7401076700647078,1.5731449518000755,2.1466641657207277,0.5466937101557933,0.07605442006883792,1.5960303996119602,0.9217022630244693,1.1544822895704487,0.8218843079376413,1.6289710909513344,1.378480533621404,-0.11234190210983226,-0.09587442069021788,1.047464120669096,-0.9642362371039638,1.5064364669840111,1.9007328174483962,-0.1796347695042902,-0.29482342384714877,-0.30098670605902916,1.674489941446408,1.7605931827404981,1.3399760578047941,-0.4726066563851833,-1.9276832876186374,2.011777340835103,1.2967210099963642,0.6891949487338439,1.5424738254760215,2.083317332162787,1.4341614106849958,1.0111223551475519,1.0610160547300609,1.8697684632258575,0.9987982081456337,2.1421691786214216,0.7296514042196303,0.5681623544659056,0.8205224509654507,0.8004204031034299,2.100656335758244,-0.3178816723353865,0.601022075649034,1.460804481245551,1.6510461907657095,1.9272453112637271,1.1004222763227498,2.467569605710202,1.8156679331289374,1.406874083834421,1.501758906319628,1.847490141432589,0.9991132078438572,0.09925741367339407,1.486320202963645,2.4881251273655853,0.5001264458140872,1.5564916806169802,0.7370943440534257,-0.09944839652393456,0.45427192230972674,1.3230189503525323,1.4357668358229256,1.2638932849542455,2.5380192311165426
2021-08-05,1.927837184415963,0.9298457353845953,0.3625939204492542,-0.6652856068923987,0.9762040262643257,1.0213315321367538,0.9167969545633916,1.0773935245793915,0.3761457174832686,1.292603311608858,0.7358766181453293,0.3290380093210247,-0.29172745903509767,-0.39198631715725646,0.6943310946780105,2.2821978051851355,1.1378816603393482,0.8523157194340876,1.2444999771735996,1.6144590226177105,-0.2516738327307507,0.039604699543359226,0.8878675634717172,0.3274060822744461,-2.267829116428645,1.7062518882366788,0.8606160973138236,0.6255172144005908,1.274467301608377,-0.6585827654374323,1.2990759983100557,0.1958892448530141,1.2859620923530157,1.9008806901407058,1.7235328091230133,0.14738110026765952,0.1609921652069217,0.1921602452559913,2.1168123376835752,1.644720865974854,1.3111823897504864,2.8778125602547098,0.9971332284856628,1.18522439447994,-0.24265767526698767,-1.1795712880613316,0.6213203320802044,2.214085565747104,-0.07692583941817538,2.413557404500321,0.817093767091993,0.6942296170757813,-0.9939606548131914,1.8489925652319947,-0.9377256076733818,0.6289726766746452,0.20203964874744237,0.03922263883619792,0.8269341033666852,0.34367108225915205,-0.11697001690620597,-1.3352306602744182,1.60035696218943,0.9729788367933038,0.226150414965008,0.9350519294778115,0.5801635778279817,0.5251313831706532,1.215309386268952,2.290021041754352,0.8765040286376584,-1.508466144743731,1.0526228341077013,1.7049872018714889,1.10895300932975,0.6695089229719818,-0.12905614337979815,1.1096836792714253,0.5183944663537179,0.9428987729992854,2.000575645770419,-1.3044419184624414,-0.6168551846594836,1.074545256532546,0.7652360768070844,1.0719197279316672,0.5814251217293962,1.0685482391320202,1.3076166638531856,-0.3154215443624074,-0.06848592062824202,1.0960520441759878,-1.014190465641231,1.2391440849834119,2.1281899941457243,-0.1665028391587288,0.18391179133801674,0.18952445358664405,1.3103736694610768,1.1809419295040295,1.0817205997000103,-0.9495723635377311,-1.7078374138970152,1.4721540374333169,0.6824843114035202,0.8687622123843611,1.0217666225333328,1.8889161066979168,1.171993098435054,0.46410048554858835,0.49939070458011364,1.2874454560112674,1.152400822628885,2.475292383859677,0.4965344866905478,0.207438580189715,0.4416388660643253,0.4096715625293335,1.5090880068005978,-0.48734051092154906,-1.014554070276061,0.7290107211005403,1.4490008006216246,1.4551044815978869,1.5382257522754348,2.1064649193838085,1.5956600130235377,1.2849526699674896,1.6108429061654876,2.49767798958032,0.5061861098975722,-0.3333862678795451,1.0365062788406432,1.4264840022845482,-0.41678302548496415,1.2843984694443609,0.4302477098326064,-0.3942828992229952,0.031656337583147814,1.4480496911445049,0.5223973844507506,0.7459332090668229,2.0750618736892603
2021-08-06,1.761364087157443,1.530108971240279,0.5673820270314046,-0.2799160807530206,0.7794708068190631,1.3711758241932868,0.7927361487689751,1.1096183375186564,0.9475356355260638,1.0864901841308987,1.987142976689127,-0.18246126482301098,0.5079520322934584,-0.8705715344780355,0.8490746096096167,1.890232985616526,1.2845763098642193,1.3617998515090497,1.3694528665073527,1.6070459569203221,-0.351649102981977,1.241046510513964,0.7843819516667303,0.8003347136996485,-1.2334402746414717,1.544795029364876,1.0253183447712937,0.7596011822129162,1.7001118922181226,-0.4314418970139138,1.4805453271495501,0.7692703423976771,1.3201037898539871,1.3537899232672588,1.4256280528843084,0.755125115004403,0.3007817171114732,0.8199524394488323,2.0709047945556365,1.5099922543745619,1.0351624762523468,1.9993860581861387,1.0846660055667734,1.0120878090820125,0.10447817308344462,-0.3115418457813085,0.795388641141444,1.432815178953067,3.911731968924063,2.2812871905038237,1.0173189219415029,0.9382094080877776,-0.7129129998100422,1.8055874802786143,-0.4098090698881352,1.4320859373140473,0.2654810322431339,-0.01556227098439822,0.8135641156446665,1.8243374949651483,-0.6325864824348133,-0.3617715375822617,1.4008773766907643,0.8808460030040471,0.437136984213378,1.209202025727909,0.47004199935007784,1.6888988958013578,1.1749659730571569,1.969049255453941,1.0046415062204037,-1.3618223604575581,1.6010017223264659,1.3206221723149782,0.913340222634977,1.1988445031373873,-0.3714877724927626,1.0073012140926638,0.5293975944687482,1.6133905847970123,1.6413686508834928,-1.5967091508459195,-0.3669456559967309,1.4699499468625712,1.6030755588012504,2.0179251813669175,0.5938293562399927,1.0972074303411279,2.242727274656853,-0.11216755446063663,-0.03800492192304652,1.0538817676383694,-1.1689846466617193,2.3459160537077848,1.680090758661254,0.2600276022955407,0.34841903694967646,0.35909693871704046,1.2021858854184277,2.23627361320643,1.394129977711405,-0.8590711139062489,-1.2960454672594652,1.6357897413191262,1.151893307867625,0.5784112606877263,0.748916995926236,1.8586487425909346,1.22832566149538,2.0131652226712786,1.1999363494541582,0.929646166423862,1.1764060084211627,2.3477143028272582,0.4402052558836546,0.586620335619284,0.11203649020016707,-0.07099590619141692,1.7504853208089326,-0.623982459696851,-1.3349524605027625,1.1918703745094414,1.5120214543189003,1.24097024022797,1.955300561775531,1.6832632726774857,1.7809315135076538,1.2641589086122471,1.596437259883214,2.1818823881384475,0.7452367929763299,-0.5971769358289483,0.8863676012943214,2.012103464665203,0.3070962307304607,1.406962864491813,0.6438234685151247,-0.7660856338830807,0.47463580131182215,1.3896303808125343,0.39478626298697916,1.7747522084403153,1.2365628840415304
2021-08-09,1.523834782280725,1.0001712797199032,0.2911833647413338,-1.2392899066114922,0.3172436346246051,1.1873868402877907,0.29062375346885294,0.7471247618996664,1.2221942849513514,0.2842751776695066,1.6723712907490336,0.07766858872516781,0.8736554402353378,-1.1708771817234491,0.42890373543614413,1.3270247269571573,0.8246084064345302,1.1579726986587195,1.509020745029053,1.5593726685025349,-0.6669874614026842,1.083430455742413,0.6013478181025164,0.7881956058334239,-1.9153849679700379,1.084627722601761,0.6407417735719823,0.46794934744738964,1.5850761127100181,-0.7204615393759456,1.5246245950739177,0.04935104674260248,0.9020038022711879,0.7769693839565285,1.4047382969826923,0.3162124739154603,0.15566575867869048,1.0640259373909362,2.112772939449905,0.7126367576358246,1.0263660517735433,1.4759004929867972,0.8716420796464944,0.5095304134388969,-0.09151654660420488,-0.8252306183191728,0.6490352817627246,1.5300578887314593,2.6120398005178207,2.0340079006143794,1.0057493446461647,0.6057060122513535,-0.9822663935514053,1.2949122102875472,-0.6044853967506635,1.6291289908251076,0.016798468529163647,-0.9241931575325584,1.4091248827356562,2.6637729774997077,-0.9263979523525633,-0.12710750728010609,1.1658080324591298,0.7277725157005975,-0.06487726832799183,0.960079060814961,0.08046754243484673,1.0179883166890245,1.0468793977125699,1.9983840126864194,1.1244848660911235,-0.9791807677186019,1.4403151499804583,0.9955174062176657,2.083131765246401,1.8344047535394497,-0.5892017500900002,0.6203774491573192,0.2903250044674737,1.040309869178951,1.6849571858203436,-1.7333025775100541,0.2572923068487923,1.138927200489177,1.4763282941586728,1.7495899551768477,0.3137478028945148,1.3046878172517271,1.93889102366828,0.4740876646027845,-0.3252949965959751,1.0994529241769155,-1.2982786334627041,2.378451526089536,0.7786249540461163,2.5997329289063256,-0.35978224531085257,-0.3731959659905266,1.4890976580847897,2.173841602867632,1.210080532918336,-1.1529159635725053,-1.3105706799046055,1.458044421223323,1.1108953749199415,0.3384753379733703,0.5426164324866024,1.25232322193927,1.1861044603509825,1.9416511644378105,0.5854984973487548,0.9318338033408378,0.8383908476148072,1.8061999919995684,0.3558094780184042,0.45016046263015463,-0.2782383374254003,-0.701989124300946,1.598749034194779,-0.6268691289138726,-0.41489431669176186,0.8971796458905217,1.7285468061504194,1.3251430351053295,1.903515662430158,1.4526257775034468,1.2143269387546818,0.9147418711155518,1.1797047016379856,1.3751656503751872,0.6974124233966518,-0.7065592192358923,0.7664827699554712,1.4181978522068233,-0.32479616765246905,1.3490908254979035,0.9187999390924735,-2.024287332958485,0.2756032461414597,1.1911978986754055,0.263794639478067,1.4304821390834328,0.49626717575226253
2021-08-10,1.5729332692019433,1.2628339176115668,-0.43161092883330965,-1.9906867580711551,0.03737727443490929,1.6612814826004738,-0.3164805400588683,0.25343694557860674,0.7408222083244663,-1.2443098377780413,2.027508102662673,-0.6409103397627183,-0.610258385611827,-1.7557126399383896,0.15677702082876105,1.003895554682591,1.7677432342994168,0.7283536898126516,0.36906985077929977,1.8019098301997174,-1.1024371288137125,1.1591408147298938,0.4267116806462726,0.3850644323002432,-2.103631479335303,0.6781211307372419,0.22326885740122168,0.12472906039157089,1.6031325666794587,-1.2260538630710398,1.681400348126024,-0.3541364547153307,0.06521135248509913,0.18577372807457584,1.2404291644055527,0.424618080612407,0.12733727321786234,0.8635650584779265,1.7276315638589401,0.586788005422235,0.55760009848083,0.8261906706193807,0.734833271751371,-0.4501166354592342,-1.1776943599447556,-1.159544111932107,0.24159954444482276,1.3460217610236527,1.687385140648158,1.2209857348427897,0.5916483451115748,0.31384343287110733,-1.4387602415959457,1.3024082804954977,-1.7536908051781754,1.8677676691025755,-1.159646665122867,-2.5418692718469797,1.693685048171972,2.394189799851399,-1.881125024625812,-1.6340274871444003,1.147015474070813,0.5785469360072993,-0.6320927351554592,0.7616170380047872,-1.0381847768382986,-0.528548695898324,0.878950536760258,2.025068411128157,0.784855613348327,-1.3722726742359164,0.018933089337702293,-0.38014759989608643,1.3731629262074068,1.87439026898546,-1.1863672127100937,-0.019467703024973002,-0.17784887867294236,0.18134908321933763,1.3459437438544153,-1.9694239486358436,-0.9039447489002856,0.34811135774842694,0.7436764068016998,2.0588003884999915,-0.4128020103458574,1.1262220665245355,1.9686455223269759,-0.5755092067500279,-0.2495364566909495,0.7551392303636904,-1.95051116362815,1.8306970536629237,0.4921716191770012,2.682776250850758,-1.2431234661841946,-1.2456556841237054,1.3285750642287646,1.2556926465892726,0.9034652653329893,-1.3230349923457598,-1.623696863870358,0.6205444993670881,1.4257472975762955,-0.23661140091561816,0.25774572766533876,0.7796346245561128,0.8889938376542816,2.0591896096592643,-0.32578031983995925,0.2887530000179486,0.6507409289335456,0.8788742836939627,-0.4262907322763488,0.7325669157385808,-1.260864133966188,-1.1193884381403665,1.3985646914676626,-1.1577188096234223,0.4174437524813502,0.4787005935364027,1.7699215743068473,1.1041874281282125,-0.12414615514158604,1.810927938779596,1.2995366565396405,0.7411333953447792,0.9046342072171616,1.3469435485573944,0.4900081311896487,-1.354944247130425,1.3203669442170751,0.9799915020807137,0.33301190969385264,1.6771319905101116,0.5683285886973491,-2.4126561686798147,-0.1694639785884563,1.044854215221997,-0.0883028665007709,1.3079573355775729,-0.5387595607784131
2021-08-11,0.8541506408898635,1.1560989996368913,-0.028724381339262976,-1.7711066227048295,-0.2289702697165508,1.3516677311430427,-0.7372741312706189,-0.07433570093186308,0.3475827805883861,-2.034623418082531,1.913073014815795,-1.306031361189241,-1.1876743847752518,-0.6853404693022781,0.7789923721319876,1.0629743719298077,1.2004857717003863,0.5304154934589207,-0.6828290094628643,1.6394135734728932,-1.749784494091038,1.4549841359628268,0.1698111558677232,0.4137399474255291,-1.930710062296827,0.25866896849027393,-0.41074133446866484,-0.46951158500925355,1.5863763311362111,-1.5702471875869357,0.9736568049965975,-1.1211185087285604,0.5651334025797057,-0.1299297104398492,1.267526056848954,0.19444462422255776,-0.2748116782002826,0.7452045673749166,1.5631971671927805,0.8814862005339898,-0.12270838548058345,-0.10580755090403104,-0.22813560432982768,-0.7846729653125073,-1.8877108448948017,-1.6764047806962696,-0.16872116806904444,0.902412925922795,0.9742308473081616,1.0238459432395512,-0.18625210253682095,0.1945544206114388,-1.3173670051621227,1.5163257515052966,-0.9192336338806117,2.0749183533007427,-1.7161063199929498,-2.7511916318148426,1.375674917374563,3.3362750702755215,-1.9871316825606584,-1.6108122110414755,1.2335478095879857,1.4769705010911482,-1.6569764748656048,0.7282308466450843,-1.6196473504781066,-2.277615577843958,-0.27690972876932346,2.0185974122508212,0.4685659065299443,-1.7056378970768074,-1.6554580066955982,-1.400067415119257,1.4876289952214925,1.2462570981069447,-1.0286930614606498,-0.4389383876727079,-0.548700956150961,-0.252502845911578,1.3253226147428199,-1.9944067160023904,-0.9163690576034387,-0.6212216295991969,-0.7135423508704595,1.9222569298281071,-1.3866878240142193,0.5725258227862745,1.085444180722102,-0.8197265313441316,-0.39878325686953214,0.4825341046105744,-2.4767859207249674,1.9753772042392979,-0.30517855046265335,1.8501556734070495,-0.9989915238360774,-0.9964606794539898,0.6073472883246285,1.3036943958102492,0.4213453635756287,-1.3923856848818503,-1.5705137125927595,0.4045075733061654,1.483826296746985,-0.7347052618691533,0.13606178827738385,0.796914654088248,0.6437155728022482,1.7964033667791302,-1.4443903186408786,-0.1754138451538945,0.5752286058189017,0.049239041709020354,-0.9540712948223746,0.28367830105819186,-1.5167138001975662,-1.170893347838964,1.2229014482034697,-1.091370857426435,1.747648896661085,-0.03784947707081078,1.5711589239537929,0.7954915418436511,-1.0393128532925908,1.8773024384300978,1.3983898425293504,0.7039734762539986,0.484597924768838,1.2024354149331222,0.21573232124602998,-1.6803376152185294,1.0462188473378276,0.32724167965915346,0.002707908269619954,1.70949502105017,0.06782500900148479,-3.1303468568996538,-0.2719483700740502,1.0291977612866898,-0.44855323750899107,0.7520560341804855,-1.1054292078190215
2021-08-12,0.8617031388795424,0.3034062597401894,0.4477555414143339,-1.020542116350814,-0.042972076442372754,1.0256726755572447,-0.7190981627666212,-0.9495494095489815,-0.6692458580701347,-2.719223637879543,1.8501134316786707,-1.5576362905233347,-1.4503876408864036,-0.6479755139373926,1.2853223518316113,0.8966757895059382,1.0131933268105897,2.3440100136523845,-0.7211227367325209,1.3010555358930964,-0.7807327011631944,1.2322127622328527,0.15518908611500737,0.35777364770329906,-1.513588143515217,0.519101599899794,-1.5237019744955014,-1.269768719849542,1.1643211512982785,-1.4047922799882369,0.581847488177813,-1.5855066942202194,0.11122873345702795,-1.0865839920796379,1.0907617606024682,-1.8776405531959197,-0.6059028012494149,0.21360095614203978,1.2864952692909795,-0.42513997214564436,0.2425186027240975,-0.6982757601989816,0.10747979475809023,-0.6728113096524876,-2.472658814647466,-1.8071394708292263,-1.3966811091653688,0.8342994757349436,2.353193360746307,0.4570051162268617,0.3223841101155164,0.39525526666446364,-1.994392551401023,0.7819250390746255,-0.7174742636026796,2.2551511630877403,-2.166042311027543,-2.474831077132876,0.540536023813719,2.936089127523229,-1.4272369992230545,-1.7455931638708253,0.5172221476139889,1.3939232620553157,-1.314618107420426,-0.036388833069616267,-1.4762589941250817,-1.2764378701547472,-0.5795711967329686,1.604791762415281,-0.441029654294125,-1.6217566865906832,-2.0148878944092043,-2.4240271292645175,1.0466015269861142,1.0249807155056962,-0.993890855173017,-0.9406771205612503,-1.2049115775723271,-0.8359708008176908,0.4298215942599972,-1.9748501923533968,-2.7392712172604483,-1.3798820399320202,-1.1427539424466477,1.8364843400896802,-1.8314561422094244,0.6912971636909819,-0.7954467050309342,-0.9901209483144474,-1.0416837794356326,0.5054990271269664,-2.126030366355065,1.6057848780216195,-0.4455212042979835,-0.38659550348802,0.0837785935286993,0.08912816645368307,0.6253055070905893,1.4037829715116807,-0.12834206249477018,-1.3769661406730394,-1.606214373905425,-0.24508601978375077,1.2886992483690405,-0.7275586435407395,0.11929664002397725,-0.3160244458201791,0.2425916477247703,1.6173003369571282,-1.1108094051351154,-0.641153232881659,0.6260811417326557,-0.267926585070399,-1.3877059187810914,0.08698088033584299,-2.1650234655249423,-1.7188489822133122,0.6115812042734138,-0.8369418444759861,2.6756086434853095,-0.6872500732614046,1.3211663534014773,0.6493616575076783,-1.0795495104080646,0.8192169348372322,0.6382069065000824,0.9638870312391653,-0.26616830245986794,0.8777772807793172,0.4279132554881994,-1.0024271856565161,1.6181160025215207,-0.015455533630462285,0.7627826731340186,1.5752802092832718,-2.0745890066693797,-2.7757534907699144,-0.7179523074035337,-0.48011356411774075,-0.20626852874536541,0.40924425711417606,-0.7133693815346316
2021-08-13,1.6079527298862597,1.5386422942467026,0.373890442534165,-0.7137915979331544,0.15601762179358059,1.6166230856893102,-0.028080353840552484,-0.5620002256100978,-0.3368421487572654,-1.4841169105076708,1.8407295938216257,-1.0660341273983058,-0.13591245626192416,-0.10664256219323892,1.9735531615817947,1.0707212490890379,-0.11593593756517882,2.2236803430423486,0.06799256580762993,1.6240569458000562,0.024360325449164315,1.2467249094559407,0.34231672143876074,1.22902864668808,-1.0917052488632852,0.7072915606105283,-1.0402264946790436,-0.7143778444196934,1.1727377047583545,-0.7156220029693426,0.7301269021581441,-0.923027285961333,-0.13419331150502428,-0.8191414804345806,1.087263685399986,-0.8505714909226526,0.5033240987585111,0.810743737534232,1.0814996746789098,0.10874272458520189,0.3288669122450647,-0.43527170739334176,0.3870262459592906,-0.3434877409054675,-1.646682301593146,-0.8578788946990603,-0.9404402955413201,0.8740621118103518,2.314106308627621,0.43747953183319316,0.5344757986224856,0.9702120397906584,-0.9721982713537914,0.9283101235452217,0.42227588024564805,2.097175329303644,-1.5464296177768264,-1.9192808061418967,0.8196758999899388,2.3843951491308664,-0.45481148389805454,-0.5012361790664454,1.5530199625232977,0.9315273796323583,-0.5575752984329702,0.3718569793113463,-1.1539865161337626,-0.35086080479761494,1.2022125037547082,1.7334476401908496,0.0664057694033671,-1.3703450947374611,-1.2562158467646818,-1.7561898963948803,1.1267176340881961,1.087458367767126,-0.6621407539568669,-0.7463987270195415,-0.25177646061691394,-0.3548917737645748,0.6846864036920616,-1.6603077617553037,-1.699914965279573,-0.8210782313195959,-0.21552694968593686,1.542395327764617,0.9678170273415376,0.7909262061366986,-0.5969529998610744,-0.8824812867057522,-0.8129952240947994,0.61805238344322,-1.0370183151455652,1.2929354946670655,-0.050022065786298406,-0.1637921687789259,0.5804450014146624,0.5755435200508779,0.6845619163954004,1.4671290076621852,0.23840315013783403,-1.2755506719924345,-1.1698808700484744,-0.018595781121086792,1.6770899961835761,-0.08557539545014015,0.5352944680526921,-0.15507917186719988,0.48628967178779264,1.245054790989558,-0.7415105382123747,-0.6593794720987435,0.7117618259015938,0.41015815690049034,-0.9485841471777832,1.8273679024339355,-1.5896326295515437,-1.438201020047684,0.5907338077464481,-0.2479861651202685,1.8020237668852632,0.06271669860663161,1.5768704971145386,0.6874387439645209,-0.2248412427989848,1.2817489150126706,0.631449670325097,1.233212168592551,0.20945456211013455,0.9456454213966096,0.5054093165476592,-0.6629486113866101,1.657876077758048,0.3569599468256759,2.2900062493073143,1.394825857161603,-1.7271191135308384,-1.875790637948448,-0.57035649436966,0.8800684635936566,-0.14780595465828536,0.2916000331964246,-0.42623642061241057
2021-08-16,1.5307798817414138,0.7872392803972964,0.20077076926223952,-0.7751862207562805,0.367284323388594,1.1431012339757705,-0.4802754452531501,-0.43762958350667547,-0.43120265019696996,-1.6217529821697985,0.5991245748886388,-1.3205621404316643,-1.0730652560740135,0.33497857079684806,2.385342245982441,0.613343535913571,-1.220124089382262,1.8703949405446678,-0.3185640612452136,1.1129111872898174,3.6577097293220797,-0.062429260067773704,0.47080944725751095,-0.21885358527219725,-1.316605813761103,0.2679271619309969,-1.1034692797620154,-1.306255112967936,1.2677593437144772,-1.1765856485227875,0.5753945278746377,-1.3493954468969396,0.26798080416241865,-0.6751877827892958,0.9169598230775856,-1.0572004889781992,0.7233092258106489,0.8336479244868207,0.5637559408897463,0.15683480728079044,-0.30018339580048914,-0.050704308883424955,0.3951616655111649,-0.5680765381363863,-1.7079855636834198,-0.9883943737474602,-1.3468544953109283,0.6373360371312037,2.171284055424061,0.04070774450108308,-0.12155436466231719,0.6051692125897574,-1.0508683297964352,0.6840216191926446,-0.33531955874938596,1.821001603408184,-0.4519077895233847,-1.2932045380689532,0.5941161094829265,1.7516529299584978,-0.5036996200118304,-1.330195692749781,1.6991120246634004,0.6277662500126462,-1.2890770451391804,-0.5436336471139235,-0.9979645237756875,-0.7654984604814641,-0.2732781249861675,1.5891814125755959,-0.1085227611119609,-1.3248502254673393,-1.20348091131759,-1.5542212294330389,0.4110969929719027,0.7485503998512776,-1.7222602357786356,-0.9739081249995646,-0.23892195248296558,-0.1440992630571454,0.7870307388431723,-1.2742026276112557,-1.686839061246575,-1.472727818580539,0.012099944323683802,1.1474467779294057,2.0373423784589533,0.38549943563285155,-0.8797922486416846,-0.5695992313384107,-0.7949735528633812,0.4944919334214376,-0.998628260075664,0.9060932864828787,-0.14236911771611566,-1.2087149080826867,0.8318134487573255,0.8292043200135244,0.6072716025427115,1.7035323359568966,0.20484555519616307,-1.3440332504206327,-0.9109383436962286,-0.0793856791258576,0.9955530394041261,-0.03192024779706189,0.22786960498046893,-0.28416219874637527,0.3958771036828634,0.9350194334691582,-1.5736518686425163,-1.0633655981536014,0.5407652874234721,0.005670015994120283,-1.2017061059145449,1.4948906674585523,-1.7562025946017001,-0.9411750756455279,0.5058155992118005,-1.0115101036395662,1.2542636555621098,-0.3766434701371589,1.5785261800155463,0.42218321575457074,-0.46339866027449134,1.182129002464903,0.18581007674540392,1.3425865111251136,0.06556620471891646,0.7294966972072815,-0.04883329583276916,-0.5968734313616971,1.7872680257976055,0.1135204086171361,2.105209000805429,1.4784840016635155,-1.44663707745949,-1.9016131706307864,-0.2491761177098676,0.9320709085469754,-0.41267981897361494,-0.11007781108740085,-0.5956894185349012
2021-08-17,1.3801194765285503,-0.06407169438041407,-0.32589879179364517,-1.2350657445356645,0.01584409632355424,0.9477810545828681,-0.44127187684212144,-1.3345074886875228,-0.5726676082069905,-1.3884900441874388,0.8808425075203591,-1.474908928575837,-1.0939835578842658,-0.04740413161493443,1.9753289927323172,0.5162885606930698,-0.48454285483343223,1.1546450562484754,-0.7423934981064868,0.814663482284513,2.985686421211253,-0.2987918859388226,-0.037340249677588186,-0.9193672666530808,-1.4040389069568793,-0.1455932405221659,-1.3641733889143646,-1.7993534782688243,1.385408948148313,-1.33922087888634,0.34122803074400215,-1.9819340990148486,-0.47131940979057596,-0.9856141577349806,1.135596335765089,-0.6959442343026296,-0.01567661399219054,0.4458750525709807,0.8728916824532639,-0.6199106747489538,-0.9213169675552901,-0.5405656485900434,-0.4927902833476455,-1.0616127740819905,-1.8333319353926525,-1.5760154543459226,-1.7820249062919673,0.3311820546882594,1.6575865558685696,-0.26740311253188687,-0.21205402876658108,0.3073218590920802,-1.0948982863777583,1.0761851136994758,0.703825050593851,1.5748966733241085,-1.4273812365825436,-1.5334431401787472,0.2220464739123125,1.4242569135739482,-1.3916774331215727,-1.0777705358567302,1.5215378810767013,0.5554577186577417,-1.5423320596035446,-2.2386947246298745,-1.2109587795143424,-1.5702458417538396,-1.1745360440831252,2.0622660416813874,-0.5016035155305191,-1.4515052904676697,-1.3321200393299164,-1.6321040625484422,0.4718147352531432,0.3060608648629094,-2.28884896731048,-1.3128194022240671,-0.08835091244351256,0.053208507022854276,1.0768585433641267,-1.5514173408477467,-1.0666356607340124,-1.669795844045276,-0.5704103007463177,1.0229253924726422,2.1218429410984014,0.8528508523589317,-1.5087301688977255,-1.0604086189056317,-0.963022006875159,0.10717974768275895,-1.371463263892595,0.3137865365848502,-0.1791331188121688,-0.524372795647092,-1.54472758401461,-1.53570080712485,0.4428941553236512,1.8210438848323656,0.11573652529623546,-1.502266968023629,-1.0003712012772197,-0.7098617369949779,1.0330798238968488,-0.2507822327187887,-0.24787029816325198,-0.6818183251758332,0.2947868951289039,1.0909418935386215,-1.958900319443386,-1.2256126211106475,-0.35672144548199114,-0.47162454802379866,-1.412250270777627,0.8919849454301039,-1.744655981555198,0.055114412206657394,0.14641099175214234,-1.4373092783318475,0.22390674195752924,-1.071358421683709,1.4183850283976005,0.16408774419863406,-0.8045365541071068,1.6962570399066774,0.9009226958159589,1.3370006463883386,-0.42824541399436633,0.4403234492795004,-0.38910816731879494,-0.9643912310436732,0.55127802969418,-0.2991453197134697,1.9909686806290503,1.1806941344130861,-1.1507197893893564,-1.8063570777998308,-0.5699669735688663,-0.3790098179680271,-0.5280711119687833,-0.7605332774806559,-1.1482322041744448
2021-08-18,1.0316646544769423,0.1848546420343099,-0.3200025999194504,-1.2267348731780776,-0.244861745181332,1.0877324105806165,2.039648790757332,-1.5806426032105148,-1.16673427581218,0.6813181798954004,0.8624859707755468,-1.034020486818292,2.473161977071432,0.18719314641225648,2.1950608896011468,0.4427182870867295,-0.40915420744776343,1.2816925257334342,-0.042535019745795696,0.6287390089101551,2.5488572336784583,-0.16781035228619065,0.2940487934768124,-1.0138617558469978,-1.4511063832111628,-0.3081727875736828,-1.409152697831534,-1.388926788427113,1.3352303327555208,-0.7941846653437497,0.31641223686383835,-1.866192104995265,-0.3382076676940538,-0.965839633525581,1.3659360541320065,-0.6100119204892483,0.0661144546755613,1.6067007769413146,0.7254066854860435,-0.3595389304717534,-0.9141602131605342,-0.3050012990732284,-0.8385101568497955,-0.7404725729774808,-1.900907912544236,-0.853248780541439,-1.7239536131503466,0.6804955166406655,1.2186439392545434,-0.3244211362108586,-0.6364007216870888,0.6285728740457799,-1.1183129827789688,1.660230521597566,1.2534436313324975,1.820140071067098,-1.1246632680845905,-0.7667938878284641,-0.15589241972153625,1.0803555173646509,-1.1523211829751672,0.4261157521649796,1.956236979817829,1.610060665408084,-1.240052714488008,-2.050188514826561,-1.1204584537174522,-0.4979298074202095,-0.9538052842402409,1.893061378779633,-1.0437774076556379,-1.1028775323621731,-0.46334552403645785,-0.49345496952873674,-0.8867957970238708,0.01610830689196894,-1.5883251087563557,-1.1032239017809704,0.39094531987665765,-0.28812932971230637,1.027637683779624,-1.3474746373073128,-0.5104029083076219,-1.2615042392514477,-0.3428829811031289,0.774397861921902,2.3272357682663065,1.9897237779840975,-2.0668825143155636,-0.8976292895373843,-1.4775828030156881,-0.004438037236246006,0.9012249179350804,1.039164042285501,-0.43082055277277165,-0.5873787639045882,-1.2741373785287693,-1.2798698998768807,0.5336904616547222,2.00629819866928,0.12257497022735815,-1.3331780480317292,-1.138089732667265,-0.6677309732242046,1.067963320358017,-0.36063220026054493,-0.6164353268445436,-0.7095543701612373,0.05860646021127166,1.6215442197466796,-0.9140959765040446,-1.3100877708921503,-2.7691980228647055,0.4510446270309349,-0.05640291233511658,0.3735114978525027,-1.524455958675875,-1.1047392145921462,0.6631745137683023,-0.19606812420942538,0.7445421295884727,-0.8989123352699094,1.3038478968564011,0.22112072140540986,1.2508439626620667,1.6672144780235212,1.549833692580752,1.2237985664558997,-0.09677593974419338,0.16453683639311054,-0.470801347145184,-0.50563823185643,0.2831558917309117,-0.47804190537662805,1.8707853140919783,1.1432846491473119,-1.1683001939885347,-0.7871987780063885,-0.6037130283458241,-0.4287203804773962,-0.8139612868358683,-0.579573864633622,-0.5661877929270286
2021-08-20,0.8630278199744614,0.6818428753227695,-0.15597739606175753,-0.9922748426711545,-0.34984317565267076,1.2323101095923354,2.1316097345217893,-0.604239342692613,-0.62581625975762,-0.14153923129914495,0.542897138572288,-0.3713114072262673,2.4079071152854064,-0.5638943578302441,1.886530609576576,0.42257138771669817,0.16495021070261726,2.206767904235332,2.192046434642665,0.12790929842366036,2.213295684715326,-0.10705565261850422,0.043991610599980246,-0.8271124579933394,-1.0716088105188126,0.5335651198015009,-1.224315259324621,-1.3730427376125185,0.9504784087888015,-0.04555544124084044,0.3235065078551912,-1.6424157086696567,0.6538462580783345,-1.0246122530533015,1.1692282284422058,-2.1829528362170967,0.17348384602852746,1.9015680217709965,0.19638525564502124,0.5592548698832356,-0.9049213101439425,0.7795621619119067,-0.08688481291556598,0.2599845753188581,-1.4202800267557836,0.8953606912234671,-1.4736235998917098,1.920516266505416,0.9871289350880097,-0.3784217063122703,-0.5357431793578806,1.8992401037322921,-0.7625712658091836,1.0589047520085573,1.2924103573175676,1.4754627674017218,-0.876585711191007,-0.32377089318904334,-0.21257126166831308,0.624185719186359,-1.463833549711592,0.9197285027743887,1.8005991916449,1.658880812550313,-0.9687972602487095,0.9981993591715069,-0.6834029225146049,-0.3655726300210063,-0.6648706409200931,1.684666089689341,-1.3587755359997926,-0.9499951630507213,0.1957175039514242,-0.5090932148051247,-1.3976912127525118,-0.24235531010362119,-1.5999964467602512,-1.1769813637773072,0.27531455246163467,-0.28868486825572576,0.8780738247447848,-1.012623943789685,-0.673625425331751,-1.147434144888767,-0.15608994397803438,0.5123055990219018,2.0889900802307864,1.8752449651199405,-1.420386661997388,-1.0967562010304355,-1.3774078240730447,-0.0852935512243062,3.5025057040244234,1.1378986234559032,0.20710254512234358,-0.7119085294460327,-0.14360347990791467,-0.15263729602247558,0.07263509669415773,2.212067726051795,-0.16818792668189705,-1.405675575347128,-0.9821119910177816,-0.3385579896843671,1.3394592798142686,0.8437719112906892,-0.7498010984621297,-0.8131116813842182,-0.7986177897083725,1.176681464497759,0.07259380898403567,-1.188464784439181,-2.847725686653086,0.7307651778096164,0.23921182109765796,0.428074948896269,-1.1562459963333676,-1.1954070506056786,0.700741619288396,0.335923748731129,0.529894491407967,-0.658405596159382,1.380880619976651,0.2490777869219086,1.7576093607261238,1.4036789251817314,1.5470794375146621,0.746466258355202,-0.019924341002671448,1.1188705465595863,-0.27550077386854066,-0.19294644256666899,0.7540600605054321,0.1762667494981748,1.4911693563857562,0.8248288354531703,-1.1850418764238477,-0.1748618954789637,0.0002318485345695713,-0.5816578133846417,-0.7588004758446101,-0.3593249752189129,0.16333665777934497
2021-08-23,0.9804574429832115,0.9197652828219317,-0.48970558282957644,-1.0083330083174507,-0.4952776789728689,0.3111051872446811,2.7754532673837082,0.18059662983035055,-0.6673205968262143,-0.1595877828681559,0.2298435648742837,0.0424822817659962,1.4914176853698855,-0.7885071586894535,1.5380021191992206,0.47679854291775464,-0.12950916614346888,1.5784734510811438,2.116855525549095,-0.20284774767618652,1.7742576615716807,-0.415031450699882,0.7298208401380956,-1.540214003627588,-1.0626407232636446,0.5855512731272436,-1.0181983991241594,-1.5927756698297812,0.6417901148750472,-0.11004558771780054,0.419902351613746,-1.9436962344449125,2.1113214910271467,-1.192825611943709,1.015926394048917,-1.596717773876391,-0.04696185046432307,1.9095952690894846,0.2550841188574107,0.8072688340801626,-1.1318579743198893,1.1354469881013292,-0.33756657821107544,0.4262552736832146,-1.3185658740212998,0.5803199255312891,-1.5567301005644898,1.7365107700799014,0.7409706056710282,0.6091939009402931,-0.7763355352492457,0.7384822617357696,-1.1132973709490739,0.6649032083396809,0.3575805196130531,0.002062364531713767,-0.8067352844752601,-0.39614555725432354,-0.5912091095490919,1.024470339545506,-1.418058171428709,0.5935397381349046,1.523728788181033,1.1817822000641565,-1.8848136622151395,2.244678969987497,-0.5134589448607966,-0.29155653367234374,-1.1586097057445897,1.415110201222228,-1.4726248038564917,-1.135941407191326,0.277037067824878,-0.7039288655810485,-1.2399526275620956,-0.44026601283676964,-1.736399176071601,-0.9457675190892392,0.2813108072805613,-0.6211651089501228,0.2964513427510057,-0.8070494228431007,-1.1542111031168087,-1.159658120930654,0.2843284755613962,2.255136633754709,1.4160390668781115,1.8704042675291361,-0.9786803750392681,-0.48956100545423104,-1.4583917306175778,-0.2805982073194928,2.366177625322985,1.070077338087893,0.14348555276090866,0.030228689958875177,-0.2440514249062565,-0.2210704012355269,0.21022588346922605,1.8960741445321982,-1.2141770330015311,-0.6103316944894308,-0.9309141430438036,-0.5487912488004776,1.3600741822692006,0.9858387552112755,-1.504419651044139,-0.20129760365073474,-1.3680362011870566,0.8365312185850379,-0.38062328831891395,-1.2230117042832707,-2.585475960101484,0.6764814976990011,-0.40537118255210847,-0.8070754054507138,-0.9410596597847859,-1.1655615445322818,0.8751596713161948,0.6320057465175403,0.30685374760382217,-0.5811969267925793,1.356622672317532,0.3289837128896845,1.6359660687601558,0.9971422770246954,1.442641212790943,0.20172485674679538,0.019014531503872566,0.5637392545930463,-0.6014855808192996,-0.6759634730331222,0.9639168215153386,-0.2326239953474683,0.5777335767541623,0.8634205641582144,-0.8873336642714862,-0.10326531129995414,-0.35754551954256186,-0.18993560931759765,-0.7981550981948698,-0.6311691576029379,0.45088768077826047
2021-08-24,1.1553149975635961,0.00020154177691138563,-0.6109356723648306,-0.9880010016385739,-0.6712421046230612,0.36059740158398934,2.567588954071731,-1.078001238668022,-1.2430538842932322,-0.43933072676959334,0.2700467888371386,-0.1834673644761626,1.0213898391430416,-1.1703936810192086,0.9068708727993321,0.2975947568314362,-0.2440103017038433,0.6426826644155533,1.5209460709187503,-0.8832250161465331,1.7886121813504423,-0.5861893872742917,0.8970059227157694,-1.7259317317627478,-1.0456877392865513,0.5103928192554866,-1.2242223813917257,-1.3588442523984763,0.9296410986071589,-0.7069194995031018,0.19946864387533336,-1.8210226460407006,2.2951387687878624,-1.2179194807321863,1.2946873018055176,-1.4179946193131254,0.06256954272307004,2.6812045395772586,0.3996005018962943,1.6355391017779908,-2.0290992866211517,1.191662812442131,-1.5327462446779268,0.7999744506617829,-1.3310127789906236,0.41422598523134674,-1.5602071145735492,0.9180090220262437,0.9245542835006034,-0.034800942188539866,-0.9218718885698102,-0.02641482291049361,-1.1268475358549122,0.45573967261957926,0.4222996411375665,-0.4793832609590116,-1.21511142828687,-0.6787459849566153,-1.3408807053091123,1.031758968432639,-0.9377943137130422,-0.5165746346215057,1.739861578167656,0.25392203900529453,-2.198031329447236,2.172106095339276,-0.6631101025406102,0.20282316641346695,-1.6354675764139557,1.5081632607999804,-2.2590147923729367,-1.2755630117403067,0.0778978187856386,-0.59067101189155,-1.7025281485689434,-0.7636364539013019,-1.3728952637692793,-0.9714566875771594,-0.0341464754154862,-1.3021787456802958,0.27044182883625484,-0.9621688952503611,-1.2355349850582125,-1.237526639478747,2.1612176999340393,1.9413017851027135,1.449084312874507,1.3880307076530556,-1.0249402036074702,-0.5191204336620776,-1.3644337942882492,-0.6868910323263114,1.4090872703405417,0.9374911892227759,0.3152003348667265,0.01573620398131016,0.30644862146368906,0.30153142689456186,0.05107963435626739,1.3972406839491704,-2.0653898670752473,-0.9031326790103384,-0.9691774300371367,0.6990199113627142,1.2888723532722173,0.5666853544395816,-1.3833139271365764,-0.333430306628257,-1.9199442356380434,0.6911940842211066,-0.8318569525824565,-0.3731091749338696,-1.9383695090398063,0.6740198864063085,-0.9778173919147977,-0.9981864740123431,-1.2958768300092043,-0.8060746263032249,1.3512834448974393,1.0073445112950066,-0.13814113050346966,-0.7962445221143627,1.1630994076466794,0.10448276969685183,1.4179707044203336,1.096630486920933,1.1873860614768417,0.3802927224646281,-0.2309716885424983,0.23691464239373727,-0.2705133037295963,-0.8898816123892159,1.14552157590311,-0.8708966728015923,0.3897777092910205,0.6181285115356101,-1.1138606770711517,-0.10140479948354159,-0.8528181925882167,-1.1747913738812616,-0.6658409060866606,-1.3251046453522575,0.4821122548230272
2021-08-25,1.1504390243338776,-2.275321686193862,-0.7661820427172057,-0.9684548921477933,-0.9190454659584771,-0.7312247608545299,2.3418131600022076,-1.0050745403272365,-1.1715379167544882,-0.29393236225539526,0.13386255836626057,-0.042736283569351934,0.29568115859440225,0.6414943812201247,0.06049484903138632,-0.3884156233915257,0.5891374349638512,0.06580488112143706,0.900453642211007,-0.9298392875783559,2.0143293257225485,-0.9937692152957924,0.9826424085413982,-1.569433139389809,-1.045582770655331,0.3065896869070717,-0.9057738945736413,-1.4244856537417114,0.3637594129773984,-0.6434254086667465,-0.2638669696924573,-1.9246804293010211,0.8319794493266321,-1.1792409691658425,1.4586736698176006,1.440623071197558,-0.25349925167521464,2.3849768500694775,1.810085832249301,1.753320307528879,-2.043476681239867,2.123699259855491,-1.9046831748318591,1.4720816668201928,-1.3724055140587141,-0.09888256940610694,-1.2312213040126514,0.6868534378166901,0.9766635000681511,-0.11853460013831123,-1.5751565262335423,-0.2902293131833153,-0.9052226346026279,0.15845639321299643,-0.013660523344636358,-0.7198956443442768,-0.8327296593352354,-0.4752610031218738,-1.5237250737668167,0.6313400515215183,-0.888375681984688,-0.9285749068728697,1.15900788022463,-2.0180119941999606,-2.4197258706562628,2.5356553000128867,-0.5656452513136194,-0.6469011131536402,-1.9908431732860907,1.1796908262311945,-2.2377226353614463,-1.320140397602854,-0.5397537865233815,-0.9129818604005081,-1.7589570046471532,-0.5342912972947208,-1.7746398226653248,-0.9425201716812601,-0.7850254652759555,-1.4788572107294677,-0.37972241428507264,-1.1570107341995886,-0.40705518216101017,-1.2967686029362657,1.3850728030024675,1.5084005045633015,1.1351873115759716,1.0411346853101082,-1.3067069646497997,-0.091470408018212,-0.7710578000863004,-1.2613908005711518,1.204354909194321,2.595551103046757,0.202761186663088,-0.060265745638848955,-0.02180857612770873,-0.028142196767838447,-0.48847452051754714,1.575910816446844,-2.21940991479344,-0.9858364508422627,-1.2222029905228804,0.41147843688792957,1.0996162885972094,-0.2591752927080523,-0.8537654657782882,-1.0277778663462473,-2.3725524372012043,-0.021420988391172437,-1.2131542748577082,-0.5049242816192206,-1.6733005728101848,0.13369226421808844,-1.1048526806721302,-2.6506950833090293,-1.3002747195951405,-0.6330785879189916,1.799745905639878,1.4185155633083655,-0.6708469549722076,-0.8302144606994452,0.794913168435809,-0.21052540990500906,0.8577912415702554,0.768318926900931,0.9134375513129499,-0.05187297491471296,-0.12120709448817807,0.11590434518802886,-0.4248550249317089,0.28828045035304645,0.7149253031650739,-1.100443791084294,-0.2811917983618045,0.11106144560178724,-1.4990096437326959,-0.4340329979011878,-1.109850246627268,-1.4209984269961093,-1.0459095665150078,-1.2284357069668954,0.3795416094690172
2021-08-26,1.2273042862741994,-2.743553871702004,-0.9091226034676785,-0.7120337107439525,-1.1378843154188145,-1.0947275530912635,2.2127038269959485,-0.6399749015242373,-0.8402101712277404,-0.6593748936298917,0.3343287268852744,1.535861185626456,0.15996752608329826,0.2973297010097785,-0.950904638448506,-0.47469426695838646,1.258039947871393,-0.41592135542273306,0.5506144532638743,-0.8372785087936786,1.710152072993622,-0.838599828571427,1.4751460425506593,-1.195939398487014,-0.8308054877758608,0.3480817436408765,-0.4764900332655692,-1.618732146099151,-0.9252782196790792,-0.34809918509789434,-0.9016852399954101,-1.6993568847826652,1.1879099141987104,-0.887274827175224,1.7692460496986007,0.5185306802835509,-0.9910666545641352,1.6124562342650688,1.792765762409827,2.346531929207662,-1.7834719450596301,1.9832515100242534,-2.1563994479273134,0.4401506956804519,-1.1287671036543276,-0.6646983729493797,-1.0812680916539676,1.3559654051234353,0.8547184708604421,0.48521560238451805,-1.638182267419668,0.020922700447410358,-0.807093653994355,-0.017130205791571734,-0.9524819130152288,-0.8913917469186127,-0.37555794452545044,-0.4214872516486701,-0.8884465006385879,0.6896732622397853,-1.0152161471852055,-0.2425959142716835,1.3984713494068677,-2.481650765591854,-2.1932758618951924,2.045924378474255,-0.6205048781468937,-0.8384174286241024,-1.7984065498105457,0.9789728444692071,-1.684783818078574,-1.2034300470677783,-0.8481715231683704,-1.1480339546318472,-1.2427359078877227,0.12462131711501058,-1.5129709314875233,-0.9266094069117076,-0.789776147600239,-1.44484404632694,-0.8966953592369592,-0.7113333210348394,-1.224695931810417,-1.167506195907654,2.3891745746198265,1.3320221212020555,1.14608541476741,0.43867863344358105,-1.2462553074576028,0.4302018241692587,-0.6840258167365896,-0.6036390250972855,1.360751246683779,2.3457607156076783,1.0570289490609128,-0.30248694732821996,0.38106460619416505,0.38352455456068957,0.12665450851535154,2.0058982978523487,-1.5357167843597186,-0.4923727957191486,-0.9691353562956023,-1.531373990101163,1.3355071232352986,-0.27991829267747154,-0.5725424150064161,-1.3541176737099836,-1.719615562557334,-0.6983593955170867,-0.869268655264243,-0.9165129525505095,-1.3371637307062452,-0.7448977575936607,-0.7445412807520996,-2.6073195703430505,-1.0680557974958171,-0.8478247545434164,2.3626806348638776,1.8991856843760182,-0.8373067381960206,2.042609691646904,1.0846412249799375,-0.5090286086012894,0.46053807859796475,0.3728488006476287,0.7945707102628915,0.7605794836667853,-0.4639072076126655,1.9763378648486278,-0.27830201580550284,-0.3853744112495608,0.8198532232430549,-1.3236248486355682,-0.826559293670756,-0.02019125057155224,-1.0324809628052094,-0.2743777844961692,-1.3671085750622476,-1.888293183511169,-1.0112990177037842,-1.1086709844356148,0.002957600216676794
2021-08-27,2.546386651163098,-2.1362065157006183,-1.8124702706677742,-0.6883239438034142,-1.086266977706456,-0.11920363565043889,1.9585233119161871,-0.6696028994911449,-0.6540434541108069,-0.1561589348624464,0.4951309947679043,1.114927408689654,1.1611191323535377,0.8509748854883842,-1.045011374884042,-0.0794544674710927,2.022099049925611,-0.5639228520967341,0.6638409449069038,-1.1976327793131416,1.2980936782953958,0.5803898961263761,1.5947434554422926,-1.6587145556286889,-0.735893357849205,0.028803445231073324,1.409561911598533,-1.2494250969395082,-1.6747068300620211,0.017625885464771326,-1.2756390166424483,-1.324322235174812,0.943695172438165,-0.52585271473538,1.951850778986089,-0.6893550548118375,-0.6571596668321885,1.42414474699777,1.8589492277711086,2.3972531147098035,-0.7935440859170642,1.7104635147226,-1.0408061412378706,0.3139348264223496,-0.6447390133634656,0.9047745579424807,-1.030082764795049,1.337204708455256,0.9407449588507819,1.2041824803855448,1.5029476143863,-0.2680741690617738,0.48938634892585303,0.7605558716849095,0.36929847212970224,-0.8715275334182637,-0.6136704243724397,0.7795212458297337,0.5531645942709391,0.9397429023885852,-1.0697507477750372,0.9803581875568304,1.414611394341798,-1.5052469858331212,-1.7659164146460693,1.773045897569271,-0.11219591907727906,0.27105822846870997,-1.8159783665473401,1.1513814233214879,-1.5754060933086194,-0.9870212910833661,-0.8251789401966628,-1.393875188433187,-0.5304839142710035,0.4194410409082847,-1.0384305598888117,-0.8160471433365515,-0.19360815699460737,-1.1347847079859295,-1.2134370751409722,-0.6625781982837985,-0.6468028227369462,-0.6133661553232151,2.627745832736715,0.8129894568846285,1.250988043369036,-0.227554382790871,-0.8115849153328408,0.4285436805826983,-0.42240814586258296,2.843063042433086,1.5308572490699714,2.6969275380468805,1.2134186151391972,-0.1583194567540623,-0.10528811208835533,-0.11246664792860464,0.07019097157212442,2.118119143748704,-1.175329067263462,0.36603436999355876,-1.0434075000436085,-1.311872655202763,3.013980478016919,-0.6599089739206715,0.1580462791353758,-1.272921199886048,-1.317620192989261,0.5217838195100046,-0.47302347004899464,-0.8719547422961329,-0.8750180446155157,-1.0136901921349946,1.2280012681544161,-2.1981400721786,-0.8833728429194835,-0.39961058674807504,2.316120178526229,0.9115438180806313,-0.6586458491648828,2.3431776131350905,1.1102667399344741,0.5502102491555595,0.2689511412851063,0.8746567683377763,0.6031076191920729,0.4701960613531258,0.20245942018385452,0.8501092042566039,0.20960474402182439,-1.2749857417289014,0.9393175666024788,-1.1917794279806881,-0.3612796096323199,0.1834450849840733,-0.7735746269548531,0.6533687525740014,-1.0888402081539785,-1.6154319436384195,-1.0163169357181385,-0.7614171158336236,0.1343846884462468
2021-08-30,3.1895942374342283,0.5731211048185533,-1.670402245986743,-0.4396294208440259,-0.9602947732112479,3.0517637762732743,1.6434312820575925,0.008900755203115588,-0.65487602675084,0.1597567619596021,-0.08088757888979504,0.9034312703977481,1.5344573937206085,0.8928484263141577,0.43909749553323146,1.9547047306621703,1.1941521488114715,-0.6239824959723863,0.7895231217125978,-0.999814725354292,1.1864133070005776,0.2820238054574617,1.387322511584103,-1.5706641140476474,-0.7312685877954567,-1.2283445431437015,0.44667501932464165,-1.5676299584242748,-2.4053294729954797,0.33170282481981594,-1.6237641924581925,-0.6820531659379383,0.0935378500587316,-0.4368760940541461,1.4725358239422768,-0.4050644358911688,-0.21916928435656602,1.0304254256599181,1.813352384410545,2.023226387471753,-0.5161902119026723,1.2431526202694498,-0.5511604865789521,0.3344467502942827,-0.41472412427814404,1.9343145081322615,-0.7231456877049287,1.0025927137126618,0.7782844276208267,2.6871880438129887,1.9091082233879504,0.9786057249363446,0.956334730255643,-1.2212809451622553,2.593522452156179,-1.1007805035192018,-0.49797622044443135,0.8285124089029587,1.263879979287145,0.6020007209671963,-1.0558872505081691,1.8615269654856417,1.6551951044691104,-1.5902264527787493,-1.6261319980492526,1.523779459344612,1.1770467515861005,0.9716546361077887,-1.588746758718296,1.0913928207206176,-1.411542705316699,-1.0419450476940941,-0.6404738692307541,-0.9611020779506927,-0.5858355998163585,0.46136442228779706,-0.2533715795533337,-0.7380811625557765,0.1988212977834003,-0.6595180091128052,-1.0493622582359081,-0.8925656869557188,-0.4657375967119448,-0.11694066437826413,2.4535865321886954,0.7148522538166383,1.0270700551328646,0.25424306030544935,-0.7381426194967344,0.41812924421503955,-0.8677172507251444,2.625190475042564,1.4575500386942295,2.0608992413833827,1.4260984769630818,-0.5965529587645987,-2.6342659753064512,-2.628483893807845,-0.12474844241005921,2.055218410462362,0.21574794758215265,2.0540708561178667,-0.9187670138920407,-1.0451591360871966,2.4588500366662798,0.0026406729294359754,0.8283588183633067,-1.2226634544208344,0.542885883363206,2.706344783592006,-0.25505546770170234,-0.7232515738975491,-0.8733828231255674,-1.0430560527758819,1.5366283830752878,-0.9971078435286014,0.3421260568397659,-0.1374200588026322,2.15378047395272,0.5001032968769263,-0.3879262028184694,1.9802211335617446,0.9068288643019918,0.3428837733345627,0.737647839533661,-0.05648649927477782,-0.7974464909964505,0.8950380981979935,1.336597380729219,-0.054073416856205266,0.5283950854486388,-1.110640267678406,0.939788131380387,-1.3032567252633833,1.558143999835305,-0.42930625674462125,-0.4574798284120791,0.8222072666899561,-0.9171219644549923,-1.9124005845133119,-1.223926402327163,0.001377277018219387,0.16064577422579412
2021-08-31,2.2245917343239223,-0.16115278290887544,-1.6466470963815123,-0.5440871573811077,-0.980426855857728,2.238756286288088,1.4834325852945207,-0.2756766370117623,-1.1843231448636542,-0.39022394790561155,0.8592741773879462,-0.1251999784025089,1.1052913629752914,0.34293517141723273,0.9124598712898342,1.650511555754712,1.0487813587195378,-0.8988241632144532,0.3058131095003789,-1.524483469501336,1.1444002441446712,2.6112542848779015,2.6181032654435525,-1.0848443065434012,-0.1378831397378608,-2.2683991181533307,0.14402903140864198,-1.625752146098248,-1.949168661860892,-0.32677077883726524,-1.556818435070778,-0.7058580123333343,-0.4417707937541455,-0.6785720699986518,1.5107053837706255,1.0346077347456983,0.35101309043043893,0.854070490247729,1.6821561393359328,1.6231892224051296,-0.27635638602110196,1.5527606141234258,-0.190469964118256,0.016151459982831417,-1.093310088538478,0.09036696805214503,-1.163669059637985,1.0989815814901562,0.268406270210893,2.344265955526969,2.893531483429001,-0.811827463355116,0.9143068109728033,-1.7175941046499557,2.3462429375125335,-1.1094728985288769,-1.1854468521935553,1.2386581669162293,0.8030760439268803,0.39434473870527753,-1.149329996216789,1.6249511582455,1.5382299592153803,-1.7833678670696536,-1.655938914008587,1.1289009782641235,1.5289280575991095,1.827008514112275,-1.5088675185539955,0.7282222422931269,-1.57417390067556,-0.4968296057928107,-0.257288204688084,-0.311904539142602,-1.0021548533397813,-0.29126921460689986,0.1639665741552697,-0.8749667177257007,0.38769380900855455,-1.0357457796485392,-1.2043370183882727,-0.9345508658575569,-1.398593578153302,-0.27755052636179733,2.053953067975085,0.7880042967745678,0.6627954654443075,0.36880268646543957,-0.6075597706989659,-1.553671592708962,-0.8531802331088609,1.907808562863736,1.9347174494972257,1.413767906694205,1.0372140451957381,0.2968747075111043,-3.103362847265149,-3.1037863358316806,-0.9312740004912904,1.5313513460380177,-1.4371837497068618,2.131752003931274,-1.2911161788814642,-1.4165787429723558,2.336049079906947,-1.2902980496136207,0.4559176058204109,-0.9844522831540442,0.13879853411190482,2.1993851509029927,2.069753155292885,-0.9136642786561191,-1.1271094510304382,-0.5157482538090956,0.9883013592408396,-0.626571636063449,0.7576915026781559,-0.6329917579963824,1.8955780162891858,0.33883297570998266,-0.8184179898076874,1.4409205892706218,0.6923776087958649,-0.26829304571378365,1.9727834853759305,-1.1522784027900042,-1.7687360624214552,1.2059061463156364,-2.983879548330893,0.10665490577196979,0.6804757745427913,-1.7708337103896605,0.1444864746852818,0.16585107792136994,1.0988517863625276,-0.41915293048361535,-0.09839430220659126,0.869549839848519,-1.5041647996193133,-1.8465758745643115,-1.3991974177408668,-0.6022268950886811,-0.38069845700255556
2021-09-01,1.7145406086305062,0.4607309853142074,-1.391864875734767,-0.35609321421709433,-1.0161514617319078,2.311718277179482,1.1627494083009922,-0.244302667560883,-1.0844587104070293,0.028659564434971387,0.5146033183984152,-0.4743098832248837,1.2821539174719372,-2.057981604688422,1.0727698839492066,0.7535718175812366,0.7039958330802059,-0.6801799587867892,0.6256156167979046,-1.611339908507025,1.2662614316641405,2.6430022925398275,2.3959806715681893,-0.681168314431568,0.27213731535216446,-2.003724369840504,0.17870042105380912,-1.0600575500673755,-1.9551274394057077,0.3053031111069275,-0.7136052605938131,-0.854750003636178,-0.4944229941216322,-0.7098748275799627,2.9222990307956374,2.715116764015628,-0.37576213696559113,0.8163712936289178,1.7632455733559438,1.4176861556361706,-0.17240962999160547,1.1899970680482097,-0.2313515285242812,0.5491485681898255,-0.4272795633318607,1.0755493984862956,-1.2260485426950207,0.8017477002636756,0.7628519637561746,1.699244095253961,2.4672193993661624,-0.827634123525829,1.5574869908601545,-1.1201951967963624,1.6583464206689733,-0.8756489076554008,-0.7931275380051265,0.9696793815625935,-2.477809094174113,-0.09754549324141504,-0.21983995343456675,1.3581462521321308,1.3614445530757178,-1.4342939452623544,-1.4325790064968837,1.8562063396659592,2.1780506041335728,2.3582768351208534,-0.8332656175664408,0.7774001033719917,-1.1960416370221965,-0.7796780405789778,-0.30323690668171194,-0.3774636744649891,-0.901707695014302,1.5339029806084927,0.02102634396305986,-0.7149185486152627,0.7180592810788329,-0.6244864696595884,-0.9229420064676931,-0.7738892933029501,-0.8398830175833891,-0.06899299339875216,1.7583281781499425,1.003845343816344,0.2915383418519894,0.6052911093793739,-0.2988454083599123,-1.4997992474319672,-0.7955028946078765,1.7976196131810283,1.5037933808003687,1.4990463112818702,1.2141382905927718,-0.2976782862435781,-2.2741831068591174,-2.267051987111327,-0.21654321892836245,1.5511676744321699,-1.592341184062881,2.187383004123315,-0.9562839351542963,-0.8590167270447957,2.076634547342557,-0.8950029615723532,1.0769177499571754,-0.6757463599928661,-0.5469761770590297,2.4704864329607474,2.1235869138716184,-0.48476322672817534,-1.1794290670465906,-0.6384030580842593,1.2229095911528103,-0.5931274718271483,0.7473620878264766,-0.25700356468344915,1.7604965300565922,0.12438647004126548,-0.6741533125222237,1.6269332658239377,0.616058934296226,0.9672294363759284,1.8351031807512381,-1.0613818926800038,-1.4169122557523306,-0.5275270852572362,-2.590677132280205,0.6360145145220899,1.2906553874124371,-1.6791142364469844,0.09796092417854883,-0.5346934999046963,1.2513060524506112,-0.13720755744115065,0.1714754789271695,0.6165573946328603,-0.9021250994693356,-1.559926206108168,-1.322571242260079,-0.01864909716253232,-0.20581491319168022
2021-09-02,1.2930564703105185,-0.43667267202202054,-1.0986125242125915,0.06695249439745292,-1.0535806416727727,2.2351301685789973,1.1535613107380704,-0.5397093075691787,-1.1923352297595546,0.5381356503961163,-0.26519945657242905,-1.1607863483187626,-0.19177650644621438,-2.34435985640903,2.541549177960202,0.16675757436986374,0.4494526403079435,-1.294928097543272,-0.8214200468611521,-1.4666700689732226,0.863684475073394,1.8008670906850108,2.0956502009115976,0.13926294626715627,-0.23542937383427037,-2.100682797144368,-0.3045550828821086,-1.7107928309195504,-1.851942747660865,-1.8969117859563138,1.1490287300242692,-0.9921985920754632,-0.6440761870411164,-0.7651656413011827,2.1567609307469833,1.2572861499135293,-1.9342338468315876,0.1712686133590024,2.020368118951779,1.7361052801408723,0.5616777523517743,0.5403969067409282,0.8519341947010362,0.20286019581908737,-0.8869643465748435,-0.8194357333975459,-1.5124149154491948,1.0491817701395398,0.25734799661821384,1.5577989983142537,1.7560149736119415,-0.11571745924566705,1.1192753661394015,-1.3225247500158892,0.44973796065232574,-1.1675482145227496,-1.1640335179331247,0.8402881472388108,-2.5104873978359037,-0.31666576727800655,1.2465018169114703,-0.382061659154547,0.5727016650681261,-1.0054943389729232,-1.4301253354352592,1.5305689778946923,1.8784349702980434,1.3926972005988796,-0.4913434962393675,0.5721288816677009,-1.5201798230321903,-1.779722110594089,-0.6212892727522759,-0.701447556307224,-1.1106554011044316,2.0788223248716133,-1.3834390611255407,-1.0985992214845464,-0.6057684482523363,-0.9628625102142172,-1.2031550162300548,-1.239076852227963,-1.6191475321050053,-0.14702248231448828,1.4166638342156088,0.8379781842343348,0.051569528899694086,0.9681154742758485,-0.33546892801895534,-1.387255757535724,-1.3496195781251585,0.9363599781339366,1.3406227380343911,1.1488078376312307,1.8327558924057308,-0.4428577975760083,-2.1302591018060046,-2.130898738313,-0.5536361780248783,1.421424662360529,-1.6385864508633063,2.3621236997726944,-1.1656428510639218,-1.330507292901068,1.6758265532063903,-2.1310126192323597,0.9993943483803278,-0.8320066427188091,-0.6626281648481789,1.782146927509799,0.9587493355298167,-0.7252803827947656,-1.4165926853261466,-1.3336223124813265,-0.2775959356400426,-1.217925187533944,1.176422893275475,-0.7684759617242461,1.4730355788387735,-1.399423415628454,-1.2115293069825452,1.3677307224394255,0.9333074428593282,0.03405228131875573,1.9004664070244597,-1.3956495323260099,-1.0002802910496258,-0.7965133871617776,-2.421585863631207,1.5839061211677814,1.4004883655347313,-2.3633840497089618,0.18756956788402152,-0.5072459259115928,0.5350990804941633,-1.2151635997762713,0.13804602444875755,0.7163018131016797,-1.1898187449150341,-1.861923420545331,-1.6984466148155433,-1.0669040857408598,0.08617659769858052
2021-09-03,1.9626851607812428,1.739021968920789,-1.1621918975340093,0.12080672790182559,-1.016606200801617,2.8777228706002713,1.2284512767483187,0.3317664615593433,-0.8043911537206522,0.5580715811542307,-0.3547452485656292,-1.0761477706186442,0.23970012490382045,-2.537467264249391,2.1956751837035564,0.6019816944392092,1.1617611668567418,-0.8919092101920543,-0.52766730457167,-1.4093713347024657,0.9188517423286846,1.5784517407242167,1.7571247546375468,0.4017634583146738,0.4043062548927899,-1.8566644219505872,0.052621089956602286,-1.4679681734041106,-1.8690847118719678,-0.8937242686198145,2.40630884495804,-0.6241456975585085,-0.3759931413193546,-0.6777009096335942,1.4964856520135428,0.9314724295474953,0.13418743119699672,0.007031379007933683,1.4076634756777031,1.5293812815532952,1.7303432216516896,0.36065609089048617,0.07970949850559829,0.32374939830000743,-0.509696461490996,3.125796277825144,-1.3550644663762061,1.591994966411399,0.2571054370389767,1.4546630575942952,2.6626285788274986,1.9885488668284708,1.9909824902034126,-0.8090161639869728,-0.35792229687789706,-1.012583020570208,-0.8971459826423385,1.0877127090077392,-2.4365662097149827,-0.6227921416815715,2.2968592809664172,0.7784399567522742,0.9297859592225145,-0.7896157784274697,-0.982218847247749,1.192928105790804,1.5550453682838883,1.7166118081985235,-0.29126952274237455,0.7011677857400288,-1.1742125216554755,-1.5014980699607021,-0.04108995266156473,0.5754582097814726,-1.1281418193849397,1.7696243283718471,-0.6759694408776723,-0.7028264529608923,0.2873140230582577,-0.47256325995421167,-1.0170686726307996,-0.8523164602877757,-1.0943362034166222,0.2706435402217021,2.1286962778238667,0.8242002755315827,0.5579833168772873,0.9999708633634153,-0.051257594807996465,-0.6318476126456402,-1.4271386517180265,1.7925726444124088,1.3701155412122696,0.9942448039195247,2.3684259413879114,-0.02727578573712164,-1.7574104309571015,-1.7598607299339806,-0.06192149591921573,1.141412712325011,-1.2354259140977624,3.4053553683705258,-0.9384706389635638,-0.3979487609078519,1.5616462856198532,-1.599601322615472,0.9516066585456202,-0.7239872233397973,-0.6768909874880298,2.0536670279268954,1.2219615459910247,-0.14944489932649915,-1.1429488204526597,-0.8623818251195708,0.3189768590507764,0.022208967628954867,1.4471181462077858,-0.3846525248049288,1.3724498935442786,-1.164088780766977,-0.7537483818252532,1.7532473034720155,1.7873739689737396,0.8827935363012558,1.9341042729329903,-2.167141800433119,-1.4713275727607458,-0.8279371825364028,-1.884989178409788,1.8682856559882735,1.6103123825887675,-1.5604476774500315,0.20700586165406926,1.6782537044416186,1.9676500225392113,-1.1434201451507862,0.7103613647037432,1.2563317600190405,-0.5151616801533736,-1.5575786716922975,-1.5657352224187073,-0.7436776950286355,0.7585127981689377
2021-09-06,1.6568112317802457,1.7581090895407698,-1.2798685244073384,-0.49414177943954884,-1.1576235366285297,2.1605117380757664,1.0306886814470668,1.7407739282005612,-1.0122594001588017,0.896519533766644,-1.3154165200876335,-0.5580493744007657,1.641859455714198,-2.208939323148006,1.9988510517778946,0.953042328726347,1.9207875624697168,-1.1341899797681934,-0.35967256320158036,-1.3265746533234293,0.8220977132446081,1.1754548358116543,1.8767334200765362,-0.11843606642397088,-0.3169776845241837,-1.8350046172677292,0.2764158959537695,-1.813100806832903,-1.745516469104835,-0.8070661895955359,3.0755210473077788,-0.8573385361550817,-0.1573712563154836,-0.4483773472147581,1.3992165512288548,1.6338640633328387,-1.2054732373084738,-0.10784679860172519,0.8880643270191834,1.3393648788738632,2.1981465023625226,0.6464038150554672,0.22466580059986066,0.26355798916999856,-0.47247939326252547,2.188705820651585,-0.8477451262366253,0.42566344413405954,-0.2536308089618447,0.9609940123141041,2.232973467314675,3.1234711885432276,1.9857384971336958,-0.7441831293619224,-0.16517869947593958,-0.527097833772189,-1.123809174306871,1.343794679337561,-2.469746222747857,-0.9781477476131859,1.611267521789687,2.383957067140533,0.8802851591084137,-1.1568504824365067,-1.0637379247789598,0.9511170127211708,1.4331656890947506,1.741446867447885,-0.6100778141065067,0.011397484090992586,-1.142195484698674,-1.5465333019332892,-0.002712037742254269,0.7770605134534658,-1.1291622258951381,1.142406776379514,-0.11435638801123443,-0.9469310567235859,0.2534681167151413,-0.528951067311377,-1.3477822693708743,0.43336100276423795,-0.9120192138407205,0.43149883366318953,1.9412651910531042,0.9385372374765,0.25288431309893666,0.9195076315567129,0.05940768014809277,0.5853679674342734,1.7355320338948526,1.46767745750877,1.0986968017289263,0.8908252772604339,1.9684512345889733,-0.17972051404904632,-0.8034601807325205,-0.8024360718986108,2.988886373574656,0.7299824383625751,-0.689501338109742,2.6050028344521725,-1.3455152252626164,-0.37550430022809633,1.2023287560386562,-1.6384384618614047,1.1769890872889184,-0.6542998010334633,-0.7464497694838187,1.6616953548878597,1.1479742333091056,0.16036538913626974,-1.0303305237610878,-0.8668327292361195,0.6602667758036712,0.03203915481261764,1.4176845593186405,-0.0989701747757138,1.2080124207899712,1.7226484214615223,-1.048538244056279,1.3581881570637029,1.3946907066304963,0.2987956886883799,1.4388503982295904,-2.223997846205408,-1.1541065659319825,-0.9670261894127169,-1.654144086658372,2.7019353481945454,1.247745308407452,-1.1169143033962574,0.05485664948597441,-0.3903718737170401,1.9929530167167808,-1.1068928677990244,0.9256390513253483,0.9607801538612345,0.2622403078178724,-1.614388847620586,-1.7477591841779228,-1.1869813049828943,1.3213655112075835
2021-09-07,1.4707450535838957,1.7607581976458477,-0.8947227346085956,-0.9978500811264838,-1.2210423662468641,1.954629252590593,0.953918759472083,2.460858998808317,-0.9916318622027518,1.4619177204908067,-1.719339301644727,0.12414934770805823,1.50040874417146,-2.0498214812051425,1.8259781944076703,0.3367474165081961,0.4694305003153954,-1.1160274932042678,-0.1808642913598169,-0.6727123517220416,0.7328154004952433,0.7585068916629479,1.3954197329207338,-0.7738958537449273,-0.22893473870377143,-0.33407888443741024,-0.09685054613861568,-1.836558377137393,-1.5488708208654458,-0.7343057426340263,2.599347271492601,-0.8946657804130025,0.6123775328094011,0.02584347610979354,1.9409490281446538,1.1404129090135202,-1.6217693376273665,0.10548424842009373,0.25657949726698803,1.4621819535921554,1.7596764326434904,-0.044536977934847906,-1.0862737657224266,0.01632182178161824,-0.2702871892655986,1.8358455472904018,-1.167615061733227,0.818846816614413,-0.48198670698374835,0.6474108830618163,1.417272307028681,2.3793778848694687,1.1288743028032142,0.4750642216850442,-0.1264768034730302,-0.36894384507222744,-1.1116220159139902,1.2339236049423703,-2.071144765656719,-1.5967276579324368,0.3590047659035704,2.140003700420324,0.9611488334833787,-1.258129561578266,-1.1192818952039103,0.5568599745621085,1.3082379547717842,1.5990798642023103,-1.0022910243505079,0.7647323354133355,-1.0420824668014286,0.25564276511778145,-0.13746834525606397,1.2908690796844708,-0.4437834112983712,1.834134890912383,0.2598601682006367,-0.1771339871836982,2.174295491087768,0.8727193150850444,1.3170199442988668,1.2128019933473826,-0.4270864454382917,0.9712304264886957,1.7799156964881242,0.46276312351902615,-0.1431532477513576,0.692806053408472,0.7879446628512267,0.7227415654918232,1.5978002872542507,1.1977434361720927,1.0535704274040552,0.11913115508783843,1.1378409982340854,-0.3419657716002441,-0.4252159721668973,-0.42978025894400684,1.884056270289285,0.6959851310968956,-0.26124145849400304,1.8953162707274978,-1.586040636453237,0.04889343698855698,0.8939182277474856,-1.6082940419676233,0.6570060422696323,-0.7044968168614907,0.22909266413056362,1.4749601969277177,1.042772480111565,0.3968349926808436,-0.8791074953342262,-1.0942272780001305,0.7740127340905396,0.16204086039893706,0.7177972987029918,-0.7416682736116083,1.1284220053384768,1.918726740009388,-0.9781950906281583,1.4660101202197502,1.0021023455111109,0.8443389790532163,1.379105400097715,-1.8259475749550471,-0.13585000663529678,-1.2526087487830992,-1.4209755442001026,1.2459181036500087,1.0582987408734708,-0.712139349527731,-0.597231544448417,-0.8511980930957677,2.2093296315011495,-2.037220409559516,0.6965881323943556,0.9280052428078992,0.9348064044964379,1.4789646559331064,-2.153928997405257,-1.5457143939811515,1.098620369947322
2021-09-08,1.2677912517372318,2.2998302287432955,-1.241943342514884,-1.3518912935721756,-1.4124539949630415,2.439340917032236,0.9646136864791719,1.386495508508227,-1.42973720365998,1.3547661307472552,-1.4129662424169998,-0.37596421047776263,1.7071931485129765,-2.0766364308092546,1.8057971873672163,0.29500109431215404,0.8841994618348831,-0.8707948480426464,-0.34592848137523774,-0.7346178622591496,0.6395346116084201,0.807720210851304,1.1307073625381086,-0.49682839667980927,-1.1236018473593163,0.19593530484878396,0.3394272271338136,-1.8973524593990658,-1.2243953081602084,-1.3551269940545727,1.9575427158166265,-0.9077129322652705,0.7721960279417632,-0.40555369455557977,1.9156384743044705,1.2052563836504357,-1.715388922234829,0.539428520762682,0.3038272414955374,1.2539395644056879,2.237503420647747,-0.2455780719654869,-1.1254401197165342,0.0736230000651543,-0.21864766036302816,1.4564409316976432,-1.4332331573413222,0.49965006660443845,-1.1421169782248155,0.680924914924241,1.8951996032566714,2.0049287286118513,1.6410251556604938,3.7109131534849134,0.9140900122273045,-0.2040788817009891,-1.2857309212150858,1.8906284893887346,-1.9865243780743165,-2.1644767293659686,0.23912493970965384,1.9465831100678528,1.0091221300697457,-1.0891958279051848,-1.0651428146030255,0.3577791610668905,1.7413421320708924,1.6957598683140516,-1.1559492481255857,1.1855084512012002,-1.2741721600556628,2.400315802310458,0.24091021260278614,1.5415408041209846,-0.18803868210419422,1.4997167309111799,0.25535564273518896,0.3090336575658909,3.52856485500115,0.8033300108978689,3.590511160528876,1.6537150956896332,-0.6898383798100117,1.0764907581989707,1.7195586170955923,1.7252086610710282,-0.6417664604682259,1.047655467427839,-0.016516213404794162,1.1692799743176057,1.4985378710641946,1.3210112956318583,0.789648493885484,0.18013679791524734,1.0495889559381577,-0.5505295125099259,-0.8653858396294122,-0.8725757197050811,1.9871401875926105,0.13075872550859644,-1.1716011731112752,1.8979078100411302,-1.797226464363419,0.9542028031054985,0.6494271788896302,-1.6440700353582491,0.6010676612644498,-0.6532876445632276,-0.13270960837725115,1.4391665215938658,0.33384329578079736,2.123571913901739,-0.9830119568648249,-0.6605849622989396,0.8292856379911212,0.32561900845059527,1.4141649527292626,1.1062089889451392,1.2326223204534765,1.1442645280010313,-0.6040553805594269,0.9691006577938749,0.7355724026068607,1.1846892195238021,1.5510426449603167,-1.4646360312067415,1.827832372981583,-1.7378695948981073,-1.2999744055049045,1.4616790975875529,1.8159998690109271,-0.3400491657005435,-0.8005093589622428,-0.9694995113902106,1.8091775514600974,-1.778675266483013,1.7880469606001916,0.790192389536024,1.208084843364872,2.472210437419053,0.6192278546404338,-1.6328559565875296,0.4673953162858305
2021-09-09,1.443407639377241,2.1647770384337695,-1.342498427687951,-1.5651521994335431,-1.046952010400473,1.9669222063633502,0.8335403178899181,0.21476201407101636,-2.030668558025813,1.189494122457801,-1.4758540142174876,0.2979042685376558,1.3664315590497915,-1.854237328269615,1.397564013503456,0.4006095772176057,2.521986622768294,-1.2861771758937288,-0.8037330982014963,0.20098982398189028,0.2984850675123692,1.294577219616294,0.9603646884283811,1.5320666292726828,-0.2040118597339083,1.2968119864458825,0.05316856821724949,-1.6852794051681204,-1.4132603414831768,-1.4429572334575014,1.4221657649625592,-1.0921320036954403,1.4384211988551563,-0.6790208450482449,1.5634628214241302,1.4115580018830014,-2.22719907190355,0.14719148891599754,0.2204168533188715,1.7777578904362858,2.600282059798045,-0.1943489624225503,-2.512392138716854,0.37256938257868405,-0.2512434240178391,0.7211378271488811,-2.343924863274454,2.3769931083391267,-1.3826242760116607,0.8655935282252885,2.0251389094843124,1.7410595261998203,2.681690445121943,2.618611049790938,1.0129102490139186,-0.022354035543030483,-1.3539253717415154,1.910249184353564,-1.7748093023035654,-1.7176504515681155,0.4330581330691678,1.5699755368969635,0.6070353831599292,-0.1850746401136276,-0.6731743940046944,0.18205503890014915,0.8571327856487386,1.183801560504871,0.2540777747740603,0.26404081312148564,-1.1427878568282803,2.526368683283864,1.4187173426452273,1.3345982062290829,-0.4528127357789944,1.5317003037166537,0.6263372085573391,0.09982352525188828,2.615089908955296,0.8391094093244191,1.7458377661491398,1.925005634659627,-0.629596384808696,0.8635765561724558,1.6127055795118872,0.419441361047134,-0.9840853703300031,0.9344125175199188,-0.4853882855157862,0.5378918444477535,0.9784560587039641,1.160147447459943,1.2456823784726305,0.12797807742370226,1.0598113721091065,0.3448759858595926,0.03165679534887438,0.03025220618753998,1.4412192562964232,-0.5113026911640811,-1.8112573916993673,1.6946451507776412,-1.650955438642791,1.2532687164776262,0.7077192180425533,-1.2372238708613388,0.007536256266123843,1.3061341980014005,-0.6587552997625026,1.4843152955910417,0.07867791099859871,1.958113132722525,-0.5617361570702797,-0.2781847773712323,0.65779257026732,0.20314880259209958,1.4177889396543173,0.2760142218339492,1.4354167925897892,1.954933713715375,-0.19023312386341804,1.0175257343153452,0.7064495889132744,0.47038083573252454,1.6600473871482218,-1.4705897322271486,1.5726991167968951,-1.8940193070748674,-1.030238402485225,1.0560586034049049,1.4655631843698433,-0.5188258459398934,0.4659661914496294,-1.1830863086821197,2.2946320276284813,0.4871307281070994,2.5156719523581574,0.9345295322084909,1.9563940888097908,2.5694195142178837,-0.21585643862811532,-2.188592007667777,0.43888256728612063
2021-09-13,1.3660229924202092,2.4333424885779227,-1.2650798029261356,-1.9066272793874068,-0.9792203414751616,1.7380525427002096,1.4011241453102345,-0.5426488456439441,-2.4272205172738124,0.6039191308668402,-1.595608021542877,0.027176049734290313,0.4524996255335982,-1.7680816284251872,0.7478227620079887,-0.5217764287854295,1.5982564551268972,-1.448927491904741,-2.0139305451474336,0.46076706129571615,0.9546085281195292,0.5688017705250826,0.8660558372426819,1.675865132671379,-1.2996746172911176,1.321562370341838,-0.4693895484335249,-0.6655881066208245,-1.410807743056644,-2.015477361111206,1.3073307081334153,-0.9876212108090427,0.7820753493426735,-1.947682444775085,1.7376764069043245,1.1447243880987128,-2.3425184737293585,-0.5090373005508818,0.2787399419159739,1.8985670522612899,2.238282708261065,-0.33629946651052267,-3.1002102605014468,-0.2683244469359911,-0.9188786775982346,-0.24719658621700175,-1.3322460439660817,2.0889246504791,-1.9855555591806684,0.7498990790204929,1.8495414529906138,1.4349290278330282,2.621399639410753,1.028527621755558,-1.5626480719514078,-0.3003385217614842,-1.8345141390125153,1.6363436828204214,-1.3149359558470184,-1.873185586235346,0.8027962406673981,0.548133133587675,0.5078519591231248,0.3092433864343885,-1.0183177182562781,-0.23698147017076726,0.31667407184403007,-0.0857105271524355,-0.20216706458567138,-0.9255111999378794,-0.8450475813362427,2.061277411188684,0.6328320382870319,1.6375431975452766,-0.9160168056038525,0.2841677048643292,-0.6722889055992105,-1.2540387367042365,2.4695993758578245,-0.7182334037660847,1.9038197251773796,2.3657068087102244,-1.12951349501533,-0.08701697079603785,1.2206171399258847,-0.21737607892951363,-1.7916399090750526,0.07103740555607561,-0.7233856170442593,0.7222871768959739,1.1750842357150868,0.8868136697020644,1.4902958554364838,-0.3039809042964986,0.6273579181341266,2.186768311592408,0.006828206148201261,0.0041910455151968435,1.9679906311820226,-1.0108655998890224,-1.8592705463451564,1.4416215829685703,-0.47331453760471015,1.8737084557455828,0.6144116284065672,-1.6103549882283665,-0.4870978841642186,0.5654739835859008,-0.9589552810129084,1.1963005292539122,-0.734522165429483,2.196958580418969,-0.30790665258036337,0.0009396190886071143,-0.09734092120179838,-0.39403399914765985,0.5744181389952127,-1.7163217039265708,1.53545094697311,1.228871145701513,0.5948242444242642,1.2328843178974132,0.007825426235299996,1.982861142078578,1.6684909516615678,-1.600986124435373,1.080429237959256,-1.6969845458281878,-1.2134988097663293,0.4232968812488707,1.337746338700738,-1.0475986968815352,-0.040453303176519004,-1.3634816381840387,2.0632581249159294,0.8398544765105203,1.9550624088083302,0.29172379154286765,1.1773874117634977,1.891495595557152,-1.0176372187305407,-2.306889502271645,1.0121105411884594
2021-09-14,0.9976631094577365,3.534507093110991,-1.6227848464207804,-2.375995894869355,-1.9251224745740325,2.37176976670404,1.2520254364653443,-0.9489771237737195,-2.4216402300066977,-0.35604190694147686,3.705522734336987,0.18466468106620093,-0.7245309545598678,-1.5977853334827474,0.5456846599347989,-1.513177087191642,1.1928183771673349,-1.4696034309899673,-2.1638161279472174,-0.19843832412063972,1.0108566551431621,1.8713198176834305,0.9411746864223517,0.4507944158539506,-2.093673420773477,1.2129208716456608,-0.6457020189473925,-0.7107687701584255,-1.1755091563976077,-2.4590076398149185,1.109990596593827,-1.562083826415534,-0.15951104721524884,-2.4348487847883904,1.1959997067450339,1.8238818109421933,-1.7001733828698817,-0.6123397187586024,0.4387562714605345,1.7510425551236384,1.665721134495137,-0.5254677419531821,-2.6698078849392677,-0.8989993835063839,-1.901131924176093,-0.8945135256867679,-2.00050971496084,1.4998518137007806,-2.167754913498103,0.5573740276771624,1.3552993289493502,1.596174244342942,2.179253317929614,0.6749726654539933,-2.7368977534119545,-1.1539248865303777,-1.4551605440461564,0.7191979859767187,-1.0499668415838923,-0.46839385166507835,1.666620016309305,-0.005121364030427546,-0.11055608637898073,-0.45684300075665146,-1.381869210219875,-0.6185335036616816,-0.49012806299826456,-0.8888328020367818,-2.2086970729192834,-0.9411822422015383,-1.2459736007085653,1.7307560471678771,-1.1091466133280665,0.27250885571480604,-1.6228638806396318,-0.07481519488836888,-1.6915654745306092,-1.9627759433036538,1.7825551227539151,-2.541468521330003,1.628282777812622,1.9855979233754288,-1.6191557072281966,-1.615555823945214,0.9298282751976615,0.007791265842829546,-1.971684235777503,-0.1303919316513325,-0.7884827767560312,0.14205895769045404,0.8806473382024055,0.17322761563744227,1.0740138367840597,-0.15270350732428642,0.2772568577676859,2.5046678126978232,-0.49631276118679446,-0.5001906526865397,1.78666607933358,-1.4563074705089636,-2.4673806417546222,1.0708509925045797,-1.3852979819617022,1.108992466574729,1.4585491528311918,-1.6653972651984368,-0.6624029881887664,1.303321301800026,-1.539865208403584,1.2754389324898425,-1.4886908527933778,1.6145492360544547,-0.5900205269152488,-0.8847693138537301,-0.7095007834039386,0.43989624942617156,-0.2062610822484345,-2.6192134347660283,1.3325710406115887,1.1256195239299962,0.27068068609219853,0.7640333243385928,-0.38685898549946873,0.7731792164891779,1.1956792734776567,-1.240555559012945,0.6237733243689814,-1.9913915092200403,-1.2108260147189631,0.571981215377442,1.1409572436571167,-1.5408126432463671,-0.908462624794735,-1.494300707791932,2.3344277476564805,-0.4817897297216411,1.036965807267992,-0.9519183092234832,0.2785489533559764,1.4251409277891296,-1.2879152009832213,-2.4469168995390196,-0.6889645834111378
2021-09-15,0.653382394334351,2.605864261224501,-0.8070414013249515,-1.4690808894584795,-1.5108534313609896,1.931767906745505,1.7250516466242065,-1.0668452338329901,-2.050082905590071,-0.5234384411662206,2.5284914664240987,-0.12427137674655303,-0.5148068448387256,-0.842914222130101,1.3165007317817998,1.0604291365444116,0.6703907323372909,-1.5406147535073664,-1.6256426261008647,-0.7257554283386625,0.5594442984515117,1.7479335046208704,0.5560597174629018,2.382124955562224,-1.6999813612225791,0.4722189948648501,-0.5384958582495493,0.1797186570548704,-1.2344026518137579,-2.5154794646011673,0.8256490271514213,-2.408447439432579,-1.5204935658979994,-1.9304959168214297,1.5881015379583823,1.810041076957905,-1.1808135222006724,-0.38507479735720146,0.6305721164060717,1.605082418397731,1.5250165746237812,-1.0500690110875908,-2.408960036116811,-1.769138959390266,-2.711874368658665,-1.408149808115953,-1.729252715568228,1.1718459232309417,-2.538532140377574,0.9882902621733811,1.3997861851599154,1.6972609449039366,2.9405413377969007,-0.7637827232059481,-1.809270861224512,-1.7456196860475677,-2.875142883218722,0.5132672947901086,-0.8458349192984485,1.1740811249912573,1.5406929777625287,0.7582993827345891,3.2376164682708897,-0.10537417960498945,-1.031803937753523,-1.0419145386345576,-1.8663431772257764,-1.4825234224223947,-1.4567127785087006,1.4385726221960806,-1.1037336447279762,1.1790736207910555,-0.9067721652594894,2.1300404298456224,3.914267031787131,-0.9734750111490256,-1.6168063717803483,-1.8442018458528604,1.9483372756483448,-2.82554203569401,1.2647838765917534,1.3035424008670067,-2.2448832242469257,-2.052480780439395,2.023129927840915,0.35447520312939906,-1.3902327034821074,0.16271954734092717,-1.076764656295916,-0.8283694347741957,0.5774885533758959,1.576865734233597,0.7367222842495783,-0.07875520095647064,-0.17075767460341015,3.070725224111815,-0.2326317341797114,-0.2382583061474451,0.14440785292171096,-0.6521911327425272,-1.462552592688931,1.1281041714187208,-1.8887961633120167,1.478328294220737,1.4425783380655808,-1.3119562526678725,-1.8575750237255815,0.5628023262117109,-1.2736667218585616,0.8159404185434608,-1.6036688920174633,1.7033306992460604,-0.037337519405634706,-0.4790299881719355,-0.8268826134636563,-0.0501581571384505,-0.4265426716789456,-1.9038396449910482,1.5026834088700698,0.5898876772257547,0.01798360307151388,0.0976079565397873,-0.7286239988331089,-0.4332735100902986,1.2041493375415135,-1.0013842791943612,2.40597305331479,-1.086553489783989,-1.1174727645829596,0.5853197894408305,0.46252695267258037,-2.4283478601746835,-0.08877403219150042,-1.3843719796693428,1.966666296690595,1.1384086561004232,0.4181806890671167,-1.0404481082534005,1.2706474894690813,1.6142184436108646,-1.3453266593796305,-2.3896600554460967,-1.7625242071024427
2021-09-16,0.8414766405237234,2.352641688006018,-0.5496030325579601,-1.0270041585346805,-1.082345971309286,1.7591520232835847,1.741894943366821,-0.8684289028534736,-1.4983351380751804,-0.7196073243968563,1.5655678085958333,-0.08268916953515854,-0.01823447927670318,-1.4055023971619958,1.5024092194686613,0.7429132168835093,1.0190272937242684,-1.2235638895773464,-1.7664387525089706,-0.0516823936788198,0.6052291446011823,1.1886897319287857,0.4373558436287852,3.0873549889117986,-1.3515442272047276,-0.27786736714816285,-0.8997089533934995,0.4845062579919299,-1.103422035185147,-2.1476132621052986,0.6632952767589468,-1.5822146886128452,-1.618955902741,-1.864074296980709,1.7445769799859503,1.9571329133268922,-0.10166080360805982,-0.7385952185387917,0.4357260050436855,1.4503327011540952,1.3925590836174413,-0.7553260670592827,-2.0958733405701215,-2.4242836357328224,-2.3148539784662607,-0.5160509659307576,-1.5839575588494952,0.39115720838944357,-2.09445603067248,1.1644123967264743,1.1378828051231678,1.255935861002216,2.129811200198175,0.26684096655729006,-1.9327044723074407,-1.667347536876326,-1.91664647951854,0.594319920909196,-0.7254624174378816,-2.2710744968459617,1.187568587309172,2.1262986228316585,1.7129987534035132,-0.05968916808201232,-1.3543701464709594,-1.1069282720007283,-0.7541936524935438,-1.6937820888405692,-1.3143144079184912,1.6657251460698208,-0.9980088531777287,2.5847630464488587,-0.25997296049736557,2.1028708281224184,3.311812312355726,-1.1721622488836956,-1.1429257689635675,-1.4212944016246236,1.671267296625477,-2.3872762851095524,1.1596507862803735,1.2732941869916183,-1.8453672996245947,-1.4706836612667555,1.6802195630770826,0.2341362309786704,-0.9500721559110517,2.4217604235705963,-0.06351944622565307,-1.1441211110107135,0.14325655896310563,1.5043802684352026,0.3068735031626835,0.31302293442264795,-0.3163165384577096,3.125545655015394,0.18808646138719964,0.1866558584100392,0.37351102731397473,-0.5830132555355917,-1.0479345421374977,1.3023472640287743,-1.411263724894824,1.281732452237162,1.223481528647413,-1.4098500514905938,-1.0864990952704439,0.3068588105540486,-1.2990829527110346,0.6990212578011694,-1.7465277642160768,1.5661724034286049,0.7559691174578953,0.6713123771608328,-0.12184875042455011,0.04027659381749064,-0.3609921644254261,-1.5120521996827918,1.5313394503700042,1.914827018078304,0.10356545627530803,0.05344480689921382,0.9464654417565266,0.16892895560068227,1.474860337301614,-0.6932273782828984,1.694212481444104,-0.6199917189141328,-1.2779612489207282,1.4812342838717096,0.3694625313165029,-2.2593374398210178,0.6162480795279776,-1.4879084910133518,1.9704122523019065,2.1717461832754834,0.2395550254353067,-0.11867414520889885,1.1655193479567882,2.053337101220037,-1.2243760703807078,-1.7228134897588634,-2.7947806159919266
2021-09-17,0.5762278129323226,1.9709018123540891,-0.8104809395328102,-1.440467451270552,-1.6029229862173595,1.5483144907483084,2.468271204043064,-1.3693859880306203,-1.1916930600443292,-0.9805651992011288,1.2335688392355064,-0.6253817959505846,-0.5064197317988939,-1.6237002342580003,1.9680045551011003,0.3894612298106871,0.9043157811462221,-1.2908881922992657,-1.7039253595732806,0.12728311175426993,0.4461153253274544,0.8125086690863808,-0.17806471351089787,1.8889647033625772,-2.0009020371795456,-0.6630029642457681,-1.255269005307449,0.09187157287878592,-0.515661809778204,-1.6220256273077662,0.9358156684439114,-1.4519234267820178,-1.3942775582579554,-1.3865725663936888,1.5210577629308466,1.9243155981010667,-1.4877465834498138,-1.200092074122811,0.8411595404283944,1.800007530754938,1.4949239671810006,-0.7074775339564906,-1.708080552172201,-2.254231142761938,-2.2491306754312625,-0.18470433002119196,-2.0156912506263946,-1.9488654107147978,-2.2482921740115125,1.196332150276373,1.0571600823069414,0.5632375210939228,1.8625357918581729,0.28740827834925164,-2.0404883167313286,-1.7983269477051422,-2.302820507537722,1.2099689145128,-0.7120180102265605,-2.4831609322255357,0.5188887773847745,2.381086852153264,1.7033886806666865,-1.6199858003622878,-1.8083345818653098,-1.219187062211181,-0.521866177225608,-1.6776553339840214,-2.375511942425557,2.1996460599280354,-1.4666579766780843,2.451567025978408,3.6702009759289664,1.9485633683038681,2.45786106483965,-1.2703965888203743,0.41122624386823975,-2.062474848576029,1.199809835111932,-1.8509728725718169,0.9444460591163507,1.4949569971819126,-1.970163409539746,-1.3715863531525307,1.4134760107631803,0.5904700193710208,-0.9541000976216379,2.2451410898395867,-1.100354174831152,-1.7118498073545703,-0.2626265383587272,0.3479303862712906,-0.2184578881289045,-0.7153771023371546,-0.26404411230100067,2.305105711887342,-0.2142153673217838,-0.22623777868390388,0.2706592578495232,-0.7476996231386581,-1.303130505238132,1.2863361405117113,-1.6191086659413263,0.9211964768398622,1.2219746966102045,-1.375962988873492,0.5453275942936567,0.8171302899801115,1.1138962182855634,0.8963307300760712,-1.7309379860574599,1.137729239906871,0.10881753512387167,0.666879217217369,-0.6591726995821093,0.12002661077617297,-0.4657760485547548,-1.6062001715981769,1.5616495368397127,2.26519014952883,1.8875236669816438,-0.1543399161432746,2.034034361579025,-0.9790447720517242,1.5563682430767967,-0.8557403934968268,1.4306515759212233,-0.12545133164603722,-1.3709536293389648,2.040738359318086,-0.14598709655397166,-1.7147571251167082,2.180636253526208,-1.8039832263449187,1.7068503015731882,2.0957971474611963,0.13588601740035589,0.6908714949116979,0.5868733110527511,1.7235489151874017,2.035931219249374,-1.238136444576828,-2.8247025322684842
2021-09-20,0.40882091320924663,1.820300946792707,-0.5924360381915654,-1.5270860924024676,-1.8749863519666403,1.5301948414100528,2.3258644215817394,-1.4054862516712803,-1.1145104680073326,-1.514927219465386,0.47576099853300624,-1.292777876526572,-0.9361390540159811,-1.5194064508620264,2.116689119955667,1.7050478254841253,0.7563516528709681,-1.6592082083691786,-1.2476841741938685,-0.8220486156356988,0.46465445346596235,0.6425088259515956,-0.6775421764701405,0.8982771681331343,-1.7553498694617335,-0.9396389009099879,-0.9249541700781618,-0.1770129489150509,-0.3514640113913528,-0.659486669815382,0.9059723898182227,-2.126765335970852,-1.3957169142649957,-1.3522895880038546,1.377527635837906,1.4473470135041187,-1.6770946100346198,-1.2077008322129412,0.7786898965235555,1.654650949380792,1.4771603657724477,-0.7667802804413731,-1.343604229338873,-2.135839687601264,-1.9767315822492948,0.3585195722509391,-1.7985886097829442,-2.5387053580260868,-2.0334498726723185,1.5698445715718454,0.8517673522878748,0.47885423633945057,1.724360028495701,0.19703542645922167,-1.602077553451268,-1.1617947622833795,-2.0968600761915357,2.5867823246301427,-0.9157257066214951,-2.068375779599511,0.4326265306905981,1.8803983216441236,2.040875161494229,-1.6103697451071257,-1.7339510340253517,-1.0582520260397612,-0.8439728030116217,-1.6179527205310749,-1.9750992984374403,1.766818189275869,-1.9207556137710746,1.5856936655539173,1.8804541562644328,1.0745423398552785,2.3572738454978786,-1.2327980526020723,0.5942783580706816,-2.489653996624741,0.9574556983248105,-1.7734137547934599,0.8698680014359548,0.13238548311441367,-2.0531652522781783,-2.705163008832692,2.3482201516293997,0.5241911950265621,-1.124444279681769,2.532407046206985,-0.8049981177362027,-1.8464874305082888,-0.5686833495826384,0.5214286835708498,0.9104087351524263,-0.6214912368352031,-0.9882334911371105,2.77906958147858,0.03877187723160296,0.044338219401919635,-0.08016518697768862,-0.6897726922327762,-1.1219833771768077,0.7901405944853968,-1.8307665685575356,0.611137214847807,1.0136632898109823,-1.3839949327574237,1.977282946904233,0.5749763400532086,-0.07560900049629189,0.9503324923697938,-2.105866370487352,0.36586205017196566,-1.860771176510742,1.1980551653015148,0.8139000421194894,0.778991389023046,-0.30937265259221425,-1.474653703884786,0.9868227759433501,1.9805669990776515,2.8140735116005313,-0.38804289329074515,1.9682006573828237,-0.9965095813316813,1.8239939486847225,-0.9828679325536452,0.9881295523039666,0.16250209005941213,-1.2066664894856791,2.2167889373003242,-0.456774440396361,-1.0758503740957326,0.028695812330286313,-1.2213665907995803,1.5957772603898386,-0.7182865238394478,0.008929454072190183,1.2478439896117444,0.6718329630178117,1.3254020256404415,-0.390977108206468,-1.549585724818641,-1.8522002792240948
2021-09-21,2.5600288612006157,1.6035595964950837,-0.5207200629665417,-1.7942158809688087,-1.5417586785308985,1.2964081203400126,1.5702249821842804,-1.49861287456804,-1.6691798756658354,-1.8290514979732986,-0.45668298525948564,-2.6898780406437512,-2.7106576775554236,-1.462248251601664,2.0197777382091124,1.0855835783010186,1.0059436340193557,-1.8704693187038262,-1.4516996966329334,-0.009150141465168292,2.567167990155205,0.3679934305308176,-0.9002073513050748,2.7024245390602206,-2.570721803802379,-1.8970238564918966,-0.9186223274414316,-0.9215207338772989,-0.7698297197411734,-0.5838558206988532,0.6695725663218244,-2.5478394251777865,-3.0850686384976287,-1.6938016478120226,1.6276245508888683,1.2329304399282508,-2.1431223179536882,-1.9359499746694295,1.3949751601498634,1.3629088371779297,1.1100368597170547,-3.8141939563106053,-1.4827327100453713,-2.2003219440018165,-2.18801580584579,-0.8833225409323604,-1.963481967226649,-3.1192877308110236,-2.0189481396700595,1.5565318282170573,0.47272899150744907,-0.2895384023380968,1.540221179799463,-0.10284309444469246,-1.7018643529284976,-1.0867723884866989,-2.1521797723627447,2.1301180078098536,-1.0315995331307772,-1.639222533992777,0.16699078062277647,1.7091901361151602,1.7233374786451283,-1.1486707029520116,-2.0921702795004165,-0.7505067062953735,-1.759240063386906,-0.9144988809805513,-0.526037403318891,1.469279031207958,-2.206653712253207,0.768866240338193,1.6950358202255464,1.3924130005529318,1.9291293957662585,-1.4507783152642786,-2.1582427222391276,-2.3803528414627255,0.591282020188168,-1.7611511372925588,0.7318972874083726,-2.776735541857075,-2.343647864630129,-2.3187959369930162,2.168021867798186,0.22194392981682906,-1.0668178999456421,1.845872212478624,-1.47117444987725,-2.120930165637947,-1.357003571171245,-0.03808092651375576,0.8962469324691739,-0.4279996350001352,-1.6118574299672161,1.9120596707617943,-0.17117279680080208,-0.16919754203785872,-0.15792426837241424,-0.5625499009407947,-1.2373449831997811,0.6927991371285918,-1.9610840253972124,0.10877143175716282,0.6081459464966474,-1.83804106142347,2.784181874082807,-0.40256838346759455,-0.28540108417609494,-0.9328159565369494,-2.1903482444840034,-0.7010288561305301,-2.5392983553449477,2.201661004771283,0.049511564838366835,-0.32199062798624,-1.217358343520985,-2.3611526929284907,1.9178843248160151,0.37521912929629364,1.0246452664521997,-1.2891108958545034,-0.40207148359632144,-1.9318541384659575,2.10008785834735,-0.9778663743498109,1.0259143083320463,0.445046666836952,-1.3986789184049104,1.4106675043583212,-2.0116077047052103,-1.7001171696026922,0.5667322215847436,-1.562928640418178,1.4455500387418232,-1.8426578745872275,-0.5148216332242518,-0.15918006418354547,-0.803293882865994,1.1572066253913498,-1.3291196521573698,-1.9697958035044851,-2.899349265200569
2021-09-22,2.321285160009784,1.5077926646560362,-0.44799307615320055,-1.8023112821392127,-1.5075600209667042,1.2277291715864773,1.1621568896505141,-1.5631709115396246,-2.362048270017793,-0.12515518775463894,-0.33490030745274685,-2.0936420381907546,-2.5485087844025274,-1.389108176038133,2.6947399481925753,2.1775505829291237,1.534333858637877,-1.7530921348662938,-0.9899043590603321,1.2753455117412797,2.3201148763598067,0.5666203628235201,-0.5057959769127459,2.49154713530217,-2.2022937463222667,0.3770405150197748,-1.1385005024815147,-1.0560614854445531,-1.3748903193178306,-0.37554677097659667,0.715212493903892,-1.4715586180398985,-3.074392281724378,-1.343427818998895,2.581523620913755,0.9523102457258357,-2.025596892970268,-1.915316999051238,-0.3478048698928964,1.3641608446550528,1.1063628625680857,-3.019629235843223,-1.5197924529636786,-1.7628579810141192,-1.8878242987655802,-0.8610935199918567,-1.7538824003220352,-2.6995576362792555,-1.6256179776196058,1.4108629668081636,0.7837317366816743,0.21980120572312,1.4614453822349431,0.47045763049703,-1.6995784163494867,-1.3402107919200688,-2.1399875531001493,3.667708104212579,-1.0911138134820333,-1.4123083590554402,-0.45367131148675655,1.7932550036708834,1.67523105867143,-1.4782729193952966,-1.1929204433544287,-0.2492059620476097,-1.937547340272489,-1.0893131069607997,-0.591182978773251,1.8960483325195487,-2.0697090185748603,0.7369699486255208,2.7810079982106024,2.574402644643906,1.8225190211746352,-1.2974441571773239,-3.0482399328027143,-2.35394003116021,0.6260971159719502,-1.963921106637046,1.8781081909891466,-2.486343529965173,-2.5312359730974925,-2.049121164494785,1.7684944444472843,-0.7740978975271133,-2.003303910648417,1.9761113525152219,0.960362832234786,-0.3081000984957047,-1.554091088067802,0.0006447458649519392,2.17341184794572,-0.45325778601400485,-1.6120461363699363,1.2308216517894388,1.4284345103906027,1.4263679571359196,-1.1300955074751196,-0.5041039800623931,-0.9309267085014603,-0.1853415336497599,-1.952512408644293,0.6891207573685589,0.7291847860134929,-1.3824863823908644,2.9511030252142487,-0.8063941528001657,0.08840885519330564,-0.7692945472462261,-2.0666280036995515,0.5826043006663004,-1.5806114632146806,3.4604613567567877,2.7332981125164686,-0.5501213727771179,-1.1012870511258337,-1.5615811565959492,1.7495220133264935,1.7062211665362228,1.7412256817350673,-1.1896525666076194,-1.5717747299334974,-0.6602072460090593,2.8904681892738973,-0.5649283105246853,1.265858271592154,0.7444642002673348,-1.066204894102961,1.2066946476765625,-2.2077138917467236,-1.6396396126643253,1.5971686741057665,-1.4667739920303149,1.385782479772492,-1.9471030174996964,-0.24834197765164254,3.2064873944642103,-0.25185019293849614,1.1961286478617021,-1.3746023220351793,-1.6867138777098456,-2.8186438736154447
2021-09-23,1.7761536501131725,1.3598213021217864,0.597376188882161,-0.8921734523790144,-1.6020680586699505,1.2043921432082776,1.2305018665879792,-0.9995825439087366,-1.1259986457910276,3.406711183343087,-0.9051550907237992,-1.575180910458031,-2.564852400841537,-1.082984809504979,1.931319811845975,1.8380774074270956,1.6409594012131439,-1.8483811310016887,-0.7726405473901123,2.082088403419191,1.0369530340995436,0.2686266445327808,-0.8786352007845161,1.6566766898193157,-1.5873061367394001,-1.1867419141220168,-0.3375738857465383,-0.9728642663461774,-1.2195598616004992,0.8218487306879037,0.6149729244671885,-1.6064988965941736,-1.4899930405970223,-1.1050845445694253,2.244518815465663,-1.379547027497291,-0.8276080817141407,-1.060633885587822,1.6053830106488416,1.2952498215060573,1.1460433198098847,-2.2768489997894354,-1.3109000125797665,-0.2828195517543702,-0.6571162235733562,0.10555766688342526,-1.1628493842160255,-1.7608746762565404,-1.325716901520731,1.0974747032356789,1.4408723584964684,0.3927581208900282,1.4440520366964735,2.0015013419112226,-1.462017325475837,-1.046104997614665,-1.5927425148720624,2.3554876817647292,-1.2342414244232423,-1.504478850987388,-0.5717432873124434,1.3691156719566415,0.7106918061928559,-1.7295729562862308,-0.8512393978307627,-0.12436389795908484,-1.7810992351771517,-1.1574899943919257,-0.9076699025461391,1.7789644542755336,-0.7872133166117027,-0.08303223345124633,2.104461319164349,2.113628001577596,1.8281279076575017,-1.2011925842715543,-2.2890379566121863,-3.0631292319709096,0.8405112751836032,-1.1294107058815899,1.8834723496449213,-1.5399073376412724,-1.03557103221594,-1.1651383210613533,1.976173561290993,2.7887916000002053,-1.9085954046572913,1.3786664084704556,0.2786444498030684,-0.14413197451605303,-0.6772594241976196,1.0354220614846696,2.476185851962682,-0.4982635371880659,-1.2299568549236866,0.23745914301028495,1.6964690769266242,1.7018184597425088,0.07639733375206904,0.10570070462202966,-0.538133441935324,-0.3554463859564012,-0.8943338615651388,1.7949317288768314,0.5070060091122849,-1.0082767586559696,2.414374678121997,-0.9644548523946823,0.8478952764789982,-0.05042406818546768,-1.8233454637270503,0.8607496121832937,-1.6125294657482112,2.896955192580866,2.4045222119777074,0.5087001375593471,-0.447959870772239,-1.051115065908088,3.2019787096220544,3.8748506336327475,3.239759044542924,-0.4133312069890347,-1.3482642703105663,0.8306350544296314,2.2624928223557093,-0.5270269644654252,2.962904058431299,0.38337276339622556,-0.7519844956979634,1.1894049177199775,-2.0736827832909315,0.007621145033752497,0.23102426066470808,-1.315270075665435,1.288363376311324,-1.3671186977517964,0.5774468585978044,3.4318922439923525,1.6946985721465908,0.9188300189085845,-1.533813747761412,-1.004712525938605,-1.8673620541325682
2021-09-24,2.072400103492504,1.3346102443496262,0.7536206887036289,-0.47960958365521617,-1.3174349690099807,1.292152092365116,1.1459818392431043,-0.08084504168287122,-0.6140783624963357,2.5593448454514114,-1.2196466555436507,-1.6353204099155758,-1.8373678683206285,-0.8448655313946677,1.4958757806362106,0.5227425119618595,3.381874650233431,-0.5651913921017921,-0.6010773989709406,3.3431318825673175,0.5250658613242469,-0.16021994980346915,-1.1002344902784336,1.5433377480784918,-1.729965195748812,-0.8269763965729514,-0.24123112967418261,0.19547526852512273,1.2191202547081652,1.5513029090130102,0.6690948980785054,1.1109104855397234,-1.195434600640177,-0.9996099694521198,1.8204938473547532,-1.206851184777978,0.812060332610775,-0.029908077642955177,2.187461422353701,1.3008105665999254,1.5504548963727873,-2.066037912724551,-0.5706567436425883,0.48744729925857083,-0.7881455977479606,0.11482484539859428,-0.7688344944668574,-1.4271610498744998,-0.7878497006813009,1.3975038652595826,2.179911566349916,1.6212174309079919,1.43272535127528,1.3729689305311845,-1.251294850005788,-0.9926884915830907,-1.5188000862794464,1.76658844198813,-0.49293034487108267,-1.396696909103353,-0.6318830037298017,1.2704180097163873,0.4308857659670283,-1.2479989013205477,-1.0776410859788212,-0.08484198114624387,-1.6051790108579311,-1.1970934478274917,-1.898557101914768,1.9549253857853626,-1.00293329070382,-0.02862410208019125,1.397891394464508,1.6188644984239542,1.4750399021893916,-1.0804221309981692,-1.7710174185270287,-2.52445256651705,0.6416883831137556,-0.6228997075362361,1.812676220617963,-1.3989971791973819,-0.9949669065489875,-1.1246900518549985,1.564225212399949,2.1479688427316614,-1.6297448496677855,1.1780520521185192,1.038210794456469,-0.815876512284882,-0.4579542540405348,0.9953275840557742,2.146086759997188,0.06438309813563302,-0.9505358432172585,-0.026479358517155504,1.244903155528865,1.2408325101992526,-0.8681992028108184,0.18525367042508015,-0.22101407796029218,-0.02326637039488835,-0.7518825123218293,2.109568399656378,0.009572481167326327,0.0147324515586876,1.535804142977623,-1.6442587591015696,1.898741524082695,-0.2574900979355631,-1.466708948941404,1.79332836357641,-1.0550194697699316,2.0363193289417887,0.7925457748786728,2.660525567518691,0.07726133881117354,-0.9840882862439763,3.020769195263499,3.0650580683625224,2.6020983749134987,0.37216572251540814,-0.23279027009047906,3.3498154316590023,1.728610378690977,-0.421928368552732,2.018873024950323,1.522119748687917,-0.7120417360764435,1.0770028664564353,-0.5639759742662206,-1.2477162978031089,0.09622598634628154,-1.3703372971002314,1.1601878054642105,-0.7859041358961089,-1.5968571439371033,3.1439384213425896,2.217705190369543,0.9112427415191025,-1.5139323488027783,-1.1377582724916524,-1.6544556713516758
2021-09-27,1.7803922906850806,1.2472407083246428,1.8032016319326787,0.5222958882685993,-1.4174219408644382,1.3330925706972356,1.7078760856852453,0.042832449913613777,-0.70759281841872,2.8541814062487694,0.18791699515300458,-1.4033815768374212,-0.8644674522972745,-1.0910530535012897,1.2808854675795731,0.9777992837735981,2.800605958888761,-0.9792288970708081,-0.024434095801065835,3.089247222269185,-0.278639589863657,0.4227165901267855,0.8377711061751781,1.9632748479425897,-1.7613098196799337,-0.678327323720824,0.06753119617371761,1.299921808011524,2.1885015843161777,1.4954216642685885,-0.013438006821216082,0.9925424795249034,-1.2318284584455745,-0.9974844080581189,1.6807893640161127,-1.5982441782462469,1.3188949393872011,2.7628256709748964,2.8653965525451675,1.4964142954600377,1.5098336617713415,-1.8308890231276216,0.004243820621987294,1.3161866989471827,-1.8372218985021151,0.8780282832745864,-0.5151589002173664,-1.48397616530353,-0.89925172286676,1.8362110031459222,2.2488197429277466,1.1047634083221662,1.7635937732206601,1.365310958651573,-1.0235675729931575,-0.6206471348503326,-0.9683534870948166,1.5068361268298276,-0.24904276920058213,-0.5962601894355734,-0.4752530339097125,1.355448835690013,0.9317122828513456,-1.68694698435172,-0.9787526627962136,0.32046963706159415,-1.2225951939522814,-0.1524673117574638,-1.7857561649126121,2.353431246814841,-0.4542822302544454,0.7768073375087742,0.8254009204489778,1.2763998166654134,1.477141542366901,-1.093205268417811,-1.2562095677904994,-2.201872795753648,0.92777993169191,-0.4507825548462885,1.4325245518578482,-0.4705895037395551,-0.004967306556100938,-0.9429912996018095,1.3913476431268632,0.9664474752102724,-0.8916637506764873,1.0356983022782345,1.3829372129582886,-0.6669087845892884,-0.5529707662922557,1.286200415064248,1.8018998088163594,0.611823330531015,-0.8670587946489824,1.6541624070552263,1.1524957175746142,1.1560850516065486,-1.0226428032297092,-0.08861053009152971,0.07102022467017581,0.41619691301077594,0.1837161396416279,2.0128522218513876,0.09802770514415309,0.6851508205772193,0.9724754802509412,0.3742107169740917,0.4287765054488093,0.27803946419436454,-1.4695384769440676,1.7210141194572428,-0.5317724784273085,1.434865651932417,2.434799358162218,2.4361975995957232,-1.3471035931369337,0.8647736454325788,2.41161592995276,2.437821946570549,1.7797449972283585,0.395428015011861,-0.2596525952165637,2.8364034816626167,1.3091148882557606,1.401217255709511,1.9654372223911796,3.161300954847916,-0.3211946721359742,1.2830161019255075,-0.45249869863361974,-1.9300085221692038,3.568725319251909,-1.368485418266891,1.5031422885055987,0.21236414788360475,-2.5469572997727177,2.3659109451961813,1.0478100876028964,1.1021328755293558,-1.4905177548814745,-0.8721581107674207,-1.3514516936412586
2021-09-28,1.4177532769895003,1.2066674918979752,1.329669865732163,0.7370986640181432,-1.6105380343796976,1.391711246184627,1.0378464011229087,0.40608060424585857,0.2343808406268739,2.1259061618060136,-0.046439808042110245,-1.29483798915623,0.09212764936541813,-0.8260138312056579,1.357208910368918,2.0971803390843657,2.2941623379438627,-0.5432407711984506,0.4684280163855259,1.9720424935050933,-0.39726506201323886,0.5057188707022455,0.6249574501318471,1.931841086214287,-1.7221362232303705,-0.7256610271839662,2.3086895292858842,1.2514220391237623,2.2767857388526074,1.8482779008638615,-0.6400702935527083,0.7927439827430653,-0.6157156974507514,0.5155586225519058,0.4933342229169288,-1.913465225754828,1.8366322657877197,2.6904904183914367,1.973869291382063,1.4856048486346893,1.499509095194354,-1.4013184466054336,0.3861546772624998,1.7793479395302874,-1.9913970702144634,1.1673143751242285,0.05847584956145789,-1.3165258208300403,-0.8160562795774157,1.7188540105146741,1.748787592725212,1.1424504103371922,1.5681387799842492,1.38042213815701,-0.12208011762342907,-0.18944012206065156,-0.6649208716112974,1.4888062709598735,-0.01616168915897124,-0.48794923793967987,-1.5908214727015881,2.3281102296983374,2.645953022001564,-2.6780317143892836,-1.0058716197103388,-0.2686918829423562,-1.0674502424172148,0.6754790474363894,-1.355442871338052,2.4242087524166287,0.37523436368510993,0.7545443245306928,1.0332898605719498,1.4666260612028854,1.2309514126471637,-0.8336219951953501,0.6942438231222858,-1.6706685337285447,0.9391412599704816,-0.38862163979923225,1.3795630792761946,-0.10756880211866122,0.3041528500266242,-0.19652055712546784,1.2557845466785678,1.2929790149002176,-0.6474065032134803,1.2059762029152863,1.197365082946888,0.5464077229329618,-0.18638641487697558,2.480333093474033,1.806899633867376,0.9105577037492025,-1.0065276768723876,1.3813074054246621,1.2815326097462103,1.2972600194421964,-0.7433538650441881,-0.003306118621232688,0.3909361584480744,0.3165834087289017,-0.13575316318495081,1.3750299217841941,-0.8127573535761248,-0.16854987153860934,0.8895843382347317,1.174790987087108,0.3010956372004087,0.4796364337505855,-1.7155630891778808,1.3547891058809172,0.5659646948317715,1.474351033332079,3.3673568757539383,2.86238571256955,-1.956601588690912,1.2624547882281014,2.081434444023225,1.9217311659425556,1.692235421392594,0.2722794233260568,-0.36275762773797543,2.121643525540881,1.4676962260368378,2.0098770334960077,1.711133601213359,2.5622635599311163,0.00987952610206191,1.2973825640397862,0.2767502408474299,-1.3575928651634843,0.9983916238615896,-1.3935419625586374,1.4775053591208014,-0.5449262250250496,-1.9717318182817385,2.0434933931463024,0.21334626141129712,1.001134177371473,-1.3302151960331574,0.45713250897365215,-1.217619773064177
2021-09-29,0.6479383761285563,0.8617526578269862,0.2024221738777557,-0.11287446258021477,-1.5837095886485004,1.0459256986843908,0.8496109976787506,0.30875103198986287,-0.5233509500553741,1.227272541377001,-0.26280230802864374,-1.0866513953324692,0.002191371922165087,-0.8827185925617997,0.9546539330932511,0.8968830916711131,1.5028614004016163,0.04158953750241515,0.4636951588594213,1.2970085978419408,-2.193827484374268,-0.1426237442079464,-0.5217266293966756,2.7301436473441565,-2.15351851645193,-1.1330070344878709,-0.637999109571738,-0.02742689420752811,2.269680298918229,1.1381851214802268,-1.0608178326049762,1.8964972677344434,-0.13623726276056974,-0.30181716951152515,0.31983988535241753,-1.8978780457068183,1.5473894715120131,2.1071735155398468,-0.2826749508803357,1.2160730386301237,1.1241025759981713,-1.2626039630973855,1.426696283292961,2.0247948801638698,-2.1407587531889716,-0.06047466088879968,-0.015508161655805363,-1.3204131591495916,-0.7059792114072424,0.7057977122230854,1.0692942375328045,-0.534658034413226,1.338376084585206,1.9723765570761995,0.8104683383222538,-0.2985399097623603,-0.6391331606623607,1.0214706861915945,-0.8596462274639136,-0.4902496268946433,-2.155199358129379,1.9354098130349695,1.6575371451896923,-3.1041844935477685,-2.8601142093337937,-1.072379655801147,-1.2893974167764846,-0.5760706790054438,-2.3052168766219947,1.740528300455405,-1.5948788808781136,1.9097314318208232,0.6873908174739874,1.710037355577517,0.9761811631750815,-0.8848287338016125,1.7664339447092374,-1.6003418978550978,0.641678611934463,-0.6551185545870095,1.6508064362876433,-0.10058295230928309,-0.3616213803498595,-0.18689733166023292,1.0470775982420486,-0.16809610198094063,-1.6436005882286726,0.18419311536922378,0.7072396906388724,-0.21209158520701807,-1.0063313216657757,0.6864849502567408,1.6533338963422268,0.7091291080171068,-0.4858561959041288,1.0293236187381785,0.6235476750321708,0.6340149431795397,-1.5108807224262568,-0.25282493756585145,-0.11983089208563032,-0.00038481935449540536,-1.680109014624966,1.2033673398463562,-0.9975888162862792,-1.4868253201731312,0.7857000272019348,0.5378602582174867,0.07437027671933347,-1.4511983065332694,-1.8369385250529453,1.3879825678325797,2.173881050060429,1.484819349240682,2.281956291073562,1.4937894043387776,-2.1261801898088697,1.6280383886415541,1.6556005938953,1.6098225107552893,0.44499866744932753,-0.12369155629755547,-0.30822820822437325,1.9520401587605336,1.3382656979404841,2.0742863274991694,1.829167863665348,1.5636803657107874,-0.6397656878359648,0.40302825915326773,0.24152903156846484,-1.6691514675684718,0.1106771944790248,-1.557704081637858,1.1186247530281208,-1.030447757152912,-2.1547025441640666,1.6041694751521565,0.16602308938295043,1.262570330145972,-1.5734049297304153,-1.1021691025805707,-1.338871973838936
2021-09-30,0.8860528799009729,0.6874408003067656,3.4593196404537254,0.9657578802407916,-1.4935491065061604,0.8504060828982826,1.1363533591776336,-0.9070562056500605,0.7169274059419455,0.9976701658860474,-0.9011734410818122,-1.6327645968253908,0.18727613961505601,-0.6559736327356434,0.6872740808002632,0.364751140500863,1.3149268064269728,-0.21715118009168452,1.0821385419431604,1.3511416483570295,-1.682644110660124,-0.982079036583862,-0.17064318821444552,2.1739789079738787,-1.5780821826972449,-1.0781186626467216,-1.622230782550937,0.9462542030306186,1.9805486092518092,1.4882625087418966,-2.362320761857743,1.5906159341544706,-0.66982338685508,1.273067999850555,0.24613415207076872,-1.9740849778296325,1.2404564499398651,1.7146982870357224,-0.2564047823765652,0.7501850054238075,1.0350522600562826,-1.1477579587035516,1.4142922635881126,1.078037148288074,-1.868734149840888,-0.4492823684638695,2.1370153668794734,-1.1418884595157477,-0.5711140470221956,0.15020901050849197,0.6521399102037241,-0.7167609088275398,1.435924468901682,1.6450482269231377,0.7171807951841216,-0.4582799530487756,-0.1863684670576443,1.2456336288750047,-0.9161405643552315,-0.6363645775061144,-1.4207752410326455,1.288786643821294,0.6133109521033118,-1.4696164256296536,-1.8558486849114224,-1.4721725051175976,-1.2713119192338005,0.28368141731886287,-1.846481183362115,1.4145603503512587,-0.3518186751256845,1.5300003868529053,0.6101739688421639,1.875212093028541,0.8261687086087572,-0.8418211662292456,1.4402416427773217,-1.4384611428587364,0.6897763491397239,-0.6333873424295355,1.2569684284627047,-0.2433461170420817,0.16448513304642923,0.05971629227274581,1.0340862709005798,-0.955493803622767,-0.9347812484813551,0.02678266967701358,0.6380209524302207,0.1271648529523543,-1.4250137325547976,0.23900485174865346,1.5450182383493147,0.9542943990861672,-0.5586497579986113,0.6760870526368638,0.6973539092309397,0.7075780749249344,-0.825846641729203,0.4081500770724201,0.3657873291411108,-0.41547632512541277,-1.4287184340783734,1.7457547022804825,-1.571780877231354,-1.106426915536616,0.31001546223377946,0.9489316822517557,-1.1202438162278636,-1.504880247735182,-1.5898312173400144,1.91617989982552,1.6509546653831633,1.3764976316411206,0.853392834722423,0.8538816119559873,-1.7003247756284041,2.0676378575327785,1.4733948175367544,1.46231357534659,0.349570038816928,3.3060937434085025,2.511867410899193,1.931737513663097,1.2771777468648198,2.1357678822451813,1.8459068480103902,0.9389368140486113,-0.21749095443993197,0.03594976886789003,0.7735569827063528,-1.0970913907425253,-0.2648767842649595,-1.4811540349151033,0.6767021814075449,-0.7389143888044768,-1.769830464454257,1.4746202655214904,1.5969395193364813,0.882949880733585,-1.2776877166445264,-0.8691049882702809,-1.1330954742703612
2021-10-01,0.795864059608131,0.39189834479463387,2.756928087942438,0.9398178522289877,-0.918884057490088,0.28916064114843937,0.6522338732438464,-0.42081360183965055,0.8938419768079271,1.0579776891289305,-0.6237695192644808,-1.7582419320175597,0.15907505879142067,-0.2137941234713817,1.0720518225958842,0.05044687280040734,0.23530285623058445,-0.5130149416781634,1.4351151264331818,1.2478321661981473,-2.8112616241499873,-2.208832056583896,-1.1629095364771262,1.7394477837708178,-1.6574574568375802,-1.1675632989185363,-1.595219359535493,0.059913291420874225,2.069698607736765,1.1870144860427152,-2.308870789079045,1.0434736860005722,-1.321055105204107,0.8636689258569185,0.16468511289264107,-1.6011398142058733,0.6058626407361897,2.2660478592658415,-0.49179014055834175,0.8818286667282367,0.7404850754737541,-0.9645603369915399,1.5318759541485356,0.4596924527504624,-1.6924665772133813,-0.021003691304503556,1.1928790787054744,-1.2277706080215154,-0.6001543948045345,-0.05471659085996719,0.23472384292646462,-1.23444519695721,1.2499097358088145,1.3873046194676861,0.9589206105619257,-0.2189758025162745,0.18694855730921633,0.7782774171822076,-1.5888117721075257,-0.24885763472742725,-1.167479798188361,1.2099003588282229,0.42966778639155734,-1.0818677849765659,-1.8054899764203318,-1.7408172244009905,-0.9579324826986595,0.7906229709159854,-1.7528103990355313,1.4177111363150112,-0.16908829992261704,1.6331445529716981,0.6373326626324451,1.237005293054941,0.8421150737377248,-0.6803903397712731,1.4091906420939193,-1.339160522672268,0.2776022317822465,-0.36386252636130967,1.3533752778780421,-0.22428708505956718,0.9092057294716075,-0.06663459996908792,0.25766533011576376,-0.3345923895724467,-0.8678625168531651,-0.3232369144437143,-0.2622709624254762,-0.2685987901149982,0.8059668607364326,-2.1434881781733304,-0.08547940762659152,0.915776989061226,-0.9073075817689771,0.6999302179341638,0.11876040372597094,0.11446755652848528,-0.5607697148481257,0.49351593090115087,-0.16022262776157956,-0.2479657388721971,-1.7381227676184998,1.378473763739114,-1.5354490645392613,-0.43651371807932754,0.587095340296887,1.1668473374012882,1.2733079245477832,-1.984020437276727,-1.629861285689442,1.0213697461595383,-0.5799110807035144,1.1943524097719818,0.35026224979882337,0.6207881134412924,-1.9420115114288035,1.9870157635949937,1.3993812648893718,1.2527231187432708,-0.21397133740597776,2.836459712346574,0.855799641047487,1.7075845923183248,1.0142656721681722,2.1405124588587032,1.9998944451394973,1.4967432182924558,-0.06782348426682364,0.9691138086138035,-0.42038693506946717,-1.2127168700945667,-0.31988300189917196,-1.7248055565020295,0.21179819986993179,-0.5525956229823333,-1.8614252608514896,1.327270056303341,0.17038308526174556,0.8094070487040019,-1.3866341941828833,-1.7323360270335508,-1.0857642952507867
2021-10-04,0.516338959632906,0.035680382972664064,1.1316923220543191,0.47147097725754866,-1.507005346780882,0.0366152662839356,0.423518820803737,-1.0839414340422406,0.8379470247585614,0.4345056226679343,-0.7022211292707115,-1.6669360949284773,0.5277573550236117,-0.6958886492108244,0.8066453392418851,-0.1573527448852895,-0.556355358292147,-0.5288348829012668,0.2338804256018658,1.5930435781358216,-2.087677958148698,-2.6283782395724886,-1.6328446898778288,1.9349012838480122,-1.6536948250677765,-1.200046662025067,-2.1906726046811054,-0.7621344117071188,1.7251365704695847,0.7250803034040532,-2.2322753950822536,0.6234163996003443,-1.0545093150926281,-1.1944143953176871,0.3781059087012514,-1.3965146751904187,-0.11624107636057657,2.091640439348922,-1.3154217964289547,0.6768995750467726,0.38141531394970624,-0.8038933664777677,1.316141763952012,2.233538434224494,-1.9519904496935214,0.038888570145719295,0.6012605546037791,-1.195260043358982,-0.7223383707840619,0.2666422152823832,-0.3665584311560452,-2.215357011096184,1.1496849255925512,1.4113580190485704,1.2629752199120021,-0.46356048502506914,-0.21650911924839497,0.5219668424680346,-2.1055807118466445,-0.20420542324492127,-1.853163615796669,1.2008843402471938,1.1335865321570064,-1.344772140955951,-2.1977685890678296,-1.7784824865093378,-0.8812428322102622,1.1122937668768946,-1.4648824324779173,1.5295976664107247,-1.3374643503913906,0.933983812748161,0.04829059244119558,0.6588499380053294,1.004058566792771,-0.6739944118340087,1.9733003266305553,-1.3221213919579213,-0.24208600388258564,-0.7014591635244612,1.168776449772189,-0.4090033295966528,1.4343943160510113,-0.08161066927002728,0.2276881219427998,-1.6093776886965978,-1.249392865625925,-0.6351357296527154,-0.9739551129292712,-0.7334115756997143,-0.8324319542936433,-2.535274745576063,-1.1919166789478544,2.0079845947973367,-1.6400582863558841,1.0978074873052124,-1.0163703598142448,-1.0180583224419077,-1.8238907709934535,0.20071934149493478,-0.7309201313061842,-0.5476318807353465,-1.598193607480974,0.8556260089616861,-1.5239514441341453,-1.929575726470446,1.167501515113564,0.504479292500635,1.4485829944388318,-2.38150718557659,-1.5323060585966368,0.0,0.3034502601460859,0.09330765760288,-0.1499925896987313,-0.7486102178577607,-1.856910288818322,2.0500980108169293,1.1653140739113867,1.2327207089428973,0.003395674774560753,2.4585131608307877,-0.009359519138803046,0.9697411652825387,0.6550120598164111,2.02912409212027,1.9923388425590918,1.1770995238529487,-0.5823389050975241,0.5346395470425597,-1.2259179701438163,-1.3304180995409314,-1.195759364738223,-1.8900613534006183,-0.19736413582633328,-0.9153922198172231,-1.5237735338561302,1.00348389660674,-1.6026855954527317,0.919001580053965,-0.5325242477590706,-2.3861086969969363,-1.0008815663826973
2021-10-05,0.17124574555226857,-0.08408745004973384,0.1763296413178762,0.42984671218507614,-2.2172074349951303,-0.2373705513793003,0.3193366014872672,-1.9197564634321995,-0.1356831749660478,0.6701553525949875,-0.7954132761193788,-1.870940415980709,0.8433715383319678,-1.4938748765041818,0.5895754349966768,-0.6049220986066525,-0.8312750612459383,-1.2597985747152418,-0.7550406182413856,1.1536319039871896,-2.004690952488111,-2.0277440438635272,-1.1360759959615572,1.7207699652235464,-1.9799153399261584,-1.5146020443769,-2.6943156837772064,-1.3623692634401647,1.5711725483373224,0.35747911782098835,-2.2695711615927463,-0.16626465724080258,-1.2927579937437506,-1.0303259387631467,0.11228753629136322,-1.2279420032401442,-0.6060238335149654,1.8592908222741198,-1.5031329760306007,0.5058941095545713,-0.527768385414883,-0.9801215975992967,1.2541772680885843,1.9455948767464752,-1.8907470847068664,-0.8357949235671791,0.7693763162238411,-1.27624704504265,-1.0694972345326785,0.2463084296377099,-0.7798190250675603,-1.9664959387140821,0.9125800679576884,1.4699899657769961,1.1920578212811546,-0.6186411718764399,-0.808607948133495,0.6191518896448606,-2.2040391073917283,-0.11068221111187257,-2.1189545884169956,1.0327517393895007,0.6176600144470377,-1.5818338893260384,-2.0717742599542803,-2.4041189887286123,-1.0795673867281923,0.7897785933119764,-1.6050665018741404,1.469823612037905,-1.2190589517425514,-0.17566086405260423,0.2940683329433391,0.6628520676478921,0.7638185864468849,-0.6829554665285094,1.6460789939616174,-1.489275280477023,-1.0812475347512498,-1.335474760813354,1.1373440861806654,-2.252637831328409,1.3687142810650446,-0.4154470538382859,-1.6036066661480288,-1.7195530448742726,-1.27246763350658,-1.055976250386232,-1.7606001207124622,-2.368811504983913,-1.7108506409242301,-2.5266859066229905,-1.5037022097215955,1.7347557074091218,-1.8455176168975473,0.8063254312822757,-1.621760909734446,-1.6088005719020881,-1.5886385943991386,0.007294454078226277,0.176287369507951,-0.047965688055318645,-1.779828875479922,-0.3796345791114383,-0.6578890692505439,-2.7813938763849673,0.8226817227720902,1.0043077892942953,1.6959208551047154,-2.3145904228877336,-1.467976103411735,-1.3252732086179762,0.5401815647121855,-0.06556245596022071,-0.4653318126218749,-1.8139353497246322,-1.885721493008735,2.8200995580472474,0.9502961014653365,1.0467593044915577,-1.172555105443548,1.9772425903266688,-0.011712190280916801,0.5046265699055273,0.7078466346519504,1.895511714759971,1.7335386671164499,0.9465349092837746,-0.8541389635172435,-0.7339066485831598,-1.4294517748576672,-1.652028034172787,-1.9080551523984868,-2.1583586068935974,-0.31022503677931573,-0.7845466910302181,-1.5484616936068945,1.403150209758589,-2.6332878427544886,0.8934736776836463,-1.8200489598342566,-2.819424571500689,-1.35960640062494
2021-10-06,0.09581442968929138,-0.19636659217459035,0.19591686947851475,0.8221036624427767,-1.730974336438761,-0.16186969386077665,0.694858001494143,-0.6245705589469698,0.5128431188301504,0.4753656016937331,-1.0370905019438645,-2.092409662780968,0.5547142625928884,-1.8079692315887188,0.7239206841711505,-0.13569691667692682,-0.5217195641185572,-1.388576700264881,-0.16971392284430667,1.8015083657035418,-1.5053325896609255,-1.5250127543738479,2.4929889786337287,1.5275314791517556,-1.5130601291815957,-1.658698434856599,-2.185639392500388,-0.6266922746074876,1.3333448340184018,0.7293046942142871,-1.6098209276286606,0.12711432361453404,-1.0950899001037169,0.5687786201685405,0.009119407970442495,-1.1298056094800601,0.16425400432594844,1.9888206198334482,-1.2086129888401305,0.1375203469259506,-0.5226547031546994,-0.9259399768672526,1.0855315863279837,1.6007237158474479,-1.4810083986486275,-1.1610425685872794,1.3963029130841114,-1.209774881813674,-0.8334435104154212,0.13711740606628978,-0.7983333545333313,-1.752998878177763,1.0371697960102495,1.886008518834093,0.8759961588234385,-0.17392131689464527,-1.058642434007378,0.5380029834886916,-1.922134450092907,0.4140472795987684,-1.5425254421704664,0.7398466869657655,1.221395698774875,-1.4041954373078178,-1.9314304301797272,-1.1201594711027691,-0.6510196367172492,0.9191937724337191,-1.291976875902086,1.5607645543777555,-0.6100066052705061,0.8039620024593477,0.33600253323469226,0.681521935666287,0.5109921488718884,-0.7077505203017681,0.9655851507313259,-1.2455977077292653,0.08933299287185606,-1.668079658399211,1.4358919823521201,-2.913861982293108,1.6202838584902832,0.06853356009071213,-2.3485266791801074,-1.9158675760518593,-1.2704364100704968,-0.06085667689983868,-0.8488057883587048,-2.204877273932156,-2.2851795260146113,-2.391004111681508,-1.0643409126819998,1.121597097268908,-1.264148261639508,0.4606027300112904,-1.0107455119895312,-1.0046996083357205,-0.022264215020775892,1.7217651382276709,0.7901071175685552,-0.16832668581524596,-1.53028431659174,0.5287396748768138,-0.20287254648781405,-2.160142791991143,0.7944289279654557,3.7245494877349525,1.3409208701199693,-1.8863196205038848,-1.2946035830389198,-0.8352749970001152,0.7311109786044084,0.210516542892842,-0.6707469566675842,-1.9945042640956154,-1.2967818139921963,2.163289557160957,0.7761571432148547,0.7018792631839867,-1.237250517614635,2.1574309840562864,0.20873261769717685,0.9084042541930432,0.8069097549235716,1.7583393579675597,2.1680519981622903,1.104432624989472,0.7069989756634342,-2.5406111558539393,0.200955683400848,-1.3468216834225193,-1.2502168471816648,-1.8316951616214834,-0.25967780478750135,-0.1476744608237553,-1.2393946005960215,1.344021086926176,-1.9717840259545976,1.0867662724618712,-1.9499475972763485,-2.181495125442562,-1.7961303296528386
2021-10-07,0.5431677916923141,-0.4425314160223451,0.07952477222803611,0.7410058675107127,-1.5803884627084341,-0.5662873222864012,0.6574074653331197,-0.07551583894112941,1.1950358604343978,0.4045366438636753,-0.7416239514796386,-2.551938377813166,0.6975024338275282,-0.3143834974034018,0.7199602194668524,-0.3991482109110196,-1.0651410925805296,-1.4306418445132316,-0.15339324573206517,1.0478250732540222,-1.1558816981303395,-1.4945337456295669,1.7242270640959692,1.6219688091762294,-1.3275217989097023,-1.3769583406546293,-1.2684218112081878,0.011744489594873862,1.2133399445671489,0.8276752137971805,-1.052349432084476,0.16009080209315368,-1.185702476042762,0.41560332863306737,0.06714491606732195,-1.212454436465946,-0.16257294294850513,2.0272651116588527,-0.5399282098146946,0.5698908358319711,-0.6527019488917621,-0.8879286271097726,-0.30549697433055234,1.6877979301905732,-1.5633001284398274,-1.1939186754603397,1.519904532042809,-1.2593017987042223,-0.5062688129143343,0.40949137259531815,-0.8468025229131094,-1.0485416542709636,1.0276356226025256,2.139937072754581,1.5153558197553032,0.18203663127864894,-0.6474009923006274,0.6679016553222751,-2.0074721462893934,0.3360431434974229,-0.7996846981188596,0.9897137950048531,1.2889216757986284,-1.3717415850168508,-1.8232173755419943,-0.7186310675484068,0.20310042687908836,0.8886498440040754,-1.0595979805221507,1.8426573577368557,-1.00304255889704,0.14322752547829967,0.6362360024227944,0.7431448977627395,0.619837236059974,-0.7014824625885789,1.0567833413886059,-1.0638752111036414,2.650244301143707,-1.455248566413677,1.3183917368541853,-2.8298784300593898,1.2098174505711237,0.12862639751824612,-2.1372550627942557,-1.5616223524999915,-1.4297585646611113,-0.4956515023087987,-0.4573408564779477,-2.0445795154172033,-1.678293802557846,-2.0480015897713413,-0.9788234408447563,1.5017348062885407,-1.2845034513926676,0.5734489809885014,-1.0568497785120512,-1.0521086386440337,0.08387428104364497,0.887233376223885,0.240492786755429,-1.4406636518472948,-1.2087978770006553,-0.08332214650342898,-1.6919011308856928,-1.77227623282737,0.7422710983487849,2.6732700469984647,1.599783318132715,-2.085473362347947,-1.2638939599297359,-0.9750599918367632,1.447266974060748,0.023328492265597824,-0.5082186317239843,-1.7392637823822785,-1.278456161275439,2.4051673973172485,0.8275871286870314,0.7607672792706358,-0.8554423634804855,1.861518283359363,2.8434010913329626,0.877931325703319,1.106385154566912,2.694229695947534,1.8183125860663665,1.1864291052434728,1.405835072866739,-1.6983315697021077,0.3827081551198035,-1.7152959617388042,-1.3874374153291291,-1.6093575831790334,-0.7714351624772824,0.31660474367873614,-1.1714301977517623,1.4066602580718222,-2.037813066140034,1.947480551263865,-1.9178937422521658,-1.9434291583263446,-1.4464852694756036
2021-10-08,0.9245342713353348,-0.685434230977025,-0.054380147215570745,1.1453591122653122,-1.6579142308345525,-0.8504697153091562,2.5977902166491735,0.22439364819823493,1.666420814785507,-0.12115490720691059,-1.0076227886389135,-2.8038401148995193,0.847162337679012,-0.7935271372733349,0.9048832079058992,1.0558207689874173,-1.2755527562823814,-0.6553130858505453,-0.17931531623480704,0.9720019195438774,-1.0969229752316934,-1.707961209338872,1.4989931402108594,1.5706097571313025,-1.3609755502462602,-1.53327465129553,-1.249481193170863,1.7682960281802158,1.392588755675306,1.3512574790967016,-0.9950738067195956,-0.25151565128374725,-1.477041886239591,-1.1336186048253787,-0.17578882454791436,-0.912736962722,0.069240765579411,1.8331442671480458,-0.4471766829381849,0.2052798815158269,-0.74078879861518,-0.9490394061152198,-1.139244354765641,1.4100156335319383,-1.8749148737368677,-1.5111816067412658,0.7956684768228018,-0.9936731549029723,-0.029317810574349443,0.06879930748295297,-0.9343333133792694,-1.1689931916294258,0.8831667150784692,1.937862669141702,1.6018484806968225,0.03463067025197228,-1.587607754769375,0.49489646926847114,-1.6962862816512856,1.047272607177211,-1.5006522349846374,0.7780493238896153,1.3846823651153946,-1.5015686870235398,-1.8550159711667251,0.3873944018472149,0.012834306538196776,0.35895451068552175,-1.162730818307306,1.589802059085165,1.3462331829600545,0.4089687407643672,0.7222461290644259,1.2289983470016708,0.6838892922572961,-0.35059309491887686,1.0324957241383175,-1.177876500293823,2.168679148708755,-1.9509749830758658,1.00041122615642,-2.3290700290799244,1.9428644063581293,-0.924412773737032,-1.7325546096787143,-1.709065831663651,-1.5282805806171702,-1.083319883414978,-1.2256293147874024,-2.1645779582119564,-1.3965636127728607,-1.4612310444026582,-1.0393748483429806,1.1784595691763329,-1.9206989240436299,1.5376377451463044,-0.8675458909217275,-0.8832895766408838,0.10321553904927734,0.5506007896729234,1.2426085465745105,-2.6223830003153794,-0.5717746881205343,0.4428469374224717,-1.858366224695751,-1.6920303530518375,1.1752875387762265,1.6713848013844212,1.1543289392721199,-1.945320443943385,-1.3466220461027174,-0.5631739982421475,2.5585682525436946,-0.1297156324220387,-0.3618796029474489,-1.8278434444541645,-1.3859042265410577,1.9723920217275424,0.6477463394070632,0.577650125504063,-1.2684614850042895,1.689501130809725,2.4828808735526686,0.7149463166084911,1.6531686837931108,2.306772332167209,1.6809487677788022,1.1757371006089332,0.9662841582275414,-1.3579683073953603,-0.48929602042664316,-1.8141825364048796,-1.2169408197781355,-1.7026727012544565,-1.2762185783606896,-0.012639304989969274,-1.0787094782087931,1.541248596828166,-2.016214658242901,1.7326955762220175,-1.849975470414506,-1.8196369471522975,-1.6107365973574426
2021-10-11,1.0219791612893596,-1.3643393390578602,-0.07141489782501027,0.9453737956199321,-1.7789501730276662,-1.3448812575802243,3.815332543847898,0.12302538673409226,-0.8354961391905157,-0.5386823608354624,-0.05260621637859816,-2.4244986263833113,0.48980452363529187,-0.8894752040301328,1.1482403076985677,1.3479464233102083,-1.134545943899561,-0.3038545997298746,-1.4233931255470964,1.1387378531774643,-0.8405525067406788,-1.0215771746750777,0.5865579387816213,1.2662390443173959,-1.5264240583027164,-1.5928021623191908,-2.1297739662209847,1.9112994960176075,1.567848904257431,0.4844416114032956,-1.2775343081445687,0.07313015169598114,-1.1901987379620946,-2.024956628994707,0.28343718079324953,-0.46635403196029546,0.04395171904254812,2.0676498365104616,0.04854196715359081,-0.14477202650017723,-1.2764745721158661,-0.7639756435378513,-1.247503284572846,1.0712021404817444,-2.0277588823614856,-1.7923467324264204,0.7542460998051127,-1.268202646858087,1.6207372758686345,0.9484455844154083,-0.9710646117170603,-1.7412318985227637,0.64725030149661,2.0467847959442356,1.2021726329587181,0.5569359641072638,-1.1505756854764393,0.29795917819386514,-1.4781900498792993,2.0340146036609212,-1.3395202471212098,0.4685783600464427,1.3142746156211695,-1.5262252291725131,-1.8204773596950508,-0.5469100696194433,0.5221762031932463,-0.30964078819235746,-1.0441350033761259,1.9498307205588925,1.9941169642752206,-0.19856274714320296,0.5146128296001414,0.7662282587739203,1.260290296880842,-0.7652988312026185,0.8395025668839373,-1.203271576466483,1.4538508259896923,-2.1751890979781847,1.3475470731427877,-1.9751501063705996,1.72062141761835,-1.036445320624616,-1.5231196508438534,-1.3492683661897418,-1.8719487774846415,-1.1563818960443373,-1.2952265902601203,-2.2032432981697068,-1.4175733941855282,-1.2220282544684882,-1.1321414503907883,1.13188807014969,-2.1390720241501344,2.5743572978983877,-1.2947098626088875,-1.3079417404392066,0.31971216334447244,0.6468699451567989,-0.5316068557052999,-2.6294407390564425,2.1615373726263725,0.2826154063149075,-1.466478431219149,-1.8406102081300286,1.7614278309130889,1.3787972720740733,0.5810190226954893,-1.8633242906249465,-1.4003925056802493,-0.5236399144990396,1.7826799552821346,-0.41383316831425865,-1.0494113294128231,-2.007354454607282,-1.420843742099177,1.7270071725334115,1.098970559687266,0.7070591600849538,-1.8283909981046331,1.415884141512043,2.7444191654149144,0.4613514238521827,1.4859261716344039,2.4196304088182043,1.7260291440427709,1.5682642616165714,0.11540739489448164,-0.4944755245041625,-0.9844253597100108,-2.2045788600584917,-1.0323913597029515,-1.6607668701120044,-1.7122732179599742,0.43000200913977943,-1.3034278556827368,1.3778543512521018,-1.5747993609532942,2.5163874410988107,-1.9088494773182574,-1.7672531961133393,-2.110028475644356
2021-10-12,0.628792731899876,-0.291907275443791,0.9103247021855474,0.42892981827256016,-1.9437354418850816,-0.17799475933835956,2.7721507819630804,-1.0865255340470195,-1.30984495786637,-0.735998238987687,0.14742616342267809,-2.1230227052334074,0.7091848360076882,-0.103953218589922,1.8539924319765528,2.7907060838023887,-0.9548253471549591,-1.526216465017583,-1.4108973311596815,1.5029357140027135,0.03905019648108886,-1.1264155861942322,0.9184692704154284,1.0601237549284814,-1.2691722712102629,-1.3009189149460274,-1.9551076213811776,1.229902151681025,1.5966918697516668,0.8272443726411469,-0.8743895965322931,-0.07418232678384666,-0.9224065508163807,-2.7061000107060034,0.813271885749658,-0.41166067741687457,-0.015888297902055745,1.8836403675042908,0.3175172963677577,0.9047714450918437,-1.2824447862417876,-0.5673406654798034,-0.5282648041627147,0.7503845374474737,-1.7757958400769474,-1.9661487329023013,0.3860894326518742,-1.5012133526859728,1.744980787321755,1.6494024882094236,-1.4435161836735226,-1.288274009519023,1.1630172325903116,1.853367245245549,1.9392953890817872,0.3196311126764045,-0.964838320942201,0.02854492418713912,-1.618021649860818,2.099361039187789,-1.3085096355405164,0.2573376279470416,2.2247479215570265,-0.747121370832802,-1.602150735189551,-0.9418752905142971,0.5542125077131431,-0.7116060723633884,0.13121638370138342,1.8864661614974043,0.4035829595274473,-0.24213835714648987,-0.7160136067673241,-0.03610322797183376,3.006195206370663,-0.42212410025283176,0.6850900151150539,-1.2935177287263266,1.1557901409946376,-2.3576901814985263,1.5247197929829894,-1.7653547659544315,1.2054285849075272,-1.0739856165192125,-1.5727322615086206,-0.810491820952841,-1.628053264932062,-1.1399184052859823,-1.1382898996402566,-2.059672591371828,-1.0424976111679303,-1.0725220971923488,-1.4708598169184033,2.017714563091797,-1.9823897263099137,2.6596671655022126,-2.080682124013871,-2.069080357979622,-0.1181321130967211,1.4888574256747156,-1.4330138887117356,-1.967083454383189,1.9423058335782688,-0.36399703122065463,-1.326232714512547,-1.8587498699769271,1.888618705069609,1.6477953510567673,0.18865099072747613,-1.2258338041237113,-1.4765457219324558,-1.1576821475682029,1.594968755871967,-1.2022873292350056,-1.1535885198549303,-1.4978146509224093,-1.1299423713541457,1.694025352065422,1.0969977563247588,0.5929490684013637,-1.7685481422876432,1.0469947586847743,2.5007020237800344,0.19421575676428918,1.2087756077578655,2.233450665437555,1.5170040885203002,1.6435665128492665,-0.7961714922553743,-0.09122211056669348,-0.997612537900421,-2.3980338236725482,1.855500400044686,-1.8906839725268572,0.5386519467050215,3.248503357445544,-1.6572313732186004,-0.0645253467768514,-1.384693103418173,2.31152565912908,-2.042569219115202,-1.7977223050325761,-1.7171904644904925
2021-10-13,-0.15177790081430512,-0.10604601742426924,0.4987309873391704,0.2559920165239862,-1.7382520868913272,0.16210907066179583,2.1784982523136356,-1.9839659975874284,-2.038048920941355,-1.2134346369112456,1.8656260171511316,-2.0862251409972807,-0.2514639389704084,-0.8020189465933403,1.6169333944970616,2.670822663606981,-1.4381068069215859,-1.8719053929847482,-1.9219880444348016,1.5063896386158584,-0.983457420729526,-0.5519652666806629,-0.2639321168460697,0.9416911452752444,-1.3570541155650817,-1.4708912259402576,-2.1151348020321135,0.903996460291136,2.915260522062312,0.00968799430139456,-1.1800146167381218,-0.5101309449522502,-0.9158823163110097,-2.7996500410312217,0.5564824328285424,-0.18007650882257395,-0.4436787395772299,1.5276875035145525,1.6793363768668446,-0.9784820875040251,-1.9536931138189046,-0.8452139154465751,-0.160096458261362,-0.029956925087722925,-1.818943011141203,-2.3660304004562662,-0.448654480534727,-1.4682075540284476,-0.22086187614927455,2.6427434160193948,-1.6375443477600595,-1.3092305826454356,0.7705917597529647,1.3899029014756725,0.777394851656253,0.15944886169280653,-2.4082413731809216,-1.2315325733371387,-1.765517242630754,3.397445857057282,-1.8713389045816964,-1.205536632356467,1.5962351598808568,-1.0685311529051897,-1.708895899266228,-0.971611768510533,0.7770617865992103,-1.3320058509910704,0.17387466175889363,1.5058225422828395,-0.43264726621216004,-0.5888617650204508,-2.5586597403290186,-1.6478122363635292,2.211807206703501,-1.4793044791612806,-0.45659358547662626,-1.4438254771745938,-0.43243980207412447,-2.1521292003577934,1.5579256827783794,-1.6853133901585606,0.8139556484789502,-2.0481742188151446,-1.6503021398246667,0.7859743027357148,-1.638360205580439,-1.5381606175826135,-1.5395798963747638,-2.22149908825813,-1.0371775335766147,-1.2092150870944036,-1.7348186424758778,0.7091013165180854,-2.3912188864551758,3.2985051010710977,-2.6338724885756895,-2.63227834859214,-1.9856931919335732,0.9514908253474744,-3.1238636934588992,-1.3943746255386735,2.2827073283976684,-1.1940885144091615,0.07766650571795916,-2.0174133752941596,1.580057467455476,0.3834382160601566,-0.5616630125124199,-1.3304919697289743,-1.5844296123609287,-1.2938769436694992,1.136249822345189,-2.1293045509944464,-1.6252992786749365,-1.4923580228881743,-1.3757984524692095,1.115591245472933,0.49788854566227914,0.35895243891823486,-1.9503280271848247,0.8143932661252345,2.2695645400885205,-0.18114359909324443,0.1564795509203918,1.7801320171872776,1.3184723969954,1.5232547386488078,-1.8935977804958029,0.5108369816748531,-1.292991624485081,-2.206266983976094,1.0694422915269184,-2.3452821909520805,-0.28381061868241353,2.6061729988802917,-1.8043923037017549,-0.8582449191752411,-1.45785168737627,1.622534047202272,-2.038580083054124,-1.8311725379963442,-1.4888734718587726
2021-10-14,-0.6369839915987359,-1.2345496273292047,-0.8542351514086829,-0.7402639799998002,-1.7843315507511495,-1.9874180352234707,1.6353145470337322,-2.550870727093528,-2.204777919471327,-1.5521621522911675,2.4777809760305636,-1.7624538964022334,-0.17181101683037805,-1.825104334617712,2.049038167186029,2.5410715067130214,-1.0414036349597826,-2.880067468810271,-2.653318288978821,1.3116912898232616,-0.6067211445844375,-0.8381311114817795,-1.4681343918667966,0.7819807018978894,-1.715792906571358,-2.004714492691371,-1.9813024667085668,-0.15391648115114706,2.3393282686025634,-0.2646643692785165,-1.3252028797104487,-1.1907375656159236,-0.8875889660719147,-2.6127818360690815,0.7445703438112143,-0.13659386612952887,-0.9069722789258777,1.3186607295319297,1.9086118629505673,-1.8171434962110238,-2.3918247820568714,-1.0499674723888555,-0.3076410116829015,1.4544722758815103,-1.813457222742976,-2.623343025517622,-0.5074387417232129,-1.849832173987735,-1.465303104161124,2.788785389900222,-1.5360740900608545,-1.2854452064856885,1.5978800143243381,1.8282459483604407,0.9899008346625783,-0.5135962982084105,-2.650035775027813,-1.4299998493794779,-1.7846999505258854,2.8520230690675112,-1.8450751005284964,-0.8411824680412322,1.1380646920611075,-0.9560243978059562,-1.9170913197300894,-1.6066225738004443,-0.277178186064061,-0.9628105481724437,0.0977550894753095,1.5022833140947993,-0.9078638482880373,-0.7085015938493621,-2.8480416044536754,-2.451548283969687,1.3470839574750288,-1.0778630855316824,-0.5974849070210074,-1.5296455287868964,-0.5471016355049534,-2.1515326007568905,1.4750574434799362,-1.7659574916077712,0.8469163596476399,-2.189158913126822,-1.553385658361602,0.5398401628640361,-1.4867703519215278,-1.1009676752662285,-1.6804954592717316,-2.239917116305429,-1.5032639218944512,-1.0259270566914247,-1.8188578475356363,1.0483789597944926,-1.970427358065909,3.015113284043932,-2.7633716892206848,-2.7660041323485998,-2.5784791313517603,1.899302708289643,-2.3368363303153457,-1.3765954606675388,2.5315075154179403,-1.6975048521403373,0.4506018848056985,-1.5000428769337875,1.3505152128941025,0.2987727995941579,-1.9914770791640943,-1.4936170088403216,-1.7138885682077494,-1.9578290182954816,1.0977540561046026,-2.185201315074372,-1.7569495618041207,-1.2779399075305289,-1.4324442401744175,0.9311692418741956,0.9766572352734899,-0.08809223242248479,-2.032220459641356,0.526646440874259,1.8473198766169663,-0.6975129152576699,-0.5563390915234454,2.100529922881156,1.3774591528160192,1.4356944099918985,-1.964020199010721,-0.11992334164027577,-0.9125409796582292,-2.164213303362962,0.9089260310655646,-2.9603590218715254,-0.7428764543899681,1.7737624623209423,-2.25269220295764,-1.3733383508624681,-1.4626471600525988,1.7100428286807354,-1.6521877945150985,-1.7278082923657347,-0.21134516438838588
2021-10-18,-0.8599341524151046,-1.598387836278241,-0.39513761972144007,-0.06658712958826649,-1.6726067208259277,-1.7601428323983885,1.5642390414420686,-2.66744048373177,-2.6224690910284307,-1.5772598445246568,1.1221604113286643,-1.8859186624894906,-0.12403182729712628,-2.833255010615486,3.1820947867448104,2.8113717850799333,-0.6990649549583524,-3.1042191447208585,-2.132702863303811,0.5861352891191585,-0.29455974653766076,-2.0895666810311133,-2.288445031395046,0.6273936558424198,-1.3224939706517538,-2.4042794406186134,-1.5930346059437752,-0.202670879166584,1.6075966813006772,-0.03537216726160072,-0.8811116269009677,0.015451149746024063,-0.17086571939892628,-2.025990588939182,0.5572610374382906,-0.6083316505959647,-0.9847246992735048,0.9364397720666762,0.8379440169409371,-1.147746693983075,-2.0045113202221696,-1.1169259849887623,-0.8905500696311851,1.6460424417449318,-1.8196752581743465,-2.225288586407621,0.37930998496593615,-2.2350138202352205,-0.717240885945156,1.4356921981853565,-1.6054879778285496,-1.972237166998425,1.230269858812421,1.5489519768497098,1.5216522215113457,0.1915309173076558,-2.417891564243438,-1.163359539802942,-1.5872290310960107,2.185922203369326,-1.933705975229733,-0.2147155662805529,1.2054100095194085,-1.0098756805368974,-1.5501276497637646,-1.180238138803095,0.15170981604283276,-0.5424049101903912,0.07015062445577987,1.4200483021344543,0.3262898407710905,-1.6225332725446806,-2.587331622279374,-2.2345030007840623,-0.061993617523687636,-1.5632400590245512,-0.5598075202316489,-1.5218159929170028,-0.7497121987330201,-1.9805107606823995,1.4388311277247896,-1.545304988993005,0.07335959814998062,-1.4148408163237642,-1.2799715892820578,-0.30842177077931576,-1.807977573723266,-1.8520007647620538,-1.3510475326209765,-1.6212506978478463,-2.2002186247477287,-0.3934683792283041,-1.0166784910664837,2.8237485486469893,-2.1166832930559556,2.4764605041175223,-2.1797450786224126,-2.1795777744284095,-1.8144144634488117,1.6008948277065607,-0.6087868693322345,-1.1629645472608037,1.9604357881033334,-1.843415444357787,-0.9584573752709317,-1.3663926148622045,0.3783677728127074,0.1458207494437341,-2.1685597055690793,-1.4410543832288683,-1.7345482252616884,-1.8092877560690606,1.3528584281961595,-2.146166462758793,-1.2501332772620724,-1.2228223537308447,-1.1765236170844704,0.6427841589789957,0.47310499052567234,0.02972886648856594,-1.4502225111350966,0.18421049405592038,1.3801642522222064,-1.0274554668810438,-0.567374963199367,1.781663502521862,1.4417619914725068,1.1845327834185273,-2.4423761984061194,0.2783244758921834,-0.4291104836456397,-1.9980827698349863,0.6393634120663075,-2.1157270813749887,-1.3036668771455542,1.358257299491805,-2.077015265482269,-0.9866002868011885,-1.4150979404257478,1.45351049972076,-1.6303889094469497,-1.6084427896849038,-1.174883809167963
2021-10-19,-1.1975589148699144,-1.2298287372299024,0.39530409510348435,1.4083826552128837,-1.0578740159275353,-1.2751851481028607,1.3707612010917676,-2.0394813166274783,-2.0403914794924978,-1.4009012058535166,0.6659503368154941,-1.5005993791541514,0.011884861709500179,-1.6510587411416195,2.6777887989707225,2.2693869136126454,-0.4452140923286719,-2.4290447965239954,-1.5951143168157995,0.6578089752720134,0.08389941480782288,-1.956893799367828,-1.8994273078087716,0.36012047082439785,-1.1960929116711732,-2.132096912253475,-1.1753420361970008,0.750617061708402,1.4615752261972388,0.14885887270526407,-0.6535580533268198,-0.10666839466960588,0.2113792007751758,-1.2341608586080994,1.685833922848688,-0.37013245821481944,-1.2759025042188328,0.9239589001810395,0.07720113656512735,-1.7983146879252112,-1.6549679390270364,-1.8091530845545456,-0.7734914876914816,1.9164281965903518,-1.3015343852086203,-1.782326195174137,0.2049255025097779,-2.0998700437167037,0.6011511054904176,1.8728877832757296,-1.7504234853118683,-1.4980535927526784,0.9926123713038133,1.3588794459668434,1.3692439903359113,3.564786005045442,-1.8124577346196067,-0.5283098686780711,-0.5032356353001178,1.9212397596050574,-1.2874585833519807,0.021119957416176116,0.28271605978647657,-0.8183532736223432,-1.2977643808086603,-1.1913315944738634,2.2157986864089354,-0.3745748883227818,0.19034157622168504,1.1184660698295072,0.9469596769591782,-1.1951360106920206,-1.9363656865549912,-1.8941406527950593,0.4152635324115835,-1.8315954650253703,-0.6756477293120668,-0.9019819660157901,-0.22782629878488353,-1.5594415901243057,1.4481481970383079,-1.3576044821003028,0.18554831692352047,-0.68214944381719,-1.1428938623723657,-0.9189659499636791,-1.7371723482423964,-1.5029239500233733,-1.0319951477820188,-1.157902807130785,-1.5337069289325915,-0.2404434623635627,-0.6869323897658465,2.756842048295241,-1.8975657860811193,2.171187031586722,-1.6576164218346148,-1.6598759430309624,-2.2044935728954718,2.8413191836399676,0.44968537909260914,-0.8543766832380112,1.7404848068257395,-1.307024467285453,-1.3938974945719342,-1.118449596891658,-0.04807823692439081,-0.24437783362297147,-1.6986063542839394,-1.1772706211632555,-1.4628214488980134,-1.4055896965790682,1.7028648521287706,-1.8150117738283478,-0.9949724989531172,-1.0357737778481284,-0.8172502334574747,0.7841752089837968,0.33583322797796195,-0.15184610673113277,-1.1959241375133136,0.08151840114671977,1.498172560050738,-0.924574445481346,-0.6357864896922164,1.7271410123547704,1.4138735173898362,0.7644925744091711,-1.277625431100492,0.015270295113694104,1.1699592971447164,-1.3194285454285004,0.19600930574698394,-1.9083287059544303,-1.0966876844238784,0.8874941858098527,-1.675189253367202,-0.9311245176831946,-1.3388051141844821,1.65468258586052,-1.5933189634445892,-1.316135779220435,-1.1850833059655537
2021-10-20,-1.4214880370315615,-1.4157571044792299,0.6534218682496987,1.8084265152855148,-0.4135731255185674,-1.0076176236328909,0.9969869139067192,-1.8376693559930892,-2.26001171892066,-1.593707372856167,0.8963639315079709,-1.3476921169521117,-0.1455907633905301,-2.1163158146462187,1.5732372936263785,1.7422902226778763,-0.9945803605126884,-1.8846779521296195,-1.673222493176555,0.33427540375347253,0.4788069903113623,-1.7011034741478948,-2.0208468180150025,-0.14130417119198957,-1.1665131842980934,-1.8461621201949172,-1.3363010266497628,1.8082839784173856,1.5763644203607474,-0.6716287339971091,-1.0776151804717886,1.1212177731002337,-0.25648107145164556,-1.0586959416952224,0.7862429744338051,-0.5745855497369904,-0.8140472138682371,0.6624455395823085,0.6810014799580819,-1.6178666060745515,-1.8192144697208064,-1.9854437436095618,-0.7605064917524589,1.7905346841679688,-1.3201617787690028,-1.6608480631737426,-0.4866186116076586,-1.8878984487873323,0.4282146340292676,2.202294075195097,-1.4577666303872823,-1.5921243329986594,-0.9495496130743489,1.2939591026754114,1.363976424380285,3.3578301995495545,-2.003126042844307,-0.7907735926795332,-0.5555648211444973,1.8751488858884087,-0.6388807225879805,0.06168450960769474,-0.8834754000491032,-0.8537189008516733,-1.3091818463627165,-1.0955305920835394,2.3985560797806853,-0.44416928508401926,-0.11413009933313667,1.016702494483992,0.03711269565778274,-1.4105521992650119,-1.8755583125979467,-2.1796413294924872,0.07431448360551021,-1.9058451144665314,-0.6954443971330263,-0.7811073132028783,-1.223232928183073,-1.1129566365190393,1.9014279636204767,-1.2309890706995743,0.09646490308715004,0.748861054181786,-1.03741961406622,-0.5620220314407773,-2.3678009595752663,-1.9945488507418512,-0.8939537180994721,-1.111492025106623,-1.7823509365200076,-0.5026480515612068,-0.7072481290481839,2.1671755906413512,-1.2200013079930763,1.652898918398942,-1.5061753769695805,-1.5010512523447812,-2.241742014810971,3.0865296618866918,-0.12493788984270876,-1.0935652136977998,1.5869417542704085,-1.4074104913751064,-1.0042757600034464,-1.151149506861738,0.0371748550869202,-0.6961558872720117,-1.830800486089144,-1.010084044130085,-1.2746462973143151,-1.3277899191569151,1.9343817419278266,-1.804584969219682,-1.2737219367879502,-0.8322964977858649,-0.694271322156292,0.6135417959853332,0.5505194079970338,-0.6359622758095432,-1.517989731687881,-0.039520908021643236,1.4832548742984477,-1.3197184276329963,-1.502792376779564,1.490359833665543,1.2211375532054844,-0.061124468192464594,-1.446349444638757,0.29414437191766984,1.362116316799482,-1.2386628723674973,-0.13773243042588665,-1.7832676184335046,-1.4197614463235464,0.7193955089083544,-1.7302835244890955,-1.0047100532032416,-1.2981989240892782,1.2668737927934073,-1.3069443160661212,-1.3820467768218925,-1.2583398493626632
2021-10-21,-1.3377213127593814,-0.07697243923131965,1.0890114300350813,1.7538350171251642,0.26671738227077507,0.17265475306804678,1.025987286020261,-1.3836723205751658,-1.804418230953762,-1.3961845047162726,0.3309868416061011,-1.1185310109017206,0.4646545976261282,-1.3625716687318605,1.539309707262507,1.6288007202329202,-0.8151367173457222,-1.1159283313189403,-1.6086409599355755,0.3645019065304694,1.3472855007563722,-1.811296962588746,-1.7759065242031429,-0.483242124156379,-0.65654292309073,-1.7647010005489732,-1.466250533139515,1.9111266568736143,1.5766635017561785,-1.8731315893886387,-0.8738410129195382,1.10408943855676,0.28526627091882256,-0.9912186840842159,0.8491536018725898,-0.6734182106220333,-1.1547765465813054,0.3852753432866632,0.8800076506800344,-0.4094084622833766,-1.4457531964869568,-1.2158605134048528,-0.7695460187467135,2.089579840108053,-1.5421744493276206,-1.9380408637927384,-0.6662561212108877,-1.693415775143446,0.9576864051423761,1.383554640075953,-1.2265785735797687,-1.2593910975459546,-0.4417557066980871,1.1621223252578945,1.0108766048362707,2.869069308957088,-1.7404944712086474,-0.2255752121944037,-0.5038498488881372,1.5873846902045858,-0.25596816211677226,-0.09910095842044896,-0.5397072919103016,-1.016648481224788,-1.179684127935666,-0.7932663480557162,2.4727201185729775,-1.0092243278381654,-0.26872815729276345,0.5518171747646151,0.33313200507624635,-1.2979400905643421,-1.6894952968229826,-1.945487915602705,-0.16574571769567242,0.6237204020699911,-0.660726688920499,-0.7392900824238827,1.3574664841513884,-0.9930502962958965,1.8613182002078799,-1.0842372244626783,0.10582763914155631,0.7920786582344159,-0.9998307042359619,-0.6088003261297161,-2.016322002037298,-1.8589454843057873,-0.7047446068349618,-0.8612690360315323,-1.5275652093902528,-0.48500898003831033,-0.23666067632384605,2.276133350161867,-1.196517093441708,1.4419311477748056,-1.5398605919671822,-1.537159289128535,-2.067806222857538,2.479602525631678,0.2778690642690981,-1.207622369128198,1.1947654152976754,-1.3407333767828977,-0.8248287254352806,-1.2507818630768794,-0.009394207835184796,-0.8350682214350825,-1.4294118834201341,-0.7489365327621988,-1.2789229081514528,-1.0152013832194389,1.6797764924983298,-1.5894072427568704,-1.2306826320607074,-0.4865064666350822,-0.7529425571098264,0.7933406533094669,2.3913958978814835,-1.0753658972295193,-1.4527027390705323,0.041360652286234666,1.4306789728924019,-1.2043953377716077,-1.3399846251853789,1.5506635619351343,1.0635544523146632,-0.27761489008721846,-1.3914566373240342,0.30648360948520165,2.8291729058951303,-1.4042591380210867,0.3580805372334306,-1.5880100988223138,-0.17075305275642905,1.0342597096892048,-1.1521146296952145,-0.9271461496216203,-0.756378135982991,1.0098941189680781,-1.3068539854322256,-1.2220212551893246,-0.9335208282417471
2021-10-22,-1.0503265247699467,0.6465752604824138,1.2646377411715246,1.8524431497712,0.9588251910155051,1.1115827732772965,0.9187229613224166,-0.9980540480616077,-1.0907429634927233,-0.7668259872856084,1.3251563324073703,-1.015977802930185,2.578523454733174,-1.1157634829139058,1.6850355252065414,1.8682424268013518,-0.6314726453959353,-0.49125424373564575,-0.920051964753279,1.6996890877013022,1.5623454078809156,-0.7027307165291439,-0.5286675188350154,0.2931374097001551,-0.4207361070575131,-0.9980404273863663,-1.081727445074104,1.8335214553768877,1.561171962311115,-0.6257038824077017,0.26528713157736666,2.0162968184767243,1.066507031909341,0.23870207607367447,1.0986914807574442,1.2528780006185805,0.043804084679964,0.64708336260569,1.1892658776418459,2.764029385126681,-0.9298236584518496,-0.18475686234909738,-0.5376307631300768,1.8431750981937696,-0.9054742990486594,-0.8796043119750135,-0.2870572571688651,-1.2814786103483886,1.2412840768051563,2.3056781807296143,-0.8542512774216133,-0.8444293695764566,0.9021187347983638,1.064492412245274,1.2061162689205978,2.6274294282610358,-0.8340939251551286,0.940830616497458,-0.17943167965881363,1.5137293445560815,0.27306407857779924,1.3451981717843908,0.20338620380793984,-0.9494197074996251,-0.8071750570865412,-0.40532275574761334,2.756119880052598,-0.508073779391346,-0.06830471870592024,0.2596475837112416,1.8916340437206136,-0.9345905463179033,-1.1960229971446417,-1.3587198035963133,0.507676351133935,-0.5800231893471146,-0.4462991267169588,-0.14559496303860803,1.8144035241479004,-0.34357232681324235,1.9809745873713687,-0.8971835309285866,0.742263536616493,1.6864457621040898,-0.9283740175673824,0.01210027458141279,-1.1569566130256652,-0.6562653791404012,-0.353813208912361,-0.43653111385773824,-0.766102928707059,-0.04352615933948106,0.348060638787499,2.297112061419384,-1.0235887118040015,1.3168056038953124,-1.311992711212195,-1.3139962531484701,-1.1617535135513053,1.5812049858771988,1.7986351718803888,-0.6009095303363912,1.3273035646265365,-0.03922486611544267,0.6617109708585732,-0.7835213805881335,0.13213063616346132,-0.5718113525373726,-0.9912491809165184,-0.43889233698896435,-0.6300373192990413,-0.24975760205528438,2.0091794879637113,-1.0986044536026487,-0.581512064910205,-0.15435141083726814,0.5096942602365819,0.859770251495689,3.407125688640142,0.6254538967253788,-1.0836553864573868,-0.10837961221026557,1.3355470058579049,-0.5927677778311076,-0.07212815257823815,1.4553015327059298,0.9458605359604788,1.1445811848878173,-0.5481744105549425,1.1079897049127645,2.4875885668706252,-0.986097628987054,0.7383816124452803,-1.2824415113196606,0.8541408971828208,1.3077379765683221,-1.0598805857884865,-0.49804082672075933,-0.4740377615914524,1.1240874443060302,-1.1837104920852755,-0.9523111258980442,-0.5813708453207839
2021-10-25,-0.5556757704356691,1.2771784146791971,2.425558334075799,2.6410686678144577,1.672449735468185,1.2984506696505143,1.338134177289087,-0.6980901863722678,-0.7267143044808982,-0.8830772190191805,2.514075522006854,-0.8093520263072277,2.3594084453637705,-1.2931705321724942,1.9693852092839235,2.39964169508287,-0.6930867696328892,-0.28820648485800726,-0.485382248682119,1.623390279976435,1.6752288719992432,-0.07765627586744508,-0.6627200606364048,2.3050844167493714,-0.7376695177769843,-0.7748416522820182,-0.9044828913104785,1.7127635859248689,1.5800090188880769,2.5723210929121936,1.3993500177532736,2.1405533217068258,1.8228763005656712,0.7960627628001762,2.118790842829095,1.7760225979796869,0.6700894825137502,0.7145789345573261,1.5380952667371144,2.885503709932146,-0.6627345207440956,0.07537145592443663,0.5670261085765499,1.6109376134694395,-0.63356286652001,-0.8481945602800443,-0.028036073524305496,-1.1128229434265193,1.0948437809248524,1.939826804435452,-0.6291081877962768,-0.2945964030259545,1.7986043636542763,1.3854175351993228,1.4890891461796858,2.4285590019419305,-0.5063565824977262,2.1555908644929533,0.8268816952668008,1.5511118546315492,-0.29141165646746453,1.6927255923603663,-0.5041928945145119,-0.4675732386223411,-0.8120287100566783,1.0726224363083439,3.179478675502372,-0.6707754071496566,-0.34629079630579035,0.07183749625034777,3.0999993675742132,0.042950715496759946,-1.1533234646974329,-1.2625557489965047,1.2144093846825368,-0.6618095050973023,-0.09659860066765888,0.633195049384222,1.3155427503438015,-0.15896707981763508,1.9274049867754446,-0.7711765527288069,0.834619882999662,1.643646164612472,-0.8562580205292248,1.5997146152809218,-0.70200992073477,0.2674713105379888,0.046807054954750585,-0.35268951331984033,0.26538142547103766,0.08084876138509499,0.7185072582186773,2.314665535834303,-0.637165822620486,0.901062555075339,-1.1270644960932872,-1.12468400767028,-0.6165521458823151,2.387546652828941,1.8378835474698096,-0.3966613042575422,1.1338030500360852,-0.32066806632797845,1.1698120301291546,-0.4689122760332039,-0.20304348441214098,-0.49560310075168496,-0.8936770479023016,-0.1753565230183366,-0.5443493087254488,0.11421104203731215,1.8859427084436968,-0.9859301752923565,-0.3070936692706856,0.7188543082058441,1.382273796646064,1.07016567962998,3.3077122633412928,1.2264023858057653,-1.1412801614335761,0.36328940696069595,1.3218605343956507,-0.37156629669605507,0.2580282462268503,1.637780641499612,0.8588579849956861,2.0576143947302987,-0.6767346263450508,1.5120947814338153,1.7703884097669094,-0.3871615709793559,0.8558840052967008,-1.2674187185000387,1.5229731946526144,1.4263181245740186,-0.8659597952461636,-0.28218531727697,-0.2752583583868783,1.2226704283414314,-1.2630979302519714,-0.8701261347021609,-0.4897743460611152
2021-10-26,2.0450218286267683,1.6491142297770542,2.075539841590572,2.065315778866355,2.1607856649085027,1.4522825232145218,1.2587464470553162,-0.1636156990467723,-0.000978726763133499,-0.6665352195767823,3.032989438302379,-0.6688474275222018,3.199510658334467,0.028170631792102146,1.754540281383447,2.1261167710019464,-0.24609222350485166,-0.24418947621808407,-0.32529029348004074,1.9365621748264616,2.2982959480590854,0.6652960395139484,-0.15342935026445917,2.300944932693935,-0.02451816467333163,-0.7028847936321089,-0.6238801811093191,1.9031901003684566,1.4083093428938196,2.0578460314562297,1.8834234055588903,2.545111999140572,1.8836364671537094,0.8828876772071569,1.5083782665628565,2.051588153668031,0.8935712016838125,0.8243180131428888,1.7199456199991823,2.6482165760796934,0.1382298569455503,0.7394294277394825,1.3172452022612215,1.4190423725121435,0.8097026717547249,-0.336636195699623,0.12719858055317915,-0.9330458510160506,2.5393934283057873,1.8200096098211087,0.37408388367359463,0.0670062930098151,3.343946433371272,1.22284785153667,1.8600676545120036,2.258919008970944,-0.16296160699673592,2.028263293813172,1.1670642333372663,1.5994494056987851,-0.299854140730953,2.580013715219966,-0.3689640536303926,-0.49769750058965334,-0.4313886948873459,1.4492698244622484,2.5441221521808592,0.11216075631164363,0.4619612890694441,-0.16762044869371895,2.539129303068511,0.24016396242765256,-1.1584395336240323,-1.2308468005829483,1.539991754311228,-0.3389119565063817,-0.356224329487612,0.9572434589382834,2.288656620662764,-0.05477802200159277,1.7614386585374286,-0.63315772830568,1.3451152650474199,2.4016885243122665,-0.602996934414455,1.780497234919401,-0.9321222575104282,0.684891597005189,0.535536843785359,-0.20098281700222373,0.7878776745324053,0.4102149421196813,0.8713743510699511,2.07442163099483,-0.6796432076717488,0.8686255821985619,-1.2499776516198564,-1.2544617799725275,-0.37050900386095276,1.4103315898847386,2.0345402529375147,0.4040942396511461,0.9478884392629466,-0.10454146544703433,2.687985363936083,-0.281318653904195,-0.5963661470421445,-0.36080735645273454,-0.9286235580765486,0.061036296798077455,-0.3092618173668247,0.5848721262179085,1.8005784734386296,-1.0203140856150603,0.11048464046044629,0.893084500014276,1.5631880570844503,1.1327002147878982,2.4760658483279934,1.5182055914587904,-0.9169761850513884,0.06948630387518147,1.3599765911276918,0.6969712333818759,0.13152060493488932,1.528393916597251,0.9533144424097695,2.3184742060853187,0.004775809744225172,1.7419158220362643,1.4129056014524166,-0.4445006655172955,2.4463688885944683,-1.2047804656620296,1.8895387514742168,1.6822880222989336,-0.5751250446589546,-0.28420764772060064,1.331054113216283,1.3877168207029282,-0.6219689667404852,-0.7305438836164622,-0.43556765116551577
2021-10-27,2.2457339974418318,2.56731058691768,1.6899994152592657,2.1359879383673044,2.344167562972918,2.159227573912654,1.2476439464333056,0.31622628124560986,0.2953190531618962,-0.666911373547303,2.290610033788633,-0.4278699471923363,2.0322444657882257,-0.2955113358010988,1.2746405786921184,1.682125046549115,0.885416699341694,-0.34846230063126643,-0.21591337264078564,1.9425290673512101,2.0314598698311204,0.9939731749780983,-0.07493718855096058,2.1141252230120036,0.10687465343661638,-0.6515948083039007,-0.22870198822824275,1.8697859748016206,1.6563168634887617,2.050707027573841,2.0784254463063156,2.457538206829752,1.9683573786528208,0.20329457033853504,1.09214424566057,2.618429484672118,2.7633060886233545,1.4344704557412256,2.36837492288567,2.033969845874894,0.6812535572339026,1.8669705146553235,1.0119869650573892,0.9404903676561951,2.3377686281037624,-0.2224888750581408,-0.31039528471721317,-0.6785926188006726,2.422930770126427,1.979490090072854,1.2006907650672647,-0.006536826502531099,3.15088546105186,0.9681617850055394,1.5635705309159935,3.2330903031541127,-0.5170810556242869,1.3496066553436037,1.4616874189865956,1.615468360952071,0.6733415583651817,1.788464756248998,0.6480201530699824,1.4652448078298221,-0.15349860226890102,2.0862454878976897,2.2410595670658453,-0.4596257946061679,1.126490178884478,-0.665013730303015,1.642672264332977,-0.0036542671352325466,-1.047997110881117,-1.1101634595220806,1.6975464587576174,2.869686712788525,0.5511732617130544,1.3303817749321825,1.7635860102998717,0.033303139984792535,1.7556546958879367,-0.46120703762326126,-1.3877449836924403,1.9569772669684806,-0.5702232826184729,3.084659866794421,-0.6112307880120664,0.7915810991539647,1.7228553931211652,-0.41642530545305756,1.6713913273270344,0.6273139368263662,0.8351017007267922,1.8707193671402156,-0.6369318676217619,1.2009995327583933,-1.1263209373377807,-1.133383563210037,-0.3149890199624841,1.0829578264615243,1.1428676533366275,0.5942145062888451,0.6731388343534753,-0.15957563909640188,2.6610839982701116,0.10211974123371544,-0.3254013046831439,-0.7685504775704645,-0.8528392682638382,1.2989295762121866,0.0403338245965365,0.6262523779266383,1.7817276791955137,-0.936153437381963,0.35494656712551975,2.381114088540915,1.3840148912735175,1.29347516487297,1.9547518621076694,0.7249025890518034,-0.9140840014200495,-0.0822492717831726,1.2462896533164127,0.8566998817534053,-0.4326125074158023,1.5763835045405614,0.6921897401642094,2.3388641609476846,-0.06692329498444483,1.713046584418503,1.431830920583299,-0.37445086958400825,2.7081684584573735,-1.057147204096206,2.150253588035237,1.9328625697510924,-0.26904508272392785,-0.031104249443020832,2.4791873417750057,1.7804901847150327,-0.5467836623805871,-0.8151713832496771,-0.15524680913419886
2021-10-28,2.05447464632905,2.042663150182388,1.3101004501240139,1.888222937832064,2.341818140769477,2.3161183067862012,1.0237686740968195,0.7337438080058607,0.5855756757149515,-0.7121604725401185,2.095087669464534,-0.2140187507720821,1.8882278243474808,0.14001532269518757,1.1201195448542662,1.4297786063797246,1.2376242579357475,-0.13338536405735052,0.2735772349504832,1.4407943572740491,2.4609753805253303,1.1297711478093746,0.6900833494489753,1.6515783747080106,0.5716441091512433,-0.11869900870862207,0.16965211711039668,2.540351685787675,1.6194132842323485,1.8997455840847035,2.298289792474914,2.332423022095908,2.0025165766899846,1.0673558998543102,1.5800629919780351,2.3203524144018703,2.5102100846118174,1.4799039839839783,1.986431356465796,1.8847665732207108,1.1727890125653841,1.7392469436404465,2.0478453619863264,0.46013530069591707,3.545808431537377,0.22218918059499201,0.45532975369221074,-0.49694070718963385,1.8847215719915453,1.8119025652688288,1.4202216773060143,0.5525688716973822,2.8608698017153533,0.8522329015672998,1.559346326527792,1.8469220418384362,0.8007107742302507,1.2058464633650352,2.1450931596986416,1.435137736359589,0.9261032881067275,1.8681137175460547,2.4502807880527353,2.554370433318908,0.5234405548768554,2.216853366910279,2.1326626374637585,0.36606938824880053,2.6454341076315204,-0.390643110611128,2.4614343393757903,-0.008913632447580418,-0.39270983741380455,-0.8410640959712218,1.743827891814875,2.9772793693453963,1.134682344833377,1.4020973097465592,1.4219853781659535,0.48995612713342385,1.784982137852698,-0.3954034984660053,-2.683805236171327,1.8686814044467515,-0.4659899469228494,2.2379599683592897,0.124845799962602,0.7737883328295404,2.107145267103604,-0.20910850156847832,1.9196786355604423,1.042974569954147,1.7054888825380534,1.626754032592968,-0.15104505317379963,1.1415187113747125,-0.8046220251541324,-0.8010722323481805,0.3752776728063944,1.316859257742844,2.0213608230098985,1.2763147632727845,0.8175114912649517,0.1965400513232221,2.1348878738132515,0.8355743229494752,-0.30378969400038486,-0.6114198898029845,-0.7032387659562678,1.2308478363197057,0.28765562602812633,1.1153266736518488,2.4456540523245067,-0.4711215338636441,0.6983259941167478,2.1942280092082007,2.4063512489938756,1.0806076416771266,1.8876255436009972,0.8557888624147947,-0.22462992914450952,-0.29945560870277527,1.1102578720827954,1.0481217713755797,0.08353986027316834,1.4146203748500648,0.5875368720105902,2.5218171041689925,-0.021709163704226667,1.970898495291436,1.0248862793757592,0.22384632896662401,2.0734283576892096,-1.0348102171685492,2.086731575414177,2.016259275939998,-0.10643054709656105,0.0828086124075516,2.1285805367197184,1.5512621367886301,-0.7029369096489174,-0.27669772906264495,-0.14720554216815734
2021-10-29,2.155209596120519,2.0728782229519953,1.8939700292099118,1.7539359026180281,1.156674595951963,2.224444617084951,0.8508885143125684,0.7540587036467947,0.6399549972068813,-0.6356181518205027,1.8175079864317762,-0.08386276144078095,1.4994430494191777,0.5841010538675899,1.1057191330202196,1.379784113953658,2.347127461578217,-0.0612214444773827,0.33825719120831893,0.9818129233901083,2.3197366032616036,1.123160999380898,0.49095579667445705,1.311792180000992,0.8646775242605332,0.009326330281384814,0.5778324159047338,2.2324872401407756,1.518078683741477,1.8017316099428586,2.3355554960069833,1.4808848331146134,1.5866248405756456,1.2590624215167314,1.3680052381707586,1.60323887395188,2.0524029902854313,1.4531590151239582,1.7720755171200941,1.5447792650485943,1.404209878449025,1.8326099134826768,2.0760356343005903,1.4161649543814743,2.075352677600926,-0.04957566536805972,0.7861632106905491,-0.6085169839623559,2.1724028621228304,1.4968626411648882,1.417245257081879,2.2072806214411758,2.3379949768434347,1.4107154721926605,0.9399193283457506,1.505339464438073,1.127954239907585,1.6702713250341465,2.0811866501907703,1.3860150415184673,1.423468555888867,1.4043576518567873,1.9055842137224384,1.5818376885150134,0.5005870318538939,2.3850549789213353,1.8210473081638503,-0.6612351504918279,1.405559385608675,0.39471703530545627,2.1180692127123666,0.05781913172731981,-0.20903808844788951,-0.7122488227400176,1.7338374374752703,1.9904312778699509,0.9872764516902491,0.960938712774231,1.5271713527694961,0.4584649470210588,1.6477186564104107,0.00941348125204124,-2.168624821162878,2.2937475405005245,-0.17131530476425882,1.7536023401623146,0.18698772494716445,0.43712323618743004,1.9186308187525025,-0.08597263912989678,1.960173153464933,1.225855863930239,2.6364871377160832,1.3247999875023,0.04647599569931326,1.0424644983588527,-0.8133559742837302,-0.812147892537768,0.2659528570092073,0.7324270153830275,1.9605791551075735,1.0372352259901847,1.015172569966104,-0.04404537150469147,1.7026991166089063,0.9459183942348036,0.4661836481041042,-0.7220127233776588,0.42078929983492014,1.9333288329011356,0.686849899741575,1.1740150580600766,2.6484394349521403,-0.6254817428493485,0.8094867376983121,2.2763551768528205,1.8197407207682115,0.6830182953930012,1.676491386143594,0.47457936369566966,-0.6176065961361442,-0.7218716353389555,1.1050146332810429,0.8630041435837725,0.06444997628099501,1.3908801590839441,0.8554686332580438,2.2193370673436825,0.3280893425805921,1.4045916064698727,0.6654572771486743,0.5259848493281416,1.7832963124499093,-0.9317949333876088,1.8794964710407285,1.402224819873333,-0.08265813952639582,0.36506916020192437,2.6153641869054307,2.67941272034244,-0.7126966324017703,0.38692018223347824,-0.18644487874064564
2021-11-01,2.0632307122707316,1.62550182578733,1.2614814990210124,1.1888504200300793,0.5542202943534258,1.912375628816618,0.729140019038845,0.38678813035386606,0.34141662721420835,-0.4387703773690257,1.8652122330885132,-0.07058670610568055,1.0953813212912913,0.1162916397297764,0.9822281015460994,1.1629518284255629,2.6774585206289334,-0.2547646859540217,0.12754048902624993,0.02149545958324436,1.5597185205512178,1.49904554502159,0.17981916014155389,1.7534295708485392,1.3340591010265155,-0.20391253734923073,0.7611179051564109,1.7248683720673155,1.273521905007655,0.7666080119937778,1.9003025488213718,1.3751225265678937,1.3825057822351887,1.320161379859948,1.2956288929668118,1.505829162259163,1.9157906846418422,1.7586874249530295,1.7825658071340051,1.3077699557510238,1.3371959684993013,1.5594426785280395,1.803003976405204,1.6938494802843742,1.5274873469751076,-0.268168874739956,-0.10934265412218029,-0.5137785789962167,1.5837737908107978,1.4008278574728377,1.3845799711308817,1.795826037850055,2.1863409846921407,1.4379052454900163,0.8861033332277582,1.3324271936690202,1.1388753701511352,1.3660522281391758,1.52636261575012,1.166729588592207,0.9967509210631431,0.9165288199574138,2.186688364624838,2.5188251572115665,1.0617001803468544,2.3656199994359453,1.5970917677719667,-0.38852243811067977,3.3010119849067703,0.42465083097597567,1.4595106782001672,1.4318540818887,0.20224967455375548,-0.611389502105561,1.3992995983184884,1.689407868315625,0.2496735538829171,2.1263366207774985,1.1282678282280212,0.4249952114651604,1.5564962876846062,0.10606274679940307,-1.9358313338659336,1.632009836778847,0.024079224220648673,1.6585004011245967,0.10132895768876586,1.4129233203244633,2.0638032908420803,-0.5779298105346181,1.4925181815543698,2.118896886820785,1.9519471847111156,1.286019648947525,-0.569890760825602,0.9981029555662047,-0.8640164441998728,-0.8664520219761148,-0.11418749380737996,0.8576935594252733,1.3257862482493807,0.84579865508174,1.4721504869849316,-0.4064513879396615,1.6660365167590767,0.6311105700267053,0.9091330743750133,-1.181942743895725,0.24451316012430974,1.6429835299381885,0.6514704479537271,0.6108190770407176,2.0616123589508453,-0.5158616777286892,0.6635228857891242,1.8145807761523036,1.4120038803188903,-0.15951547706573144,1.390005123831262,-0.4788692238248295,-0.7208119840967531,-0.801818908976063,1.2986010237717778,0.32116418318189316,0.21947224677660412,1.2403308171660166,0.9160096246172263,1.9639147183441727,0.22728267555838413,0.6719768500588382,0.3055207259537468,1.0628427326756282,1.670654958501932,-0.9730125415963545,1.6913080313540076,1.2779408964739791,0.030899544074168013,0.43525466094093246,2.9328076885596386,2.2779651384247455,-0.9110205492904141,0.39580219551017926,-0.02311007545158957
2021-11-02,1.7437905244280623,1.3614285469241088,0.9640117557269102,0.9922051431385198,0.6819123533979874,1.6075332461205138,0.3152018556814985,-0.16493045056525002,0.6399507198446062,-0.6475011151670316,1.4442377866523872,-0.1083642035749786,0.9180630620538596,-0.5135097706522332,0.8459444709542179,0.97224325243212,1.9343510872503038,0.017455078200480652,0.7513749338714832,0.11528144265402006,1.5091546780819125,0.9920151997734187,-0.24465635308311026,1.6533363111355588,1.0362395806074234,-0.18743359923293634,0.7437961287443985,1.5089199789757273,0.9534564023028537,0.8363979841800498,1.453385650914165,1.3158514560006846,1.0799409561477196,1.5917125829981855,0.6415753218010201,1.233127484126877,1.5560895153870882,1.4338287335524116,1.243487139867851,1.111488591248339,0.5503251025945106,1.5700444423137128,1.2215435859989576,1.4069317626185038,1.1491191765611513,0.1503486443740774,-0.6241648638842183,-0.8537629409945677,1.1228903103931105,1.1825754233000794,0.9888464739544389,2.674812787387679,1.7806698781257277,0.7841353944801229,0.7493595781377735,1.2933737702331607,0.920552609571386,0.9213633601376533,1.0178096695377936,1.075846280599698,1.5093235652664307,0.8677681422057106,2.2557606454652515,2.658140525291204,1.7010437546196584,1.3096650921704132,1.2442652821783835,0.3012132676896611,2.787885902763001,-1.1074158152164109,1.4292769372891678,0.9276025685909961,0.1815935403516013,-0.7320770345344155,0.7627455955220246,1.9474100103900576,1.5218971885524595,2.0592546710402906,0.7905869232354205,0.8046711286735022,1.076481182176398,0.3468196468031289,-1.7267501532962526,1.4366614529756725,-0.27800360514631706,1.2627154514205337,-0.43436742176379756,1.000325963372879,1.4135021901117055,-1.0281447337656486,0.971618564689069,1.843699767811003,1.6106441089744692,2.175276844135004,-0.7080007937532327,1.062947706847014,-0.9775421468072444,-0.973770267614827,-1.3603114587505165,1.9821726977628604,0.3584236296521835,0.520472924407482,0.8367886529087482,1.5543946997375546,1.0189877726878123,1.2972612593016215,0.8538686909173001,-1.24075383761385,0.22531656455890353,1.5147506203938221,0.938044363638389,1.9919412198067694,1.7671530258554964,-0.6678170456138338,1.1658537390379806,1.6338472006974867,1.5613347738525303,-1.09668417854051,1.1076178282099003,-0.7952665654718414,-0.9620745101180259,-1.1416042481580426,1.0163008276367418,0.6434180408733738,-0.22531978223481178,0.8510341197556893,0.11808575552088552,1.98322478844857,0.36120690042821973,0.20126576775885427,0.5338721646474318,1.2001003500193812,1.5820843526602324,-1.0055389962881147,1.5381175614667337,1.1667312760406015,0.7660476092474373,-0.4096284656258262,2.414776255588628,1.4573502171861807,-0.10866505266973574,0.3728266391997598,0.11904575327834396
2021-11-03,1.348261527929063,0.9524153979161958,0.6815382322531216,0.8197911549335568,1.0251182740949005,1.369031795959708,-0.04933560360865171,-0.2959552999618009,0.5010364112923458,0.4614390934741516,1.282096751415691,-0.04133687212951138,0.7035963212576036,-1.3402023075968745,0.7122937860292512,0.7873273366706801,1.811918584940523,-0.04730602092962978,0.4604067953105542,-0.5883922746529373,1.3458756381098138,0.9204099949871364,-0.37260406970315413,1.6037832584007554,0.9248040239621971,-0.5723177395273684,0.6168645741451755,1.3101938568142282,1.031173018897876,0.3333014675451583,1.1790467142418843,1.006035741037483,0.9343489863423118,1.648770226175606,0.3700018715521763,1.125733232456292,1.6521174672198011,1.5781369057724262,0.9957494216221972,0.1819517904882494,0.30409879834704917,1.303822381742206,1.22826080887094,1.004621938585113,0.9072447665409519,0.15248545362158183,0.47397442953562047,-0.828440414776157,0.8460274691839978,1.0137665088914913,0.7821554385588624,2.091374659427239,1.615232467002015,1.1780786975694215,0.6374615439181291,1.143559832607653,0.8673750580170325,0.8862210638456324,1.2259473217270929,1.0768425651626972,2.3458109516625414,0.8720359011609854,1.681677197787912,1.7327706127229503,1.3067092120704777,1.5081430682292163,1.1031153218442125,-0.5943907495066515,1.9670906125911967,-1.4586863274758506,1.7451139575375265,1.202729311917751,0.199662607077589,-0.6544036498421985,0.9762570272167385,1.4041422502353371,1.771569903723318,1.708156743462549,0.359053931141008,0.6400939620839087,1.0292408586099806,0.49802326507609185,-1.58487682458968,1.084849693870841,-0.3178833317051242,1.733471854447966,-0.7270081483651195,0.5900296469503308,1.279957929422287,-0.8016405492754137,0.9247139090555718,1.171698754911397,1.383662085090869,1.9167415452356271,-0.537750064324629,0.9729914944128014,-0.8441750771261531,-0.8448006567195486,-1.1561472964068473,2.454069181780333,1.4034182682974685,0.9273208667704905,1.0238527092840597,2.567978519028686,1.2134013214369792,0.6539075016762514,0.6531633886352171,-1.0588219043809657,0.34998290660471815,1.338505806696815,0.6711039776878515,1.9947441441239124,1.4528390433345426,-0.37062651099489036,0.9427232694863764,1.405031459505184,0.9579965085176434,-0.1473514379111963,1.1936798298477416,-0.4037615626651873,-0.480323817115489,-1.0718156116267337,1.1778269292743526,0.8487883407993512,-0.01404061464254273,0.7467430231508164,-0.21476947241149089,1.6690754638297296,0.920320458899522,0.21245828387701368,0.6374768125804228,0.6463031262966692,1.4596849645384742,-0.2075122893543044,1.0454833168553221,1.1904718057216137,0.2518701364849071,-0.1731915844200025,2.021319257084064,0.8987273443110754,-0.83784200350432,1.1513805892102158,0.7147677010396373
2021-11-04,0.9493722454443103,1.0559058955661247,0.4846270280298705,0.804637169357788,0.8927183926154213,1.1956826887867773,-0.30163311840407653,-0.4572382378036049,0.5105844548570797,0.3909804311800893,1.2542330965654414,0.0691590534768579,0.5123781326909155,-1.4065712893403104,0.8041119341763983,0.7813782383752494,1.215844257884223,-0.1382260972585566,0.19663472484540595,0.4439765736092786,1.1633278222279022,1.3109819912002763,-0.1681581751991657,1.6892744358885021,0.6547592279952095,-0.7944162342091078,1.2708900197423505,1.6584951441702351,0.863964177714344,-0.22243801955154133,1.2865091331238754,1.2144309371758153,0.9210437430485993,2.2686036895169934,0.5699766490206393,1.1957127125778022,1.4933241249971518,1.1554582261743325,1.3688690099314498,0.20823195705123015,0.8572602186506912,1.3451827921015174,1.019929478345923,0.9131683305932664,1.0173490858146446,-0.0624010824633686,-0.6210557829037053,-0.8503696999157951,0.387410710397307,1.0141526698584153,1.1715085906830685,1.9706804598903946,1.4590416719910408,1.4908350455231583,0.7417028407241043,0.9404554918525011,0.9772513466546909,1.4291030088092993,0.9522071255681065,0.9909573605137767,2.4052948117896418,0.4092547211718388,0.571191439813546,1.5708062841807342,1.5543297143819217,2.1788799207360108,0.7416631662916718,-0.7541789459809732,1.5684463639503101,-1.1818723390592525,1.4349141243770025,1.6534936886978682,0.366138193057076,-0.29376145462033115,0.8675027463784601,0.9270748766380633,1.7454374373599533,1.2243608860776272,0.1640581141023891,0.8054431789392638,1.194036542325101,0.8995794302597621,-1.5488825185422277,1.0155567193192554,0.16358368247893312,1.9785551317590984,0.14435568138620508,1.2423362132143376,1.0795421357873864,-0.5903047722321978,0.2976051873932533,1.1456563667596888,1.6188114905778854,1.5062217756490381,-0.5558622924881823,0.8808079841630989,-0.8522600240189485,-0.8447586302117415,-0.6617056048329911,1.9519289348920432,1.1798553188158674,0.7705428887767963,0.7559092567302602,2.7181224290940125,1.980458121850119,0.5383551764929493,0.5791651878779001,-0.9644206400339689,0.969983592838136,1.4103114571886723,0.42327084765123285,1.5423056657551713,1.2774130273484718,-0.2679853650917447,0.9058251050539986,1.2602917405212546,0.5194208504555636,-0.34365146955056625,1.5983224584753064,-0.33725534600231666,-0.5227899831364576,-0.5943054886736518,1.0931456236651274,0.3710313915119748,0.45844864700377363,1.0067038312173424,-0.2514538948123494,1.3191481416971562,0.8014093307391151,0.42673297343331335,0.25403073916721564,0.6648608280976196,1.181405669919386,-0.018071860070776567,0.8811962989352204,0.9599924292418314,0.6775527886030546,0.12186566449657861,1.7493896276335803,1.1447189471254675,-0.6338987678959067,2.036599368642125,0.5655084185272268
2021-11-08,0.7509791349643605,0.8999530207836043,0.26621710944306676,1.1208894011148094,0.8131109769624111,0.9315558465845488,-0.7608984656712359,0.6151496146237003,1.5550020378881477,0.4877231790703837,1.2286356462283232,0.6600722499265368,0.8662498721915576,-0.29270125609927355,0.7881315155451584,0.7919106660289229,1.5480600029568996,0.19633775887659163,0.3133496684024779,1.1549528003901783,1.5275938394533572,1.1954157813158228,0.3062916826562677,1.5665157570521746,2.3482591372691024,-0.5560613541127605,1.7063183175899463,1.7049510705318158,1.108678912489864,-0.23528792012439662,2.279002076144478,1.252320109947632,1.015134784301867,1.9022076574959714,1.2820110158102582,0.9027081701139998,1.1308160476006552,0.848742646766957,0.8690038897411972,0.7602106459902586,1.1181536874286628,1.461191027410596,1.3160490017362572,2.0820984524044865,0.842091799077404,0.17677118183347826,3.3561405530684474,-0.41674414784171865,0.4208725429919109,0.8772152643163967,1.401922865086997,1.822671111305808,1.3834461926703114,2.1812733019680337,-0.1311075274000353,0.8863617842878909,1.761219822120068,1.407178498935664,1.1947312459419834,0.7962998653653015,2.018216602366417,0.1253700992526974,0.6333132972894144,1.745061165284694,1.9222785272026761,2.082810252312672,0.8763054290526556,2.286694175526696,1.9723339255460293,-1.3149099614307864,1.6869200929931323,2.0904599622709754,0.685275011166181,-0.1348654227977014,0.923220028898631,0.8052870438787518,2.055516955339079,1.1251924112805758,0.7710423054790584,1.2955250809916663,1.6959258817316527,1.0712434362206553,-1.4210848799595386,1.1093371500813667,0.22736642787252018,1.5294444814650388,0.9290438140643629,1.3206863588961262,1.233074678433464,1.582153863669524,0.4935995169372778,1.3456798743117617,1.3129392130638262,1.8137654894597388,0.6667638914242592,1.0071819168970653,-0.6511712239432841,-0.6376933582912799,-0.20203093147160747,1.9498233371273817,1.4972394560178235,1.4430445671966892,0.6301421399553884,2.3783259269798935,1.897033311785467,1.2537434536146141,0.08837636846715387,-0.7157981857674925,1.3105067932370045,1.1492139845141105,1.027130503619787,1.5312918480772175,0.8421581738065329,-0.5134428271875421,1.2226450128983184,1.1153915757485422,1.0251313699245284,-1.159503985758148,1.5248686864149774,0.17952300353247355,1.3619773059052946,-0.5148566414112031,1.1322788238340686,0.5829639153335809,0.5602402594674133,1.2663454785493398,0.39669057909677086,1.3767057580888487,1.6053880155246596,0.4611796035494388,0.31237723891082986,0.9777626221403987,1.2558047663686869,-0.2011415925196045,0.8265015590306604,1.2093143978503438,0.6088474743887463,0.21416258980008063,1.651208350422498,1.2175965372077384,3.5555647518883213,4.136074473220905,0.8971391212537753
2021-11-09,0.6269450652899248,0.865823185476774,0.1694926765684017,1.2757133601148298,0.6946123657653038,0.9058316684316073,-0.9080614723141415,1.2261565329392148,1.7299568404746166,1.903747651986438,1.0997484460861915,1.4489988301349859,0.6529301988112759,0.5749637961705079,0.6570102297222349,0.6025849570734909,1.485410238937863,0.933800669248606,1.769715738363368,2.2595603583371564,1.760654805411473,0.8744376714068752,0.3875046401465862,2.228261548320992,1.996838079367915,-0.007657748205881754,1.5324509561507489,1.0254149248007585,0.9369543771617825,0.9392779958798424,2.0261775749845055,0.8487294789647641,0.8547320388814482,2.4020142917838365,1.723131465033193,1.2424893471823861,0.8166574345183432,0.8175216091858418,0.948570637801507,0.5235755279961297,1.0954836161854014,1.2264852062114275,1.063583139301971,1.7414625991988775,0.7160830731877016,1.0555244562845818,3.0397749606349334,-0.038222308313477185,2.25061190807284,1.0972445931082293,1.542307901079668,1.6425674355372322,1.22496265462742,2.964946261295653,-0.6159728432417555,1.025532739724082,1.8894872702406036,1.4220583338260506,1.4279383928729412,0.5770019161425909,1.958196585586605,0.23432329820685363,0.4670095962733802,1.747299003519889,2.0274059320596316,1.5027615344814385,1.3537081814712548,3.0695042228504543,2.095631282113975,-0.44082718310049834,1.698557775759611,1.8308236288295177,0.7442965602189421,-0.18723359215217292,1.1778223622176056,0.7755073229142735,2.068053893581485,1.0982192170921026,1.346470253049089,1.5028291125295703,1.726647511351754,1.2704825021935244,-0.9300600803574679,1.2321050664446431,0.8677181453602987,0.600727009956829,0.825927566599176,1.9133081881246186,1.4302962920156599,2.411455677807638,0.5272765796595563,1.14401648383642,0.9497591761135191,1.229072470761397,3.2947169448719476,0.556926278997406,-0.47132295987541484,-0.48097526992510614,3.403386901326026,2.2791258477279506,2.2450771034486565,1.6943588025348169,1.2128031665341648,2.044232638701282,1.6807721596256189,1.8266316132896403,-0.22447346616313965,0.5051681769721087,1.5182972818903913,0.901043158395393,1.9654758660193659,2.0925744461617923,0.7742772759160037,-0.3999053105418381,1.9813855081717213,1.2970217596805613,1.117955169478133,-0.8990695661354704,1.9527324267896171,-0.06629765713903418,2.4254479503177397,0.8573428106349847,1.1945649378778078,2.724319413916389,0.37927564993170443,1.8190969388892375,1.5452383871757889,1.9063355013509697,2.2208415623006434,0.30515840671574485,1.3014373666793455,1.216221954042109,0.8798881655633907,-0.14516764999582676,0.5707906717079643,0.882750820710622,0.6595888191605079,0.42926133707440844,1.5717671114554865,1.337334369684178,2.7682770539668082,3.305274366201538,1.5829426691630173
2021-11-10,0.5496709526820736,0.77909930591245,-0.08822898457497957,1.2578177896849567,0.5364001365154895,0.9075607292416173,-0.23560424266234498,1.3963772884230166,1.6028115023578677,2.0536098170348365,0.9152855094080122,1.1833380244389926,0.9630821518044458,1.3213081272166303,0.5518278474113281,0.43499968435253866,1.4988168091039014,1.5421601696868974,2.9450789710812777,2.0876225391154963,1.5816103619401711,0.7779207724131013,0.6143493526444864,1.9285054519790876,2.3176397306597325,2.318092113215804,3.06619403492781,-2.2494367828506974,0.7809302545963577,2.1742569547589414,1.5858095728771517,1.6065329768110583,1.1427803775806673,2.0730564655828916,2.2900711213378075,1.0089437346296268,0.9114507438212679,0.6925299089755848,0.9571500854987794,0.5157614712618179,0.9563526750357009,1.2287549008881387,1.1977193923899678,1.5974859208072212,0.6402719729654356,2.106534581347527,2.1592534951196085,0.2904780468726188,1.966231473192051,0.8486442602812931,1.3572002275833508,1.3872914854370242,1.1771209382068228,2.4780547344516934,-0.3094257937315472,1.050684103285897,2.1310772914343166,1.2883854383696143,1.6638287469653206,0.6450303882455498,1.980346456064058,1.0508249116047705,0.8698488495458048,2.709770678577287,2.443842035284451,1.1914070877543073,1.0449994998925884,3.941141531750001,2.8660393478036927,-0.1945484086974827,1.913382827518738,3.595189269800592,0.9746079501454824,0.1545113683013198,0.9364922020920954,0.5354732940446512,1.9358790866828044,0.8318102354774027,1.3015436789686685,1.757010778407828,1.6101408564085986,0.7441280454297517,-0.7938454241231666,1.328515959088453,1.6408983704252247,0.8870471976800963,0.9597100364668841,1.6488625841490503,0.6786708119348572,2.186808943533043,0.27265620079864644,0.9673904322603373,0.7303652791956894,1.6228025863733637,2.157733346719599,0.18534704956896442,-0.37346328434046083,-0.38123394713830394,2.8210376252503124,2.2143977590074324,1.9815258286648023,1.6054825083187458,1.053189179525713,1.3785112351652018,1.4628213684557656,3.3167854301492516,-2.056570533336774,1.443111226227726,1.591092436662772,1.053795370409747,2.2214865196920117,1.1171700671402403,1.0427974612051099,-0.0426238216354471,2.9714753320459035,1.0796378416390282,1.6999833272574132,-1.1641217185544814,1.7873879356243498,-0.1474352275528943,1.5358936355965354,2.295144888654819,0.8688976185346732,2.1738440178896363,0.8465732899488366,1.6737863005715512,0.8265141265261511,1.6620523407494678,2.130054878160055,0.7433540046828936,1.0392415542587887,1.0928813050300914,1.0552856269221107,0.1449668255972143,0.2401056273891177,0.7616308251518396,1.1988262637695999,0.8896180666752227,1.4307595547656045,1.2114680454700666,3.5990371582476555,1.8580487001413843,1.299582329649965
2021-11-11,0.7040535570737148,0.26801827938761585,-0.3009317609996276,1.6106423991488323,0.5085096255551758,0.4152987028042915,0.27403774862492464,1.7273077920581765,1.2454338874407127,1.5529672159353494,0.9092156381228874,0.9577848270452125,1.3440467636842652,2.250917760631889,1.3550044872852713,1.0870094463416657,1.260727785936838,1.7742902325626009,2.371176062559041,1.3352800296511673,1.2805868184775049,0.5090295730404601,0.2711330612507445,1.6315146630472857,1.5231799436414597,3.06782622604048,2.1934932704448307,-1.9577050189821203,0.721315589048794,2.4135304659841386,2.539438907656479,1.5087093050352367,0.9419988815475937,1.8120292774740674,1.9915335378389851,0.5160289948033446,0.8217338525995515,0.3593571698283963,1.434600616664172,0.6154185777476775,1.1611916409178242,0.9018982425906539,1.4404239224862463,1.3239447708983076,0.6644770567662668,2.076098346832452,2.025466851811459,0.4456931323768331,1.9559717055341124,0.2801655791802557,1.3632810484633546,1.1281764955336702,1.11630097857246,1.822447376537373,0.8711206268919053,1.0601191298218064,2.1091442464014976,1.0665025586318004,1.6101437595568173,0.4174549710449205,0.8537532772015735,1.2480588525874654,0.8035606362302434,2.5165235795515506,1.965541168754037,0.5080232502870143,2.612489783228534,2.350602156822527,2.1224459210671633,-0.17659033328142348,1.7509032316937847,2.9122444695117906,0.5066521305975847,-0.4661995749921599,1.4520073846173074,0.4732579463720263,2.684904427768282,0.8974173807299148,1.4454809118393563,1.5263547684961447,1.7243187120894408,-0.11387122925379499,-0.43503875222977717,1.838589657496408,1.420239890438692,0.4938952548709847,2.1007394127467087,1.0569738053677247,0.22246559150277412,1.2684094402357013,0.10664889050142307,1.134547377136115,0.6961109669714313,1.3698594376280073,1.2549915845960167,0.24728451061903664,-1.4092915912194908,-1.4249983604853382,2.105894844680053,1.9994958954127138,1.504751567072015,1.5628561495234354,1.1829367968468982,1.4295147738427234,1.3221124892911957,2.8126268045850638,-0.6523111442223885,1.427430967128672,1.2627707535241075,0.26458093537511684,2.0713922925747177,0.7406108354029683,1.1074147378927717,-1.101218560702821,2.5896454621516107,0.8882868243887038,1.7581688096896462,-1.1962842241512528,1.5675125063377229,0.22285487035631335,1.0133567339811758,1.5878754635415155,0.6673248565131379,1.7730355820665213,-0.11668246993808584,1.2518953891739408,0.9364421763331643,1.6090294253799133,1.8555747582021187,0.450745868282685,1.0381485734500078,1.3668627165042904,1.3264937842204305,1.1254432212340626,0.06811081220907501,0.9688950360480637,0.3955612502856076,0.5757692138193724,1.3301531467855385,0.8084132319650528,2.379271524717124,1.611128525688155,0.703197521350368
2021-11-12,0.4924323730480516,-0.45987751261449866,-0.9881953325555483,1.1114227388330595,0.19210173391496607,-0.39227560927499516,0.32907034540666347,1.1542978584680477,0.9935021779802158,1.366961909959529,0.3299951407150419,0.2122017349350575,0.7817382038860883,0.7773423797500177,1.1019086622975454,0.6925484313147164,1.0160308401976448,0.41372435162779725,0.8702624939174367,0.758936729168967,1.069591463412616,-0.11966772896557352,-0.38217425808441147,1.4266349841177037,0.34347738042199566,1.3026423986227524,1.852537189485969,-2.0601493881735338,0.6464614240492706,0.609852689964858,1.8253985739350993,1.034733021669278,0.3753355699122564,1.038659034603327,1.8823685047711307,0.6190787261033408,0.4346964109682592,-0.393081464269547,1.412492330714701,0.7812798095676793,0.28132824995566236,0.3944335452580842,0.7564433097819326,1.8726653871419947,0.6200050578578344,0.13355063343048382,0.9591412602069026,-1.9593447812957985,2.9359887893522756,-0.0954480035009942,1.4721103353642282,0.3884850699369235,0.8197524078914488,1.9446277890599932,0.43392376744568073,0.5733299232388471,1.4810543095093502,0.08737484611187997,1.1281092402465387,0.7459350846772234,0.22579347310607037,0.22662029765156003,0.5152066130697762,1.9000400269119884,1.3034195002611793,-0.10960085262872368,1.844044185302554,1.7770468421042354,1.7819055887575146,-0.6094972828705517,1.2295192124011147,2.449844746281795,-1.0929507640951628,-2.977064513394857,0.8787018092903535,0.2554836077805855,2.339007459823941,0.5230532616957945,1.1716567396259043,0.9543705232818905,1.6174266211665675,-1.346161442260643,-0.9096857141024333,1.4188460429300065,-0.22766933536508166,0.7779094130393545,1.4053570463749243,-0.4356164501574525,-0.7823343916445114,0.6509802151101728,-0.12419616335761212,-0.6836946917985827,-0.016044028851885724,0.9498668715058474,0.06692901771649122,0.5375947939906287,-3.6369491680866535,-3.628757625687261,1.6513214895266575,1.080260374349148,1.3388809300034978,1.1183882780930179,-0.23210853524860497,1.0650206882050348,0.9366293874919746,0.8012679988848512,-1.1977041184629902,0.9654078597576439,2.5353391460113137,-0.4466294294088954,1.39204528353889,0.42763358915803423,0.6806278919512793,-3.4591864262537437,1.2536350042522817,0.6463519966352511,0.46972881385578513,-1.285729865964212,1.114095085144665,-1.075988260491308,0.5280892459707273,-0.6542919459116803,0.3266964576256296,1.1947711883308973,-2.7544389234738342,0.5114179726090234,2.1667527940048195,0.979167334579142,1.1908404562915005,-0.3910386383792196,0.5988004553731392,0.61925733563556,0.8328968053830754,0.8349180583656725,-0.4587748871054538,0.32851984304065396,-1.1515185770432286,-0.8196822828565998,1.144949167152137,0.534139457629157,1.525405385995244,1.5380949197032465,-0.00036296092122105897
2021-11-15,0.3905191197800276,-1.1606949056890787,-1.8492698637863239,0.30008849294423384,-0.12035681543025521,-0.8174473599727113,-0.010390619849577853,0.22621286844351313,0.5146130182417471,0.9045073133374254,0.4276263947259723,-0.45004493619683306,0.3048531735342839,0.32375470604275397,1.953907177841415,1.6291379951474483,1.3127123629758506,-0.24119854931251275,-0.13928000157240755,-0.1256565864742029,1.1112628260624458,-0.5471508316938448,-1.158037016258172,1.4186225852386853,-0.750856673050512,0.6386702698803688,1.4040244013914507,-2.150425659007097,0.5351859587831261,-0.7065936536944344,1.3868763292960706,0.5328923205497326,0.6551193779741236,0.9881979559398218,1.740840451509117,0.51799879158929,-0.23990222334397834,-0.9664668629677857,0.9476698688034083,0.37570775767765624,-0.07865899086221541,0.18589691451553855,0.688273256412161,1.550600821381037,0.17069469432295253,-1.154640532533957,0.3765576636400605,-2.7068143149062327,2.2091609051841323,-0.6683315633726957,2.2204919515504784,0.29610240114446956,0.3922450206933568,1.9425460231579073,-0.6250644240024904,0.15546112346570168,1.0711971121862474,-0.5996618195044704,0.2150696465312565,1.4453263825058067,-0.5068071458484453,-0.3609077559784182,0.21404123503645262,1.3140861697237383,0.8000075529123529,-0.4667652364786569,1.8912441599970946,1.7112109623933733,1.5786941323830586,0.4595552635173907,0.7018135452116581,2.2320971806802,-1.9957645041053413,-2.212629822852592,0.47733202849589795,0.09849676785721215,1.9065512711175439,-0.10118962779437429,0.9836604422866524,-0.12521848809759714,1.3462941918207978,-1.5618344418415886,-1.6461176435381077,1.4240969326939539,0.34976301227855333,0.6061689251619847,0.5739218677173968,-1.1581618569486858,-1.7881250790637746,0.2960494319859525,-0.6471665938088782,-2.058188307110248,-0.649578106334148,0.8756814109833341,0.1873146030489491,0.21016820165859834,-3.192026987275353,-3.1961197232934855,1.7500235532273805,1.436181351110443,2.24070329510379,0.7390117999604006,0.5182751051235688,0.31093449827710934,1.3284012695680107,0.12468070015866482,-1.3322565763140592,0.677033223919851,2.5052785103539885,-1.2091669922054131,0.3803792327593052,-0.19253420271120728,0.5892544295978106,-2.871993554171738,0.4095043444305428,0.39659336189844085,-0.47230472043569843,-1.7508104171263443,0.6768550863455802,-1.8520834820158292,-0.5833025844851882,-2.400178483016808,-0.6400506844011852,0.5138946277369405,-3.064843911730893,0.4421129408958558,0.28664585707233114,0.8990125318114495,0.3596013621832798,-1.1335315261307195,0.33747205544326286,0.41679061785507115,0.5925016292634966,-0.08547833085291363,-0.7070584996360556,0.22764379798869774,-1.7818960742141188,-1.240570881228746,0.9118690992242857,0.38989165091804207,0.875682835190513,1.2437087209747284,-1.0153449384206166
2021-11-16,1.852152179470313,-0.7468608834002818,-1.5994118368804249,0.24482460081100968,-0.14547796168912303,-0.36704083157948386,0.7571541762150409,2.250108566339873,1.07053481505142,1.8406228118095682,0.3113040928598859,-0.4058064340638532,0.11082371116907433,-0.2844028125865132,1.9430411709330822,1.6359551788836633,2.436725637631795,-0.05029712305403924,0.13190500483050008,0.6148879558964847,0.9903284299234388,-0.29201900224520555,-1.1350195141903876,1.1047023156036275,0.6700139926224126,0.5135821550518131,1.363404879662549,-1.9499416298175836,0.37721139884959337,-0.41054128920168215,0.8247176708708582,0.2829153981787024,1.5315269334779484,1.39553469885209,2.0509516699605372,0.34108560304464275,-0.18225502802797405,-0.2534110411742306,0.9637637608053015,0.2858352597704617,2.486442704443436,0.20483572806888078,0.770755770965978,2.0853103629016485,0.34704642729939306,-0.6027627477676278,0.3629780774763022,-1.7014670095141309,2.1714005248292443,-1.0392869309464452,3.2178829229239674,0.5158174936756443,0.48984623391045823,1.8879165568394731,-1.868169337438096,0.1437891719924048,0.5839517288927886,-0.0935992349343894,0.6930858922312986,1.051933574898006,-0.31100291982683087,-0.4367115891332999,0.28235753268384406,1.0550104081193412,0.770105097955424,-0.4339186748289754,1.9860943198989187,1.7010050163449644,1.4448075522073471,1.2949320152860628,0.8853726590154822,2.09352623173243,-1.3420695689233446,-0.8554267388383995,0.6425711068206565,0.2517198595051984,1.6288506871939765,1.670396887019069,0.9023670218149772,0.9246333177908856,1.7055059705391773,-1.2200196838132433,-0.5220514327504053,1.5832868492349663,2.6913286911457655,0.4150669847060634,-0.4264735570007585,-0.8822996877033905,-1.8778302872541917,1.2024740471725957,0.12104548126141185,0.5114665674783849,-0.3838730014093439,1.0425518314371154,0.4057173758642522,-0.5620221234845314,-1.4891244130288823,-1.498381764810966,1.823875247851699,1.8396245228044927,1.8498489947468764,1.4986952384729857,1.427789471102189,0.6090122387491393,1.59713478655151,0.12813487797641993,-1.4671769294028159,0.31456068005520915,3.1030085137848946,-1.0791001090148205,0.7819138409142836,-0.07709636453039158,0.7917433449204454,-1.9388497221880001,0.43853414132885205,0.2563588491663142,-0.11519436214197322,-1.1890929175482547,0.7112828980066509,-1.0584412794499398,1.656572836600841,-1.0898069039354825,-0.9602395617958006,1.1015795045345316,-2.143312423362478,0.649313495178694,3.064448697262172,0.9334608309303998,1.4164679520973313,-0.9153732811425404,1.6235894724735913,-0.1291853724929475,1.109019541218831,-0.20568167277079286,-0.9007882895713991,1.2626057653234175,-1.8113106494369926,-0.8523331634737041,0.9012199728542971,0.6145144681740058,1.0444275654182857,2.548100114472837,0.7604475822225986
2021-11-17,2.0734532629857916,-0.847749109677171,-1.2508146229447823,0.17816364152159836,-0.11621517008112675,-0.5120206724081439,1.6343160636757286,2.4984637197625,0.8413909488874267,1.6463466040755264,0.3151048916878882,-0.2336764718116692,0.9644350317641234,0.8282299512244083,2.958766729227891,1.8485314258252115,2.1224718972452177,0.645317371575131,0.3880483994031392,0.9387967889434955,1.320946675931062,-0.3453576627549196,-0.4294764826640381,1.1758267968009797,0.9496928775516107,0.7347882162769989,1.4066589094254993,-1.6365741040149666,-0.1789364542734178,0.4552280076605567,0.3968030543082488,0.8196364026767841,1.1678492067805373,1.9939884819710005,1.8743333715702,0.031054726999787972,0.10018008545379326,0.2220726814122445,0.7287815969690765,0.5288557495518756,3.265109598609243,0.03603176751318714,0.6747490012189991,2.1416875379325915,0.29035330560825023,-0.19665348294960402,0.9850439626724096,-1.4087120107127045,1.9714138888798332,-1.7531666744030676,3.5006794579125806,1.1477455187614292,0.537605205996456,1.760991440613922,-0.3070829547697418,-0.1861616331838059,0.7696076844202389,1.058843549027934,1.0910361439619118,0.5771680223370884,-0.49799361652056107,-0.054734926173911125,0.296406871794054,1.0210979248101826,0.9495108948564074,-1.0176108033398548,1.4586392692164891,1.708519928568333,1.7378308601581853,1.687310341387979,1.2332613459550912,1.7865909902901407,-1.1124475363797468,-0.36589392148964717,0.949180664307842,0.16664985261120588,1.672295096113897,2.00397000843705,1.9539760176426193,1.8321360156788475,2.3305838604955715,-1.0334010453342237,-0.28864258260626907,1.7695222910396473,2.4932894024102485,0.6380154732893565,-0.08669013003580431,-1.237309921866614,-1.6966840893461186,1.5974457097604005,0.31719421888057453,0.9437167387610806,-0.22346272926002933,1.031712370245328,1.1617580419772957,-0.7683164733435386,-1.1503353921255763,-1.1510690990063195,1.596273081018378,1.7762189685198553,2.0276251547680393,1.446766396095102,2.059646788468206,1.127587877156784,1.1990959130837708,0.3526184914379452,-1.4368637080642854,0.8456091154396108,2.2726904771122762,-1.3732795513436078,1.7715450728316253,0.23747261724573607,1.3354771290908414,-1.7233061667265346,0.9148602446215892,0.06350156037987488,0.6946843205668025,-1.4360104720441191,0.9906780135535875,-0.7578551114164956,2.3041726087377667,0.6113319516689413,-1.4263723674231077,1.9289541673922235,-1.5295061298871722,0.3556485001632118,2.513515835179613,0.8750808371260963,2.124308815250745,-0.5898185478341349,1.6482035254491803,0.08644223555344832,1.5223629991770276,0.04941820820890721,-0.8838339789228136,2.799988479072162,-1.3502573743736486,-0.37806139578111025,0.9924143726383726,0.6763095778629385,0.9113185272013945,2.187212688621496,1.8033109972721026
2021-11-18,2.085237855853644,-1.1947824922638974,-0.5692308645589985,0.4611525869260357,-0.3208796348511323,-0.6587105968995003,1.8831957897763831,2.0184043296507346,0.7936693646840086,1.2468391083040824,1.7894018231350628,-0.4910265135485388,1.1533951589246454,1.3894846313629092,2.5029348462510987,1.5777484063230935,1.5105183159082374,0.4367818810881645,-0.006188395029095191,0.344294586756743,1.2129207602410115,1.363321120768299,-0.20023024730814715,1.3746916879514106,1.4791655885089363,0.47784800744439454,1.2202064154247068,-1.4880586838734513,0.10233955527220256,0.08777587865660928,0.1531929619334167,0.5571507711125263,2.1341845206679473,1.7209653425530829,2.2787297192941685,-0.7674284775114121,-0.19889679352862216,0.22723748497232407,1.2273929936881163,0.8248874827248087,2.6886477116516083,-0.5474778965872982,1.2855868947506097,1.1731341223333662,0.11740152213013606,-0.23229120010027715,0.7335158315675434,-1.3577877472270332,2.1027894546438493,-1.6767056657105324,2.5315620112410264,1.5991108376681669,0.39560918664205774,2.069468340993084,1.9779957320407981,-0.58597138012974,0.445073106543131,1.0900643991194587,1.0146403545568892,-0.3480714644441924,-0.5612065960535628,0.3553267253253023,-0.14764271320883213,1.274823784191562,0.6672257798070264,-1.14096141593338,1.2015372335913348,1.6692020475461968,2.506938808207958,3.119264185993871,1.2390933522719814,1.485114580363278,-1.155488697255847,-1.2282799922397105,0.5842273478852738,0.16540504547716015,1.4992287839851164,1.8356399652248097,2.727650060410652,1.5240166935982866,2.9498741204646364,-1.0959689743149528,0.9251181649852674,1.4727831167785914,2.211238352676126,0.37251481805929776,1.5201834314040021,-1.0029016450457093,-1.2418546008100333,1.2740970003174903,0.014235893744427982,-0.3551873168565473,-0.6643367868818684,0.9257726324310064,0.9579600844292655,-1.3681133856955294,-1.3368762927485756,-1.3330436756542727,1.3704815141106723,1.3913974241383034,1.9710479809897103,2.465394686218136,2.174609170429685,1.0908167335383798,1.5009947963743686,0.28776168844634686,-1.3813771319394115,1.0598151507127216,1.4819955201806905,-1.6108678065319353,1.798231823377859,0.3702179598374466,1.3332739806210796,-1.8853374122159194,0.8824893093555821,-0.10223343915350275,1.2966426817755097,-1.527351658019756,0.8962391580756016,-0.8658815681892043,1.9308777728603976,2.658657819117379,-2.051767253629579,1.8175968577251413,-1.6278135270180034,1.170054640097143,2.465178058519284,0.8264060382874818,2.0764146953193965,-0.2069197667546136,1.1764024303884106,-0.107012531060078,1.1637007251192057,-0.5271275542283183,-1.4418238661762919,2.5751923151924654,-1.3791634813600273,-0.9371323439011062,0.8413463651078782,1.7742549555105749,0.7910789468144367,1.5141934884274573,1.5270714577555002
2021-11-22,1.9396015144865728,-1.6494247247819847,-0.03386388371303004,-0.5991326825160002,-0.4700974140295777,-1.1203810785464197,-1.423586866566243,1.3539880689825636,2.1606645385120835,1.711825500330886,1.5005051850459319,-1.4003748653416481,0.537449219483248,2.5022276274997823,2.0645799030412118,1.1788713003200224,1.5698353410734138,0.05214426323120412,-0.3492205169783713,0.7422350054084234,1.0432896127385336,1.0106312993979376,0.29447114834240123,1.1584127630500796,0.46060767711638473,-0.4121623931569881,1.8111257721275884,-1.3544246424408948,-0.7986560106448385,-0.01763650262602775,-0.07714334233537562,-0.3637299979050501,1.0547597442532153,1.5407927376623356,1.4221321658077828,-2.3168415452923545,-0.979799027424529,-1.5931619047517023,0.8292153156510113,-1.196679987164216,2.435387947539703,-0.9715297848938231,1.7287873360122674,0.7136888828337576,0.023787127783072542,-0.7727251096562997,1.0842463467274435,-1.6198032563469966,1.496744938245287,-2.2470763458794694,2.2488497485343744,1.4769094613865232,-0.08883089409159188,1.6830053227310873,2.796829676932923,-0.8176322815978263,1.2892610333620176,1.4001368973599695,0.44605987444203476,-0.9569762404540119,-0.4779339898284907,1.2386348984303686,-1.143835125963578,1.0977634133214582,0.07803169883248248,-1.530095710576636,0.7920561633625414,1.3503345465172418,2.1614255183527207,1.9314575139359071,1.173334295750861,1.2059163259501395,-1.715700206371946,-2.385838211598203,-0.029503525395141016,0.06603799294263518,1.3970538922330775,1.3057065167460586,1.7196645884015838,1.0598067434255267,2.111761865803217,-1.3597655008006428,2.3680715282249527,1.2741788046457565,1.6011104359611161,-0.42772393799025693,3.6323843788176946,-1.4592030026444558,-1.7227303750963685,2.0279545112743467,0.942238621947159,-1.3398521185347276,-0.6895695037162397,0.5564231464389374,0.3812525634616098,-1.6022113860156098,-1.774378377896832,-1.7835693026589092,1.425114174267291,1.331776307209,1.8361327540039298,1.3762853629567273,1.8854390002283294,0.38099053979480835,1.2361328453046168,-0.024424983281946373,-1.0690632678424006,-0.008961225132614804,2.1736263730479104,-1.3347464363077257,1.9216246373900334,-0.3077849981571879,1.5487466377945982,-1.9266323215597334,0.7145792055574838,-0.4680657908484834,-0.3811280902829033,-2.0632468340504735,1.1946722218650803,-1.0563859484696692,0.7411686672671222,2.848470501903741,-2.4379692434216533,0.7539789603314718,-1.918016132974357,0.5032138069925917,1.5138152701184127,0.6981429391399016,2.2734349704780663,-0.581731827103234,1.2018099053259015,1.0362159893115086,-0.22667706310730862,-0.22024846746040314,-1.3374402554815978,1.8193213964004429,-0.9889924680401264,-1.6526517039332984,0.5988540248349026,0.49562833259291816,0.49718580003479956,1.288718728267927,0.538156738040218
2021-11-23,1.4272880439687265,-1.37042313955955,0.2183429407141568,-0.4864350714522417,-0.7267849206867063,-0.6804030902384366,-2.153158754152548,1.2077007046107804,2.433138455108747,1.5574346349033026,1.0695431155175639,-1.1352178559007728,0.13341389342309126,2.3229896727041717,1.1175500543520107,0.9547552077106533,0.9914770998642941,-0.40094205235252667,-0.37810412928961246,0.43864479992302086,1.325209280245947,-0.6609193899952271,0.6917055731434844,0.9698979493899256,2.1273787569257165,0.04062180472405103,1.9703282957092116,-1.0145058494669703,-0.9423625720173915,0.8332094794376546,-0.6605206744793812,-0.8393253044746732,1.691529945707933,2.0023079791041107,0.17317269483978767,-2.4792672017342325,-0.0639403051618643,-0.8013157728794132,-1.2103689060026868,-3.034759413594813,1.8585807009690762,-0.5674195505739371,1.2045287909709523,0.8602941476050042,-0.1536082464297327,-0.7755515853497694,1.7645655717145186,-1.754832208134238,1.372086257267402,-0.23347289164905613,1.8575591570403582,1.818599684214938,-0.6836507206423582,0.6726185138747546,2.138197310653649,-0.7497395998943114,1.3434964100871556,1.0609019329119846,2.4953024886461654,-1.581585201789231,-0.8904434976591729,1.5698080320950678,-1.2076023135108391,1.0561519192735913,-0.25677079403829656,-1.6768010244432188,-0.005922714993153752,1.002731485051935,1.9913910968829713,-0.45066088419520367,2.3577085742608896,1.0737931763208544,-1.3537033159916456,-1.724060819273876,-1.3786254640706748,-0.13037699885897705,1.413494433022383,1.6349382579055478,0.9578613769808716,2.047046375597843,0.9455123700267365,-0.722737186734133,2.380057908442603,1.0201324875401099,1.0972896233669445,-1.3629046963427458,2.9150238258143184,-2.0031231797061415,-1.652090055329215,1.9215636310597213,0.7963911859813293,-1.7208011608920075,-1.003181988704595,0.46391426434803057,0.4207540514495709,-2.054953727606316,-1.3343706937512603,-1.3345297470494073,2.136873827005796,1.9069745888094043,1.9177318289837064,0.22390617984539102,2.5585187993879916,1.8468080612862046,0.36706417523368096,0.642050223188712,-1.7823582621443124,3.2338318692031205,1.477073634507396,-1.0178643422675777,1.7039180491151797,1.6225931875692352,1.8382478972977674,-1.408388344272965,1.0321751264310048,-0.7831523239803141,-1.1170885584871422,-1.623246896556054,0.9296994704610256,0.6126516774178241,0.20896017073079917,2.2348617350932347,-2.330251841583336,1.1723193858162768,-1.5673539918618022,-0.5559032625396133,-0.33929997048435556,1.0942909650629735,2.0794805824138485,-0.7669258196450374,2.491385882666564,1.541704485455039,-0.7468216725685659,-0.037479799152369465,-0.5704439777530882,1.8807668460028963,-1.182737573641535,-1.3806038279665,0.3285000062542427,-1.218054354007844,0.5819512188898682,1.0983082632432293,-1.3460317602619838
2021-11-24,1.1422876934764294,-2.088948178902972,-0.907726032176492,-1.3917925111387173,-0.03040829127724254,-1.9723809315972298,-2.3613269258515674,0.4534398959368038,1.5203909327437333,1.0832613420952908,0.1728003435191262,-0.7084018088743801,-1.6377692264148525,1.8700170726135865,0.290264456114297,-0.14350289440020908,0.30704518406994674,0.1733386912193531,0.558717522419254,-0.7786152105244227,1.2875189681233026,-1.5975225330859306,-1.6937398773209154,0.10650936377337362,2.875779918560638,0.016281063203555744,1.389137846799439,-0.7077143247683212,-2.2689908239969405,2.348234417321745,0.21870263368296053,-0.9521639289840632,3.145003159221152,2.9357681827788356,-0.6559201718526535,-1.9247242607256096,-1.1640020400674478,-1.4148669691809994,-1.9761647807008214,-2.7140081823738913,1.663102447871815,0.30698346377926206,0.33908363346071574,0.7780665006144192,-0.4397608383071963,-0.6297888742249077,1.5693206182147703,-0.9754709887692676,1.8700232199117977,-1.679942903351777,1.8849358241861307,1.5497273111885512,-1.8429819168524213,0.5485728680050392,0.9099383471233101,-0.5071884113546394,0.972943119993626,1.7127025669339662,2.795523172625947,-1.9867455575091773,-0.8624142823172986,-1.5730805744087883,-1.3167708990214386,0.8981312967771575,0.30106671357275683,-1.867166876825555,-0.11006359537473834,0.6202950654567815,1.6328877251748202,-0.7602651108330098,2.6965394015988395,0.9608675552529701,-0.07656386161566307,-0.2816866632927487,-0.8045153188567425,-0.2628043499586595,1.1464408187039585,1.2761618434839683,0.4082916043488438,2.018615838426703,0.5434009381014383,-0.22712252630205518,1.907237387728073,1.1475875437068142,1.4090303089631908,-0.9835275634474809,2.1385708841607927,-2.3206133394839563,-1.7963448554523787,1.1942594757528335,-0.6843227916797509,-1.9882508787997093,-0.012995531892162737,-0.01381407767061989,0.2719861694900963,-1.994629275687818,-0.8977558753184345,-0.895916664954712,2.8503130151744727,2.7159583083176133,2.1571775292242337,-0.22805913211352816,2.321770974667441,2.1633766308141693,0.25869253916627927,1.4297481896827648,-1.8787640409508146,3.2690919605582565,1.6092427274404353,-0.9772967515314755,1.4207560281965077,2.3583836933107514,1.7647605044685732,-0.5962358865727752,1.4071290197956436,-1.3829012225120134,-2.168027498213143,-1.3575489931232358,1.003139401423669,2.7914432683206023,-0.056595936185454436,2.133280856662099,-2.3051107043519803,3.145223210314824,-1.2398004685536435,-1.404180408446073,-1.8264890596365442,1.5247743862876701,1.6368774852934729,1.1172366373999782,2.6703495129627504,0.9077766569494222,-0.8967051966146193,0.1837636907931152,-1.2995278920192177,1.4383160837880715,-1.6238205622617012,-1.2166296121743068,0.23588971217942706,-1.7992050268131583,0.24148369707283668,0.8582842513435989,-1.0773506798298857
2021-11-25,1.2305709558378384,-1.9668950760892676,-0.4093430374520012,-0.5122490502163406,-0.2884552875155431,-1.866458386914914,-2.0111484764945677,0.2748646458902729,1.3164011022485775,1.860960420805707,-0.5464455672696981,-0.8002402179744469,-1.6853197543042269,1.1246916759046148,0.5558867959192921,0.22217077803598365,-0.0006102833760449116,0.35636790258374473,1.1817669149387513,-0.414388396360736,0.44255608828312937,-1.2751751029753733,-1.532110399272606,0.2998591789961321,2.622712873665563,0.23978126117063264,1.0192930655503383,-0.5777576169185626,-2.662495311673943,2.7239177554074576,1.0402511559904521,-0.7752721595781433,2.2203572822677304,2.086488319621414,-0.5665129830612842,-2.1249186748915068,-1.261965964745533,-1.8815094774690415,-2.114887733369744,-2.610800211223081,1.4688021362971464,1.2842255287050337,-0.5075557469393478,0.9035365167865064,-0.8047152464858902,1.8514916392603962,1.1292265054629425,-0.599839986507142,1.6371054226385795,-2.03982730380229,1.4939927413560736,1.6774334039651109,-1.9220536786698423,0.32566047363599093,0.8704526149445461,-0.43288203165211,0.20392233245250932,1.9465817191897004,2.4254212645006583,-2.6134309505681044,-0.9663824733771782,-1.2010230531730586,-1.2989223169395363,1.1837582296986828,0.5218265843595288,-1.147174687102391,-0.2894719886727314,0.5263568697788582,1.3955274613002664,-0.6782617481017634,2.2844432067769738,0.8026674213754814,0.37532261264510064,-0.3503051447911885,-0.7558525314120286,2.1196990094965096,0.8468776047250083,0.7661043135821389,0.15669733808267836,2.4754228013073916,0.3120071283616318,-0.36880549462716744,1.8491874356131877,1.2053478036027865,0.9122740763035687,-1.460093913670279,1.6362415952083318,-1.5846283837694408,-1.4474359332035078,1.1682446245885327,-1.3397764243961592,-1.9033366257406739,0.06374849815631119,-0.8001068868655844,0.6763662369229257,-2.132547813475236,-0.21985395225547572,-0.2285756003648908,2.2069051782874354,2.2778227276607406,1.6048156441509978,-0.13603421087341128,1.5003128033244995,1.62103476085397,0.10710468768747983,1.434315921126598,-1.1159077492570881,2.657880715337679,1.2908304244908002,-0.7546117848436966,1.5995275806332663,1.5711202821043144,1.2158010908463102,-0.07180445360743057,1.4390373435232957,-1.8941396252852098,-1.4501856252019936,-1.0418904005372036,1.0885189021975137,2.9172057320718103,0.05843876380763978,1.9752715125674254,-2.1364013524554326,2.6414745734110623,-1.039871370082994,-1.3908427537040815,-1.7445922214182108,1.741541658876645,1.7431650557850065,2.3965396943423047,1.6920986192223344,1.0160145044579691,-0.28125862417716596,1.4892534200885463,-1.9707487440084475,1.9346577354456038,-1.5853956427322482,-1.2966822078102982,0.48388009838826035,-1.7679522957209666,0.10702066479757484,0.7314436422654355,-1.1703738117059825
2021-11-26,0.9030114758124201,-1.900743788194262,-1.33039615670023,-2.0616790230620374,-0.329289512849166,-1.8562361856782148,-1.680342576815113,-0.019157516421922816,1.6802937081106304,1.6395512625491522,-2.179157633352828,-1.5195612494001214,-2.56318009911093,0.8063693487085267,0.3180426375640431,-0.13673218375862342,-0.004038861812642031,0.058940251465129864,0.9911748009478564,1.7273681594010282,-0.2989221730585978,-1.9571101538690185,-1.8151971243091085,-0.5629802089373673,2.386801598735242,0.03387830178049927,0.6040607832371083,-0.5957632464484486,-2.6222655086318123,2.3733273415526632,1.0379039184790286,-1.5510927173344453,1.494947259663466,1.7333862118545345,-0.6059051122789367,-1.5364191494126624,-1.3199313032757105,-2.0625325065247915,-2.2877376857701264,-1.984624416265682,1.3583261604755184,0.9277814281944595,-1.6883244225670635,0.19092696422940172,-1.0790815040939572,0.5909621377048556,2.0005923401720014,-0.8790662005186182,1.9645299667746907,-1.6165534014047667,1.3082757315392959,1.453804995282765,-1.815551178209648,0.13002621842989656,0.11529706390179442,-1.4530103106557843,-0.465839330410705,0.5213845259818806,2.2691580331420185,-2.017812284844711,-1.0506257467096975,-2.7447381545574774,-1.7236024282830282,0.8976589659084149,-0.5254210085823329,-0.9938133379442009,-0.40868389615486433,0.14694910374044182,1.097274638249092,-1.5373026236327976,2.03745350127793,0.4961678741705923,1.1632719418251876,-0.04032673931281605,-0.9171636030679111,-0.45888375656460884,0.552319199106533,0.25815865027547746,-0.4889125958695749,1.3839274131706565,0.020560616348946507,-0.00854244611167222,2.010118916779378,1.1797360775917545,2.171993803249657,-1.655656677691467,0.7290048437049003,-1.440917063145895,-0.8854841402335846,0.27107157676337723,-1.4520685631634287,0.2940307307796211,-0.03799478406612535,-0.8023536358641324,0.4999800691128059,-1.690216741367067,-0.6851656901220912,-0.6780280445523345,1.9728042791447071,1.9829025827665532,1.755241254433877,-0.5157374657228587,1.0184863952834362,0.7531057627472991,0.24287597527227914,1.2559939548791565,-1.3539571354927042,1.723821782941265,1.0778338021037024,-0.8010920471648124,1.980002498387804,-0.02563225700371957,1.2695822882797017,-0.42689877666094667,0.6323291379352917,-1.9004563542867838,-2.063637200919895,-1.018584852578453,0.9707925170313186,2.268168407926341,1.4105583815981955,1.3778360587895249,-1.955404424334878,2.4311702449275683,-1.0110212160558922,-1.2031251970643724,-1.9173704329904737,1.4838725435812568,1.5155197634646944,-0.7066704633746145,0.7528502645690378,2.2785794730247546,-1.1782281229197427,1.0596890665156045,-1.6974411629975257,1.7432184517944989,-1.6603782490158217,-1.4932156199587254,-0.10682817815846564,-2.0075579110982247,0.5805317630565051,0.5549149209203096,-0.31728982639592856
2021-11-29,0.739368650561293,-1.403137876115647,0.035275813579228564,-1.0856607243074479,1.0500525640568332,-1.2925108944923134,-1.3088694997941677,0.36379535570333044,1.707794118851615,0.7815133220659544,-2.157524823945845,0.597534635832519,-1.5307912332760176,0.7917517115063809,0.5472092962482425,0.5511785612960453,-0.04772458644179264,1.668904427417837,1.3491603878401301,2.304056416469012,0.011639285216698833,-0.9624522086370976,-1.4932536515292392,-0.7071267868979203,1.9789995201165669,0.3467686804774792,0.7080270730675164,-0.5123855463501596,-2.0476373031599944,2.3780684889149195,1.3722058735762035,-1.0687046347311604,1.587115933849517,1.7199871627934074,-0.39076474631716895,-0.9193708352922151,-0.5336890386269681,-3.0215734168236352,-1.5897017307493224,1.3212356341858944,1.411274385932961,2.2742351044440525,-1.8703110012587383,0.5509868873609294,-1.1178268561509737,1.5148586760151885,1.5451085988502842,-0.046910503877038344,1.7329900930495303,-1.6243047657226668,1.2948038499261112,0.7147480364167128,-1.3205790526616725,0.21470424719477818,0.6485030024759907,-0.9982364725434125,-0.12934189107189775,1.9768072787755653,1.7475539935855995,-1.5130702682267048,-0.4502784312435719,-1.6345165026244233,-1.158284819314376,0.722611078382221,-0.30230554744991484,-1.037583724771516,-0.5594131135636597,0.2722609010590965,0.9573426659005698,-1.125559259353808,1.6875138802382315,0.5184995969919094,1.5912215870624862,0.004565778547868683,-0.19507853858378202,-0.3503216887326923,0.5174694854192748,1.6113643306739729,-0.1823810127799179,1.9527761965507875,0.17158389506954902,0.5014630896659216,2.22482381442884,1.5383371778212311,2.329804539845719,-1.2313249452018447,0.6456317126925923,-1.208272814821265,-0.92779310314654,0.648771883911199,-0.28196913125246487,0.2696056074972525,2.048493186674355,-0.6441150015867726,0.9657593170654747,-1.4758439228665385,-0.014375196013558494,-0.012538132000096222,2.074434535305059,1.1878650030738256,1.4583766879665492,0.27160614647091263,0.26763100179630556,0.7223064301800473,0.7943147874163771,1.3051121062293516,-0.9029620916559925,1.474724872655856,1.4659398066359068,-0.40943488435160846,1.4449609276469586,0.36294498664026253,1.668944525196562,0.6344080551852791,1.2061925041136743,-1.4910005730063272,-0.3155057357012625,0.7947568578348336,1.539203822854735,2.2273550122455776,1.5011075888113519,1.462600245728754,-1.7808816277030954,2.4869668269148475,-0.7119630663367892,-1.515066101110011,-1.3091437452237236,1.347452617567422,1.6953241339188818,0.5506361406532597,0.8605853733464033,2.3792341122093337,-0.3007306036670193,1.1661929683498249,-1.0096354535644094,1.588533274936265,-1.2185715074991341,-0.2802423862559341,0.04620289082079557,-1.6216941719550775,0.33990379782606683,0.5372516047831194,1.857567946899356
2021-11-30,0.7978535902232045,-1.2717605517448,0.7911564788944472,-0.46094473112294315,2.737897775138215,-1.327097172016542,-1.1295486824001852,0.15290797704478826,1.3535924897141216,1.1107556732979489,-1.5115732717587944,-0.6396546300327421,-1.1669171231819022,0.589355933064196,0.5024169789627266,0.47756139587476765,-0.2329170665618117,1.7486245023453764,1.2806210125000352,1.697806858453455,0.2958245960432189,-0.4684067278749751,-1.7572817029781593,-0.13825491380016822,2.0654684698704733,-0.01790286041698707,0.501899727151324,-0.21250008140241974,-2.46505994214627,2.030697197776028,1.203759095152636,-1.384111056528044,-0.4804065917378337,1.8100343166930684,-0.17442784912408982,-1.4318953934019085,-0.8106640388846044,-2.8043983201851828,-1.352454824910677,0.8626081062247086,1.0940215732453633,1.6486280852848194,-1.3717287146049448,0.7043001677597215,-0.6037058563056927,1.458782977416836,1.8488646109788753,-0.12554212571506637,1.5197964237897637,-1.1187379490185196,1.067232321366033,0.6063762690035216,-1.0345702416291733,0.5143693791687539,0.44471398845114674,-0.6306879469973893,-0.40028967089597084,1.5352697648354978,2.2794836675056476,-1.5215839156296052,-0.4869897428707622,-1.7807961826108,-0.7002274385257479,1.087509893451435,-0.08589963209969363,-0.8623661661038717,-0.5900566678607655,0.9515219945919855,0.769793376617285,-0.5191259173687055,1.808198461849609,0.372502609256051,1.693011428243556,0.390599862210473,-0.23245339027790946,0.7795544645966582,0.27198851195400525,1.7741532607677657,0.2631293066559097,1.6832206433041763,-0.08701290743382983,-0.004072205959627606,1.7565563032096212,1.5531067065986963,2.2058599417554685,-0.711201613740616,0.9269564394334501,-1.125576912175996,-0.7347853714929141,0.5596774660354575,-0.7139036040175419,0.09973231960999485,1.8570665109411906,-0.9690750836975623,0.5893809122048476,-1.4655780950985604,0.2208384667556015,0.22699546779553534,1.683530410233313,1.1533276761779538,2.44343957484552,1.4854885777541136,-0.006445491178532085,1.14892882698052,0.5173959458578401,1.310750888942502,-0.9124312840163725,1.5206066763297152,1.3354784251026146,0.14641545108287482,1.246753703191128,1.2692923379814962,1.9462085844256207,0.7273463912470846,1.4077568161828893,-1.2391470523316563,-0.17515937264997258,1.3112836084488524,1.550073544898531,1.750747201236855,1.7797257123314694,1.5241689090566617,-1.5003366093553943,2.6471265480893846,-0.5740492569280683,-0.5174400527154714,-0.8952178806983203,1.8054368408959587,1.920652040745456,0.2912088178360203,1.3948909868286417,1.4858921692989526,-0.026499195678072938,0.8455416046309742,-1.1439857976092722,1.6486158848316617,-1.1129637992041195,0.8046857325770058,1.1391805404997208,-1.1444718798887676,0.26590927141252124,0.40931717005351703,0.731771955599888
2021-12-01,0.8135092447312187,-1.2197182192975489,0.4729233380604389,-0.8558551625054713,2.7530019557441276,-1.3264845304268889,-1.3044311467243659,0.5944748679650541,1.1694800584041964,1.3493797146106017,-1.094938486294962,-0.9846165380653006,-0.3282279030116846,0.676608225934431,0.7248550510973739,1.030333916225747,-0.23287401399665725,2.7702212472905696,1.454590363018871,1.1586825342532614,0.4202025790189501,-0.06297809585946147,-1.7096240575472368,-0.028319133312200782,1.608267158170102,-0.3965007982285064,2.8534283766874444,0.07368164640570701,-1.0549710094550984,1.7490251154653356,1.142700906557588,-0.35949579298434925,-1.681666198623896,1.830364507846265,0.05213038596291031,-0.8438402765498056,-0.8853502603459527,-2.1064402093126087,-1.397225961746583,0.6701436524026315,0.8945845318454154,1.38048191487646,-1.317237170989971,0.45244644072393764,-0.05364036591500416,1.6108301789782191,1.98685597118478,-0.009091811568200065,1.213407699719068,-0.5794578205076726,0.8938786516706242,0.20245554545461952,-0.6899063547486751,0.5612966773228475,1.5129998392613448,0.06873366197017129,-0.6649280961090174,0.9287402265929301,2.0323054834759424,-0.9932432305741715,-0.029398445578105135,-1.110597125822442,-0.14502560495991978,0.8306144937739535,-0.09211581212606164,-0.9600606300548127,-0.7794259414565167,0.8999056475024553,0.8069226289381178,-0.2504544233980553,2.142338243734757,0.2115233976212783,1.6220675040345733,-0.1594262021789591,-1.0695767078518639,2.897040198131727,0.2589311683099029,1.6503566224210613,0.09519616380224806,1.4529419311221534,-0.1550427623443135,0.06347204399047911,1.7313057734206314,0.783481999887375,1.9945342750551869,2.1169459791190786,0.7681299308479675,-0.5985635244857475,-0.8548175498214344,0.47499377659533304,-0.8574694817717342,0.252966730501545,1.260633501060095,-0.7170628477902461,0.4955569854584611,-1.2251100715179248,0.14492694029134018,0.14524721122189815,1.4547556896267615,1.2037821264065292,2.4855098088096863,2.059142036553048,-0.7885222297622266,0.886100951734513,0.8954367920174978,1.1605703761048654,-0.6707187818218326,1.057019429312663,1.2864231695432613,0.20957261431103336,0.7804636641891026,1.1053487132966415,1.7740380360713748,0.9119306809536938,1.4196361541305245,-1.686618952968853,-0.5436541025898266,1.5774894891416378,1.3871239947574627,1.1795271761112271,1.758425183423939,1.8286922605464762,-0.8563384673478115,2.0916130800290262,-0.5570523926266873,-0.21090997521598112,-0.7090162980694672,1.599512929292304,1.5665698141794124,0.0851518542983497,1.4784748760424182,1.0812390369208869,-0.012366319008350727,0.6174259450233975,-1.1856081250626933,1.5117199549348157,0.15872397445356928,0.8353960637916075,1.747389875069652,-0.9908426485342939,0.47526181313083515,0.3946923995310213,0.5327870494988481
2021-12-02,1.0199335621566425,-1.1325865005802287,0.4145497011110089,-1.593352164308897,1.2359745529342698,-1.2831089281707861,-1.3351955323429958,0.7087923601347774,0.804775524176423,2.370946296844384,-0.503989681848579,-1.1112402361309686,-0.6164231627082509,0.38349896207598794,0.23804630424013493,0.9581966854176157,-0.03649279474382474,3.395317421213599,0.9918292886580357,2.75265381947951,-0.8575050871555394,0.557768596251971,-0.7566978652751187,-0.4280163285579249,0.9755748233659762,-0.6625658438657411,2.523050693445412,0.15462021375454463,-1.3286342540706857,0.992800676988564,0.7316391223032424,-0.1002577023098045,-2.1855989637608033,1.2007961229292863,0.20982913379704318,-0.9564442427564276,-1.2828814505900492,-1.9933546754032394,-1.5325649947016553,0.2062759990720993,1.0204215265910745,0.6502577149299843,-0.08869266915214732,0.6583854819384315,1.2195916151419453,1.245549028294309,1.4480983329161352,-0.29602590422000946,1.0929807238548699,-1.3398314662107582,1.2676148453464509,-0.16136792251832693,-0.6934843924144559,0.445066551752841,1.3766874946327257,-0.9544194069423015,-0.54135166335808,0.018983153254136024,2.045596845711704,-1.4557575131171443,-0.008732363312318926,-1.0120232783841447,-0.4749079374061229,0.5997515688450563,-0.3342815621716531,-1.1594323194808482,-0.7906693352227238,0.9309204352252414,1.0262438290204876,-0.4372967223486919,1.6217590122003847,-0.010863241790429355,1.1581889568142716,-1.284167330179753,-2.501031982004837,3.595845962611704,-0.12541334313697128,1.1878030093327112,-0.16558713185665302,0.8931355963497092,-0.046984848334107945,-0.13969703353359683,2.1268238094879326,0.4158013326610918,2.4747963015657115,0.3786685900638618,1.6976068096781898,-0.7080266921623363,-1.0091910280235579,1.8323780825972265,1.1330623474795778,1.8178929493926046,0.765393648043018,-0.8822366035611138,1.2048408196634381,-1.8226090961481627,-0.3638664011627584,-0.3758265756440768,1.194394013667034,0.94680367227397,1.9774436631648658,3.369378145591452,-0.9785275863314353,0.5597452444936573,1.467000078261368,0.3720605015748059,-0.6727509008247035,0.8924359065354361,1.1523724671402549,0.18041312744749496,0.6816658517114256,0.1911600932595839,1.3224440715466663,0.07107339391089318,0.7889305362496387,-2.060831422010614,-0.4282843411507502,0.9400242118983599,1.4039754397888966,1.1491699575435932,1.844176781596737,1.5784969728781446,-0.8878007233735228,1.851556851848415,-0.7752760322893856,0.42942746305967733,-0.7555019964921038,3.2883874094132275,2.7410460862990567,-0.8065672255676053,0.9443714722335932,0.7524415536621515,1.344040171396749,0.269955787150416,-1.5367839941209576,1.749747789928472,-0.18917105402697273,-0.8760036408673053,2.4484952399897715,-0.9968879620205667,0.3448271734423269,0.12020077685437061,-0.9193451753541458
2021-12-03,0.6643992038167842,-0.9263853375757097,1.353891773747767,-0.8788736136284827,0.8148803378231914,-1.0824030969086877,-1.2402361435067113,1.0529373679932617,0.9472051173185984,1.882672718416786,-0.3215996637154512,-0.7219063145003274,-0.9661533847565229,0.456483776965088,-0.07199594141859025,0.570449313930011,0.17664038076903976,3.181282443548752,2.08811621814142,2.6251164209280153,-1.069153517888153,0.367232238553608,0.25946470707536085,-0.7009676485578875,1.1767222864402733,-0.5227029083171504,2.269000421566047,0.24726641995998125,-1.5871265529588885,1.0422580794555942,-0.049079590675096096,-0.2153349433113412,-1.6666023053445256,0.9198095044684478,1.463810475375378,-0.6732927757265118,-1.4098740492959254,-1.6621824110843866,-1.2925987606080551,-0.04433085380945661,0.8465991199302656,0.07051520864454015,0.115827939334082,0.9627643434477035,1.3270565646158456,1.0859901304091248,0.5295110009696371,0.7743286900816002,0.8703055022757098,-1.1074960626740251,1.1574846609570366,-0.45274749749598325,-0.6955009160052916,0.8711569227344822,1.0513746246613767,-0.9612308230056552,-0.3414011082978778,0.3020978264829602,1.9091878687737736,-1.7330820969852982,-0.18903539852455484,-0.511439544979685,-0.6157333181142655,0.3109387228669466,-0.5428384053249579,-1.0746019867417362,-0.8153734755228534,0.770650265069143,0.4868988383546089,0.5215853983430488,1.6367193634621262,-0.13993466732255544,1.2892404820587466,-0.11044366268732517,-1.8475794531444798,1.7883241504578613,-0.48610707064319414,1.122556650341769,0.12016382787353826,1.1940435184288378,0.49817465281894685,0.12759348045047522,1.9388347015296954,0.5361052050137521,2.1263377068970906,-0.2271583311657559,1.573840898967191,-0.7537819890672406,-0.9746052434904,2.391439542731187,3.6849258787322565,0.7989662487135152,0.43273900948846794,0.8566783880663289,0.8042707946570695,-1.8611932090825667,0.323237120403934,0.32800271723155555,0.9534574243547558,0.7444830954990497,1.5409992685338305,2.607051490574255,-1.0653446735066259,0.16526659717089637,1.301589157440613,0.26808685357519824,-0.5960443860926984,0.6456339621997891,1.3846669832210368,0.1140656463359724,1.0729691561451045,-0.048268129060515565,2.0460740377901745,0.33877580595051104,0.7137868857264055,-1.8850003716407497,-0.19208375423838947,1.6447497400029447,2.2615256035778617,1.294072000979231,2.1629462181328334,1.4011126075497113,-0.8661153949581268,1.4536393990478027,-0.17751934666373398,1.7422012860287472,-0.26863126828206374,2.7737230088509297,2.6279086394455238,-0.7430574039387343,0.6427307241053642,1.1985942151290705,1.5838855946443284,0.7106999294368204,-1.6702563666705619,1.678388693171689,0.49154284076644567,0.09494863569347183,2.2885047835530434,0.1651836459261895,0.3158104282414674,0.036105627904421324,-1.4348782495122492
2021-12-06,1.3040055368885313,-0.9663293887917035,1.16947459052745,-0.9163781134950942,1.1256819449607982,-0.9236473393084703,-1.2577009678227287,2.324769383741476,1.597251691030972,1.9368156369688108,-0.07800646343788566,-1.051210337178141,-0.3600892684762714,0.40487495797985884,0.3919628536175721,0.929817716268132,0.7570983522745932,2.135386855162349,2.117378895699301,2.6231737581603793,1.1612587985376455,0.5964425981029371,1.3880460512545207,-0.994737320436093,1.479063937477512,-0.7789406372707295,2.293575073582068,0.5303693211471094,-1.6967292958689861,1.1380327049825325,0.34490544556458963,-0.5365698255073736,-1.7329923984831728,1.259868257597898,0.5878078784458491,-0.19000810448607725,-1.0786831157885501,-1.4153876446199698,-1.7128021103723052,0.6028194703331904,1.0588512915109298,-0.2420421425744332,0.4893947259997908,0.8992789427521563,3.021684977129391,1.4475259389730457,0.08174307178805984,1.569754683335826,1.8831802846709886,-1.2402311861258528,0.8965437087480813,0.7668994067859314,-0.49822910093412603,0.451341689459628,1.6655263561286537,-1.5215419323565569,-0.28265648287240097,0.21529186637462597,1.6414404246221614,-1.734089690447429,-0.22653643721733718,0.3078337209030897,-1.9933947573652937,0.046207480880713026,-0.509336787369831,-0.9168360584526039,0.32902987225665625,1.070208489912226,0.26570049968318554,0.41334612681393396,1.4050160981488689,0.2853018209920311,1.0643421525257468,-0.4785303944979891,-0.4950702600682761,0.636238183925537,-0.008128854674920876,0.8260148684349721,0.23091157964577774,1.1493298173881825,0.23594628767674136,-0.01796054420761399,1.8059891124151488,0.5012559220646118,1.9458346586080852,0.6683870632721637,2.115881401147095,-1.2448128383821042,-1.1066709239607373,2.574140048257822,2.999510526027384,0.7310122895363037,0.26660249062491403,-0.06950053985927462,1.0865820612225114,-1.62164451071808,1.3947703331404306,1.3845037797513815,1.1108476706511605,0.44569304359955314,1.3699393258749644,2.4742384434308557,-1.0554546086827412,0.782052100220733,1.6819357523225622,0.46521631936107916,-0.6476147426173167,1.1483621736982235,1.2428183116766442,-0.08363952608935511,1.1662448841830848,0.8102859747311806,2.058333985422133,0.21009602095801744,1.5498666033861455,-1.7506435528825064,-0.5425556713021897,0.999958415492315,2.7810475838085407,1.2431254590192635,1.0977906108724522,1.4003736030431366,-0.8717755874919769,1.8811217335972636,-0.34535619763842895,-1.8005799431004164,-0.5260874918009157,2.18308866067132,2.6823439117906696,1.606239005444992,2.556372563277569,0.9133988387829582,2.4103891886522666,0.44184717483600916,-1.507050358619376,1.398405812542249,0.970170081950769,0.20256844943191527,2.5720214629093268,0.1008419576460499,-0.045199675649447525,0.39231524363062864,-1.2591308429630983
2021-12-07,0.582451946735887,-1.08746999675379,1.1979311073771002,-1.1941093115502333,0.7152794910499156,-1.00042878341042,-1.1982845277227507,1.974487404457295,1.2794470713844914,1.915480966559156,-0.1763113436601003,-0.1917470713095205,0.164814851533674,2.2511167305965105,1.0894784921009004,0.9607948549499165,0.5936006226892487,1.618393349215593,1.5001028091292419,2.805090762279335,1.2575181149440535,-0.37220820862122983,1.6573349740068348,-0.9283708083953056,1.8304051202223597,-0.6104784299113647,1.9389602347442183,0.931310553195961,-1.7728699684113836,1.6654206906409146,0.19060740721111746,-0.6995344699988494,-1.4990321121010535,1.2174328429301557,-0.6784432588054278,-0.12859752003336528,-1.285603473573946,-1.1798724575976527,-0.9446170184663014,1.025061656835581,0.8295702614793089,0.2440857539851284,1.0057059804824222,1.120054237486078,1.8849074198309201,1.8043836279637133,-0.16550619326190627,1.507234995466774,1.4395354009705834,-1.0290732588066904,0.8384283388915106,0.6886484336203242,0.10000307106172661,-0.20884097868442114,1.3863271568676763,-1.9260557840040082,1.1189607025140709,0.8254623005632082,1.6008917941481051,-1.1831428054974822,-0.3590154669675114,-0.24923128477379122,-1.64243417431128,-0.47521199109011597,0.752551324584506,-1.1387265143757446,-0.1845583192815831,1.1343326674285015,0.06108332540864256,-1.1173239919199707,1.0896350516530748,0.7119927581801,1.0599623422276485,-0.11214875500861186,2.7091872131266057,-0.5805076727020351,-0.16734887930810793,0.903064035571472,-0.7279657112570411,0.7559052756050557,0.1303727705225825,0.9331815246718181,1.4724226160113094,0.49666115292954877,1.6709408015495941,2.0186874421991132,1.6482935496204092,-0.9745454443070689,-1.056106182013176,1.78820669769626,1.9822833737898107,0.6402562397434824,1.1874888695421157,-0.47876162581663223,0.24681923914363568,-0.9415591047591987,1.531246716499361,1.5396364089016485,0.9847747503283724,0.2337365178981648,1.2255148502948834,1.8700738416963194,0.36475240659856006,0.4251670040910338,1.6382301234693248,0.7138564808141774,-1.092609646512364,1.000858847651726,1.2010901531596812,-0.2923170799905626,0.8234651613237504,0.18495669828409925,1.4988279879140534,0.229831109017532,2.123985841894564,-1.5515869067791783,-0.49548862431524,1.6811026074606341,2.39512898920857,1.327421540170251,0.9346193241800927,1.0844936792394413,-0.9254793069281071,1.845437788392393,-0.12354675803057737,-2.1003550727712677,-1.0958341772941038,2.480950593789845,2.468778150655276,1.2867057630314858,2.1579312578685568,1.9174171702574625,2.3408882123814663,3.441129752129107,-1.6777555399507709,1.2560223247424764,0.7927699277823981,1.823867631423459,1.9977028349269668,-0.09957929248660964,-0.09272154414708553,0.26555567000932345,-0.7656537030789089
2021-12-08,0.5049942611933843,-0.8754820452887954,1.9929975335748196,0.6898481248953502,1.5062729210206265,-0.6759958125660056,-1.0787127752627934,1.6522122961574357,0.9366348381316822,3.0342468084273815,0.19338919399199275,-0.12385562024822724,0.506531406099584,2.5397390171612693,1.1911291595473728,1.4069610824640912,0.6517469128094685,1.4967402396970124,1.4325143114643921,2.2335724718408705,1.8093652780667284,0.26789872267429965,1.8724543319676268,-0.9384086846871986,2.7398944293538516,-1.1377260931737434,1.900900737999205,1.6592666662880433,-1.39172829296042,1.62124066827975,0.2950034826328676,0.8227018868758245,-1.3713030318778283,0.7466662905431173,-1.079834868397713,0.6187455882809708,-0.9514211470310315,-1.1780679276511645,-0.6667189611943838,1.227592857110509,0.8387046830408633,0.11905894160837932,1.297474175634565,1.636329246677136,1.813242903981318,2.794020525201516,0.09926209920838829,1.1760374160478495,1.889444211168274,0.02702771152731766,0.8609642151187069,1.689592030716721,0.48045272493366276,-1.5703998932872896,1.4620772590742734,-2.2663186205832995,1.5116524469637922,1.5150302134586764,1.5009877653230936,-0.9812316187464596,-0.39954275332869194,0.005480043845052985,-1.3765577062560472,-1.2262051688006403,0.6823842966876911,-0.8099484951940203,0.2702252482284054,1.066412417006375,-0.10564720990331768,-0.18982030140896278,0.9672901878925247,2.461824026462157,1.6778690317975702,1.087554586989547,3.2288697438615976,-1.9208833536458265,0.11012449292789521,1.2103251306810652,0.8382513937393111,1.6099750028183244,0.304307671457894,1.359203980500004,2.334132183397049,1.3902761134989614,1.6707920389913573,2.0770053600241396,1.4673042141794097,-1.0253619996980945,-0.9026688247412697,2.4736446052866694,1.891896817938391,1.2928087139259161,1.6976027831868459,0.6460338118504697,-0.09473655181393323,-0.4784740915085738,1.5557751530074637,1.5649495263181044,0.9818848721654043,-0.07103793537818379,0.9853152871314588,1.913182457906732,0.7287744969707423,1.1192650000898907,1.2743057752582998,1.1515330673417785,-0.877493605977847,1.9384675112806655,1.3755476909675133,-0.610224871066154,1.160520028510656,0.89974784713537,1.682230468182319,1.5791233156685383,1.9601821478385177,-1.303563745280484,0.53939605314634,1.3912622880036842,2.1203296375585983,1.3146951794863384,1.501228567993375,2.892456825036709,0.4882630228178442,2.6034317148403368,0.8583076738176023,-2.127285694581826,-0.8664218547606908,2.5219220530704742,3.1351682344102447,0.37000646854126396,0.8490567293459603,2.089127220498202,1.9461438359723495,2.7397937159004293,-1.38309492070247,1.1623014901105675,1.1451682396049248,2.5798172692113233,1.9796726208384225,0.7053803466109451,-0.14319076904398845,0.5164730615795963,-1.9267267586708436
2021-12-09,1.6850467585087023,0.5447865985389777,2.4532758464257722,3.237745426058696,2.3501560436759137,0.14850233247158406,-0.9046350938314315,1.392441670280363,0.6684699570196939,2.3059553094379965,0.11935742627354176,0.22465145383387766,0.48542886853132816,1.6667642139001495,1.067213354511169,1.123156554331486,0.28828581703084,1.1635740845070675,1.3903647960241354,2.0277405818027137,1.28137547888249,2.194264301791287,1.833339412405405,-1.0131509857052405,1.9423989612417296,-1.631382169969702,1.4073106935669126,1.59676833163007,-0.9366888911410937,1.8212608192687987,1.4182123751599183,1.5539743438887017,-1.360304717145592,0.5084063891488745,1.6267938905079327,-0.3626581754990809,-1.40750804871306,-1.006928823247002,-0.4325058292267148,1.4529023519723239,1.0086804738483302,0.9471950562790354,0.6757837458886486,1.0906526680651072,1.2534251591364325,2.519729895010262,0.544707309032961,1.2305763203333624,1.5971766234246216,0.4276176909947451,1.1829333232822068,2.462065744628219,1.8105198806853924,-0.7392489337198684,2.373501734704653,-2.4246603813923775,1.366541708885575,1.9163556092086191,1.5415096147799972,-1.1549466793188137,-0.8868741088567843,1.21977615598819,-1.6999409313752392,-1.3142873236213481,0.9445495721860739,-1.0635122913942894,-0.2669402505180606,1.7608142977511303,0.17646621727044445,2.031022155186826,1.277480892932075,3.2402150534091465,1.8289662327877523,1.8848233287361373,2.463429283474977,-1.947225859921513,0.0671847059435519,0.7577740839946084,2.4540374912358747,1.803514260616874,1.5121530963977496,0.6292143648809292,1.6889636235765042,0.4650897360957241,1.3268904322813002,1.7559105306958638,0.762147006316336,-1.4170375207672634,-0.4361435444922495,2.1000658184353864,1.589483699756504,1.479281280733515,1.7884371910960535,2.5715144514628303,-0.5917263870718737,-0.856838401236396,1.4371662381262158,1.4474659844483408,1.1897453728972576,0.2369131947019603,0.7622633877218106,1.4460345916626864,-0.07927948950579722,2.452364342520456,2.0886594402889975,1.5224778781610717,-1.4086419837189093,1.8121804458123434,1.0246339772137238,0.8613114456803326,0.7450485730776448,2.168548515888924,1.4841689599093186,1.9711924262203593,2.147813814444906,-1.1566590263765786,1.3679456465717543,1.7459175650910779,1.2472289294454288,1.2762934471729088,1.4265248768923644,2.290120434765767,0.8855072129598092,2.2495178821965256,1.6059051426839752,-1.9184395677011132,0.1378546193091442,1.9763407124919916,2.502462487387592,0.8349863006748338,0.5783005652060499,1.910661669062754,1.781801938054312,1.7760501395525004,-0.8611251243408348,0.9102661976658802,1.6076524484500239,3.22151686588976,1.8354497677734443,3.191177053887421,0.2927325841959293,0.43183142229150057,-1.1391181138458069
2021-12-10,0.9547254391323939,1.020605606508089,2.2439744971336566,2.930487010014406,3.159896158038403,0.7161549768161733,-0.7487221093477032,1.9226629512976303,0.2112451795492446,1.7004360496158883,-0.8205234136161902,-0.39443993533622346,1.7411339047793437,1.0135500590472954,1.9869322840829335,1.5566934233795764,0.5105298196882389,1.2994416386282688,2.1231617655614783,2.058067995724006,2.8777368722941827,1.3157426503735166,1.6754981616262004,-0.44423728425245207,1.6599795919719473,-2.655851958583065,1.2009727608761844,1.8607449864196284,-0.4492566213276617,2.1588470175466843,2.168187531982792,1.7327359616576212,-1.3639482281051745,0.18326338914318493,0.9505815857498687,-0.8673805255851177,-1.6643470983594462,-0.6607826192176931,-0.1049830449916697,1.5113810327005655,1.0784851576435879,0.47707281862502116,0.045290201981931726,1.7114776673920238,1.3801113188465308,2.2516501735953596,0.5153966370772368,0.7089586291067852,1.2096489710259815,0.3121584616454538,0.9947441757905665,2.3338206070683603,2.3777101090198114,-1.452862824928555,2.594085301380678,-1.9923816807012849,1.5512201632345837,2.6583095325411463,1.525849391141011,-1.010569269784068,0.8535822518541274,2.482528736911669,-0.38649865371123415,-1.3158825471922497,2.905146992934954,-1.5985376713216948,-0.07579412398204391,1.9268728713138574,-0.08981179807326077,2.0935485105952734,1.6757118488184544,2.757083027432461,1.7893701049422148,3.2244617731278353,2.165999577753272,-2.2698205264199367,0.7786623293484916,1.4349834622647952,1.8626289170268322,1.8222946458621474,1.18424828106926,-0.9473238986988883,1.6409316736336461,0.7412938993628192,1.566324800296813,2.4052431810998796,1.1256256356392058,-0.8074318791273227,-0.9365481469646917,1.1395045654997191,1.4931309636536216,1.1853924344818136,3.159527240768318,2.0206892325613084,0.43130035217555945,-0.3140914815828558,2.1817270594261253,2.181046315089829,1.1836732954228375,0.09877938342788829,0.9349373258087608,1.424090651665491,1.8454755663025355,2.1490321887099815,1.649277056051448,3.4091887912566072,-1.2968518654604055,1.918541243137008,1.3497408733826848,1.321866471173823,1.846828917603127,1.7288973713344231,1.562955463398,2.5784972689540835,2.2011156387201245,-1.0797620427354588,2.0291857339399106,1.5573692678326703,1.0295574577680013,1.1782155210745013,1.5869557887759684,2.059370964386695,1.164856725311459,2.471438680722776,2.7720066863599766,-1.8350788070429995,0.667823166699001,2.086297095386576,2.025431501582401,-0.127915433966135,0.8302234922408869,1.7824453331303536,1.5708441480784858,2.0133961619668415,0.5849509637688307,0.7174476109107176,1.7774680445425812,3.4486981044237046,1.939336470584691,2.0020006421476046,3.031572199557843,0.41144919452255213,-1.717069079368868
2021-12-13,-0.06468422032421646,0.34510981344029895,1.453350266805317,2.1223255574246664,3.1977518058293244,0.039726314801766215,-0.8943494025470254,1.3065281482224063,-1.7334939453281057,1.6065855569917182,-0.98088338351613,-0.8833324536404883,1.9962580327768333,0.7273202509912472,2.1218436518218544,0.44998992715221775,0.29251836281249294,1.188267076854004,2.0394071389619803,1.703971416666942,1.9490526977273022,1.016176120219851,1.345282936593287,-0.5705970870050247,1.3800259282742275,-2.291243994417851,0.8913911802981439,1.3579086951286818,-1.4381943835595867,1.6978183580808117,2.3703552591579715,2.7752057230209055,-1.2071386732727392,0.17799753306058996,2.2187136146374637,-1.4529879815340954,-1.795813201169503,-0.19225103309177075,-0.8014081465794409,1.2018767173320473,0.9129076376920672,-0.2681860355797728,-0.5580954821284927,1.1482519483692788,0.8246636746575725,1.8379633698712992,0.23059932294501292,0.508323123525009,1.0853400304886018,-0.9939373598561673,0.9377963440993916,1.671541967117807,1.6264643338593825,-1.8720546458936727,1.580049049737669,-1.562302683427928,0.9642221722760576,2.093777694213668,1.26002290589388,-0.02592679519126499,1.9541617482221996,2.3523939167509815,0.07694631585844854,-1.2778253608729364,2.191605042428614,-1.0194955574591182,-0.16211207234086158,1.9360292913189334,-0.319613570046638,2.4243255316371592,1.1833197979191545,2.015221328235954,1.8481376107112872,2.3115298176172776,1.0847457887366934,-1.7925590476791455,0.6877970887585008,1.5537322980938968,2.9282936343035857,1.421862663665075,3.235743111402354,-1.0509550569355284,1.0891696603785834,2.5135491381851023,1.478672461637328,1.112220200252211,1.205606012945066,-1.0288217032074263,-0.4790865609154805,0.7106516796523764,0.8398204679540117,1.3029954437955293,2.1932898402663192,2.778278509328346,-0.47900011875649706,0.184328189681019,1.7771300473270948,1.765593493032076,1.1284696486734505,-0.1539320822755717,0.714859488588982,2.0077384544277623,-0.27633866401093277,1.561849485207023,1.9842513503298982,2.4123540707736635,-1.7247015622479445,1.2632729106550287,1.13486335274806,1.5611669823357155,1.3756999403578856,1.1761381412093335,1.4822695872482257,2.07793417090428,2.0050406653970136,-0.8942122328946951,2.6041792706074687,2.4805463455393757,0.36216760863937286,0.8046987236613699,1.3109755718737444,1.5001125087627314,1.233624476891356,2.1186191562240304,2.305677870995648,-1.2830326504518723,2.0101733158322426,1.6436524016674383,1.6750406981201345,-0.018125480540925366,0.748072215232063,1.95872889636643,1.0206408581742326,1.7357123759433826,-0.5537713310298068,0.36987366830067947,1.4613942502565096,2.756839174474052,1.8583924555272753,1.982521054515302,2.3246322959973194,0.24059079579248585,-2.3777124186719423
2021-12-14,-2.1324121062697565,1.0110777739848231,0.8950669990671581,1.337710719155719,2.0218153182669254,-1.572379512882239,-1.063880205901168,-0.389270196787351,-2.80345729895941,0.5394164048097457,-1.4986360471454938,-2.1079337099471855,0.9870953665723428,0.01745885525216161,1.4369194962237444,-0.27642703885339304,-0.6545622550249502,0.3813842020036213,1.487294510773905,1.7540063765634324,-0.014641783638127216,-0.8722445569036832,0.7888247544968796,0.4648511004440678,0.8978388178180212,-2.1446549926346825,0.4976381771011419,0.5223659640406001,-0.7506755896558508,1.2697964929565768,1.2385041800969225,1.5068906021058177,-1.225827464490048,-0.36638686636586304,2.0243122610157,-2.6414816499341387,-1.9976261036245315,-0.7015732867946409,-1.5120088088947683,0.5873030311072082,-0.3288820889485825,-1.23571083609379,-2.1937944992422906,-0.7892502980575922,-0.6048665846040775,1.3613066173480095,-1.2769538617711866,-0.1564751226045241,0.4632591382929538,-1.596765457426825,0.14479766180850914,0.8194396335079639,0.23374399145855065,-1.3737242830658307,1.542864585293769,-1.359213279095004,-0.503581575801823,1.3050744887656052,0.8041634560746632,-2.4002552672995305,-0.6370721813271593,2.0735528093626563,-1.6451679157520742,-0.9455220023354156,0.30034324951213165,-1.8243863803254239,-0.19832863692767252,1.0464197162684392,0.04889958723444675,2.2189482679771655,0.7130192554062669,0.4344929971897737,0.9700408604482118,0.5423069986244536,0.582973246550788,-2.095999622572139,0.649533239025437,0.10703872905378359,2.0999702539262595,1.0096516827608706,2.6472502898358794,-1.5702686986637533,0.9672872304863169,1.2812185182840883,1.3272272140956556,0.30641851950932175,0.792309226107121,-1.8195524233656564,-1.723489632358985,-0.10158139343017343,0.1887279083836713,0.5792945016358664,1.1168098871124919,1.1005654681903392,-2.8352424769528275,1.8155191055961775,0.6251476398418189,0.6129307463358248,0.8971968226899597,-0.6040655367774158,0.3149234490838988,1.1822243941588038,-1.0739799037321232,0.01324985103565234,0.37709533529838757,1.1310739613192644,-2.4682811233263666,0.7275248493781985,0.6085167715775126,-0.4576990919576546,-0.34371468163404506,-0.6800582010057032,1.3029545119751935,0.689163369362752,1.9052113555054513,-1.2410785377109141,2.3968184856876817,1.1260277733870274,-0.337648093419745,0.4782155381823622,0.7859022050797907,1.0561543040533836,0.7184431306885483,1.211987720907873,0.9220754570693853,-1.6540575660662709,1.834160294864491,0.9023485809642691,1.272128574637438,-1.292796380544678,-0.13164062880368113,1.3220425806895102,0.5461625477450004,0.916979707655041,-1.747044531259404,-0.3743782500358782,-0.19971722876542955,1.7003962548141371,0.5481428757396757,1.5332318460701633,0.9186721819746123,0.34934424253917573,-2.5288343444997907
2021-12-15,-2.6511007821639203,-0.5307292678980933,1.1270421930900043,1.2105200296595904,1.6418113565857444,-1.944150257023462,-1.288374651134681,-0.9868809988195193,-2.2379306306453657,0.6189117095116619,-1.6074501285780656,-1.6970184528399497,0.889970975214943,-0.6699906226181717,0.8237144275321376,-0.2484872524392805,-1.5529055917669663,0.44189129755283446,1.7970050333570053,1.0406981540283327,-0.7004100220925664,-1.880636271342832,0.32574526992644004,0.38546185862021987,0.8548079573399406,-1.5189157941182447,0.27214579377562603,0.5167623682315341,-2.0356940004590425,1.4103547695924363,0.7076352679573269,1.6924675027220781,-0.9672463471927282,-0.550974026095018,1.130763998558088,-2.8697476375674427,-1.9261196874100577,-1.05942523806384,-1.8963702327179024,0.15124027875000312,-1.0399255044219962,-1.7628875500841699,-1.9877107461480055,-1.3917762633027346,-0.5851707171996205,1.7900954924518078,-1.4312386208979537,-0.9517192773323069,0.45329926246058466,-1.986769168512938,-0.546924760101696,1.2632613491927414,-1.5174277155641673,-1.8174747772841733,1.0842344447281114,-1.1211101783241975,-1.5290708940653663,0.7681934651342932,0.7935853945191648,-2.9296503834942977,-0.9920078809272819,1.8737785831004705,-2.5615537650631985,-1.5677773173450225,0.7113614149774966,-2.1533929699117973,-0.293082281999389,0.8707085566095323,-0.8148990057970217,1.3762529843820392,0.8217201354965576,0.39998154365955135,0.8853023055953958,0.3945513875886992,-1.2097811973657773,-2.572775388460879,3.0126532158747783,-0.44551501512095376,1.1106995188792264,-0.8160653694787101,1.99261740635378,-1.5923333230688173,0.6756630123376669,1.4200130332636207,1.0637993880828616,-0.280561872541241,0.6687381092640783,-1.5062039006791443,-2.503693179478709,-0.4730649710170623,0.14861677260633968,0.055414291584489406,0.9625495306244537,0.856279333683999,-2.27290451151156,0.13317523802563533,0.08933520980498166,0.09204653419634969,0.5877935161627162,-0.6522159544003362,0.31224387173790547,1.0056151225822179,-0.6867115163558004,-0.4294348551602254,-0.573976618330159,1.1641326266633412,-2.5340086391063137,0.3423216398111617,0.4598888541195633,-0.9437904934484908,1.0052410608383342,-1.2399331055705034,1.0731485755082686,0.45393033828553425,1.6557359444597222,-1.419181870062016,2.341580591549112,0.02176910529262056,-0.646600427747738,0.17740987793002802,0.820412503531737,0.5454073558744509,0.0027354721956283144,1.0562396600675774,0.41132162033626407,-1.6357357131483885,1.3060006797826669,0.4928542649397989,1.2927643596005955,-2.4378150037768536,-1.1583067995944933,1.080389295853398,0.14537837787991006,0.7229305901002634,-2.1140635739295295,-0.9582949581289487,-0.9437755500542314,1.4444597581544478,-0.8636922971122702,1.0100428353852042,2.221500554986727,0.9356990043817733,-2.367767669661882
2021-12-16,-2.1748427619520765,-1.0899985817883118,0.7296235904626954,0.6329044429844033,1.1974458531083678,-2.7372869955128594,-1.4708306153691455,-0.8052931243974376,-2.3053979162711404,0.9115962520283749,-2.8269039467340846,-1.959987204373826,1.5529046864795455,-0.1601283987834027,1.575634168226794,0.7073638019791183,-1.5536056951293675,0.5447434996375141,1.8076836214498102,0.6681237914266521,-0.6819279269818002,-3.3270022976132894,0.8972681715748332,-0.029289937310953765,0.5791689965159535,-2.0252866646370578,0.3885579981464851,0.37424322959838446,-2.141600866494077,1.431690609888234,0.5931411692182542,1.3881058994139195,-0.9562623418260696,-0.542528822721302,-0.08452772725581148,-2.786700791742218,-1.5678106201410222,-0.7374727646559048,-1.8157390821942692,0.26362587226593975,-0.9558835976346415,-2.4094313580631685,-1.7724256323372012,-0.3706868670173403,-0.47172065427061605,2.496027555284973,-1.576316179007608,-1.2592401948665095,0.0037529609315428317,-2.332892643340781,0.19980871556988558,1.3196639654801736,-2.217956147400935,-1.9157748466113935,1.5560920811113532,-1.6019962195885955,-2.055536705410483,-0.6637489531400392,0.6907028525932062,-2.476256748903969,-1.5302668107115518,1.8549478718584234,-2.4860119398081277,-1.749170725617723,1.7639783186559361,-2.2741617779147743,-0.08144563129299975,0.6371078977731491,-1.01982637165147,0.38439359501941184,0.4425865133437008,0.12111250195939692,0.5116560311435078,0.1318331900745744,-1.411639141947592,-2.054566029163474,2.914062776005985,-2.6583579562827087,1.114369721044028,-1.9537003258443255,1.2285310355849544,-1.36475645279767,0.5812836930925008,1.5047766851763325,1.5833621997773588,-0.4032731034239499,0.5061889860878505,-0.9908983165457264,-2.7673686439796796,-0.25657019434838824,-0.26582852642649324,1.7258825824971846,0.3570254448102587,0.10153104766653244,-1.872212607056287,-0.7000856395949295,-0.5618913354606143,-0.5673006914903946,0.4581117624392831,-1.4939061445178983,0.050415644940731204,1.0259770875169285,-1.0396183593184256,-0.4661485427226926,-2.6484291518229095,1.4994431572223317,-2.4140260647325835,0.22059990159591372,-0.013989359782077992,-0.6917068350352509,2.089458416668741,-1.3623189584356876,0.2927163989263999,0.008163308467111061,1.568064254686292,-1.0312826551912784,2.5977366539650624,-0.3913652103353254,-0.2444859557383582,-0.012817938517497681,0.7585220122167879,0.2782921606214055,-0.9788275777534371,0.9437671614189942,-0.43033211055521237,-1.768109390574907,1.4826736211834228,0.7090186694295205,1.1689299124801036,-1.6477507850662008,-1.0998055112190612,2.9003406798923286,0.4414173251080226,0.6474441449908669,-1.6947182301495989,-0.937472130117568,-0.9499888554584023,0.8490146190843527,-1.5787048399007135,0.8416014459394568,2.1704959465536993,1.2077889692794341,-2.224118243284623
2021-12-17,-2.262126038469906,-1.9282714518161577,-0.37225722431347885,-0.09375004256395252,0.3387789427242523,-2.4924604509871995,-1.4495150355613644,-1.3866924113525652,-1.9652424516633165,0.354933220306466,-2.648254186536895,-2.7080725495548257,2.987886974261755,-0.6935742773743259,0.9960575752617544,-0.09075133089718339,-1.7709530486848397,0.4974646575207812,1.9890013930489652,0.30062592419673145,-1.4393811897282671,-2.9750763412323087,0.4374284479829681,0.004657779779815848,0.1485983974006297,-2.826800321773015,-0.09659078179204114,-0.0777956299691973,-2.4133466610384247,1.5464216576014138,0.07606602174184697,0.4722697584128034,-0.919046924376432,-1.4127465082553352,-0.9456651940372863,-2.8240835543012577,-1.2348608533711287,-1.0290263149196128,-1.9648326958709403,-0.6629361466776512,-1.2737539739562398,-2.0272487676304567,-2.105451600297543,-0.45085796060656247,-1.415616712892366,2.269887777193301,-1.8646242283575352,-2.1502636303209997,-0.3107958839358438,-2.40170310509323,-0.5945028387365238,0.4236750005246734,-2.049281297695412,-2.388787091417152,1.0100244775682625,-1.889128671428409,-2.454166533348198,-1.3081577626658887,0.737622105678423,-2.3633418866582203,-1.6716976946126414,3.4907976712759243,-2.641019270277854,-1.3773424942709747,1.0246827242888052,-2.7414601613024616,0.10566678261362525,0.7761017831922649,-1.2296700170992618,-0.20201888632425355,0.1121237411132783,-0.819906962152416,0.3076844372324635,-0.6344251229624136,-1.9902501700075566,-2.45017025550988,2.129480394620803,-2.6299606653165504,0.7454488422707829,-2.1928117280715886,0.8035086556876472,-1.6422418385282032,0.4329243811911656,-0.09788840951543926,0.8558401190101379,-0.42809432685604537,-0.735681896298776,-1.8793488741265627,-2.8487948083318773,-0.7480567175393538,-0.5559872206542769,0.7145383390379016,0.1958690828960077,-1.8189364733172944,-2.315964153612512,-2.114667944011344,-1.1373283719895788,-1.1417348074602864,0.08165878589647695,-1.1258643533964785,0.4246613416934486,0.7305090627237861,-1.177355250623561,-1.5195364055998897,-2.394966733292343,1.152551354660438,-1.8923365119939057,-0.14142321673481592,1.4676797783740951,-1.1046919209535178,2.692352083551295,-2.0605544181882856,0.3965296589090996,-0.20593397353958626,1.6768829023194436,-1.3079797681902385,1.9754195937696823,-0.6190575794045549,-0.9675135172434249,-0.4400563664522889,1.2966157969781371,-0.1036087204796078,-1.9924938125223544,0.64517715958383,-0.6337755048313997,-1.8891061604163293,1.0935158562701064,0.21600800290310457,0.8957120713216487,0.1758691919221636,-1.7112965147686214,1.9709421905124456,-0.2606275812826444,0.4180451262383543,-1.7915299632987844,-1.3606438557400176,-1.6641280395539806,0.3453248874188344,-1.4700895684033395,0.2203148212426863,1.0167094483128385,-0.3665169421723224,-2.440386770452305
2021-12-20,-2.427613734523375,-1.1107537688439575,-0.276823711966482,-0.336368422405829,0.5130596301921686,-1.908364222362677,-1.002781009997256,-1.5817779922669637,-1.7184522726219604,0.7333945744482437,-1.8164303187612147,-1.7613515228381973,1.936495449478507,-1.7997648409045255,0.12430490312142208,0.3909236103903991,-1.4219549401443419,-0.1425650245537672,2.150667388432062,0.05271334463341891,-0.44405251302044196,-2.3002932636116027,0.2539153807241642,0.7532832216593152,0.3707440249017351,-1.813693253839319,-0.07840913833216226,-1.2341446319770348,-2.008964873640044,1.4950778900923603,-0.08230199967644962,0.8605885734561609,-0.8008207457221493,-1.738110780513619,-1.3786685040439675,-2.5997329157099216,-1.528977971256415,-1.086288191955055,-2.3840678941558027,-0.6173631798010437,-0.9734483194017849,-1.8414385638258792,-1.9418690573384696,1.1344415175454674,-1.723218196596696,1.6510971383257806,-1.6097981384975795,-1.0322051677329558,-0.2288915402101652,-1.9038903557498281,-0.7169582948664676,1.1819583860449883,-1.7662895218734187,-2.2445529921978293,0.5678433096072432,-1.569460814076746,-2.55701514644828,-0.816203593732712,0.9906422109031705,-1.9569525950515663,-1.4250360757091134,2.2750139954532855,-1.9741492715891353,-0.9936748530934864,2.2534424848853276,-2.4112511590684664,-0.5681940930988758,0.24009936523613104,-0.9879583736290053,-0.22370983264458985,-0.03744189186050472,-0.5531382926562494,0.8202427606703472,0.5371747254564195,-1.773210492177829,-1.9125801685043868,2.3856693850182076,-2.329434630324857,0.6907586147391915,-2.090849518982524,0.8127030365576813,-1.2309745786604198,0.24106949809777065,0.08008023888026956,1.342886947872918,-0.4698099774694717,-0.9944357252800734,-1.1035262340988778,-2.1274829931890995,-1.0487998185036334,-0.8675156192556635,-0.3302740975971989,0.23551838492845645,-1.9593774302499876,-2.329768064113891,-0.9629104184184869,-1.3217261554814252,-1.3150111762494228,-0.25442883056572235,-1.2935857005983276,0.46552093404670675,0.7495340893837331,-0.8922486016240333,-1.1615975136557664,-1.9005210010046774,1.6872204689595562,-0.7195486893965843,-0.6855204485364401,1.7993636035299765,0.8288959059373371,2.5642760604815478,-1.6693975918717379,0.17669486198532827,-0.0050882705037765845,1.6149185369173544,-0.8617991521769889,2.132480298355372,-0.7798872928240371,-1.709384070947207,-0.5970835487908661,1.3387632594267227,0.0061715613555933906,-1.1894613061242545,0.7565094672245714,0.18637350223640511,-1.5749413065713442,2.1864830572284975,0.4450814258661388,0.9681447248757518,-0.5098828837982318,-0.9950534748634147,2.0423288400042647,0.124980932245529,0.13944851307637535,-0.9610883536023772,-1.160012795598679,-1.0681381671889916,0.30122353802759727,-1.2882460158818851,0.05406135795432259,0.1201715480163434,0.97518004802278,-1.8458987665781044
2021-12-21,-2.068745014006292,-0.2942434141066553,0.15676649475531398,-0.40263959722488973,0.2004703170887038,-1.3190760796000844,-0.7878642167130797,-1.4796717801041235,-1.4120508878953455,0.8939503953516624,-0.7943451298541764,-0.9220549253362147,1.3371032018262352,-1.5341438122171331,0.3592739904299359,0.5696969881345868,-1.1303076483669505,-0.5837020141429222,1.9327823463104308,0.12813197471518992,0.06532928011305308,-1.3758411596514573,0.6358355677324047,1.56109530120877,0.48451304494819736,-1.135747369545206,-0.05970339479091155,-1.551502204239513,-1.5866292240936213,1.1200359287803212,-0.28437376222696886,1.591595780194917,-0.35735294884612023,-1.6685406380137122,-1.4805116732181813,-1.8208000746212276,-0.9714735838148079,-0.5926168068951291,-1.2484171034399727,0.1933632683296037,-0.46247702647791933,-1.455428111876078,-1.7167356078031977,1.9936555676675523,-1.4527182008608421,1.267572113361096,-1.2943260950427216,-0.7202139632643147,-0.11407114165063577,-0.4731070807992542,-0.4067093421392649,0.8741883555112181,-1.5881200720454105,-1.909684895028566,0.3172106250425381,-1.1333210859351182,-1.9010766772418353,-0.8340423221755969,1.2026263088401368,-1.8116606441606613,-1.0423844522060348,2.029806370130239,-1.1854800074625085,-1.3047055805620187,2.1717508661250564,-1.9694632879580771,0.5112194832715928,-0.5998668683709734,-2.657799812254892,-0.10022299327102184,0.0025611548292235778,-0.3054812172232544,0.777299405091125,0.6012180053146565,-1.1784239467367796,-1.671294103719167,2.119813203675517,-1.6918523305145183,0.6717496935469107,-1.7966075205935614,0.8972010220204466,-0.8118919957112228,0.24880574412770273,1.5092674557541443,1.4912194915104133,0.5371895962640719,-0.33299775351575267,-1.0822737138857839,-1.758651682734049,-0.9082755238079738,-0.80707392040174,-0.2731390814071465,0.12233129781845811,-1.440681460801238,-2.186713998555171,-0.3710020270898016,-1.219774448654636,-1.2260006177318157,-1.0064841331793242,-1.3833109637815952,0.33810610003840297,0.6224910472319403,-0.3291232509121337,-0.706292647432118,-0.5401753274787239,1.351481264557667,0.1633287441951803,-0.9320549931413762,1.244589628231878,2.288397438083755,2.133725774839027,-0.5171215723297142,0.21862393115312453,0.08393281668215549,1.7690148742532605,-0.020721897953723027,1.5678390646121634,-0.42832072339541594,-1.696323207743747,0.46062230281265054,1.326767770716377,0.005862024310439492,-0.608081558863575,0.6926086523074143,0.13311273433579132,-1.5132703982732554,1.4284187690805297,0.4499545456622776,0.8365303589626885,-2.6821136616171297,-1.0915487721887265,1.7477175017384763,0.64247472321338,0.06271291426542099,-0.4047569779236776,0.47982782691401693,0.6867145806213784,0.18816807539303096,-1.2413908471768267,-0.10724676321025767,-0.014647497648882521,0.26448708361035195,-1.4192960807740662
2021-12-22,-1.9698258304432277,0.9663643794040941,-0.191087357530094,-1.095210848337391,-0.20023434538422777,-0.7682047896011703,-0.8033580009603666,-1.6436075171550732,-1.4056734506737076,0.663350944237169,-0.6943411851898463,-1.4048392379099661,-0.7193680913578553,-0.7255075113704282,-0.12955077002550958,-2.2386850946890204,-1.124289400954727,-0.6111791322300422,1.4286151032500352,-0.11513558156010575,-0.2559315575218128,-1.712905557034646,0.06977858918094747,0.45146297237733574,-0.053506346122842274,-1.0621167380144536,-0.26758301298837356,-1.762828586055042,-1.4499583124277111,0.9511161704319635,-1.2283886852533077,1.3675083735215552,-0.21588582039419427,-1.8149372894595521,-1.4546659359721514,-2.0145572313113136,-1.267907477262519,0.9287553725210428,-1.3454354786578102,0.005023484081166457,-1.1463296247354873,-1.5551155544175663,-1.6657625042503292,1.2521159736249554,-1.5894854791600934,1.0209036080493203,-1.5273873640014684,-1.4332952554150606,-0.767429724560159,-0.5117316783477954,-0.4612643150649141,0.48552820263224583,-1.7093547461698373,-1.6016936784981675,-0.10031262991951419,-1.2620761708865313,-1.821136481390688,-1.2443953979384281,0.8033694469514859,-1.877171334884146,-1.4938948982285747,1.5000955952688684,-1.3281664439638847,-1.4703472901402959,1.4500014552099394,-1.7004027543120703,0.04327438417201845,1.4754890070551194,-2.7506421211332106,-0.3130576931627965,-0.6035264752159543,-0.8334224875327312,-0.40147458453021934,-0.48809618335970784,-1.1736203984890405,-1.6516780672332396,1.275068957014285,-1.5314346697291092,1.4070645856570785,-1.7989874410815898,1.1230314333996119,-1.614765068807092,-0.019473526910206037,0.7226487795179394,0.8873665226169776,0.43057061596886737,0.006951502612774312,-0.9643896241061305,-1.5321993467626749,-1.000900921770467,-1.0774295376763272,-1.055854016885801,-0.7188616233344816,-1.2804704726689125,-2.1005987583469863,-1.3749742244786616,-1.4864998953168584,-1.4865513255580667,-1.8495448957176586,-1.326755569264697,-0.6753061679792397,0.3806119693234338,-0.17724479679558672,-0.8965588281683674,-0.8543454979228976,0.5160780698564159,1.3544208636343886,-1.0024496965573946,0.5307389265520237,1.9647963968113358,1.40025004995153,-0.8351198359341656,-0.40604841390559293,-0.8736769075486638,1.3357916244894579,-0.0009829390118417077,1.1255668501198464,-0.8739155714553624,-1.4963555421518018,-0.6370528057918359,0.6289563074345809,-0.809769590038048,-0.5077848890499459,0.3886630449616547,-0.8769099850685675,-1.307034899779368,1.2329953696479181,0.30291173781704156,0.5997618874608903,-2.985081095231882,1.3156976554354518,2.3390126898877592,0.2924812558137419,-0.15902787765919174,0.6060380270866045,1.825438160656909,0.629487708429611,-0.5029408081374381,-1.4021591942528517,-0.24755508225716844,-1.0497696211658598,-0.8631107517273594,-1.421826317557717
2021-12-23,-1.7072819033683304,1.5334677002386372,-2.146439017505092,-1.6897512904125775,-0.5675587206236375,0.47759316206530933,-0.4229854108149275,-1.5447731827291735,-1.3966499859051176,0.4470790653777643,-0.6437406584413414,-1.7028510488159219,-1.6350128743979575,-2.035703617037578,-0.5581149347378159,-2.2778154956179804,-1.1516502908462476,-1.1056418109086175,1.2507680479075318,-0.19040260030524025,1.7129534520894827,-1.4895622216256237,-0.16915926648239873,-0.12804323237287366,-0.44405184448068774,-0.08048884549186426,-0.31768082947486836,-2.024037646169281,-1.4718214239324696,2.0425249730427564,-1.5644874340434456,1.3795280012803,-0.5554956405354156,-1.8750104928740057,-1.6458979679623595,-1.6572910544930912,-1.9637651940032557,-0.2519417478448549,-1.242372165777586,0.14673330751365515,-1.4968756854852103,0.18865564801630028,-1.852932807404614,1.811930263401926,-1.6949601998352388,0.7311318683144589,-0.6297380843204063,-0.29294889095417836,-0.2894406689796192,-1.0381291290143884,-1.3513207870319897,0.5561210667553492,-1.4484076968035722,-1.6027485622890099,-1.2834187372505304,-1.513158508843342,-1.700542249733718,-1.2536892139242093,-0.697164840341826,-1.7300837698116676,-2.056034695780194,0.9775783540854239,-1.6104904209593882,-2.0110336245475895,0.2552471930563915,-1.501529869370833,2.34979503755503,-0.31655608323292345,-2.0177182606396458,-0.5696644774077761,-1.1729449909114331,-1.4804523112284642,-0.7421265795024279,-0.46649179582481676,-1.2521820395791476,-1.6946521712481575,0.2420238108135887,-1.4191667247177306,0.6569860514470817,-1.7910807666771258,0.9691219181637066,-0.02407867950938357,0.014150789507946144,1.00227809407317,1.4167955660189089,-0.22935403594449136,0.07679043607182898,-1.0730872683714363,-1.4592737918391376,-0.9455525576563055,-1.4559994123470839,-2.364017992421961,-0.7819064819073985,-1.304354960853142,-2.1411450750029855,-0.9735891335418639,-0.9295731512821718,-0.9186334487674521,-2.7826565730281003,-1.010016842048783,-1.5806772888588754,0.8198545123474273,-0.589595068638045,-1.7257639000397968,-0.8491167146886511,-0.2274008080894724,0.35930053123152894,-1.2860490108856026,-0.10431100003552322,2.487729460099287,-1.5741686824553973,-1.6189917736738595,-1.1697584944169703,-1.0027685498530083,0.8958643977476137,1.16421464675257,0.7431411920870914,-0.7498277268237636,-1.3961527691190658,-1.808139584109886,1.3368472804873108,-1.1949269804657436,-0.7139803366124667,0.08862264892318387,-0.41341722316292756,-1.5115820034681755,0.6539682610464342,-0.19607420029736047,0.49420603102250527,-2.145408154446641,-0.5311724997633676,2.528754828433243,0.5388207245494703,0.7086399633391588,1.814359610200176,2.0297254009075893,0.44051087635522734,-0.5555697515088669,-0.7715256234377356,-0.6666417347638812,-1.2404909617221658,-0.46036027437726146,-1.2339593269701477
2021-12-24,-1.2481700931657316,2.153662976610914,-2.0510738312532055,-1.621622539368115,-0.8463656143459987,0.9252771075648462,-0.34702991183718684,-0.9668420523844972,-1.0165446344713271,0.6905813194714808,-0.6127650758834796,-1.5220214316508307,-1.6331672707760867,-1.8179434778891541,-0.9992467582562443,-2.3444608098488877,-0.7606702724359363,-1.9127039539425184,0.9009661929536299,-0.13971571438000865,-0.21985257160373736,-1.1551007209879411,0.2873311623674722,2.2879667779948165,0.09806543008666628,0.0998361644252226,0.509135709667505,-1.6369320672000383,-1.3908400561119116,1.6097008739247722,-1.271771300884452,1.1690914644933423,-0.4217021048033293,-1.4478170918481572,-1.3133259694956125,-1.577396125856141,-1.7387262512713915,0.5206480161761164,-0.6963127503228349,0.36266985645466226,-0.976312031344542,-0.39215579188262545,-1.3968600222931915,3.0697561291882978,-0.8230919774828067,0.5570813489768969,-0.7774920136135085,-0.5272881691870202,-0.1062691009298208,-1.3752942278390958,0.11043155145601018,1.3495481038010686,-1.3500831762467174,-1.1456762432957202,-1.1323074059096774,-1.1195116859168228,-1.5998273715684563,-0.928220954906448,-1.3429074527841929,-1.4662982994549916,-1.3271905659000154,0.900031397369268,-1.2592247562999832,-1.1656367478761358,0.3811067410204775,-1.1088175229673773,2.1539348679000963,1.2943336448304894,-1.357620323686086,-0.7285990136210764,-0.22954446607128015,-1.4295916069835906,-0.17822079820752554,-0.050795580540558834,-1.1541934892094228,-1.5360700642062064,0.09285030061658085,-1.1226435590102377,0.21738421102601818,-1.5122674728498433,0.8869632046191176,-0.41611574527257766,-0.4968670241827463,0.4971081527891892,1.027212946381794,0.038587995086114345,0.6152101696697988,-0.6218082287230264,-1.008730487546948,-0.6323258995615625,-1.2495873963616653,-2.0047381255063703,-0.5815481371245673,-0.9928708361442253,-1.9485539749718634,-1.2025752252748074,-0.5916977160579869,-0.5997001506926692,-2.52879189680798,-0.9066669934888052,-1.408505834611064,0.6406625382864953,-0.6561743759467727,-1.6009069791974555,-1.0047097097556594,-0.4356513373693815,1.4664061972845968,-1.230309125410215,0.22852651369855775,2.4606761896763634,-1.574720697449016,-1.4873478627430536,-1.8857143233992653,1.8129176726682288,1.0008585872413844,2.153645550795536,0.17862676358871954,-0.26833536341267056,-1.4827259659355778,-1.815662833439589,2.4550559368772285,-1.3659052521089778,-0.10128873987975572,0.2578723671220284,0.6444200665538118,-1.2000126779228362,0.41571500283177587,-0.036395391860558866,0.3905110051750671,-1.832506192374475,-0.58610309264296,2.0363648823417413,0.4009982143888006,0.14962101839091124,2.198849135100349,2.288144435504091,0.3100677132690157,-0.5854431239659573,-0.3334559028731989,-0.7989313935478609,-0.7919246496478185,-0.2143196649856637,-1.2253618626457747
2021-12-27,-0.5543436404517281,2.0659774978692584,-1.38664492158039,-1.2919077927322367,-0.8018320331296538,1.0405102351891207,0.18237769771249665,-0.615255399857671,-0.7807510955904805,1.121358116675086,-0.590039941499085,-1.1288478800319819,-1.482787269144727,-1.191028585365773,-1.1636923244152577,-1.737045863157454,0.6292312933594234,-0.579533999878192,1.29201684255244,0.051425679995468654,-1.1783962786517674,-0.9867633966510632,0.12559833809099505,2.1048492850993696,0.265726425567255,-0.07911730459152463,0.5244918288486542,-1.775238126839527,-1.1916574369100283,2.060798687228168,-1.1580736126918536,0.2902999287830599,-0.8673273048099004,-1.1473110716030206,-1.0747846713891505,-1.3758898655043477,-0.8429147243675612,0.5210549828000208,-0.3572693978064755,0.30046867398737515,0.48832323234317754,-0.5542722028111997,-1.2264492659403405,1.1514975079595935,-0.5567685320621841,0.9393906776558348,-0.712513706716537,-0.005294162596200764,-0.1567588990274084,-1.286064381774471,-0.014892491128843402,1.3488265808816706,-1.054238429563703,-0.9798004435944281,-0.9041249685026447,-0.7788883636540782,-1.3408965907317782,-0.8547412270775679,-1.6450948681098239,-1.1984632744015191,-0.5846572014667204,0.8179571855021933,-0.992593730941493,-1.0538062741230703,1.2914174733795756,-0.9357748912337457,2.0832790556128087,1.506549004682564,-1.1462729058366115,-0.7783163097594831,-0.29078556609382306,-1.1821843090891002,0.05751138886071336,0.11788260969950551,-0.9784761746524083,-1.4796056025724496,0.12471363382281175,-0.5766301617852638,0.5226025896749784,-0.805750984391998,0.9412303326401316,-0.2657781175548321,-0.8552971871549937,2.0725463185987736,-0.16880163831098,-0.31822207670197733,1.8322491362998425,-0.7133280324703722,-0.64929961611352,-0.4248477928961594,-1.0769936207413613,-1.423163247023931,-0.5734597061201249,-0.92399132268011,-1.4964093608651932,-1.2849761986896244,-0.771236981805033,-0.7678293377848753,-1.1415381483349705,-0.8128692072223626,-1.4061752331845105,0.7206194698813105,-0.5383077577728637,-1.094446417136119,-0.845450819672294,-0.541197469125642,1.577855431841436,-0.7493017869484065,0.36134560637093266,2.0995738382700493,1.1919631519513418,-1.1442026567741388,-1.9173645123724565,0.8721357143524827,1.255825101940807,1.795557356390534,1.8407340268635957,0.08562577493629202,-1.3523880030804234,0.29893730542321667,2.393235528130494,-1.281987797405872,0.1891029198242501,0.5360905545861235,0.49840312528768815,-0.926012389626683,0.25441667150114505,0.03284243469768478,0.630182856318042,-1.5370862469862454,0.47173081527657085,2.2530775921762567,0.8411921025738259,-0.5096981020204628,1.972322011897293,1.871746553462106,-0.8716258561907027,-0.5209681916237006,-0.2613151316550722,-0.7162906044677713,-0.8009229951904804,0.15451323867457462,-1.3205923012738225
2021-12-28,-0.5024909391378648,1.9383431552609514,-1.0974254451230534,-1.079713854045189,-0.8131596924810529,1.008479119786844,0.9257012639947936,-0.7064452620515185,-0.7044796134683126,0.5793968797506166,-0.20772258960154732,-1.4603178913772155,-1.3471468803038227,-1.3707409219332916,-1.3947583792577605,-1.6330354220772154,-0.6237041573470669,-0.8920316946509267,1.391899915024197,0.0003572685003903006,-0.6529727190037906,-0.7906409999192413,-0.15559421783311964,2.487003925090419,0.40063249464832656,-0.0031882134371626672,0.4558899164387709,-1.697902219378904,-1.1401127810146718,1.9561200966338814,-1.046813009965784,0.37300748253364624,-0.8301344596553631,-1.2568043010507517,-1.166931880784436,-1.2710671606972428,-0.004905011540972106,-0.05184914083753795,0.21215860687179094,-0.36551056040858215,0.6837302619127482,-0.5260407221110823,-1.190542760952981,0.40470422935588957,-0.417646212892894,0.8465074761056764,-0.6716339056892529,0.30738830225112107,0.19606216894079231,-1.3367798557236528,0.2295411956626266,1.044329057751999,-0.9857640864949238,-1.0028298126816892,-1.2716952966003388,-0.6501307246849474,-1.2488960639193942,-0.8090833147084349,-1.4000473562762685,-1.0418275060802462,-1.4251273682594525,0.6669284572341485,-0.7133489453091116,-1.162175344718034,1.1418678662222776,-0.9094342527468081,1.473500684131214,0.5867137840361825,-0.7448401922274837,-0.5672497018390554,0.5173363381252717,-1.2963218527451028,-0.6034873303364987,-0.5672603987509534,-0.8867901868248851,-1.4127210554452807,0.26810904631287086,-0.2974110149415612,2.0145541697188505,-0.710597063716846,0.6368695167265674,-0.8212411147755309,-1.2929795248193736,2.3215925629763343,1.1887922316775288,-0.7044909841169545,1.3297131129280682,-0.6968509526264214,-0.6503740233731241,-0.507253329668038,-1.1106824320038584,0.021976265605679078,-0.6864327443642516,-1.0847039717964644,-1.0665026965269675,-1.5648823588911207,-1.0848624004888434,-1.0866394150955259,-1.3840839381653418,-1.305471587720952,-1.3615155047260854,1.3113156729161335,-0.5579029546083312,-0.8441924315818281,-1.0138095474959634,-0.48402354717565227,1.574108082403826,-1.2747208877207998,0.7471629448456237,1.7436447127997534,1.2874403684649733,-0.6098240529864417,-2.0541638331245853,0.29770960307249367,1.8215051240209639,1.3453730466016085,1.7711770451863598,1.1510497377558213,-1.2995323024910483,-0.9526020783333928,2.1347440333768737,-1.27008985132222,0.3082691312982147,0.30426797323527943,-0.619836209117165,-0.7989760655008488,0.39394529375329246,-0.024238140300436202,0.2924194606502069,-1.739384243198635,0.41361290422967867,2.0442887859463084,0.6146392678014636,-0.6178121745599022,2.074645230867654,1.7283770513968681,0.9235313565992438,-0.4539497498013331,-0.7797810768914044,-0.7243973669408613,-1.0011264736982604,-0.055798193677815,-1.4340509246700142
2021-12-29,-0.5061779701853177,1.786128680059827,-0.8848278687079576,-1.0903961377701472,-0.6392085166502872,0.9497952086878478,1.3109341675653012,-0.7686713370659212,-0.7743087609180578,0.3773682894207406,-0.11387930237605744,-1.6059824556447369,-1.393507558473945,-1.233393931081556,-1.311576179940155,-1.3045781962057228,-1.6814366645146603,-1.1798684933008265,1.117270815972861,-0.023874140060560378,-1.2659125087270366,-0.6131264044476342,-0.5544185680448883,-0.2063967521009861,-0.021227750070573967,0.16752425504910276,0.3641540537296336,-1.5750642797735377,-1.3262771507605864,1.7747290617067673,-0.33433246399820615,0.4040877623149688,-0.8996506455052781,-1.1409036024047858,-1.0311648104197817,-1.2931849944657292,-0.11366573921424768,-0.5000878760534868,0.5277244538715969,-0.22067774089844505,0.5100757305373748,-0.5318688476999226,-0.24076565634363925,-0.37659609165177504,-0.46966024382624005,0.6520824179907289,-1.0685198274456011,0.3369725937757928,-0.6872598668122396,-1.073998712257615,0.2749821507840991,1.0638451996269938,-0.9197548835443617,-0.9193788078119202,-1.4930948242110997,-0.48665830991849135,-1.235369399932787,-0.6987749723603394,-0.711783738412002,-0.9767716951408583,-1.5664841185037401,0.2804913806384261,-1.0440108342483563,-1.1964525172933709,0.4136924542212977,-0.7884605695875193,1.2790592794146705,-0.5466286611205244,-0.7974449931535297,-0.5890118099656129,0.515046922351975,-1.1767159854533065,-0.869085460012267,-0.46717440068795824,-0.8497752417485457,-1.127991031631722,-0.33270453585772214,-0.30960072176958686,1.8512165901298998,-0.7616798193265812,0.5745700901767931,-0.6484639066597995,-1.2177339350723602,1.533905658939111,1.2632910618178546,-1.3463079301397498,1.13448598047463,-0.8745798894305082,-0.8459833259872248,-0.5975108007789668,-1.2387074779191065,0.549324978877275,-0.6578390161585262,-1.2215402585041926,-0.9647811629087795,-1.2309208370374316,-1.076784409548586,-1.0759800968757187,-1.3576762456357947,-1.242525799848065,-1.493157691865627,1.3769236191917715,-0.5857115610426059,-0.9531256431528483,-0.26945715631351325,-0.7326651065194784,1.8955378134562582,-1.3757643745347434,1.069724952889213,1.807782961272484,0.6627676264082343,-0.8381424516800394,-1.961891405203957,0.25766634083945533,1.3870244901246276,1.4371639950148511,1.4286396801351717,1.2432682145962133,-1.3109788884148965,-2.558219810314398,2.1072318268351604,-1.288454487562929,0.049727297939423404,0.3180357935547015,-0.5455593557870216,-0.7641110991490615,-0.0015507076989780433,-0.5071352728726911,0.15647712591889107,-1.6322310177573731,-0.14663829022851504,1.7559681050375033,-0.5144455135215765,-0.6376340294772065,1.9066829443930313,1.2841971305793498,0.1834727825722984,-0.586446648716744,-0.671399152558037,-0.8968884107618577,-0.7545870516828667,-0.5415867564580659,-1.4964844572331093
2021-12-30,-0.19031810560952764,2.474434760171714,0.11474894168361689,-0.6066199931962393,-0.6769944120841785,1.8776228163983764,1.2634593029355188,-0.1469735160715692,-0.46169678158431715,1.6250975962504761,-0.13493007519334835,-1.3216958746695118,-1.1793967238994871,-0.7890933802134856,-0.13416181927597762,-0.46984355742675366,-1.2589541137611135,-1.1690085107480157,1.5045972118143727,1.0995936850909525,0.6163352162871537,-0.5604277142308721,1.6755067565749915,0.7123834714294656,0.2913247176758832,0.12023893738112013,1.2351333937391455,-0.7120020688690053,-0.6597452842078209,2.288057643116933,-0.22961892220304242,1.52434711956596,-0.18414359003059216,-0.7874692536794164,-0.43979446844570397,-0.8938417300753856,0.18783077127244646,0.4004500258045499,1.1342148565420862,-1.9143231595403243,1.2893180233002974,-0.26720815515943214,0.33915961447555554,-0.1382619776962422,0.1982959434819146,0.6325671761644741,-0.7970779805745306,0.7955447340703565,-0.09465474225045911,-0.755661786419394,0.40266641374509493,1.886929628896839,-0.47399454330999424,-0.7385322596242421,-1.2427619495537323,0.03210456917610328,-0.9031929793737011,-0.709026570893647,2.017236100786161,-0.7410705019426966,-1.2631333158371156,0.28718746450902316,0.558640206650722,-1.0491563967018633,0.43221661252654714,-0.24054040331481885,1.7033365406399557,-2.659401145168283,-0.25514841170872293,-0.11376527547527883,2.477650429345387,-0.8625931842849106,-0.7219594154131576,-0.34139117073775305,-0.4429836857819349,-1.0795044877933424,0.3568256674354771,0.03148805773716866,2.0947435101169636,-0.31824386270512367,0.6710667239700114,-0.9086591022315721,-1.0596437594055033,1.8894430562396058,2.5046149797126116,-1.1344521467079867,1.3737383769246605,0.7428875543798644,-0.8198129511175491,0.21886787189566745,-0.697758767826143,2.894239201138274,-0.6816773096471145,-0.9728290491765432,0.27754704637249866,-0.7230823418838366,-0.505501342572578,-0.5055810093753396,-0.8250257589529032,-0.9259857848383015,-0.9098446920310524,1.5180715996599063,0.07232128296323583,-0.3281961813518472,-0.0636096972034128,-0.5795250861760619,2.2914752385743067,-0.7027744137223707,2.7314703814297188,2.085098772383809,0.6453990605647231,-0.46496054819899085,-1.6134341213915768,0.46914887978470643,1.2392180380520934,2.096397876238608,1.6531186184927689,1.7752082454140177,-0.9740268488396838,-1.8271391338817689,1.8493299675725376,-0.9708396190181928,0.23725870585546863,0.34874254751203115,-0.2483809601396513,-0.44016188058162126,0.6498981381129404,0.6880150202366987,0.3409168415120527,-0.897315846556517,0.8217065021367511,1.6456630661428437,1.5660481399670103,-0.5150033201576375,2.5502837261524056,1.67699548329332,0.09430566835228697,-0.1581591051397451,-0.3269978184934831,-0.8179777408225719,-0.3411146945963624,0.44036848107459536,-1.1981634430312738
2021-12-31,-0.2567191743182927,2.227481732376248,1.3371137259862693,-0.3631064915940789,-0.35300978420103285,1.8876719412432037,1.9868974513658564,0.10228003327633256,-0.4170810642117747,2.064621182613775,-0.2909369623249172,0.030973767503712172,-1.2898669165788494,-0.27186132075394936,-0.047443363352757936,-0.1963677794200896,-0.6199322772137921,-0.7495902118948449,1.476022705242115,1.3949011001379332,2.1614304682516208,-0.27521867057507077,2.402470088656776,0.7804954055941717,0.3931851552929362,0.35563136374350285,1.949432184172109,-0.6487598181040197,-1.402622179062985,2.0542599040812646,-0.2535531682454828,1.7966226637488012,1.2447339697574795,-0.8727072848303713,0.0011825163764573566,-0.761271330648156,1.9190144713254516,0.5303976879714657,0.053254429837441344,-1.3554158965853575,1.0523668008204283,0.02219818484872995,0.15770473556358117,0.6690447369985583,0.3212265361504664,0.7630128223950831,-0.8173847737810894,0.8813367115999149,-0.2138319134656084,-0.8754109147923651,0.5955589552471502,2.1455318147418634,-0.303384016023674,-0.7058472253561336,-1.4087540195366055,0.7202600069307357,-0.45568063968506595,-0.8801688689987194,1.870808663589805,-0.685438843295223,-1.3654903179478133,0.12257726981723147,0.6372036173485041,0.043420067288398756,0.9553651530273061,0.02243893822602748,1.1575870889620365,-2.9833888434182048,-0.22682001453817416,0.06410223295186203,2.199254956991814,-0.8225807305578455,-0.5390814905394671,-0.11224266675764481,-0.3751223158763764,-1.0988179255476243,0.2711975595269619,0.29051727483306383,1.961822716223226,-0.11473566163834768,0.7277724836892729,-0.37812792483662855,-0.07596773391811,2.512728571346139,2.5040272422083603,-0.666463036531104,0.5748491506724392,1.3929200196824942,-0.5679679572186083,0.24596011871186932,-0.5687901206116942,2.1624709422501986,-0.4187676585078905,-0.8183219559607282,1.163869157708869,-0.8505887630539871,-0.07265003711947741,-0.0725870028091004,-0.6344474070726497,-0.23820646553912062,-0.3269357566095832,1.870081605330124,0.7875758458807377,-0.12870361351321974,-0.32399981959987634,-0.38820398187383776,0.6305213574549035,-0.70502715745645,1.8948220201371908,1.5302070987466743,1.862204328728638,-0.4882488582215888,-1.3431496348088168,0.31354129923663937,1.0773142208567728,1.7265868122348256,1.6909049150165067,2.025504734001123,-0.3479777646613622,-1.1008877825147327,0.4496978313208872,-0.6251541185147427,0.3917061708536012,0.9291253476388495,0.13300409543493077,-0.5262878962814116,0.7153333984013018,0.5567045685859672,0.7920391504396183,-0.8018709952990589,1.2772514064669125,2.619946755929784,2.298959674628476,-1.4952853381707933,2.0681416557741983,1.607357538232619,0.6745901599800639,-0.3473428402440281,0.15975448269822357,-0.6238016948161967,-0.7193502908400382,1.2682887227538042,-0.5600485374055283
2022-01-03,0.12426694413053582,2.0079191619834935,1.5473553772159487,-0.3477244176451588,0.025878460535723187,1.579287536204263,1.9735245752188482,0.30985790069042146,-0.26609069982817535,1.4642613859715576,-0.3793563514365853,-0.3599100797698127,-1.1996435520066577,-0.6996094510580664,-0.29856183415691173,-0.9159572160392889,-0.3199222717810565,0.03758815378357462,1.448259722692871,1.3710366948946529,1.5093602623910178,-0.11548934055680671,2.4200249209293303,2.3244850447975134,-1.2689378023186833,0.29199411460514146,2.1956838852148812,-0.5151487546475142,-0.5276459925222301,1.6840783688464431,-0.3675025193605827,1.7310774758433287,1.1164590846874654,-0.9596973883227716,-0.09031582833359539,-0.6266979178926035,1.8422038038400979,1.2636662331583866,-0.1153741068404038,-2.2160856301411918,0.7642458307585046,0.208627545757201,0.3759638863827099,0.9776746587928415,0.5339070116886834,0.5985139859725355,-0.651192575242317,0.6362661392947478,0.13699915508681776,-0.6367093912560101,-0.35741406102918666,1.915779621006552,-0.1162308892379259,-0.9788813519115371,-1.7648518478224744,0.7120357033490454,-0.5654943927590824,-1.2680432693330823,1.7129889410139556,-0.8223942884453389,-1.4757746441258928,-0.044817372297324076,0.508265076012469,0.028236753791228728,1.1800723110162792,0.2851585160973442,1.0386850407901107,-2.601067361894187,0.11741897171060077,0.062189762894851675,1.82003855010476,-0.6283069811099602,-1.747825643009251,-1.2927326657150693,-0.3146569567187406,-0.9594376771246166,-0.2594343098087148,0.39704638907004847,1.6145267721960352,-0.00299275840305154,0.6189494835772303,0.18474490109873998,0.604693986480807,1.8806308897245867,2.1232922672145653,-0.9080627245703183,-0.5130197899068084,2.172215030969548,-0.47008525035893,0.4271904291418095,-0.976439974152858,1.984869957740925,-0.6939826524826144,-0.6900119349550373,0.7090789478468243,-0.8209073933596128,-0.27499505907309096,-0.26341926419945144,-1.133595824376922,-0.5330574407576439,-0.12874996837206115,1.8849527483526132,1.4010973852462272,-0.2646229329379367,-0.5440851833901547,-0.6167842958358407,1.1296069986696307,-1.1641784217411595,1.4535373093607187,0.9553947529377096,1.777783957979699,-0.5349467556020346,-0.9123209129941514,0.11612052056884761,0.8272213810614814,1.1151872913943135,1.098883605823823,1.9185298377628297,-0.6263830560592125,-0.822230084457526,0.3067870256386693,-0.7087136922989269,0.5949753846206925,0.47795294930438126,-0.8605385611545473,-0.6407124886412037,0.6604609742669338,0.2715770995956746,0.6004977696205389,-1.26865669065692,1.7392011214277725,1.5446260423005662,1.8062697690230487,-1.6372673130904778,1.6241053843331346,1.2312892097929191,1.7788710980527436,-0.33266992190247247,0.03895066393382777,-0.8627217789397091,-0.88956486226895,0.732800968143835,-0.7314876831593331
2022-01-04,0.1360148454305355,1.7169324920152063,1.5852580190272387,-0.43783850953098924,-0.2714356488509295,1.0831529238704636,2.574057035044233,0.6013796931019858,-0.44646642383025587,0.8785578696571549,-0.5799303335693827,-0.6588088548008075,-1.2230143033712226,-0.8269703728799143,-0.3377926837185627,-0.8791800342229378,-0.1934040317426701,-0.26667079281971556,0.570138242143035,1.7043384603385145,1.7755981630627893,0.1856502154243009,1.0325990166560801,2.0035084000295904,-1.961597632215895,0.09203861359766466,1.3750757832069898,-0.8472283652654597,-0.4799620929674009,1.235585054734785,-0.10711925859164448,2.0496363223766405,-1.1233225803217428,-1.2882356488990458,0.006763988410337799,-0.6240771931143386,1.6800265739655147,0.6148014559689119,-0.2204187960256834,-2.1245460261965574,0.6746655044452091,0.26695727257958246,0.3009681180335755,-0.2542870327432922,0.17318101889605533,0.3680501210709368,-0.6670678485473649,0.2622384543838426,0.3691704074364394,-0.45398267276530235,-0.6803634267291709,1.9676808946056892,0.007617434679026817,-1.0897328062585736,-1.7978956159001385,0.7181422370403102,-0.5592846807124967,-1.4017950537757435,1.3588375518653326,-0.8536977230748897,-1.6640797899577926,-0.3128665763057785,-0.04720540633647909,-0.16975495360312723,0.4814543227434111,0.7024187529375895,0.9169429381331698,-2.467488048502439,-0.06083077414468335,-0.2540609595817221,0.13321688062482073,-0.6854761633596298,-2.0136770017785977,-1.6356333616449767,-0.29709052550290255,-1.0093276089760643,-0.523345102608192,0.45029771366404053,1.8599212198643378,-0.14228402823275918,0.8127955495987962,-0.14145849371216604,0.6779193046922031,1.1724386330029692,1.5914032308040866,-1.3862814741322647,-0.5349583122913651,-0.057125034523488945,-0.43693431504246055,0.47508851812480335,-1.0530371992480823,2.0163020182545974,-0.8361378271415938,-0.8442513779403847,0.5792252212376761,-0.9982392610151793,-0.4343116136473161,-0.4461566075612546,-1.112539993177236,-0.640819751618242,-0.4653077374509995,1.8388851108686055,1.333432508538376,-0.2900380476688032,0.9519454505342205,-0.8786138228142161,1.495961620145635,-1.214547375502771,0.8621065754746436,0.6071512478394341,1.4167853236450434,-1.00484031393008,-0.6998923783324709,-1.0267069427312592,0.4013527012022744,0.8380146566840183,1.0238650277715915,1.3493666098022334,-0.6871836447913761,-1.0128499325868023,-0.05338791197818701,-0.6670615433345612,0.3205142970556091,0.3955847827114977,-0.9716683355317036,-0.6976543523682862,0.3468435504324504,0.4592886159283322,0.8828055601543426,-0.710668221202862,1.4538144922963143,1.4930610059271219,0.9010873042916326,-1.3004384914371796,1.3326078971894402,0.6860564537866949,1.7622756838773639,-0.32304364733839724,0.20230651102776498,-1.149526206440809,-0.010118385149056816,0.40277340510160137,-0.8213238521035406
2022-01-05,0.14472792554670086,1.6126285716251603,1.5961823183231794,-0.07064915073823598,-0.3837424272179446,1.0201025926783862,1.9195237715747864,0.5897044265628961,-0.5272554139221856,0.4706478850607874,-0.2897255029349839,-1.2591803104236305,-1.227728821819201,-0.7767230180727605,-0.3150652196118076,-0.7959348109127556,-1.606441721601747,-0.34237709055730614,0.4308455766630864,1.0546788733128465,1.8793566025660031,0.4162336006074772,0.20397799888369436,2.0953930415574606,-2.1949240349027797,0.26983034307016657,1.2369968334812969,-0.599562863904292,-0.5733014030544012,0.9146019669580281,-0.44837601343118993,2.124012981212145,-0.16525181894594188,-1.0782980910270137,0.1945128002349051,-0.6541013168409577,0.2920176523056663,0.9592311300520364,-0.18123117655421106,-1.845955196033283,0.006123829287185154,0.5452543206007644,0.4252115171914026,0.8581082845585524,0.07501097031576451,0.0028570323751063607,-1.1331421901292593,0.9122496787296909,0.5636265666578986,-1.1686506326572077,-1.2210536664477134,1.470358227044276,0.4035655353177271,-0.7481667037732498,-1.5174831303356668,2.457746610056231,-0.5366154758842184,-0.796839751473788,1.3606323437684298,-0.7206254651348728,-1.6359819561720625,-0.35467986087619424,1.7068892953941144,-0.09094162202736436,0.3663367442793195,0.810700331061597,2.226208249500353,-1.9896845017493876,0.005812808295594679,0.6728768754656324,-0.1490117865802952,-0.42642274500077304,-1.6230043344014808,-1.103521937430217,0.17666128485433133,-0.8546898001717358,-0.5550976884559324,0.1193973192737029,1.4533784509747836,-0.46940495437068136,1.7242201784407882,0.7189974978241624,1.2641492029152577,0.7342143877248309,1.2387521385262217,-1.564500487214973,-0.6189573407369549,-1.2364737546680427,-0.5853185251167341,1.4930772260911742,-1.0131454455188156,1.7768284660456533,-0.5725206603109962,-0.19420745715325416,0.5405349643840751,-0.038784632403473386,-0.018259537271000534,-0.022252483115502934,-0.9334836368378105,-0.7215187010191627,-0.681324984025746,1.6329921371051874,1.3845725316441275,0.06087391748097061,1.103338345585722,-0.9798265157746762,1.4900986247690937,-1.299904099913143,-0.35150161704541383,0.45809065855218944,0.8302306931223448,-1.0447038457880256,-0.315386557952994,-1.0137716567840984,-0.4171242977410985,1.0726186041221906,1.0087726603805847,1.4287943741028306,-0.18563206747752334,-1.0360414856832567,-0.47373135017887347,-0.5933402781759037,0.9567681175082208,0.4437465915872863,-0.435343621700205,-0.2695208237538277,0.9759405185238796,0.770442217295334,0.18897388819621752,-1.0657915176670476,1.6723322702857581,1.1676838949579706,0.7933656892993128,-1.4990025125192814,1.1317654899322964,0.5020733289388509,1.4503771025656185,-0.1308593255961893,0.44198299937480706,-0.6695720644885536,-0.42096341363658996,0.382329552374084,-1.137143692425569
2022-01-06,0.05234661581556248,1.5056952419211918,1.898296586959679,0.03521815289748706,-0.4293052771486768,0.8614874225410459,3.2037920442586523,0.5525859319137406,-1.0122920911196445,1.798010963492089,0.4184162211617449,-0.5949113152554868,-1.0863314473094015,-2.0142196094762337,-0.30209476855176126,-0.549037855691011,-1.4717973648967202,-0.030698160125540493,0.2832817417189856,1.6252423079358866,1.4603854964829301,0.998713890468844,-0.2095181946656711,1.8911268375116879,-1.9997776107583907,1.9318845133431615,1.3393985657345058,-0.5245887020995875,0.029470643054260108,0.7618018637968981,-0.5813440364927585,1.7330740357363827,3.0392868122315204,-1.1987389684513488,0.4040764562253398,-0.9031096589936558,0.1419500715918914,0.8442023658416913,0.12540223328967048,-1.4753838050236043,0.243084494388532,1.024096684784291,0.844355992137813,1.88689922484523,0.34463089542990155,-0.009235959596046086,-1.430326230716213,1.8201617394762601,-0.26909892982229067,-2.046802109152509,-1.1579129382589193,1.5329909360606824,0.8144944670022546,-0.5998363239141976,-1.1516140597252238,2.199601193449982,0.31485709045533516,-0.6082439612820352,1.6089463951477292,-0.4825697515771524,-1.5180258973884202,-0.3297829927771266,1.4431259727575219,-0.5127323750653839,0.37634754376387014,1.1186571066566153,2.131364090826058,-1.6355882510684996,-0.0724114399231855,1.0374399503494676,-0.30667287084843425,0.08178664959134982,-1.707551429866812,-1.0441127767312128,0.38851706630123767,-0.8075570263079015,-0.20752678799743607,0.16041215089088995,1.423396315537007,-0.3392065250052205,1.7595889940430662,2.2719877666295893,1.6181173837921727,0.5710318705142094,-0.0027582240911020696,-1.250141629643912,-0.39865731967612816,-0.8033441101299712,-0.36189060885207974,1.2611145378215323,-0.7414903090081464,1.7030529091794424,-0.29519643749119356,0.1652102900943485,1.0379999891063578,0.667650939518041,-0.6703318785527772,-0.6758927887554476,-0.9399915478716107,-0.31030932269622763,0.92861995213973,1.7789309507863684,1.2689852017886585,-0.5642639635607981,0.7506457649177178,-1.0253612598639423,1.9500997644914217,-0.5335961947356648,-0.3123502591429535,0.5078120725827279,0.6018079642783108,-1.8865078045100214,-0.215225015005161,-1.0124155996841175,-0.308398703959936,1.2276025700873812,0.6799804834638661,1.0250225851689454,-0.10658855865332743,-0.21080169510675328,-0.5073978505791036,-0.4988352034863451,1.274371261551577,0.5415847741858022,-1.5244323825849257,0.4053354998185874,1.2835546881239799,0.9373017500393701,0.7693651883393033,-1.1617840033886637,1.6924267389038286,0.9539764872637632,1.0508273699887831,-1.616937519661837,1.160297051373398,0.4044349762056267,1.9843211815321777,-0.10713243276529613,0.6732606228144252,-0.47436153157330097,-0.697399128157023,1.0483117574286496,-0.9347481665747784
2022-01-07,-0.09365344204852367,1.193514977626164,1.7447198490093998,0.3072759254207521,-0.42041331519135916,0.7764162393861809,2.6031626720462495,1.0885475612982993,-1.8709859210036974,1.756336421457222,0.8806838150487747,-0.6107094812389255,-1.214564117908669,-2.057851160495576,0.11998925002865697,-0.34766860689093604,-1.889346966469456,0.46574976756601083,-0.40483888255118133,1.660338847186618,1.1836994551208857,0.9641375733906257,0.5962632800421159,1.449569604677009,-2.010700804862515,2.375168959992501,1.351312393918193,-0.7048068297209388,0.386237763241862,0.4951608004165273,-0.34228742055536776,1.0515851356630195,2.6724978812910596,-1.8957934572844926,1.496446309058989,-0.8285749438363113,-0.19347886521573626,0.9185177674271053,0.740272203892703,-1.42564059079871,0.36551445217169,1.181000786581004,0.6729490376334921,1.7986043568475196,0.5515120472003102,-0.5675447698254948,-1.636862214900084,1.9260046159046762,-0.8652646157095037,-1.4606267112735773,-0.8590657833586274,1.1662407732183309,1.154289603959902,-0.7464905261670196,-1.3115635439203481,1.5240407705670156,0.27717731766374537,-1.1003523684847167,1.3164355844935554,-0.3490786288793582,-1.7374488405332298,-0.6690492283708467,0.8952672843894327,-0.43941320655987015,-0.3889526690186555,1.1117490905140173,2.0048760584652743,-1.5043652938064183,0.2824289068811712,1.2157699301555633,-0.42989157200127615,0.30995753804244897,-1.888981679971875,-1.1302951601356075,0.791610748964858,-0.9717592348981231,-0.33030268443633537,-0.24425248298092356,1.3487068272340013,-0.8405762159323253,1.8599566533368508,0.9387822730487607,2.229935751591527,-1.5370340889252387,-1.3711642991578588,-0.9258194201143032,2.4388435203139953,-1.588184231529202,-0.14681493448907454,2.31492062897803,-0.4363079709998032,1.367368696697852,-0.6318598379973315,0.33421901054732,1.2566849721343012,0.9663761920988212,-1.0953021487122643,-1.100139361846602,-0.8354487839723661,-0.6218566641357207,0.41630482954947046,2.158091469529372,1.345174563202009,-1.2233295077384256,0.6848010203695126,-1.0690551161078474,2.256289167676462,-0.01193160576924805,-0.5715275404980922,0.18392013968753831,0.5553372776691523,-2.36720988095797,-0.4692976089213245,-1.3115751836927212,-1.1262562412152357,0.5139768794945275,1.0553897373106345,0.911623129998231,0.15593337134238255,-0.28501671689212044,-0.7591069029942683,-0.30207684271243357,1.319141719784602,1.0349191225148786,-2.3785239995236456,0.6326710069311808,1.3392381421749764,0.8643128148817162,1.8411679776501253,-0.8769332491305081,1.4216015731870948,0.9575841609171318,0.36950793131654597,-1.992400467282394,0.9827592724472989,0.16671258372898845,1.849159160040885,0.36320958149035576,0.5882210979126353,-0.28095280415005763,-0.7194807727672269,1.9530462014323435,-0.9936110954942944
2022-01-10,-0.20861147937570176,0.5807527819130341,1.2538317066274751,-0.10914686726799296,-0.61362902331648,0.07441156101271114,3.1435305633835986,1.0192951459024295,-3.0297951146375244,0.3054166940388773,1.350931101766973,-1.822101827350571,-1.2750879617112507,-1.9449479105497507,0.019809731585856756,-0.0017941076648280434,-2.542789048615499,0.5175283554844776,-0.7841083329869983,1.343767126551128,0.4892888347719058,1.3323514364611817,1.1257752492252724,0.7440527124242363,-1.7102715159757578,2.449069040725738,1.2349777998493265,-1.149784814008635,-0.4756416095913279,0.26560870579653073,-0.6246370832549808,0.5161897643483372,0.15269793689489686,-2.078807202701255,1.7308518270662852,-1.4233002411014886,-1.2866591045432807,0.6060228433861771,0.8175506340120569,-1.6896150886627397,0.0016985819880200007,0.2603751039482228,0.9128545145856977,1.6670322152063466,-0.23314642243429234,-1.1409787116961985,-2.4142364331856574,-0.298910717434054,-1.847758098267075,-1.779593760138691,-1.4467766536924962,0.3086162594165038,1.4132034830354188,-1.0944314339765502,-1.4070451588121935,1.6361623569685833,0.6054470532593252,-1.6279122774443056,0.19456954340962213,-0.8113224506563083,-1.837747956119449,-0.8435481296695271,1.0545257632301157,-0.7255346812972971,-1.0923545813655235,1.015804632908983,1.6618803005256968,-1.3908121256245958,0.19628097185505824,1.161994492561037,-0.9853552734011596,1.2987599718529317,-1.9366903657306276,-1.4481902933773532,0.6434443552405046,-1.1536516925644777,-0.7468414351912142,-0.8264648029913392,1.2113613679451565,-1.208984746256716,2.396300960789817,-1.4911421103490823,2.267229865515748,-2.0409808868616057,-1.8306279378950008,-1.3391610522847426,2.690163836375464,-2.3958607610247986,-0.8222371128587085,1.854066713193627,-0.32569803463095687,0.7473163529952243,-0.9957739909991044,0.7721734060463534,0.6897904616668256,0.9113573164506223,-1.6316664211401573,-1.6454323361192151,-0.7331689291408123,-0.5457854439917827,0.36379100974421075,1.6404781774992723,-1.4213715192513074,-1.9481869743994378,0.8980792928636419,-1.2137632314091797,2.333532475767257,0.6828531166847839,0.29692183464942495,-0.5991117428368599,0.5955109531247813,-2.3192149264806203,-1.3467613134735137,-1.5817961329729957,-1.3247037427412656,-0.8387080232564212,0.8074345073901227,1.1951779321523608,0.1168892551553982,-1.2353921638048257,-1.024055155303689,-0.3766430711766312,0.7594049021549307,1.9043532602950761,-2.692175661433482,0.6755345857759404,1.7478007764882975,0.8635970200861732,2.2912923728031966,-0.7852294443516806,1.06619508671137,0.8478576572799713,-0.8037516702927101,-2.122680243037427,0.4468037726815538,0.0410759201870489,1.077301733303499,0.6941457025566127,0.06578760807599501,-0.2190086092064688,-0.7460945446655337,0.6568009764243806,-2.1662263303592106
2022-01-11,-1.0069697607693704,0.5699756250405134,1.0111803264534363,-0.14799636513845388,-0.8705756649727484,0.09149122201246189,2.442147710193258,0.4971362151860842,-2.7368285270874875,0.14939211602048996,1.5399736792793661,-2.841574484809285,-1.3289779900330758,-2.1853319183579534,0.2433800782122896,0.11996076410222903,-2.4145270799404788,-0.00812537504642642,-1.0450080785274278,0.9695267958004242,0.41228898422675375,1.101840927187487,-0.07493160242305393,0.11999920436768978,-1.5575576122217916,2.0226186590249595,0.9408008709586821,-1.508442081779761,-1.8087189707165725,-0.02732824517684372,-1.1093123781874081,-0.0538998456137314,-1.4248025206922212,-2.018494209360065,1.5845309682821287,-1.9508440523827595,-1.545501154145298,0.5666111857585705,0.6109158908954867,-1.6954758878458231,-0.4548255044025109,-0.47766040158982953,0.3001146171556648,3.0959025625806373,-0.866708319363087,-1.473780136279902,-2.300911988429737,-1.3284317513655435,-2.0346481938667647,-1.7488924465374767,-1.8330547601207334,0.016901760682969107,1.125245321970451,-1.6466361988724425,-1.293674570232588,0.8926684775713002,0.6373194328839316,-1.4204079689417615,-0.445328040116174,-1.0177323854505371,-2.3358603720527342,-1.0276932501908302,0.4752666209669825,-0.8653140517256732,-1.6964608537376273,0.7335301650403829,1.3874403744051214,-1.2472081727868327,-0.3647042362026789,1.0652260849510555,-1.2172690892442333,1.0862340332537386,-1.8915200483134573,-1.7278498552754586,0.5539131729723272,-1.521160338819087,-1.113189488810112,-1.0940820033123488,0.7866321840376975,-1.4789689232514416,1.6383111849793042,-3.0751700421349275,1.3422538678469604,-2.0338524138266236,-1.7586026607590188,-1.532502381769372,2.2308139999005716,-2.105582172029149,-1.4208533707757751,0.7572613911665881,-0.11663931757855131,0.4853895589192352,-1.1034436399102443,1.196811325006729,0.29217270138639684,1.0351579979080374,-2.0036109793800505,-2.012492219598746,-0.7654935042697987,-1.7243957426072152,-0.2220919380051728,1.1740450364575723,-1.8851134065283186,-2.051560265778389,0.7754050440633218,-0.7103956532289404,1.7628348757632946,1.022021022614517,-0.3206635544464696,-0.8689643507806945,0.16048480147999247,-2.371968308209407,-1.3914061613505404,-1.5924041695846956,-1.235934715247346,-1.2112443078796846,0.6557666643029328,0.6509481575023807,0.9762558602085373,-1.8928050440167403,-1.23608597187735,-0.2885639527394956,0.5206119897093383,1.6293922200447497,-2.377401882971089,-0.2961899349460488,1.555012855920908,0.4814051203420306,1.8011962799215802,-0.7359384590487543,1.0266522762871617,0.6596415245168233,-1.2010107128350869,-1.888533781154753,0.3316644828839538,0.0756477203217279,0.41481383661835797,1.0664898375845737,0.7832280454873275,-0.22523188186474957,-0.8800694625499412,0.18308200944831235,-2.4546320761568707
2022-01-12,-1.4771335439746787,0.0610468031272053,0.8347236174861579,-0.38918045509326,-1.3409936198957095,-0.4281970001544383,1.7522208451664207,-0.6675910579497901,-2.921789126232977,-1.6626351390552931,1.9044996035713706,-3.28879790847732,-1.2552673129919423,-2.0821353505237488,-0.5866150919753808,-1.1260482749267977,-2.091888830644862,-0.49919897721515694,-1.6807736899683874,0.11201913542805902,-0.4237302933963982,0.8757212116588042,-1.1141180063287939,1.936904996800913,-1.8840004748965826,1.0863283851852754,-0.14220158633086066,-2.063606921257819,-2.0758444376923806,-0.2567938539345412,-1.5799717934580213,-0.6962791728293545,-1.1199265530910854,-2.3045713975103386,0.815367154092701,-2.0523137349018628,-2.037439771218891,0.19248235093425556,1.1780720178447046,-1.352068778780381,-0.9030196710149381,-1.4119964622484786,-0.7998295041494969,2.5162570610654615,-1.2331257445793786,-2.28862312866379,-2.744180768544782,-2.2868499330895125,-2.7137612859727267,-1.6605436758014651,-2.7142133322455995,-0.2651868897048536,1.9019309911838609,-2.8711630765991103,-1.0174252187803294,0.4108449395870524,-0.955011169468568,-1.899363225701262,-0.6630816339152746,-0.8611832553640381,-2.0908348967283428,-0.9667779266027413,-0.21605598125266465,2.117376190868829,-1.7340602455480596,0.002872956874580266,0.5770935927720515,-1.2957490162799237,1.5694510380167028,1.0546629130236356,-1.199506944933915,0.882360906526915,-2.1330461599236505,-1.8025576298069612,-0.17459527298871622,-2.0386225655862127,-1.2830248460446225,-1.4922427766905673,-0.02049953027308413,-1.9384923889597907,0.47521013127490064,-2.6219503952169236,0.5114429666647,-2.185297173295447,-2.0731782063223303,-2.1347764287749644,1.4249661565526737,-1.998749943148907,-3.1576466244431614,0.576331745954505,-1.4735371587265247,-0.11650197989085861,-1.97867883831651,0.9381996297696659,-0.054227825805968605,1.43081597692171,-2.373699243903499,-2.357787624773824,-0.8826832673634443,-2.802616067747463,-1.0341492248545516,0.9023959004990498,-2.2424726066566754,-2.445866080483503,0.7099918297019449,-0.8390903492592342,1.0687261165446638,1.702113403506598,-1.4402425973735675,-1.5290335134148247,-0.48947697514497385,-2.2852713776381326,-1.815950856780669,-1.9374463226547238,-1.2482277690343642,-2.0583009683549873,0.061696354662078574,0.15098797906599531,0.5267349347438994,-1.6789164478995102,-1.7472223920301952,-0.6120689625408161,0.25957106783145184,0.17937621691282463,-2.4602620273681395,-0.36463622391188383,0.2811561083064765,-0.10507206277792663,0.19494862122202827,-0.9723601279620584,-0.17349850588780574,0.4028991178183077,-1.7441941161088585,-2.135709091666653,-0.0742668053824697,-0.06395097352632922,-0.24360219614920528,0.469671803710064,0.07477494372160065,-0.5456363921022312,-1.168373690394307,-0.6456213329481182,-2.5439320903566967
2022-01-13,-1.0084621480249243,-0.21935547478016135,0.9401967856119163,-0.2922033301747174,-0.767372358774887,-0.8518024313830079,1.3949782738475167,-0.7762848489964669,-2.594518438375384,-2.469825383589937,1.5288321911586995,-2.2018492737106232,-1.533078889329256,-2.653521609063847,-2.3640469993211495,-2.8062163211188254,-1.9808524502209868,-0.15857205250735934,-2.3445996647440985,-0.2874670403141058,-0.31734029356031535,0.2404249327251259,-2.2767403795591945,1.9178743907518694,-1.2401717276310997,1.3191237313468815,-0.6393324143000112,-2.4253078498920715,-0.8609586400590885,-0.5462988605518446,0.19624389796446423,-1.2372547738281712,-0.1367979146880581,-1.6524211469109027,0.4601189393940125,-1.6668995835803728,-2.2344665829401262,-1.2669526590521216,0.7777849620898352,-1.2861908564938016,-1.485902038160142,-1.7105150064862318,-0.6488584393977028,2.06660052602138,-2.164411911224743,-2.451592192409265,-2.5591542316747056,0.5582132935606037,-1.7561962340382062,-1.6527169392748855,-2.032661317792142,-0.19428800706114002,1.404053043115482,-2.676502812822452,-1.4369204060778336,-0.5404872323593138,-2.194890656913919,-1.3350093177468412,-1.062331477377563,-1.2854446164297249,-1.828725015992745,-1.3584394894507557,-0.9514150435610385,1.8502181759812948,-2.1054055435697614,0.42537238326119975,-0.22283635317651132,-1.3298156286148684,0.4145948264547115,-0.04209530713471428,-1.794000196545577,-0.33893128547017354,-1.3844722103267133,0.7598911788171361,-0.06978395566176375,-2.0372246759323116,-1.8542240139302353,-1.4992400852249883,-0.13363783416394212,-2.269045975894998,-0.10918393850658492,-2.6619025052459016,-0.18122513639061041,-2.300969039332026,-2.0745392871857304,-1.5309440353329065,0.5986605812873126,-1.6752188684183706,-3.4152021335803373,-0.8649512271979127,-2.339836087247718,-0.6954890155864973,-0.7666344757158784,-1.611569926290716,-0.46632303873604686,0.12419361252220781,-0.11005932492463207,-0.12240472656312526,-1.6975516923995793,-3.6312318542294815,-2.189260176852467,0.586453615389605,-2.1201637622860314,-2.4150226877037837,-0.8935955376570954,-1.2344006234312819,0.899899334412272,2.622322025693438,-2.911003927654836,-1.486538911886578,-1.1356855572926188,-1.9627335056371986,-2.1272070794248217,-1.3873068204782981,-1.9641914735446664,-2.185979152102134,-0.07797741243606579,-0.06661994825121394,0.8484543677345303,-1.6258576904901798,-1.5333743198315526,-1.0202579796233735,-0.7512897425115047,0.11573240595146418,-1.8783099753481283,-1.4613642167495104,-0.22217832160496498,-1.5296238391807506,-0.696052111198735,-0.6225194641515946,0.6099671147519596,0.12136787150777414,-2.0781799651247677,-2.1113637855951986,-0.4458885868326278,-0.36963603912160903,-1.0349303397016667,2.621903115323642,-0.9402510016576057,-1.7268388501859808,-1.901438241646011,-0.697789715485366,-2.191672265509313
2022-01-14,-0.06492159367011525,-0.2714417138739918,1.4064882161048382,1.8022121183526807,0.3158722095076891,-0.8893071803676621,1.1611184470430622,-0.18654260055628105,-2.014797555226939,-1.909226039780004,0.505021108676806,-1.127620597362371,-1.4492132370596882,-2.1480588366182003,-1.6420292905822367,-1.7053611074584494,-1.6311788708102906,0.0840546375363845,-1.7081206729430853,-0.22443822340128136,-0.23223790941820027,-0.013356594138588718,-1.7574181546782643,2.448796950651468,-1.1904892917545122,1.0045196605516182,-0.8168322337332894,-1.5786273817196317,-0.7048429300415362,-0.5195256727863958,1.2470802205578446,-1.3646006205967252,-0.4861510441134354,-0.8813313656011388,0.4036476721866488,-1.4051035914941388,-2.0497574844771145,-1.2573523697755944,0.5043696264242947,-1.3442907627242113,-1.2456210669051537,-1.709561074354269,-0.5604841769799631,1.8286930093041007,-1.8119142931813101,-1.8748909948542107,-1.4898836867249288,0.43339027405133346,-1.3242013891111886,-1.2973625708915693,-1.3130855675535367,-0.49425648975772846,1.2148462101934934,-1.7725828235311363,-1.189915561421088,-0.1262429527758989,-1.6410080169459653,-0.9677151525464213,-0.2697689491972956,-0.9220996615004852,-0.702028412219635,-0.838115365990765,-1.2027779408981212,2.4704915229449385,-1.4316257147452878,0.7909585766494078,-0.20749723586346677,-1.3616285680847968,1.0229600646068189,-0.2587607988493856,-1.0822877616676387,-0.3041516601002486,-1.0133448699952035,1.2374063517714475,-0.5944121583494417,-1.6310455651629736,-1.2209025341232231,-1.173722283947727,-0.1047784937767498,-1.8076301847432643,0.013628818255171279,-1.729706367884173,-0.20979679386448952,-1.8500782392373092,-1.8476877701175212,-0.9474166352466221,0.34695716212178623,-1.133292615660292,-2.403408178572372,-0.4880559237276703,-1.5998547464014523,-0.9109782238256261,-1.4196534739038504,-0.9969404521463224,-0.16176102923004249,0.2572743593206991,0.2833878072694459,0.275154187481299,-0.5481916316541265,-2.280417674282986,-0.19220605663718332,0.6804821475225756,-1.3349098323153261,-2.256307534333008,-1.315564706411556,-0.9760112162684375,1.3716428947997612,2.799391700910356,-2.02521010418432,-1.492057823252274,-0.5537002378498169,-1.684887091714355,-1.794281314798516,-1.4233588198533567,-1.4325925725478132,-1.9211745614006972,-0.1687654984992175,0.09135352804537365,1.692579262307184,-1.1159241879212676,-1.40794072082098,-0.66007193520282,-0.5223552497435201,0.934179952725684,-1.723805692759539,-0.9682297653546914,-0.1204543692746696,-1.6124241547971896,-0.5484262476541684,-0.28647428708906997,1.579859374589053,0.3079618673205965,-2.0883583484144888,-1.5953389830067426,-0.42747916711419587,-0.09147911683158791,-0.8726294383302234,1.7562043733137835,-0.8984324051919812,-1.8084126586330298,-1.1135789343033946,2.0272888620685787,-1.8110967626709535
2022-01-17,1.0575923533846905,-0.5624187435878462,1.144174287662216,1.7537157134414674,-0.3863332947032281,-1.3482206787780968,1.4586699243229888,-0.35661588912189196,-1.950844207580537,-1.9079317502227167,-0.18298350078456285,-0.8110783962392968,-1.6367405473234096,-2.0878869525821333,-1.7413619779721345,-2.08959161791778,-1.875847271091124,0.9845635856091144,-1.8328760649626625,-0.8577602763249244,-0.3288659967760237,-0.4774153618001114,-1.8650693906417313,1.5949133550165546,-1.2131545229679128,0.6415033454684369,-1.4278824594227963,-1.8145524811715197,-1.6088034376289109,-0.8157547108451189,0.7631410041754054,-1.926919163242247,-1.6748439317086043,-0.6348280673057258,0.4823152152822764,-1.8237208852304787,-2.1223695377622547,-1.2496066228503098,-0.13672319877333927,-1.085456954925881,-1.509949836896186,-1.1868228803348952,-1.3328290084486623,1.6290456540376026,-1.8659733967310046,-1.7039394722736056,-1.4930985806705035,0.888128384423216,-1.213516972224749,-1.2113575750047734,-1.0461890532438933,-0.9211218930709129,0.8797820327848007,-1.6115036435901429,-1.1996468987142936,-1.0761972061084637,-1.8395853802856414,-0.7435223404465287,-0.5979387654809218,-1.82305491927758,0.46307826561792315,-1.4233813164672426,-1.954156384672606,2.8769457193333823,-1.8174690517184637,0.4269085235995122,-0.9856296857309242,-1.4497711157529383,0.627040093408803,-0.6824656033807303,-1.2890984893079154,-0.3310871154124908,-1.1957493980696623,0.5368919866485026,-0.9286953600354602,-0.9315054124243181,-0.8070896181382073,-1.5866331125780848,-0.7409411854415372,-1.9595906784103327,-0.5598658261538247,-1.4865808499155315,-0.4888323441539509,-1.8595614752926823,-1.7508653387988167,-0.9988973516035639,-0.34960951851670596,-1.2291744953712012,-2.283771557688526,-0.7505278893364825,-1.9598214345756106,-1.1557975813006458,-1.619579673098834,-1.5060791299014955,-0.35552972350520445,-0.08040235877012909,-0.11259367459723867,-0.1158222929114531,-0.7125927907597095,-1.5905925214041925,-0.0718594063461837,0.20381251971865244,-1.6003653359428942,-2.118212303225909,-2.6625119830991797,-1.3624235008828787,1.1307619499847101,2.0005478888505643,-2.499152351084165,-1.7539764242963591,-0.6206714173342738,-1.6935245339305858,-0.5004269822393589,-1.426086406202835,-1.5784173736123324,-1.8758718300612935,-0.35401214467902337,-1.2744830949972088,0.3678414685906618,-1.5978606366652024,-1.299481171861894,-1.0493966125511394,-2.014892940748897,0.6224239135853769,-1.731051056894167,-1.735355473687798,-0.19021660863873174,-1.4967675602626997,-0.9570553752369441,2.777849148952053,1.590502927926381,-0.2599763712830146,-2.0771297840574583,-1.5700098691568372,-1.07230781110037,-0.6770315261580319,-0.90547002380648,2.4839857595319987,-1.2999088144476436,-2.2269711680982827,-1.5970960438245765,2.2409211321419047,-1.6950864273797825
2022-01-18,0.11706460834835465,-1.0111042211632653,0.9966549109788521,1.2717039208441119,-1.21690442670322,-1.7570330624211492,1.569000588653913,-1.0687112488585109,-1.7593858258126707,-2.0613462904014677,-0.3164603859416232,0.08577719700262391,-1.9991584288860618,-1.951267991284733,-2.1249953795089485,-2.5017621559737564,-1.912138967040681,0.3325376979830842,-1.8824876892396778,-1.1029237480279312,-0.6228522241315143,-0.6716351987821739,-2.0252467020574154,1.208406930043358,-1.3168229228089152,1.2807659081815763,-1.7421212153338448,-2.105742034319562,-1.40246048469405,-1.0878551000218881,0.11251015523882459,-2.1120638229229924,3.350077409847288,-1.0372600161896395,0.40240299636712007,-1.5607938204222824,-2.1685083001633187,-1.8406013176414342,0.5047283493523775,0.3859929204499869,-1.82384208172313,0.27141256981443,-1.604647327115943,1.8174426228503704,-1.99931753852451,-1.9013205195104352,-1.6287313542662127,1.891945406535139,-1.5142006853000678,-1.1647229059433999,-1.3220233392945042,-1.2321498967358993,0.4673771851057892,-1.5912930379434327,-1.7631016284350387,-1.4675055779745843,-2.4059903459487635,-1.7801104565489934,-1.203906910458246,-2.532748071616131,1.2061847420792813,-1.9158570780935213,-2.0689672005171524,2.0307913488279463,-2.024019322513742,0.509922050300778,-2.2837194744961318,-1.414299920839203,-0.1318857825266215,-0.8776200999036889,-1.6402962603396636,-0.6468057886574679,-1.4588676204238926,-0.8874954106416096,-1.3852954276352691,-1.204987399355438,-1.6432019353634857,-1.9355610800461334,-1.2185454583449993,-1.9567544058349455,-0.6881144844131293,-0.09129472844989651,-0.8855214918438293,-1.8312630958566636,-1.7390976602260202,-0.5836906206807363,-1.1031250781637025,-0.9857691166093148,-1.9239687910306063,-1.311036427817054,-2.381302391573504,-1.3687423654784239,-2.215385276071407,-1.3717122210715054,-0.7596545602106123,0.9034980202753363,-0.40858511272513,-0.40227743998490845,-1.791861731910429,-1.6740374004427219,-1.033463052569856,-0.011682347324525902,-1.7376791839884211,-1.9960702999595314,-2.4897321936881327,-2.15869824699323,0.6400624552634654,1.7264339465307643,-2.5682414016443063,-1.7524823458081615,-0.8854705667133821,-1.699363461617011,-0.7856070797701923,-1.6466372803822287,-1.8200523415981742,-1.8556965968643762,-0.9028761594952751,-1.7469221405614834,-0.5855677249443311,-0.728063274406352,-1.2876339029819546,-1.6082948571622704,-2.140165625649115,0.1437919635573373,-1.8442422071367066,-0.8287457685733612,-0.6074994545590365,-1.5991828218326163,-1.3994850058161445,3.051021554173315,1.121282711765759,-0.7798423090383776,-1.9192270785706484,-1.5808171161527935,-1.371489560913171,-1.215938132635097,-1.3806966370674134,1.8100358017716358,-1.575372792883245,-2.5226949538436303,-1.827415766972072,2.353820575035449,-0.7180105293711654
2022-01-19,-1.4588243014866686,-1.7861412088102246,0.32979393220853753,-1.1701398324756453,-1.9885786255280162,-2.2875993640254517,1.2959268905582433,-2.3983003429139353,-1.8568140967594944,-2.5357268380610853,-0.13371552551954613,-0.08987525495232884,-2.02027679148438,-1.8568189852706514,-2.0566256776347553,-2.28942181573544,-1.8621181037383407,-2.859595751631714,-2.149434824483493,-2.169517952890368,-1.6423188944261613,-0.890732187834163,-2.2453144020793965,0.7693976126471086,-1.659783434506859,1.0451319972760362,-1.9225617968239874,-2.6911007188088876,-2.661042624383322,-1.9250916792148682,-2.0982130490187623,-2.4674571058928767,3.0935861442795938,-1.3050903762167434,-0.27834046538689655,-1.7706537551505332,-2.0531217491225493,-2.3959037990778396,-1.0620229893889495,-0.04525309757861149,-2.5672305850074104,0.9790938632770346,-1.9424190978211218,1.5302107079709815,-2.345076776850147,-2.4140804377036673,-2.2972488641076465,1.105545892159501,-1.6660038563438913,-1.0070920925957252,-2.085696027212901,-1.915385033506564,-0.07742998511776336,-0.770715614525815,-1.6409768833449887,-1.6032906933025255,-2.6818888635610296,-2.0652430508846864,-1.8760783955733962,-2.6982053547076386,0.5314500940714936,-2.2982504993470045,-1.936418729256564,2.707784276206458,-2.388299148723025,-0.6936564729150266,-2.4696121187690583,-1.4721093764742919,-1.0775891786373604,-1.0271124886036653,-2.1950337775447495,-1.5971030170360418,-1.9615653620592048,-3.024533846380592,-1.505894472982813,-2.2477484179516583,-0.7632403635399868,-2.3763055682584273,-1.8702170802643046,-2.279002732084328,-0.9829934765418082,-0.11405135940419246,-1.322334811234321,-2.0096256410738453,-1.713313212412453,-1.504700343567873,-1.9977891950748161,-1.2679095475060882,-1.843565841121117,-2.209247059857444,-2.2747212318490697,-1.487940060639115,-2.8567635688209743,-1.420519112946609,-1.2070782515464638,-0.30563510703614266,-1.8313659789820695,-1.8367687518544167,-2.9460461117503614,-1.5599503724347066,-2.3298856629748204,-1.4091005242925068,-1.7285472516955405,-2.1763175121686333,-2.2440773591856127,-2.8321299352902467,0.04718266077948324,1.4193121765646597,-2.8474710651433486,-2.0227380432506834,-1.8969337403118953,-1.6952394306525227,-0.3513639935275825,-1.8901729760963848,-2.0648357846168595,-2.0172800437939307,-2.370586018679159,-1.906763283886766,-2.031926725443427,-2.1713192580554743,-1.6577714357722775,-2.1244475325224363,-2.9729980851809388,-1.3562848284801299,-1.8464694645721922,0.37930680842309883,-0.6869802560618167,-2.026535528642688,-2.1285961745545805,3.2796598064528224,-0.01885781715637872,-1.0842983920894482,-2.236270719217208,-1.8373679206486055,-2.008986550404406,-2.2635304966199863,-1.8496433413292923,1.1125886868827795,-1.8572286021960418,-2.230884551223436,-2.3103489255623115,1.710230522758299,-0.48620170824472875
2022-01-20,-1.7448448135500172,-1.7352426757048125,0.44172113080558434,-1.3036741757935004,-1.1693048707939198,-1.8361186722195735,1.1320362951533078,-2.0649192559140013,-1.6264695559921256,-2.1961849926265873,0.013979022611760171,-0.8183858799387626,-1.4626379539613168,-1.7646861528221118,-1.0508598807020408,-1.1873746952399835,-1.3819697181965016,-2.3710516097379064,-1.8135087174919609,-1.7166291483997485,-1.0424576320778163,-0.690462541415462,-1.6973664188113597,0.47243489742582456,-1.3249600814454403,0.8602513793800566,-1.6402825150219298,-2.207617451912315,-1.9754914216783186,-1.6115063976241244,-0.9050654013336663,-1.8834526462410166,2.0653398724910033,-0.936284888503111,0.06242376094632041,-1.4823403796337045,-1.3493536018325762,-1.1459946242966068,-1.19837473958108,-0.204844539264331,-1.8601998257770955,-0.6775337901561042,-1.7961816415548228,1.3638651790616139,-1.8334292036403745,-1.7423360462759083,-1.8420573816733548,0.23662800207869902,-1.2541344976147775,-0.6731805260177666,-1.4379519708158255,-1.9717525279070733,1.019430076899581,-0.24015393055722226,-0.9345515073966996,-1.2908763043903446,-2.331931982833284,-1.9418806101966968,-0.9344073623518718,-1.7315495024893055,0.09414990000902472,-1.8294943208470043,-1.420748690089055,1.342430094142515,-2.1934740733343685,-0.7042248493733915,-1.9305244516310653,-1.4172587972061024,-1.5934692347380184,-0.5491563783118294,-1.909465556259819,-1.265002250407667,-1.6738051904119025,-2.5736304084602635,-1.2021292260016936,-2.0542916539727267,-0.8238345757432131,-1.7744796737935424,-1.658458050076386,-1.536230947252845,-0.32822354633458284,-1.4431250279524215,-1.393666249005432,-1.708737052836781,-1.4783272075728549,-1.2607546953073026,-1.6959215778993935,-0.877026256207836,-1.55416778859876,-1.815643349745941,-1.475656980866248,-1.4917361909655191,-2.347437628110632,-1.365213110823436,-1.3519856046732903,0.7900698832237605,-1.6729998342340973,-1.67441380166576,-2.3215312380450217,-0.503454428395464,-1.721023673388703,-1.3760526414798502,-1.3990120631665375,-1.8331787411931024,-1.7316274589970742,-2.2687142901760593,-0.14592431904274972,1.8319156776837995,-2.026163342584668,-1.8371157673770693,-1.2112367727278275,-0.44086028194900595,-0.6899539836831964,-1.7362921199592758,-1.8025371271187036,-1.487295531028357,-2.144635344404187,-1.7708571197920455,-0.15503922993840794,-2.4335973512724802,-1.2816320163516215,-1.6398545965083655,-1.9439487351208897,-1.4146225940478951,-1.7015690249881201,1.3406889954955987,0.7987756707165976,-1.2190385940306034,-1.5721332810357653,1.7225364328991848,1.0838355396642168,-1.1304131073581423,-1.6672301154938252,-1.5745297399810185,-1.5471782512022962,-1.8106986162562217,-1.8734888539803087,0.915393714788299,0.020303216794735846,-0.950795564653084,-0.5052490811015058,0.8328804007347816,-1.0012582630702958
2022-01-21,-2.1726238022285944,-1.5073859441996498,0.22116024930832642,-1.4127038130348533,-1.4486014552439168,-1.5084824342911936,0.9317412938641659,-2.027829140135809,-1.324614513786286,-1.9740870565607496,0.1672134978276283,-0.9083898642520642,-1.2103806757841022,-1.675377298511946,-0.8827099714210503,-1.4050742127026792,-1.4077535261230891,-2.495586616715395,-1.6990900607590207,-1.7769532572899416,-0.9094226231987126,-1.3136428569350809,-1.7160500156683782,-0.2101100807374541,-1.2584345987416605,1.0299045434327392,-1.7154365207828122,-2.0180272614080974,-1.1063772234515796,-1.4322799170189269,-1.3074834268466045,-1.5238138930257026,1.8441284126583957,-1.1454491177902006,-0.07621217137929004,-1.783345944851377,-1.0036719043341966,0.02231351145985578,-1.8375707863299333,0.07088694445304264,-1.8659705006552267,-1.043994237443533,-1.3779615399231189,1.1307020266282166,-1.8508549364757312,-1.7693469667008033,-1.7846627553572048,0.06196668705044477,-1.5038517702150695,-0.005343097128250959,-2.215674963839622,-1.9311700827384295,0.16119532696160374,0.01417337383548997,-1.4148956771340835,-0.851040868887341,-2.232114061500966,-1.8804983949069838,-1.7609228029587323,-1.6469748766534225,-0.2838566112300197,-1.6248438727898484,-1.145727650057909,2.7735020261976624,-1.7949771511220625,-0.7805133555022383,-1.7262091464347216,-1.211337910332734,-1.354653897991555,-0.2585625356291088,-1.7854823507464845,-1.4846375933550156,-1.7303530436785615,-1.8387143446420213,-1.1334235848878087,-1.684551504491388,-1.8972923427511015,-1.8584402930943493,-1.7000119093343846,-1.3587992760768446,-0.44455021762926233,-1.4330177534408057,-1.7070385326717317,-1.5848617001118797,-1.3563924091453954,-1.724263977494773,-1.1950807196877695,-0.12507993219830413,-1.4926286502384292,-1.8567355274857247,-1.6419249265458433,-1.261672018706115,-2.1352628664682904,-1.0679099458286478,-1.552300664503804,0.8202161881805088,-1.2878203324588156,-1.2710775166744868,-1.1578273517568454,0.25184379936838497,-2.2067040299760956,-1.476490456148273,-1.4618357746126964,-1.60956319956249,-1.7143906943691454,-1.899505534839086,-0.09203022395625066,1.5327887660022101,-2.0935648300796457,-1.6622076713686567,-1.461311395565524,-0.9112554905445883,-0.6527174022754827,-1.8573482502900556,-1.579655760342968,-1.2824200418880782,-2.0881480829056294,-1.5467648563325973,-1.6366732893612512,-1.9645826734195246,-1.305119063889545,-1.667238978063733,-1.6563907864128664,-1.5830085057933474,-1.8123039703605976,1.8824755303804956,0.7181758583446244,-0.4961095393991803,-1.4574246600438998,0.9942876867873935,1.0981414721827358,-1.1068897249623693,-1.6796969768032792,-1.4345886251215385,-0.8652094796997037,-1.7462925148181112,-1.9021803375571404,0.6075854459305481,-0.5225590337313479,-0.8367504507027436,-1.2478895939099346,0.941169869355579,-1.199946463670106
2022-01-24,-0.4541483610720774,-1.8513162070216918,0.4744238099648456,0.05874476896470385,-1.3386842601188513,-1.3931939135228106,0.9147846623705397,-1.6381441201529843,-1.182499086658332,-1.7214822164376087,0.0029968233153551144,-0.5266211584207696,-1.1645773712618894,-1.2953334242456307,-0.1504787068296703,-0.9143426449666977,-1.3188496957585554,-1.982688750746788,-1.4407498155364644,-1.6125874420689272,-0.8772635492320712,-1.5330081551691366,-1.4459852059322613,-0.33679634917684065,-1.0619795530484148,1.3188999427974921,-1.2626211958545235,-1.5778660225532004,-0.9922277181644742,-1.2463976267842203,-1.4418316501414352,-1.4143320711957263,0.15794593918510408,-0.5823871749466616,-0.22750977831133729,-1.7272535590301374,-0.641446350409373,0.3156361049379153,-2.992392063271895,-0.9302487970406843,-1.5773812141196382,-1.431237731187172,-1.422311466783935,1.0067924452231736,-1.3814995997400237,-1.4896413507675343,-1.6560271551757755,-1.2776296269606051,0.3890905577847536,-0.05308275762251659,-1.9004726021685165,-0.9470529557301287,0.29208661219305404,0.9935879447019172,-0.7225360011169845,0.12890805490958054,-1.86622172455487,-1.2953054147208964,-1.4742977439908798,-0.5563441127471661,0.7631432063156556,-1.685245913506895,-0.9542036928910208,2.3727244380729338,-1.3388290829247107,0.22557743466163116,-1.6669009455737833,-1.0375463987366875,-1.1144738925662634,-0.06660677983756781,-1.4200410499680594,-0.9834117554713756,-1.4001374204644634,-1.2176400521871618,-0.9309172428168356,-1.1827808804495703,-1.7377428030834337,-1.5434066012089074,-1.6215008802705086,-0.8871138217741497,-0.24668881892688957,-1.6867372205350868,-1.1964112063210053,-1.1405364898239627,-1.1349546225609215,-1.8519302885634652,-1.1469466988202477,-0.27102106685498695,-1.5005427433671636,-1.5887788767490425,-1.9348497924229557,-1.0362212353013671,-1.5702759582879573,-1.0394207114759595,-1.525355047469411,1.4909851773205856,-0.13937097117627387,-0.14996697869127867,-1.7167348121041783,0.22814136626106168,-1.7361132447979073,-1.9162389332916572,-0.850002295670566,-1.2135140478559834,-1.394398844121855,-1.6268485490127749,0.5120863783903913,1.981068735743743,-1.6194101550638826,-1.4162868882264112,-1.1991189573686711,-0.8304543548397719,-0.20741313435564024,-1.4378532855207036,-1.3671831253003313,-0.9506347213339489,-1.683050140457071,-1.1613586394523265,-1.594024971829043,-1.461402991261899,-1.0524512043631067,-0.8604430187042985,-1.78356260934953,-1.1222579404436999,-1.434231967142862,2.6743274599501503,1.7736359169832794,-0.7272826620811622,-1.215576374886176,0.6988061342278769,1.7810308429889061,-1.4998288880622648,-1.4341997126120876,-1.2241391394454804,-1.7560576314582321,-1.7147891275125937,-1.5370775435496935,0.38871613783941783,-0.012441404533356452,-0.5842193688346123,-1.1252056109679576,1.2042560483504587,-1.3335536796531515
2022-01-25,-0.24389209869169376,-1.4356667177105225,0.5417374066677721,0.21267043231693167,-1.129376851228394,-0.9081678571030252,0.5722057249409452,-1.2495567113334614,-0.7853098089850173,-1.4718078244311803,-0.13252101957473714,-0.29581205078969464,-0.8254614125825082,-1.141304311630929,-0.16668544413060699,-0.7466047786360382,-1.1021991617293863,-1.384671353888803,-1.005680468282695,-1.3359734474503888,-0.5489969684807102,-1.5237434139602433,-1.1379300493853026,-0.3984672262819275,-0.763821263756302,0.5431538742511731,-0.9777779516356502,-1.049417880896934,-1.110952725355563,-0.9796268411721202,-0.7994314099794205,-1.1270266386451135,-0.14102499430118529,-0.3414717374156814,-0.13374639622229625,-1.2246485048592346,-0.44619509850441635,1.2829485609726303,-2.28958521017932,-1.087806729996258,-1.2884235033410132,-1.3392333558468075,-1.0924219543280391,0.9778645180586608,-1.0973712596459357,-1.205735693593931,-1.3490655131641207,-1.0571949467616961,1.0854424733866712,-0.664148610371633,-1.471114841529468,-1.0057232152412674,0.525754644989377,1.119793121762364,-0.4190516776128414,0.13564027007213522,-1.5175751464883465,-1.1844215619549916,-1.3446139102913592,-0.4297331817477605,0.620402747193572,-1.451722479259809,-0.848627948574931,2.674541241454889,-0.8835693772440879,1.3419820741691706,-1.2397186120965848,-0.9058996071035788,-1.7581299157910162,0.9937330055752822,-1.0574243635042042,-0.9645709875280047,-0.917233433987368,-0.8056178493317196,-0.235966739437536,-0.9940870140149831,-1.3810078823581744,-1.0211688359292903,-0.8216985411728697,-0.6215664684450944,-0.20201986539944156,-1.4747739420931816,-1.2627391769176994,-0.9145730908363451,-0.9008508469238615,-1.3778252364253587,-1.1117405387506225,0.38475329800709557,-1.0475728900657966,-1.287684274149279,-1.5080077258329854,-0.887289617701189,-1.1671439305520273,-1.1980553544812127,-0.740451757560307,0.7925501747125104,1.2730147551492954,1.2891574960120715,-1.5244433351957434,0.2463696313225292,-1.2001720591790024,-1.442464754398312,-0.6525159830077263,-0.9811526962750723,-1.1399551592631905,-1.180166029401044,1.2175627718671915,1.7564950734928255,-1.1036786799411091,-1.021866480367417,-0.9708502327532809,-0.8825505932158391,-0.14589220877308876,-1.1377671046833997,-1.117239134639037,-1.0708057384052398,-1.294270580577424,-0.9877229973600234,-1.0513981096495861,-1.2697554964754374,-0.799189816371811,0.23979802071388243,-1.560368993986829,-1.3457932294949175,-1.1097756592563792,2.4139961199512556,1.7292927337362067,-0.8954692502556583,-0.9493598990252871,0.7614454028837353,1.8128984833383166,-1.3073766790913242,-1.1020251966541759,-0.5720008898836005,-1.3624386358569658,-1.1600152541597646,-0.8802630560294716,0.3319042977548287,0.5064844883474687,-0.01672931809601063,-1.023271261820634,1.9453560771898164,-1.1047178010482326
2022-01-27,-0.40685811684235446,-1.5493295654632555,0.1683510045986704,0.03406786302519842,-1.3831255641805706,-1.1905372064203015,0.15261671891661524,-1.296756998428259,-0.7927177761576263,-1.4428297192357356,-1.4198755424619725,-0.4166184460073601,-0.989674586001909,-1.2285608835409014,-0.7641267604292518,-1.165234619158135,-1.0515002305719696,-1.5490910187584608,-0.9961149994149393,-1.3872958400639035,-0.4642116509570982,-2.053671871350471,-1.3175335640986456,-1.2036894056421,-0.43606280032230926,0.3361701175030582,-1.2113794606747508,-0.9074089618908683,-1.1967727104448316,-0.9588378815102341,-0.0660906525566325,-1.1056011911378563,-0.634799127660053,-1.494674663491099,-0.8491062086524579,-1.0827162510147326,-0.35902434858060417,1.0475312337090952,-2.011580064890989,-1.3016906202874503,-1.1284133385732862,-1.711048506247413,-1.1684730660638813,0.8433141675978265,-1.2553963035497504,-1.1727404337451521,-1.3610381396621354,-1.3849562838198655,1.233815252795442,-0.6584017008429237,-1.001780504519024,-1.2512682647263689,0.4545691255197665,0.4630408673427966,-0.93664009460224,-1.0080962384518097,-1.5221421452207549,-1.1607941368955348,-1.3324428812064708,-1.1757536397062887,1.1782885504677942,-1.4041120032116368,-1.0453003996021966,2.663753048550796,-0.8420567283982565,1.5856284361465565,-1.4841758591752148,-0.9861921603938691,-1.8035912204959097,-0.7667353273294466,-0.9273849306496856,-1.4802981351157825,-0.8951162025025732,-0.41653586717554547,0.1365244783762541,-0.40952312865599233,-2.219487418740367,-1.0215542879888637,-1.0560748964728155,-0.6823172543716316,-0.8439785548809352,-1.354624979259666,-1.5165591813803985,-0.8977430586899295,-0.8218027085207611,-1.6687058351943669,-1.3244910374084784,0.5582372230303108,-1.2920987529313497,-1.3985882814892636,-1.5714082996366723,-0.963077122393013,-1.0937360244290764,-1.290058586888851,-0.9396088178920249,0.3424866702325784,0.535053130893131,0.5400580536439626,-1.9038356083044392,-0.03656478786995051,-1.262741249003051,-1.3459288419872435,-0.9658200149865108,-0.9426129907993352,-1.3260425417500354,-1.1757902305064376,1.8274344549213966,0.8573244820267872,-1.1549655361758844,-1.0543680136998022,-0.8628391323112143,-0.8598975461176416,-1.343390304569748,-0.9842083551167429,-1.233463278031355,-1.1366531840022043,-1.2073712998989024,-0.820237149602063,-1.292397216123455,-1.971010903132485,-0.7662722228253886,-0.23841989873858857,-1.474252996912906,-1.4457322418851863,-0.93422606257816,1.9093046875957826,1.0930563531151762,-1.1548724036681104,-1.0813590162516356,0.6255232095184015,2.0752401445536637,-1.5194401506340054,-1.202921444021631,-0.3676154784447522,-1.4108641985930284,-1.145259974198153,-0.361001720896069,-0.012617621663441957,0.40978113130651467,-0.8421339919126718,-0.32104645404395404,2.185311183714366,-1.0275938693399014
2022-01-28,-0.4759722068904588,-1.509793955659043,-1.1464344402568818,0.2993407998251011,-1.2567390413896795,-1.1522575231365397,-0.006281820068352337,-1.1010224503889925,-0.6822909579200996,-1.144048181562129,-1.941862137170393,-0.17541986392983452,-0.5150364668218544,-1.0396590206517444,-1.3429450595403216,-0.7952415802193751,-1.2387394117228863,-1.2566909851637504,-0.9022599159710639,-1.197336270549841,-0.028074618181119088,-1.662147429402805,-1.2505437349561253,-1.998411145127382,-0.45041955619034935,-0.21249787832781536,-1.1986424394928537,-0.848833590193127,-1.775435997756255,-0.7931698404226271,-0.015188990646388303,-1.0209562755670634,-1.1693860709694714,-1.6040341664071467,-1.3058496007848361,-1.2402692115426524,-0.47984534252462085,1.5901766344575252,-2.3373639332802036,-2.062032219070794,-0.9195699456083639,-1.9616784335522872,-0.9400245655818785,0.7556655234176933,-1.2223701099276962,-0.9876997050392388,-1.1312016676639483,-1.423979145394551,1.038459084184607,-1.6053221871266306,-1.6100156658344027,-1.3988871132549638,1.2893635864729516,-0.2063907185584891,-0.36870372666175966,-0.7466257318423422,-1.3587071482713355,-0.363117189814263,-0.920506449434183,-1.724363617525294,2.61429546779288,-0.7226780781468628,-1.1658838970945005,1.9187063301088059,-0.6747305541918853,0.2143811225346696,-1.058484062652597,-1.2069830873147218,-2.6231665978529612,-1.0199715812619692,-0.8063153710926338,-1.3802995166758225,-0.5941358626802213,-0.2123687840838051,-0.6261491753055455,-0.7133999964349282,-1.3936722184474275,-0.9499231507319386,-1.0894925318023625,-0.5104242882718631,-1.5640901831356764,-1.4336250194873785,-1.5354068633746762,-0.9252833815253357,-0.6450437184705436,-1.9167555708068005,-1.0476860873996598,-0.1310876951183262,-1.3869938194240627,-1.0325172104911136,-1.5239422293481486,-0.7899319704437987,-0.0622039366986449,-1.5888008448360837,-0.8909278014040356,0.40791210980731396,0.8932037804940028,0.8809131790356313,-1.903702696251282,0.010285337797912457,-1.0771058505933135,-1.070648840132274,-0.38691531954370706,-0.7202606276390279,-1.212410736866723,-1.085366097948289,2.2498655805918557,0.678182090774826,-1.1588728660146153,-0.913918595004226,-0.8709887803443528,-0.6955718932360577,-1.5059732059669646,-0.6048712345168679,-1.0131897463453932,-1.0752334502547438,-1.0786484252439081,-0.6894080832932251,-1.3443913887101122,-1.7599787302581658,-0.7046991665336723,-0.510579980197181,-1.6499277392398282,-1.2179214353971584,-0.6880746622345846,0.8029183996086114,-0.2880300278224094,-0.9749050452241972,-0.81690665017896,1.2453800292857677,2.419347264840513,-1.2959777658236875,-0.8906520953170337,-0.47667736586057186,-1.4294906783663117,-0.9896652650247666,-0.4136018516033866,0.27018393271387603,0.6091022810395251,-1.4991160409898867,2.106802320921605,1.755888209688262,-1.4313068239339057
2022-01-31,0.1554045372528647,-1.0160834279362618,-0.08448687115781549,1.0258485684923824,0.3756958004496333,-0.9191854903849863,-0.2698778509821983,-0.5224076614890324,-0.6180512409610881,-0.8199933143084172,-0.9880847937291712,1.3043564102684178,-0.101028851862778,-0.8541636399647817,-0.40216394465098265,0.136222677272161,-0.6777216418915687,-0.9337401514567727,-0.47045219348818884,-0.5962693533833646,-0.17558896823691372,-1.0629289866094813,-0.7119542503472387,-1.2985019224861496,-0.25565578034194514,1.9495286200656632,-0.8211756109197841,-0.6011580383213608,-0.8956660467185134,-0.3656406674955416,-0.9611370537363548,-0.8621569001433563,-0.9816038828341666,-1.3884764437610122,-0.9699909876377628,-0.767240457188266,-0.4361071073803685,1.5994591116436951,-1.8361866182385747,-2.0015493486756677,-0.5569352634893979,-1.408352700766822,-0.6390982676359995,0.8544419835792668,-0.7942286657514005,-0.738897109298224,-0.7131215166447339,-0.5718149646598135,1.3523392257621987,-1.1926139660822646,-1.2266505344211631,-0.6745288951226702,1.6310187177257698,1.0091707998850328,0.8386656783455434,-0.4731853745118525,-1.036648922160677,0.6806363283795948,-0.9245940321649,-1.498847289655161,2.9383767213980216,0.14441265978833087,-1.2116928240916762,1.5812756726481065,-0.30101391360140084,0.2903939402015675,-0.7889991097996366,-0.8855667655933925,-1.7788109006649826,0.10601478319591659,-0.8652168732426316,-0.8031092552296393,0.11546722811941386,0.5478234200035321,-0.1987762208784321,-0.20037494858587002,-1.1789803302656423,-0.6129654158441054,-0.5978724591532854,-0.32989502384418024,-1.3027409557877005,-0.7730684090744891,-1.190567053002564,-0.6412374985791834,-0.47556058978941407,-1.476605894379818,-0.3864913193422206,0.45855202928080163,-1.1196952270006038,-0.4685205055071602,-0.7953830336625505,-0.5962193844234845,0.35355057995096406,-1.240045360477952,-0.1675164110141656,0.728710155150137,1.2673708091484415,1.2829558360676185,-1.4695038255627342,0.11067632541662965,-0.33141011296765427,0.3281235931682828,-0.2826739096603428,-0.5984429675451195,-0.9510599645302941,-0.6525218509363392,1.8079932132992464,0.6737766495710941,-0.839633466872945,-0.4234394539892618,-0.39029738027740274,-0.4770015270000108,-0.9577388728213332,-0.2450672841328593,-0.23338917460297376,-0.857718878494815,-0.7628478218016493,-0.4818057047347399,-0.5498909939098705,-1.0790831281557003,-0.07322413904090713,0.10836083763341216,-1.248898337661734,-0.7908619347182035,-0.34737963945496225,1.4491820636154724,0.8271359182864018,-0.48752002825595436,-0.22058686846222772,1.3938374800279572,2.144987802955945,-1.0834425586726446,-0.6321635372180633,-0.09056592314676959,-0.9495067099495351,-0.5262777796314534,-0.22492792839747033,0.2333947225206162,1.0458361865204757,0.12787544430860293,1.2717897859944223,1.4860215672917358,-0.8255447220347383
2022-02-01,0.07663757555096534,-0.7271211157140661,0.27066872190748337,1.4684632815025989,-0.09148913598371276,-0.814727971419541,-0.37124030870529207,-0.46870352828389744,-0.3949128751471128,-0.5443283424399789,-0.04004922866848008,1.5977753238067884,-0.07065606307461149,-0.7150302304372247,-0.1333937490038045,0.5073787491760093,-0.5058178416197975,-0.9206152510354539,-0.28130414854089697,-0.4344412770536409,-0.5887080867114484,-0.7876562025764612,-0.5370807578258555,-0.9655389218766582,0.5872238359189584,1.6085166035921972,-0.6838668512200468,-0.043375927106829186,-0.057532409186056795,-0.10767468278375293,-1.0945433210336084,-0.5775263720521074,-0.9237805306893389,-1.013912354483746,-1.1617234001173398,-0.6388112901406356,-0.4371076421145895,1.2718250199192707,-1.3596099802328627,-1.8077799168299062,-0.3655550615242251,-1.0421165420270722,-0.2963083927452759,0.8779175875867812,-0.5573895596949126,-0.5536070746627365,-0.8240755425200208,-0.48109173528149085,1.7020984330739866,0.24719804798040057,-1.0508006455363996,-0.7697948583776769,1.3327250928637688,0.9087571441961576,0.9073577860156885,-1.0900818060052277,-0.7135254413334358,0.7309544559900589,-0.8266143058969304,-1.2238600424573864,2.141981623052047,0.4111169676196976,-1.0229738236455177,2.0610381300186917,0.26895512741616584,0.15598665526661323,-0.5532684556088572,-0.7754779689476586,-1.1046182966331184,0.388893180115136,-1.0029704952460676,0.6719653029467572,0.740550271311636,0.6760376189591658,-0.0826404699295789,2.819285857618694,-1.6051303158221877,-0.3100722140540679,0.04550468411501721,0.02505595407307624,-1.374512423102075,-0.4951098157798279,-0.8138302422427146,-0.458430658403251,-0.36821544120156485,-1.2172342484206573,-0.44595841113632084,1.1493287067295799,-0.9064450842290543,-0.4749208852787183,-0.6996604442131883,-0.5151163377892333,0.7141151020423606,-1.2145913417639407,0.15738430141209805,0.7847716820244194,1.4188621807139776,1.4231680994084317,-1.3174018417365139,-0.04384480602618434,-0.3498190620434923,0.28044484117054924,0.017016277265778635,-0.4089303178754305,-0.6156929459349884,-0.2898635946051741,1.4299611979805855,0.48031133188489644,-0.5690006697304223,-0.3047359595148891,-0.2093174645845823,-0.21829187337280484,-0.2119600702631237,0.244252847884394,-0.06827028960564412,-0.6426936186929141,-0.5404697739485245,-0.07272481425989205,-0.477030270042099,-0.8422307469831155,0.17646970319888425,0.7643461719540156,-0.9800663706064789,-0.7130556564437828,-0.19819627783537433,1.1360300203320313,0.9177928088175131,-0.3465402672771548,-0.050039158616379316,1.2777449095514235,1.4444470088382275,-0.9426759363623108,-0.2290852085963362,-0.3980072711000834,-0.6822274741713753,0.011858808640279451,0.09845810886950176,0.30499572950580117,0.7904896395453422,-0.30187648753566243,2.6298616714249374,1.8317858556809414,-0.5980693681566422
2022-02-02,0.4664671800497336,-0.595789887062606,1.7241859226245213,2.0355163458432157,0.3583606692356733,-0.7202274442192435,-0.7112203368684762,-0.2919482379158117,-0.022898132036975653,-0.48979565971785305,1.5856942998118098,1.7808499880606883,-0.302176160185783,-0.5561998697572975,-0.09079330052474284,0.5476201276518827,-0.20482299513442126,-0.9033487894745649,0.16708148522107588,-0.08337197858663477,-0.3074608290949877,-0.3245940480775163,-0.2999763997542343,-1.1399850718990387,0.9573491203032983,0.736421707608785,-0.4491215835648964,-0.16942533921941963,0.12393168748323387,0.6549361131948147,-0.02629028406589528,-0.5172627686603519,-0.9239526134030418,-0.8942688433318218,-0.9120363316835683,-0.8309736005668621,0.262849093553949,2.549977856245692,-1.058236710509526,-2.0306110376149906,0.9203953393894824,-0.9310166306595098,-0.2085332811234215,0.6628184593384254,-0.3157556541319849,-0.14206760884449054,-0.5624642309528357,0.5916399564075556,1.687421616270708,1.2056440471163357,-0.5949046252424778,-0.27033165745269894,-0.04633925283134657,0.33867803277300257,-0.4611064639069771,-1.296280304702394,-0.5105449745055525,0.867606634937212,-0.6283881176764593,-1.1500298789526169,1.8073999816417217,0.3054101358570022,-1.2722268271302248,1.8110001933495607,1.7630784652949554,0.7804856309840611,-0.516514696854633,-0.32718643461253777,-1.4448889803230247,0.16674386515222728,-0.9632068704654817,0.9394675980086342,1.1605289835421957,0.808941689982815,-0.062203701519454514,2.840662289767269,-1.6761232171322444,-0.314887755856781,0.2167006474925596,0.027888356886075216,-1.3986980272257294,-0.536099638129071,-0.5135757092076819,-0.350203876969366,-0.306152550496492,-1.2613318541523904,-0.4163969782095215,1.8044925918199077,-0.8669206453553994,0.00038918254947111814,-0.7600000835734603,-0.4391149539353645,0.9502824941120004,-1.2239070578502576,0.15374393563960348,-0.8578164346108459,1.3932303727923598,1.4044496052743831,-1.372862511780842,-0.8140265198801558,-0.6118308429384729,0.101121664315526,0.3228390968802889,-0.43694856103871704,0.14161252026975346,0.559009351742207,1.0889907192684332,0.16408611359511224,-0.46684283703495566,-0.07618840708446904,-0.2269516827604818,-0.24516427331651455,-0.28536842918242217,0.38558710226873194,0.21407778818983558,-0.5182502043226725,-0.3830056311380568,1.8128706021123058,-0.19370367604099076,-0.39535947683328315,0.5134850218890487,1.2670500093717794,-0.8057704800449926,-0.7537058719157038,0.0016577619323543634,1.1266965902784234,0.537153278588794,-0.7903209379540815,-0.08083187312347953,1.0055152626571553,1.2653141114438697,-0.6996586987573261,0.09822985597173921,0.07512243001516211,-0.8259836897696178,0.20470179149891876,0.2822679475658994,0.35896823561656327,0.6788226916247757,-0.43699535182346544,2.797167775807743,1.7225658066597345,-0.19631768973543537
2022-02-03,0.7653280901777312,-0.4188947566552153,0.7938077920615655,1.2049287886129174,0.7614829798028233,-0.5743883875922323,-1.0411926046510498,0.11289458632893946,0.2606304021478419,-0.25843747180283416,2.013741777952617,1.3883896427303468,0.6999631792498945,-0.4264758987153627,0.13992726497886626,0.6319878386752869,-0.13123066386958743,-0.4917766443916569,0.4163186524758091,0.08817174253125569,-0.13974370991674087,-0.14491984796971527,0.028986795184499137,-1.0635755010115735,1.572774918610173,1.0551278867231284,-0.3606884043061568,0.07011445494184383,0.4369580260143421,0.9031476172366394,-0.17114807305071553,-0.22901704632614567,-0.8269187296829952,-1.0349573695007244,0.39170308647871105,-0.9209144419120359,0.2748872108421033,2.254817937591036,-0.9949971074360052,-1.6149256583456792,1.0505069130808173,-0.3308096514943308,-0.07937839880974186,0.5330728095556616,-0.19730027653891277,0.07476052349534947,-0.2584501471345767,1.1431100070690385,1.457214998155526,2.215089919669634,-0.37945703322155916,0.030774326781182096,-0.28193160391567057,0.6429303970152354,0.12430728672864948,-1.0157371725132596,-0.3841583657348608,1.4981031019554933,-0.3983783764837175,-0.8931052001350229,1.2152164988639422,0.8613911042624017,-1.2548415952960619,1.5914445149120988,1.8024659418703557,0.7756819817937401,-0.4828945599747728,-0.5333517931967048,-1.4414494679691883,0.44131929377871826,-0.8880516359878926,0.8670469706367357,1.7921019622657337,1.3544581465533654,-0.4572753594958359,1.9940203682549424,-1.5480165528958463,0.04900905830961418,0.36612998464489704,0.46208653039707936,-0.3326893167269477,-0.3833721936923656,-0.4404836011185787,-0.1436913966660535,-0.06215871421092766,-1.1731403354632077,-0.15629098450885906,1.833117829565658,-0.5908213761640222,0.03654588501608835,-0.6282911955711347,-0.5017045466226834,1.2863360261332224,-1.1646669488800345,0.27698189813553425,-0.6221471576183006,1.715390935641406,1.7115457662896394,-0.8565773750738601,-0.8077157483919952,-0.11584217389681656,0.5016406262785624,0.6412073559665215,-0.0630607287378498,0.7465689747839045,0.8709589109250472,1.0437290109926871,0.7325258788486217,-0.485944110067738,0.2739484199425877,0.6334011096281927,0.3641927833996729,-0.04260070990185268,2.3870989525683237,0.6423502772854653,-0.3448814061519963,-0.12905075155372772,2.445462855728603,0.28611238349608303,-0.4050955232351562,0.7680256986288827,1.1522676691882145,-0.8633332046698209,0.014075783182178538,0.33950079454770915,1.2848614271082976,1.8320307956319468,-0.7076059273045046,0.43280458755890816,0.8891710860064884,1.5199841972656691,-0.5912381059550719,0.4620114104283612,0.43617836522703296,-0.4207688918516138,0.38804107117107994,0.4863965175827106,0.9941475301682291,0.5382314820998432,0.551373373521415,2.5703247014346053,1.594048541806703,-0.028706871940059046
2022-02-04,0.4456329102020499,-0.49672941551634486,-0.2728901674947192,0.6236642192105978,-0.04864410248855886,-0.6260604426062557,-1.4409150907897992,-0.10926301334206215,-0.25239193213679056,-0.42799403812253484,1.3227605950527692,1.581889971217157,0.9993138354843623,-0.8890042513963675,-1.1279732137872704,-0.6219776658578767,-0.2265442340114754,-0.9015543684112316,-0.008346301073377128,-0.2601173614736312,0.27608573508785134,-0.4295437432644503,-0.04676180128492307,-1.4741649078119325,1.2923288275494507,1.360442992826849,-0.35183751940137403,-0.31662456241681547,-0.5062816608537613,0.17567019686988414,0.31109561926834317,-0.4633447256558606,-0.6216593911051534,-1.6859338067203298,-0.1002540592319648,-0.4164119151963393,0.20075087825060492,1.6406912467844335,-1.0691642370282228,-0.9940331871264714,0.9438502089732511,-0.4248952008973827,-0.6467937376347757,0.3271379564587861,-0.3932692461232366,-0.34089055566068066,-0.4100905388536642,0.8323678865934837,0.9579148568609,0.20273769256839208,-0.6314771945459356,-0.3415599352478357,-1.3310612883958548,0.3466894492000462,-1.046298356805154,-1.716279939537359,-0.8779022246601479,1.2262623737310334,-0.8516087621436571,-1.6166139492693274,0.7715649094200119,0.6780428517554363,-1.2972004720033636,1.1756730111019589,1.1191782560033254,1.6449472793015645,-0.3777463666053361,-0.6129219746146817,-1.6491035180382647,0.2375011672617603,-1.2584174695621297,0.6653750222168904,1.3086747330917101,0.42304603601057367,-0.8703960749456201,1.9512121795115756,-1.9885248176627142,-0.6584033311688968,0.10300204491846401,0.41134920341634845,-0.6628751833891484,2.67610008868131,-0.9415852127067139,-0.45124735647393205,-0.3511222975616339,-1.8374627516951116,-0.2044945405063599,1.6684488714430512,-0.8995033538301301,-0.19957682671917282,-1.0131226405636888,-0.4573268606918972,1.360365645525766,-1.5567264671894945,-0.16572464937846396,-0.7432691342209657,-0.7096967483646502,-0.6871007323003887,-1.0171321101554966,-1.4666549714319719,-0.6155242358954128,0.4747080706415348,-0.24045336710181373,-0.30934754998299924,0.9307087511549789,0.2441992638685592,1.385802458558132,1.1324214817162328,-0.754457951700123,0.12282203053190602,-0.5676232136604313,0.25972470352917254,-1.3830737812850669,0.9906560081560225,-0.08151611417329134,-0.405171134422585,-0.9310701870724993,1.9071405899387996,0.2177190867792707,-0.5617672544943845,0.338704675021892,0.7547404389982685,-1.4735931058341463,-0.6449428004976794,0.05304888555452405,0.8197027584409643,1.8383387809001916,-0.8793644467101331,-0.2742750121723814,1.0755700070467655,1.0933705271970586,-1.0785219668027508,0.6088672744907982,0.26640167638142215,-0.6884760200897208,0.5492915680527592,0.4891764473356767,1.0329648208649687,-0.11210430911900311,0.20068872200854515,1.3275288853721972,1.3145186792847599,0.3667175286191718
2022-02-07,1.7120488483564555,-0.36362555590733797,-0.24464935356231726,0.6371119846827848,0.04352509122489577,-0.488452917343351,-1.4006500882809096,0.2034668931935652,-0.08810697637093821,-0.4040641123581288,1.3084148512121423,1.4184444026474818,1.4664474733459343,-0.6123419704568847,-1.1638001711262884,-1.035903970248921,-0.010000462954947477,-0.7429558582365434,0.09587089308808605,-0.49516601601771876,-0.135179634253297,-0.19901768104572895,0.09062909737609502,-1.734462322800645,1.4372794317878115,0.9261942855389218,-0.1776835533680378,-0.27437342089157535,-0.816793198615769,0.32938289218097133,0.28703931507804503,-1.1491945045389054,-0.7353792572385396,-1.3281955148098537,-0.11272841605087554,0.11228248715908395,0.19731086707940118,1.0806136587647472,-1.108500775734344,-0.9524023467750106,0.8967517623945315,-0.4931931889130214,-0.3965581964984167,0.12961312785585763,-0.2853346797443165,-0.2668608374161358,-0.4563557944389654,0.17350512052088868,0.9164799833194874,0.08621622075882673,-0.6875581629283641,-0.5654435789861048,-1.562234391546384,0.19852276927369816,-0.5053935692596325,-1.7561371591888093,-0.45946177043985953,1.1501559327248303,-0.5329672941559662,-1.5241791069963881,0.7444319916159579,0.47168908324813097,-1.2457598376236612,0.9357691714204388,1.3557518093146568,1.6476452044866774,-0.3351562335134231,-0.4947464623584495,-1.5526926001569372,-0.20582686627989313,-1.3565650128686184,0.06938147860651399,1.4855968114147118,0.5011860698284349,-0.9961109068852007,1.6402526800087982,-1.6945589972193766,-0.5611133229352515,0.6530942603083622,0.7449919446914727,-0.8801765140274916,1.6121943647653572,-0.6046210265199966,-0.774977141227789,-0.4320526526757771,-1.9931928937306487,0.08291347038606071,2.1935841382564694,-0.7701992532743505,-0.41671804202929336,-0.7529826026327179,-0.5804461225477549,1.3766544755212806,-1.4127130534085508,-0.30773310301736156,-0.8052569982594973,-0.43877415582557056,-0.4600233049412631,-0.7052273132429816,-1.2250773127219956,-0.4859624355936379,0.40160912050528463,-0.565114930086438,0.0008049159476109565,1.2208202643011998,0.31408903526088394,1.0146474304345736,1.4231495710424271,-0.7875137286026345,0.5861544256727685,-0.6388781694808339,0.28978639551523794,-1.409946397626584,1.2214061382228143,0.05498426985159324,-0.4633602979597785,-1.7261964836559578,1.8311248010355352,0.3195621612227378,0.11566871030952419,0.4969727186255686,0.9312504099919604,-1.4814775067576547,-0.30066317635334644,0.10614147322927765,0.6040146768025735,1.1773481108766306,-0.885577285254088,0.12190079656254502,0.9640999999941372,1.8613198832011273,0.3114569683323124,0.6308535882357,0.2938428299457233,-0.8608509531314636,0.16811167999564258,0.99423311578291,0.8916257792784095,-0.06709380069365785,-0.21277575474591093,1.1471871674896013,1.4418483597242857,0.03381127414951926
2022-02-08,1.7524897966033663,-0.7489095182108363,-0.46921559596240364,0.17751104197413628,-0.1813799143269361,-0.4399954857704974,-1.3653404688909563,0.011294599286332108,-0.4552815008583249,-0.19703274184700567,1.3328721551724818,0.7137489572073372,1.6153616684965475,-0.581368145036103,-1.725539340979651,-1.0176230790740624,0.49009863057572206,-0.6877888952783399,-0.22799239572790764,-0.8884808357071255,0.07882940462469082,0.12420407953953158,0.1412797351616134,-1.7027640997862705,1.1408706482761701,0.39035042279356064,-0.3264012597011694,-0.217828293727141,-0.9302137943468215,0.020673475242972517,-0.023365844107249175,-1.3249344289239209,-0.6496957466213839,-1.308473399481577,-0.11324733133031095,-0.3510917212469644,0.4741336988388949,0.5115745415201062,-1.1329993168223411,-0.9734781766203656,0.7128303594041588,-0.5068264056094346,-0.29049406395980126,-0.3532894540666749,-0.7141316780282333,-0.6818542913439957,-0.9823485885433698,-0.7881675343606928,0.5990427511232421,-0.0013220555634661695,-0.9363824569838046,-0.2767911017300554,-1.1455401533387344,0.46955623107969974,-0.8456634819859161,-1.512221836259725,-0.3682518679446438,1.0699677275126083,-0.8165767238545824,-1.3686685878790517,0.8440895711504295,0.43455699406605297,-1.0658783348168108,0.7298935657052301,0.8670450167957675,-0.19972506532194,-0.4356964518514789,-0.46385997058111883,-1.4288585785978003,1.084608587836146,-1.555362698726665,-0.6933447910483816,1.1997587328918307,-0.10765054690355182,-1.2699193359712722,1.1954625612246579,-1.4112667597068722,-0.6561928415033416,1.0060486337606254,0.6641682213575915,-0.19097022812686096,0.8188693164696066,-0.30497655537315654,-1.212230457692836,-0.7013811532790692,-1.9570173071035055,0.1491113147811131,0.696537986088617,-1.2126998884988267,0.16113254296297597,-0.8547810677379675,-0.7388737867018108,1.0515256128227528,-1.2377096739593343,-0.6878481848529374,-0.6377126885567582,-1.0032722167950274,-0.9888364583014366,-0.6900512850637484,-1.3085712477490503,-0.7452124737609007,0.6424817961375041,-1.049416847775094,-0.2978789463523003,1.308459069330575,0.16565780776122277,0.6318922167309465,0.7550198873558928,-0.8097850012527305,0.8061308570066078,-0.8523036827572728,-0.24309968985548622,-1.0239935676481193,0.890013270207417,0.08844778212084627,-0.21998307651456053,-1.6682429973714599,1.2967031576292531,1.3823706768830615,0.7159669064843106,-0.4811656561465951,0.324095594557284,-1.3948919421672255,-0.5114674564896148,0.027814391756008257,0.36053300080925854,1.6085870899983667,-0.9362687781082211,0.20651420335533333,0.6911083652968869,1.5115190957959395,-0.9700515311782011,0.8430133424727825,0.2934259954596643,-0.6660335249958258,0.3517231851318845,0.7539635490673953,0.7366738098070615,-0.4454448551491799,0.24992307495557492,0.9299904055118998,0.9848711499771172,-0.04556719834241563
2022-02-09,1.103292616719627,-1.1124441110561882,-1.0380344281891054,-0.34116375267261523,-1.1622535714017637,-0.8929018683810379,-1.3892464117257182,-0.040266107625925744,-1.092943474852431,-0.31337271689550045,0.8908299233777673,0.14772593195625175,0.8239405949844456,-1.4044289285388178,-1.9239080155781993,-1.1770272811965543,0.0038472991439023763,-0.9386906387801858,-1.2289671043696042,-1.0329394059733537,-0.576292602714681,0.09836100016240738,-0.04865572635908894,-1.6581477415570414,1.0091039893304392,-1.0400175122263955,-0.7915403514923754,0.13080244467678162,-1.1854164860597098,-0.5072491129992829,-0.7916436483015122,-1.6768437513608807,-1.154124060229832,-1.3094692832805535,0.5088963289009405,-1.0399592792833436,0.3816108762064499,0.12883472247446037,-1.2563112377676557,-0.9707228073583375,0.22911077844934688,-0.3271168544462233,-0.5270788748226333,-0.8951196739935458,-1.5835571345139476,-1.3153230520402557,-1.5859715899345237,-1.2103576909163585,0.4053352118171004,-1.0008689287425043,-1.2518605223197115,-0.9382992797858823,-1.501159745282591,1.07227776178508,-1.4110839735625444,-1.972589491076437,-1.0393016123262897,0.5440087366112272,-1.2600667921742985,-1.7272547434383965,0.27244594974091324,-0.46737450725513663,-1.1920285306864304,0.502004530192241,0.37309188377427677,-0.19067389955890657,-0.36094286779540175,-1.1377807847042265,-1.6107145160601162,2.908190488466877,-1.6850426365585542,-1.1106833578126516,0.9379377953878687,-0.16777184522010222,-2.0208133848033536,0.8222762577054245,-1.71694814866878,-1.4240090030173298,0.4350258411022772,0.010962163810702735,1.8549551289241124,0.08103011896081998,-0.5638240595147994,-1.6294762947325134,-1.0890070789160375,-2.081597545447808,-0.18944255222885234,0.15365486783935947,-2.014577570486312,-0.19445783352788074,-1.561539808111959,-1.0982934058954974,0.8292249097911835,-1.3257361183844492,-1.6311648938269292,-1.163251613642898,-1.439009243163156,-1.4294301817007045,-0.7463690170517642,-1.8170909788452982,-0.9749959701662587,0.3765552413487733,-1.0112797198015644,-1.0887057867572496,1.2585602250292254,-0.43963378617731075,-0.008163376341100252,0.45007212650307704,-1.296860561201784,0.2395949816278162,-1.7563545287215212,-0.7609267288248371,-1.1039432713585506,0.49463708727517747,-0.7747885850136028,-0.5732315607017874,-2.0619387743606814,1.060105452086969,1.5116098025380202,-0.19101012718944835,-2.151701041413709,-0.5813711099038428,-1.6637954478547714,-1.5190418925372249,-0.1812008831657759,0.8853262743435382,1.616074827395046,-1.5894301542824225,-0.2344785027244054,0.4103742282799896,-0.43848661548131046,-2.608906587997051,0.6370963214494723,-0.07078923775039439,-0.8139853960947748,0.09029632154306057,0.04177205172977353,-0.6784791936067349,-0.6888133907846424,2.9216658068434156,0.30280269204508914,0.6202707736857974,-0.42461639328123996
2022-02-10,-0.8668727237050158,-2.17046832596175,-2.687889873540994,-1.4255405348496177,-1.853109892108625,-2.336639415787071,-2.356287455181411,-0.8846884845773243,-2.101504010673323,-1.3483010657858145,0.6944137200924014,0.041415619776386116,-0.7078057072221804,-2.6697706772946246,-3.171126924744673,-1.9097245679677135,-1.5996056976805946,-1.7100397564050258,-2.5204973394347125,-1.86466915861713,-2.319323444998491,-0.6449022600986615,-1.6820531487217585,-2.1100804552141583,-1.5830993880446342,-2.428719070959908,-1.992515222832454,-1.2116402952285126,-1.5888982769078732,-2.165803706254242,-3.2072490829158213,-2.964158202704549,-0.7231601255154014,-1.8967314601273082,-1.092464426773679,-2.1874157813574127,-1.7528073781878653,-0.6779685080323966,-1.643715892300128,-1.6019962399492291,-1.224765904745573,-1.1667642061983925,-1.4284504925684798,-1.683857127749704,-2.5320481098301486,-2.5565278912511005,-1.3170857729741232,-1.668994774290174,-0.4522855633273669,-1.7419744804936286,-2.237131400387863,-2.331538796962856,-2.7834533493728357,0.5182942391160966,-3.1132664633400946,-2.6636547268415685,-1.4869249515083172,-0.3018734788588501,-2.2665797126713594,-2.4147718311333466,-0.7819694366416325,-1.622603435711046,-2.237800992283424,0.14659667986054573,-0.7101341579512052,-1.5369945696766085,-0.885262074971542,-2.858191860855312,-2.459374185776705,2.1528658238571685,-2.2683065700523213,-1.933176841829963,-0.07587279911533769,-0.6315925694408477,-3.0167208352583064,0.11057860361487076,-2.4224857947583587,-2.5131616983711416,-0.561819904990074,-2.0975651453784447,0.5819180568673777,-1.0367838327853032,-1.402321264526077,-2.6565215205695374,-2.43846326331048,-2.315989242148842,-0.7789798623213953,-1.6357255224788416,-2.7268508519128725,-1.7348965742778342,-2.287963248776624,-1.905506352225884,-0.09628363698152502,-2.0004842608714544,-2.4458752145065703,-2.054620175035144,-2.0082672115108013,-2.000042957772562,-1.2830141326293927,-2.2231628535032355,-2.4693485877146433,-1.4438280528059526,-2.854331094257677,-1.9373132880094122,1.312982010587868,-1.8747571977146371,-1.200074077082919,0.8658155483348853,-1.942313416977902,-0.8241818084791495,-2.8600552600880915,-2.326332497241929,-2.613501184152439,-0.13407829514349373,-2.313137721207244,-1.1543415727188113,-2.4306063359927634,0.48548055780402655,-0.2896482663117036,0.05038788245930152,-2.7388885384035686,-1.8997003133450714,-2.1307324485190646,-2.497385188729488,-1.374352485173889,0.17187583504025797,0.6429762106136886,-3.0724729027578084,-2.4843137785979947,0.07121102350918222,-1.4722146597254149,-2.750420345381437,-0.5337891033261062,-1.2194392289205227,-1.7432699257647504,-2.168133302898215,-0.7903701623797024,-2.6568317022303596,-1.6368570822603654,2.471358234000622,-0.43353671953532075,-0.2842791328225277,-1.5752143069093993
2022-02-11,-0.8126910797788706,-2.1755806541148157,-1.9104471607841975,-0.9515193995108985,-1.26440073799897,-2.1075525092319056,-1.8648635614931344,-1.721197797785595,-2.4958653118667513,-0.622012763088378,0.9555332285937749,0.38315021653647924,-0.5988396484720242,-2.37113862870134,-2.201026572028842,-2.130351322162659,-2.5562883761340456,-2.1490491417438466,-2.3917151032673867,-1.6782185388974207,-1.8396610339224542,-0.5307958275312993,-2.2851227648030394,-1.5862313540363018,-1.805122217434682,-1.7342818521994017,-0.8187395376478923,-2.281777975722504,-1.2237994320007564,-2.2917632287903014,-2.023189423400796,-2.016571674635659,-0.713073207426325,-1.5978615467978676,-0.05504116715737737,-0.7761115815382257,-1.540318683556152,-0.6894754126925472,-1.4387741404848946,-1.6644588961340043,-1.3718880453161217,-0.4566964467391414,-1.3633336644406144,-0.993993717647498,-1.0187902587051867,-2.6938036764644315,-1.4779889884743687,-1.327571205256917,-0.5686619821858417,1.2387432914210452,-2.1245093274165003,-1.7941790897392653,-1.1532455477167611,2.2547204890922727,-2.5956475091754503,-2.593495111773127,-1.9834289265429514,0.03495395561250646,-2.068952747592076,-1.3978210912581728,-1.3004698405081216,-0.9891575079009809,-1.6456768399669366,0.21525426765845462,-1.211557280703077,-0.7732948863185733,-1.8380750194542124,-2.6130622891726025,-1.8274938726343322,2.0025674013074317,-2.2994318444531316,-1.7708937350562595,0.02792399495673826,-0.02922146435360801,-2.890137054756887,0.35000206899136554,-2.126492617857064,-2.5069381933998174,0.03835306962918191,-0.6711453659706474,1.2376170739718535,-0.7402307104352078,-1.451522468101642,-2.2911330298519035,-2.6292544573208887,-1.8254200535399019,-0.29606434526214903,-0.4092224862211193,-2.632229713465051,-2.27118688682259,-2.516444884019838,-2.1933999910766415,0.6871061422222045,-2.066732090391021,-2.0820946914176406,-0.5406669738132555,-1.5536458857838296,-1.5491998738875312,-1.3515352723704037,-2.170901294383197,-2.185101979525162,-0.9656934795968001,-2.4858417378913598,-2.0999841513967685,1.6387757402975915,-1.6845017599519048,-0.7218980485586864,0.5666533385746905,-1.8125583427645338,-0.2986363039915927,-2.582409201222611,-2.0725472379512055,-1.8188827671834766,0.20461317748008184,-2.328943278029258,-0.5744335198619555,-2.3611987696386514,0.46859693498208066,0.654886032954892,0.8110216946048077,-2.550365140419982,-2.0425243635607777,-1.7219888208960479,-1.6841267972964755,-1.059332631288692,0.6215937424478871,0.9630170200615615,-1.6404451499802146,-2.016512733702778,0.5242018980424822,-1.1250555921470804,-2.1348462037971707,0.2832677710127208,-1.5253889618719365,-0.8505804411666232,-0.7470056401231465,0.4086100254406421,-1.2239456303026963,-1.424292996604111,2.9011882792984425,-0.2096600559896704,-0.11654408417161521,-1.4970592723830176
2022-02-14,1.7896477640317563,-2.0808857811522943,-1.3590384187193383,-0.7900854626405172,-0.8664249658378294,-1.6410776395820823,-1.5586104867920187,-0.9847036723849761,-1.657630597962604,-0.1948458446086894,0.7615860103831198,1.6247530647994917,-0.9051643812290862,-1.9631140776000948,-1.8235840437255553,-1.6742396205053134,-1.1347505698346771,-1.7347089760915553,-2.1109696938418177,-1.4179094978574684,-1.0692262693482264,-0.45470245052311115,-1.5184927487183846,-1.0445992711429868,-1.6295360238446222,-0.7831052502386389,-0.5732632312538687,-1.4342871496432101,-1.2092827672631181,-1.245504100066483,-1.5396959313320575,-1.8759672187941345,-0.7716502610705712,-0.8383157295387458,1.043058384368587,-0.39433028050210217,-1.1553133380916774,-0.26962548369323025,-1.305691319334011,-0.7959356122535556,-1.2821232477996114,0.15657919808152218,0.002210370980450657,-1.078204667806812,-1.8014261828745186,-2.2141059599761483,-1.112074285543039,-1.0334680331542414,0.5196112341644913,1.8752760743052286,-1.848669166482545,-1.8080732505110875,-0.29446576059892704,2.3047199488770103,-2.0039474131046764,-2.1769086590945705,-2.170119471469504,1.0694402720941947,-1.4242654877579084,-0.8697238508052166,-0.36692544059432874,-0.5560899461881055,-1.6869202446164986,-0.17591084402123547,-0.2147625850865543,-0.26032283352101443,-0.8995461459173014,-1.817838385372046,-1.482549226120222,1.5536542622548792,-2.092729262146255,-1.694946355735872,0.14178018068255924,0.06849240129373728,-2.2011343478690595,0.6896007199655685,-1.813886143033715,-2.2793201864369577,0.7744037391407905,0.17075858895982862,2.1335780662826958,0.1585772292676778,-1.4148048885114313,-2.0525370089023776,-1.498537308085962,-1.6784246938927574,0.12171060394934706,-0.11824580124385344,-2.291246324597721,-0.8456262791329248,-2.1301480814305616,-1.3204262012976806,1.3556096396645685,-1.6678048940735248,-1.9272094780665596,-0.17590881856368057,-1.3983478623028784,-1.4023684511001882,-1.543612567230581,-2.0279124163572604,-1.7668953495764852,-0.3296554059399384,-2.1897446739158855,-1.8454305926396164,1.3665652754460893,-1.2136791836928393,-0.4192565945669994,-1.5229271795618637,-1.369434249778099,1.0614231994433156,-1.9481099928526082,-1.744992267215749,-1.239194409023499,0.46008009382029424,-2.0567693002913923,-0.5549676511841602,-2.256255090210405,0.3816789321451376,2.661823925383938,2.0694257508536245,-1.89403037391258,-1.134120151882465,-1.8664875650558366,-1.3167415063629002,-0.7525994811719248,0.4754080820579256,1.0197693368006613,-1.4868332739897765,-1.0319062984595901,-0.1461364743806684,-1.319415001260682,-1.764859576519987,0.5194991331352845,-1.2618761866246622,-0.35308328692768987,-0.5075462148522801,1.3548464665451934,-0.8470378817283075,-1.284669196131532,2.263103057910263,0.3508172454185471,0.063566742922238,0.3008588915976841
2022-02-15,1.9469918917048425,-1.7784984951010747,-0.772627763055479,-0.01663127866351313,-0.7844737376548635,-1.0980240194068975,-1.3931885778746607,-0.2476140468371722,-0.8166885901930793,0.2008948956946743,0.9449556454492675,1.766484692655532,-0.42937603776164,-1.5440126171395199,-1.5489612137453537,-0.6604756558823431,-1.454589794404359,-1.327321480766098,-1.7885216730940716,-1.1668419306453863,0.31355265730892234,-0.33673382492039866,-0.9058559216771961,-0.8679562866040665,-1.143398646360828,0.313179764613389,0.9168176209023039,-0.918035448251307,-0.5960362894113823,-0.9422530347871316,-0.8694829895000536,-0.7740378021031196,-0.2617912079434471,-1.0773449595969133,1.5064916134881041,1.0613340553766413,-0.80080318870114,-0.024609158246368397,-0.8189921735922149,-0.7980348057711956,-0.6382462216829138,0.41485884850038335,0.3121692119600699,-0.20820812416867523,-0.4193369216343169,-1.7684689839893564,-0.15953422482318427,-0.6148109862944474,0.8474352077745098,1.8368401392384384,-1.4623384185687829,-1.4268444787508459,0.38570299232720656,2.151836114643114,-1.6840573067101379,-1.802794318848758,-1.5217928418885716,1.26144718034336,-0.6239744326680975,-1.1759434982132146,-0.8660838094680362,-0.21935477180875443,-0.9945341566577893,-0.29964894243005075,-0.22685299954468524,0.416907647751374,0.13654631945058868,-1.630252137898309,-1.3325466096438863,1.9834258376644853,-1.454449712614962,-1.0108844596096223,0.4627139253261538,0.43149800144726363,-0.8306645089539657,0.6475455254045077,-1.4422216001098107,-1.0755513804105024,0.9426463977548212,1.9438956384560433,1.8567077644946341,0.37022652231711883,-1.045327668997241,-1.3723502191647146,-0.927030001857194,-1.0238328910219483,0.5648227747423356,-0.5071183906952665,-1.6686492158136015,-0.29782141578716465,-1.7723455565714579,0.5868706361147311,1.5964855153316417,-1.152131119884877,-1.408539963659812,-0.5080739217475032,-0.8672190625884849,-0.8663880654042018,-1.0705482702743614,-1.8285429340381827,-1.0701034929474724,0.42427170412184717,-0.7459151621739846,-0.5207507422592776,1.269599053837521,-0.8960837054533014,-0.25779512975601554,0.01661211109138519,-0.8765883441803306,1.3777710685668676,-1.3451195668346145,-0.5659757890451236,-0.9876009817980518,0.7128694434860154,-1.2808960797973592,0.10654641515411586,-1.7645479246795528,0.6663957017448178,2.4782075821307448,2.0212885976503157,-1.5958084997633386,-0.7047682875283822,-1.3001670630051054,-0.9244196540704909,-0.13478338204089174,1.0735352711859374,1.5851795741833883,-0.7489672289963447,-0.5115781153274717,1.1044687749902193,-1.1104743677934654,-1.6055195204769552,0.7384561112290363,-0.09185539112777362,-0.16805216708947224,-0.24703867413011807,1.336767490024665,0.15637934429287914,-0.7006737392394021,2.1296427204627313,0.4909442077121363,-0.18676175950148444,0.560987699966972
2022-02-16,2.186771253447897,-1.805302443499832,-0.20447584078622233,-0.48640206846578826,-1.0716116850814263,-0.9626594800134555,-1.262251185477341,-0.4644659976157506,-0.4219478884927378,0.3253322934934793,0.7652876114797803,1.5181958651459997,-0.614539054934781,-1.3368032752443313,-1.3483787051525498,-0.6413869739409971,-0.18582513480630705,-1.525682327184705,-1.6323809809172591,-1.0968747822062321,0.07464480842059477,-0.05520109132180954,-0.42701073397627265,-1.008519929030657,-1.1543332251929455,-0.7935797881220608,0.8722501777736835,-0.7293517026033465,-0.3942958819208728,-1.069849120232503,-0.7845874241469051,-0.6886241282359832,-0.17254090494864063,-0.9405964160374407,2.2473385259680545,1.705412676483259,-0.8242230096819656,-0.22470250423642646,-0.5362648739114574,-1.0617670935752426,-0.7215254380125363,0.9289175130793003,0.33683835582400357,0.01602569673058271,-0.30228052232477026,-1.700205667039636,0.30681510372452125,-0.39446664942219256,0.2985213236462712,1.9199659844306718,-1.436506567982216,-1.3320164389221505,0.04743704024107662,3.067904964286863,-1.6427844812773864,-1.6388486034814143,-1.252186960305188,0.8946767833027405,-0.7196258243326344,-0.8143735492680045,-1.0879252753005553,-0.5504615733430904,-1.0575295501144886,-0.4982968691131936,-0.4426786311288704,0.14068224438854232,0.37474157458539054,-1.5792751077961114,-1.3886777950793223,1.9639071145184528,-1.1196685947758316,-0.6818583048172099,0.3050699534264101,-0.5064714986929054,-1.2335285621565428,0.4034129874634973,-1.3787215630596112,-1.0402632370113387,0.887228491309213,1.4512578236398177,1.5396122456811525,0.8548554267438248,-1.1047504552135754,-0.9070528181984059,-0.7214947334802065,-0.7476206670682796,0.21594744838584404,-0.6448926172418471,-1.5446631569996987,-0.44316385019545296,-1.6697521680252334,0.4811876643003687,1.1557862071519445,-0.9207586146819574,-1.4154619335769376,0.47719243880481454,-0.986816238753855,-0.984485775178839,-1.2073876433232051,-1.7274870373791313,-0.8385450603895683,0.6105569610098275,-0.5923063779717098,-0.1895391567079717,1.1873074799468233,-0.893322961734812,-0.3455424407473978,-0.272019981069691,-0.6867249264984698,0.9380906147159371,-1.2416127673730526,-0.5342252194613308,-0.686568113848788,0.14911634208719066,-1.2498872154298823,0.7330413273033949,-1.5706436968659256,0.5600899519640129,2.1360660556620283,1.4367923929071347,-1.6631130074783533,-0.7689800115218159,-1.2191645663961665,-1.1291044123570355,-0.5693039524614674,1.8678883000501578,2.3189910777610385,-0.5990134752238728,-0.7034756964541649,1.271017205961244,-0.9645239931728191,-1.441878296361769,1.8045206870505075,-0.5242544751997963,0.09082116252003093,-0.20855256872980146,1.2058246287386845,0.018195949635048322,-0.8608526155494449,1.8495756036466153,0.1538080614550998,-1.3286210911530867,-0.05030543409874385
2022-02-17,2.031141826062223,-1.8437330722654965,0.6369658188408206,-0.8976438742246016,-0.771607347681298,-0.9140656107158469,-1.2834557069815813,-1.058832808380002,-1.5919269335710542,-0.8339555232116842,0.5130974300014209,1.4759670908757692,-1.1498955610416774,-1.4473411762089157,-1.3658627067044604,-0.9865251877115344,-0.43850544804905317,-1.6986336806138413,-1.7247555080875892,-1.557360872176746,-0.32888590635460063,-0.7951346753767627,-1.065106288001576,-1.0943939068321433,-1.550964680693936,-1.5177801330022334,-0.1025032182238801,-1.0947585219242144,-0.9376427155268646,-1.628940531572796,-1.0545696816221923,-1.0952670816336958,0.6501357549883737,-1.1849435182723844,1.9422221843413925,0.2667671707473937,-2.0327706851751324,-0.5584294143622914,-1.3177164028310866,-1.1476124402305694,-0.8911217313676464,1.6394172236186348,-1.2578624996490186,0.5103710766746402,-0.4498763897003432,-1.6379598262990014,-1.1595741496293563,0.01623774069875079,2.7031350200509543,1.216066961224427,-1.610625108051197,-2.2622867752905442,-0.24205486165798146,2.319237326725434,-1.4202420153251138,-1.4753885195568321,-1.1753790024458293,0.4327240383745809,-1.138045255788588,-0.9043048231794142,-1.140288411351903,-0.28118849413728386,-1.0252018742501876,-0.8512217530346224,-0.7396808903404853,-1.2213200266001134,0.7907904679969462,-1.8044732166260182,-1.606732630920126,1.7170292303574823,-1.4834154525871386,-0.8890986495141113,0.0017709313705953518,-0.6460539398246581,-1.2281773369286808,0.1014044441505167,-1.2762680366936174,-1.0123046459805018,0.4877443986344657,-1.0734785206933934,1.5466394635447733,0.5810819311308136,-1.5423669166247418,-1.7098877384096136,-0.9284829272528047,-1.0323550600715958,-0.7919633941636427,-0.8949260409950307,-1.7374376936815534,-0.2941424305427966,-1.7746697697134186,0.25574167954548177,0.48211970516052244,-0.8622756723606614,-1.549082171697461,0.14955140783169282,-1.2512915707314278,-1.2450386375978173,-2.0750298081150693,-1.8369910239116063,-1.5065869841036708,-0.373193473919853,-1.0903066689417873,-0.960442186121375,0.8407898457785201,-1.4848604817980944,-0.5092612013690061,-0.7105600122156378,-0.9730103610120043,0.5286854032940833,-2.786846214089676,-0.8714262876556115,-0.8638697901068493,-0.4336012721378203,-1.3513055643272518,0.3411459755692484,-1.3395502079937966,0.26843234584099734,2.012753368283737,1.4041532273994364,-2.026063717902715,-1.0744373071002264,-1.2545364757771906,-1.2735699527305144,-0.8551290652731838,1.7425082275079067,2.8795234072095086,-0.5672951327062214,-0.9048237780498227,0.8156947308734204,-1.3158419541716546,-1.6703196406691179,-0.35277195037697573,-1.3571084310691437,-1.574533587635325,-1.260052976929726,1.136717879681822,-0.16082892344351155,-1.0547383743182672,1.5846968324132373,-0.21897348166566208,-1.7989279667263818,-1.2142293294095539
2022-02-18,1.548463525644313,-1.3544514608608678,1.1191695785675415,-0.43379207305426243,0.4731426447727695,0.6404808439148716,-1.0908428379848232,0.6587189249017997,-1.0009305601935439,-0.46082106092458536,1.4584967290906923,1.4964518520183354,-0.7640603191874826,-1.1370720749978676,-1.0928326777158575,-0.6072340185625431,0.7749627687761982,-1.2369170798907805,-1.345202343864899,-1.151597416224743,0.07106030382892388,0.026429868456375953,-0.5444443873799945,-0.8154690976108164,-1.1871600662299606,-1.1527536851624962,0.9384888360315671,-0.4760400653677849,-0.4605484837772573,-1.2746248790699917,-0.5325167450662567,-0.8092488982050045,1.024101291974437,-0.4809714790250788,2.0526948738900868,1.6448763341133315,-1.468481126564295,-0.16928575380032856,-1.2197624103008213,-0.7776901264138644,-0.5070487367340866,2.045013969631659,0.6699145590769422,1.1984805006130281,0.9294418038468906,-1.35557621348781,0.043728755627714305,0.11128523212095727,1.8704851664029247,1.292186981177786,-1.3117338081560115,-1.5080836641724202,0.9897774385869654,2.1668366765664597,-0.969664043137115,-1.2703026836949918,-0.8163443311189239,0.3955911081242859,-0.6313414766836604,-0.4922045713445391,-1.0206830898510815,-0.07268724377263673,-0.8642929791760943,-0.9067574702466696,-0.550648265119406,-1.6694265230862435,1.7329699872883668,-1.502328441133855,-1.4604619109922292,1.852635428610931,-1.0505855548093055,-0.5763616771736932,0.06213616557468057,-0.33720716526984085,-0.9634539147287641,0.26621992552691853,-1.068013687708685,-0.5521140125640421,1.2548601651441398,-0.7019332260914514,1.6946417796894024,0.7655637004551787,-0.3310572262152545,-1.2876845212865005,-0.7201315560372157,-1.079499634180291,-0.6316111458776884,0.855512063872365,-1.1812338241566749,-0.1230365336379054,-0.9065996361273136,0.6842879433176422,0.5102567642727681,-0.4556873973512519,-0.943505026367026,0.6614350673255633,-1.2730510034385996,-1.2768540402911863,-0.9834939710986349,-0.8823993532427964,-0.8637440761058527,0.7683809826424992,-0.44368743713876124,-0.4935088078469185,1.331801610599282,-1.1937298490028914,-0.5992816793784269,-0.31873827544480293,-0.4188486992205336,0.5444339756784625,-2.5853491608718646,-0.7439322185343102,-0.27535895317427583,-0.4624366106073281,-1.0838332389237542,1.846812029791904,-1.0706394526858338,0.6747471436507905,1.9275597609638084,2.357160302929804,-1.4860030877066788,-0.11992982819545069,-0.9613857230536164,-0.5254802974357301,-0.6195094984222472,2.212864629131931,2.652116535170637,0.35507191757676493,-0.10888531157657667,1.0344430086811676,-1.0081711248219736,-1.3108660908771597,-0.6246110614117263,-1.2411162574734964,-0.15359304423685038,-0.49701279096191553,1.2665728999185355,-0.39423797571209424,-0.48716894083562917,1.6268703173755366,-0.03949600320623745,-2.187033609092477,-0.3915581316229251
2022-02-21,1.2015035344945473,-1.1619333679681647,0.9082498972210847,-0.7608441783231267,-0.116116947710235,0.7636750897445739,-0.703817067055051,0.7629821313412953,0.07367547359121612,-0.7090633386932637,1.4109703197301497,1.5050353683659197,-0.8358456218041367,-0.0598453785165873,-0.8878133324146621,-0.6987928207936727,1.1703469826854813,-1.1600665301411124,-1.192554177914752,-1.1655045857276267,1.009504904882794,0.5823655054344352,-0.3944714539523392,-0.7371374204421347,-1.158420655708082,-0.8804457233311723,0.2683660585979656,-0.36994442429420626,-0.20295349959175385,-1.0758744801502782,-0.027337732015535975,-1.0866218464903785,2.1393528210869897,-0.41113151123312663,1.547136307211753,0.679176602333686,-1.2553503191197461,-0.029681500375610466,-0.6044610205436997,0.07814738076421256,-0.5905134426083116,2.6182812857449256,1.8683761671844779,2.243128991748519,1.076750735575689,-1.1930925105182781,0.07443755602367082,0.6963419909446358,2.1100653916153878,1.33738929918793,-1.1581019782421962,-1.37985635304716,0.6932985743094447,2.0112765810401148,-1.032437418341275,-1.0304636883409541,-0.45172934809197085,0.18843706010009473,-0.4691918159140979,-0.31931715664873445,-1.117140043318401,0.05383017628032883,-0.8469281338675692,-0.2620478989445628,-0.48270112592031506,-2.2070477194270466,0.6804284322259986,-1.1392751214142136,-1.3848281375910614,1.596275404356241,-0.9546319556674497,-0.5892876218875704,-0.18378337810468615,-0.8331021620873613,-0.763752259015119,0.18716412777197983,-1.079066540152878,-0.464012584571396,1.1737788985501547,-0.7311640308213769,1.4787501337749434,1.0959166251813053,-0.09199009238143789,-1.0137839858562343,-0.4805137345652365,-0.8479172772433785,-0.5720491695570817,0.38755549196432676,-1.0101444645949988,-0.3505217043377868,-0.4096133403826125,0.8469085013443737,0.08712668212801487,-0.4451172568072838,-0.5633247972769095,0.5356236584834732,-1.1853261464783829,-1.1882844202226381,-0.8928443774811321,-0.6584498388648918,-0.7356030111430718,0.4707470995458736,-0.592614367028063,-0.42190163488981336,1.2590666447507861,-1.1914098428864024,0.6737423243225522,-1.0110839903888027,-1.70895639729492,0.6324489801029829,-2.163146463216758,-0.38312046930108307,0.0689191169396392,-0.7544517779151394,-1.0499595064973688,1.6032366274647334,-1.125829674609985,0.14187557133789452,1.8063176594599177,2.726162058432972,-1.5322190625394312,0.009652327518487425,-0.9004154675128039,-0.3292828327488318,-0.9185443152496492,1.839699733894187,2.165760313858346,1.137469551085151,-0.21498077136079896,1.6488945042915546,-0.8763857251561198,-0.9253479721596891,-0.11717839726866201,-1.2411162574735046,0.6217267856037476,-0.5256987928134403,1.3674013693860165,-0.4357808450451452,-0.5877081062035802,1.5242067047344965,0.7493954084555191,-2.0117962191013286,0.846343353338391
2022-02-22,0.45488601515479693,-0.9918425268547008,0.17919753454839096,-1.0965057430754768,-0.8461962668159263,0.14996576111240947,-0.574548745354526,0.8197634978590527,-0.3450787229767884,-1.3800275838178946,1.3023103266009657,1.1904695252205812,-1.2152071568190441,0.11520579650362735,-0.8650710260410587,-0.6576147287909963,1.5536619312494906,-1.4462065533284605,-1.2164448731169673,-1.042371831986928,0.8041660140553103,1.1380214151387902,-0.5946523910856857,-0.5565165874336401,-1.2044541696497673,-0.3183990420680507,1.4158868063147994,-0.14528421420302665,0.2749035752583175,-1.2890573653003488,0.32690096539732594,-1.1775781604074549,2.2881221990292464,-0.4024330758341453,2.4351189910307047,0.49394085322486336,-1.3399987654459742,-0.1781557288070952,-0.23258165209073686,0.5415139316740696,-0.8371372750833588,2.7313246514041647,2.0173345184063094,2.1563669848073457,0.19721495971534164,-1.0301844417126182,-1.586129952275064,1.136092024634584,1.503346644078132,0.959446070880735,-1.1186637875650332,-1.5701807583765932,0.4288096156810878,2.1241876943501263,-0.7977275567862091,-0.9955251021744694,-0.49820896747679894,-0.05466977121260373,-0.7660253429577996,0.0741490195322954,-1.044125856571131,-0.30233002763055566,-1.3367089313759335,-0.3535867912118533,-0.6250835485660917,-2.2045650435164093,0.39441147605786187,-0.5974391312191567,-1.489029643854052,1.6467865650605256,-1.0015469827468555,-0.8302358946483821,-0.65563042090409,-0.7263192395497926,-0.6311547746057029,-0.19273418238680348,-1.0981860503285994,-0.7697473485581475,0.9154829949445377,-1.1461010522774373,1.5286994366258533,1.2117695709272425,-0.06623504825344442,-1.0381178174888528,-0.92929541932785,-0.6044625697707686,-0.33553591262036925,0.43844771598530513,-0.9973217887533405,-0.36601381550640477,-0.24673232002911177,0.45194206216591654,-0.2617805852512855,-0.35259415795936033,-0.5716400931960578,1.6759639859901028,-1.2691474378697156,-1.2763182348985116,0.6754845907543415,0.774784342919296,-0.6183836632460895,0.22686559777620785,-0.8910466219224732,-0.9452185211007316,0.870840483215799,-1.1734844500941035,1.732750556934912,0.5484922840944688,-1.553837480071991,0.6518210578974262,-2.037366914821992,-0.6503164327128921,-0.14160257285841502,-1.1186879027480572,-1.3912913036283037,1.9935746317977838,-1.0876548538538109,-0.14707122803798497,1.6363464171943254,2.1615595115330857,-1.4378697730405294,-0.33651217402974165,-0.45989439287132866,-0.6115045998402115,-0.9434350253933098,2.003175104226029,2.012454024999436,1.7614592000766491,-0.6116944770522651,1.740462202405259,-0.6991004561452642,-0.8015015071490276,-0.1951477037247799,-1.2130505032735976,1.0485710733967215,-1.0599585677665506,0.9315350117857134,-0.8148394161133281,-0.5476122339512961,1.6577689461201686,0.3404418275645647,-1.9516830651545394,2.4678049974601457
2022-02-23,1.4250341335903125,-0.03379188514568239,0.2065205529868635,-0.6245424798409769,-0.44450530445843456,1.1591028833305697,-0.3029201274197391,1.5136877645228826,0.6009563558064726,-0.654027169660887,1.3144584093072993,1.4757827228989784,-0.3579276987385039,-0.025007476607872545,-0.4809772510624874,-0.35940762108289603,1.9562793700443828,-1.2169133392464182,-0.8275519038317781,-0.2796243114483525,0.9040076054954727,2.2772067040049757,-0.48344192865355134,-0.04915150222172707,-0.7446549227985199,-0.352259461791571,2.2479117369564046,0.08331684476888133,1.2245933402143678,-0.7093886344129113,-0.32239497205145,-0.9660778109624142,2.087995918845224,-0.8867841962942223,2.0755399043509164,1.8942780586980317,-1.0286554998052984,-0.21015534353918244,1.0499858438372742,1.085121475419447,-0.39923907295893496,2.230209114904653,1.946045898941052,1.8855112759460646,0.7228401322218533,-0.777450047146622,-1.2748701262403674,1.1754272639819243,1.301794011816247,1.1816747638493053,-0.8244721418417352,-0.9778797045234299,0.5668411623189329,1.8532729515768362,-0.2686939748811366,-0.5039250210347691,0.35263157179233295,1.86816845639359,-0.564681571285684,1.865479576539263,-1.0700998173057041,0.042643525413329914,-0.7437890228359982,0.5489324885333405,0.1134602783109895,-2.2996607363773904,0.713035769118592,-0.5408280457049398,-1.0416379538026566,1.3003510218607537,-0.7515005859961902,-0.6609849231046453,-0.5692381504902921,-0.2499966222344991,-0.41847425627335366,0.20544288566582103,-0.6310880787284432,-0.36407001618715423,0.9886363273169116,-1.1027992154583708,1.425249932722892,1.598515159667969,0.11924789140218589,-0.8246611862179023,-0.6837757721294724,-0.019750477292410317,0.08081053364427068,0.2477944010140273,-0.6067663657622455,0.5180554731724064,0.3106476590253344,0.42582917854480934,0.2457580803929751,0.5045425228449724,-0.6159242764147648,2.7237303590852573,-0.8128113264408852,-0.8047161512255858,0.25543108485471494,0.20417966381760638,-0.18418038036662926,1.3331555340694552,-0.8554213651524428,-0.4380280951442348,0.8814499310554011,-0.9421842961790575,1.2128828381753127,-0.8678199077263957,-1.0870983672780092,2.019770494866958,-2.0503586241653307,0.060259151184777864,-0.5498776217196493,-0.9100047728123228,-0.8826525021765445,2.950859458307758,-0.8673642073410918,-0.2581916022755704,1.5521216287962376,2.074098379267906,-0.9292053323876667,-0.5875091842503355,-0.08135455377956323,-0.40593307529717815,-1.0397651584961483,2.0772295428517182,1.4898889494612548,2.7581347225238435,-0.03742192119441466,2.4036008856702895,-0.516379619992821,-0.5976772797000519,0.15130534622895617,-0.893354244034629,2.6425032649709537,-0.4137072127334761,0.6477947731964921,-0.5445452612610306,0.3991119990011828,1.4332598702709898,0.160134904069918,-1.6369919996581213,2.386478025722295
2022-02-24,1.0797491797794767,0.2710878014599419,0.39939539570842214,-0.4330642936957604,0.4470378781537902,1.7182243919634856,-0.17472845163630726,1.4099480827350788,1.081634965877146,1.0053454507225932,1.5690604819767047,1.3412771871471738,0.3493644170393648,0.36149816059648615,0.3839380902743746,0.7110242585597802,1.7624784018063113,-0.8163156090304649,-0.45485377918269665,-0.3797594847196046,0.6844106503091176,2.2387783554573146,0.054560377360256936,-0.05452489633189611,-0.23003130645352782,-0.2921596583761043,2.092894285619328,0.0515653045020823,1.1901646655106104,-0.12931308878438957,0.2479430314129993,-0.27745603737559815,1.4720529689753943,2.2606402556713463,2.085659870739694,2.0333364444826603,0.3022458285641537,0.1856289330742792,1.5363885673680528,1.484520119833807,-0.01737653882485887,1.8880018185620775,3.0938762927248384,1.5200205419934896,1.6262863959799772,0.2441592514562935,-0.5450722770241407,1.0584654191979284,1.5381837451007716,1.1309475309056485,-0.44526194356529897,-0.4552209517374178,1.0632954923040157,1.7481875791572155,0.7459549596946837,-0.4482929262059729,0.5664117261893697,2.097019238847537,-0.1861491666387581,2.0462528155745603,-0.5868823622022956,1.3319039343379298,-0.3606176446875574,0.9014790071818658,0.42157944450811713,-1.719412179418966,0.6337124470772739,0.10580470098494273,-0.9570445625443939,1.4035387404630115,-0.5172285557096734,-0.5146387716214461,-0.18622653843236447,0.2967403271151612,0.10747200745996983,0.021053741610769755,-0.20109124039427226,0.2530351384877945,1.8006689532769817,-0.29590855692417284,1.9010929746536909,1.4352825915187295,-0.24759466226799692,-0.0763060044057887,-0.045478392093970324,0.27615421306924737,1.3888685739743953,2.0286675489997514,-0.3365678295103899,0.5741777510778948,0.5006696950454463,1.981225681126024,0.9586158709266274,1.0173392515589856,-0.08787258085832522,2.2071020363577114,-0.5467457961472102,-0.5560818400085613,0.14528175648964195,0.297618793990453,-0.049636160487366444,1.6368651439389539,-0.30222471946568946,0.5854397493560404,1.0130812197876298,-0.4950566028788498,0.9794575630260844,-0.6151828390868374,-0.4236684510147006,2.139258492504412,-1.7327912712042204,0.5182002816036075,0.08552816130834151,-0.4436592119922253,-0.18428362646779747,2.419151521310285,-0.5852182633172773,-0.23191136018106903,1.509694728100116,2.027491536002784,-0.6580193791372408,0.19884229573253964,0.19401868981458192,-0.08472841591956194,-0.0003950272100478937,2.6524972672549807,1.3815945508818406,2.340916523403362,1.2043078174559476,2.165941371804747,-0.3020721300195345,-0.46733843072174114,-0.060018109816964926,0.2849131146443856,2.7120912606341037,-0.11203451154097513,1.230340282211848,0.6816391538377475,0.49738815105340994,1.515301168807987,1.0845408525064724,-1.3859375123807995,2.018697026994337
2022-02-25,1.1030869032265636,0.33722677502131226,0.22629232849293035,-0.026334072362587158,0.2118396739552534,1.7605891438868255,-0.2852553100401843,2.1482090542082783,0.8350627617647518,0.8390809969937316,1.9000415693380068,1.1690350082819614,1.0645097629951863,0.6873421745126,0.623609534650386,1.2019078434418133,1.9182007320985386,-0.4084192066086177,-0.3111200750784035,-0.4742237583173034,2.1786657432754124,2.2132767294592113,0.4274327395095959,0.5833542129310318,-0.12698504401818528,-0.1090198273148659,1.6298624944529767,0.7327154691468916,1.4807819763328003,0.15397234494646597,0.9157261585917496,0.09281953455960631,0.9122928992520367,2.1203085498799936,2.232230089140583,0.7152505171777825,0.14288023326038155,0.31841512071815414,1.1597879726731488,1.068788480372355,0.14646095709793905,1.4175233950766102,2.3451003193382975,1.1398100409824057,1.2758360562366384,0.5039102946489445,0.4837015432512625,0.712357371718227,1.5533559138259243,0.4335050761524433,-0.35136341771183677,0.15849847565188485,0.8945575444904131,1.5086286178982444,1.0052212367851006,-0.35505958391619125,0.5444693274742295,2.0193888389246992,0.29745382092675127,2.538967692109766,-0.4189552297592235,1.8686723472471187,0.25990531057145116,0.6493362324119167,0.42356249692886994,-1.4107422342319722,1.2630453475128274,0.19975717255579994,-0.26476885215603746,1.185143440798188,-0.0785159664232146,-0.2856361194380796,0.02160471037294801,0.5336733400687195,0.2310655117473965,0.04669557689355424,0.3059328953100123,0.42742738687334014,1.9091247326821554,-0.10440905849533248,1.7278828490109701,1.1209114280595984,-0.1326428248334297,-0.08452446372851549,-0.0946444276374056,-0.6830000223676302,1.6618475822175416,2.4845115907931716,-0.053725452480812896,0.8697669966356422,0.5088754246790885,1.8055442822434915,0.993549437280445,0.9384805579187742,0.12748820405089667,2.344846255595324,-0.3275722134129175,-0.3176194665510449,2.8450857997645023,0.373251013623865,1.061438903491631,1.7499556995416568,-0.19329858946414158,0.9916418522620774,2.304643281546325,-0.12008378036814087,1.7466380557789698,1.1523070701887277,-0.11015525096206238,2.026865696870874,-1.5246129488503481,0.9874220610323817,1.3138610828294526,-0.31327279718108414,0.611746462034462,2.0287609996808698,-0.3738951381207825,-0.49193925135952304,1.3254675297213458,1.637176885050363,-0.4665773119157105,0.28773802139231436,0.5751780666105597,0.5988231376514267,0.31913704550992483,2.7259479184661237,1.107532103053692,2.3934436412792564,0.9797290394588867,1.5642737921309773,0.36371786088924224,-0.33279775618880814,-0.2850550456524622,0.8470569472013013,2.3440331234743836,0.1405933993658602,1.266833692431836,0.8988320242262366,0.932553561230516,1.2762637600656506,1.43689022586854,-1.036838455288758,1.072571428342151
2022-02-28,0.7583674853783182,0.1136670518373486,0.620734883693564,0.5574284046734928,-0.48307792423862794,1.8493702854341516,0.3629560877271349,1.8711867609677342,0.5902357524763181,2.0351350862616497,2.4700021691860576,0.6796042387158986,1.9755021417388727,1.316791092572869,1.842593039716299,2.228063374067392,1.4838740987531451,-0.12872180415010218,-0.037688562998924584,-0.6866661479089733,1.5430145758813396,2.2937961622382494,0.5209535943766112,0.637018567908932,-0.28397599652593725,-0.1953495580625618,1.7849960610772968,0.9803269699785194,2.1506861525257457,0.4968617839603505,0.9684254117894632,1.0304138916610286,0.5984047633745442,1.2608261762595512,1.8281152413049622,0.6972278557316992,0.3196373861443393,-0.08828276104962417,1.14238177887373,0.40781257544566846,0.3783664127032413,1.3570779846057839,2.447719600230771,0.7000471144689115,1.4312759456700166,0.8535774708083905,1.4041400687310754,0.27754035974393043,1.5078953726231457,0.19220169761170383,-0.2028324616709185,1.2976689753751907,0.8684966508682983,1.2624288396896535,1.9449381049036134,-0.08881315452636862,0.8217517406306826,1.5684742124643678,1.9202358389761558,2.35073756507382,-0.3224302669328335,2.4215942221193245,0.8390737785928699,0.3577027859793116,0.517271378269739,-1.4383321208663853,0.5414363682412102,0.08731164119405693,-0.04882980930343166,1.0201734146010157,0.6546614628959418,-0.2814137716080416,1.741586086930115,2.3214282617040114,0.08588952054413396,-0.5532770025034268,1.523487770484922,0.5609427466151999,1.944318900798635,0.3670997113678477,1.4293155388953305,0.6135779081324482,0.22884583958123497,0.12691513465350604,-0.2845912019101239,-0.9851059466112314,2.4910438148807983,1.758277193815603,-0.16628255095995984,1.297854479370975,0.8238140532310745,1.8790900636739307,0.8816032485188531,0.8098604981683203,-0.2900994042916891,2.2122674751629767,0.17907999566708357,0.17635666575948042,2.1894426020600943,0.16665155283878172,1.5671582881721018,1.9294729315602965,0.28007353060663376,0.9777992897030338,2.5967904990442627,0.19415165088534492,1.5923152252752892,0.5882208725019924,-0.08824640794270516,2.339911374124473,-1.3328320342597775,0.9197863012624986,1.5532994015818467,0.2906509054744083,1.2480117598287435,1.6807994455785857,-0.29575658408105465,-0.907408913506627,1.216682739143134,1.2166238288152071,-0.4159614432046766,0.23137427134718394,0.0034074688323501184,0.37290653612499347,1.1296467738960123,2.047662011181398,0.7720364364063186,2.1166520408642824,0.533023698836725,1.0692019976776868,0.62253981914077,-0.006915043145185609,-0.3744183650116063,1.9398030888791036,1.9485191007619116,0.2699274441540103,1.1910889630580777,-1.2543988293978612,1.1567296449844502,1.0861055779711317,1.77120872337779,-1.2189625566577806,-0.1472280144200001
2022-03-02,0.8307499701212151,0.42706500759856086,0.11437372041474528,0.15196886182630615,-0.8158465606151931,1.48969649919871,-0.10328377778316487,1.792636131886685,0.5092741286881342,2.0313883009032425,2.1542474227189934,0.42356877244854424,1.831829616399408,1.9510090344468236,1.7945012695154352,2.25419825762006,1.6997448756909834,0.02563875576626829,0.29750806873566227,-0.45708057235710026,0.6456481646011396,1.5662302758121578,1.662561904522465,1.7993225581914842,-0.2428849065325032,-0.501892692133466,1.5745340179729077,1.0529672314631047,1.8839127933520232,0.7194137366523766,2.339927649531528,0.928663419233778,0.7071502992943208,1.4813524027415303,1.222930487250446,-0.08933444970234598,0.524326814712901,-0.20413646269437824,1.1008238893780589,-0.5415327504266777,0.15208119849551838,0.7163686445091745,2.278289500883061,0.5238424640529822,1.1086956767379283,0.9311383694119186,2.084649078453538,0.31850581000964545,1.3336793154989388,0.11141526998026205,-0.33056721178801346,1.1202065791007352,0.30108085810828955,0.717834346334201,1.5051729490689634,-0.38029365177325714,0.782653089252275,1.8757259703592148,1.8856908588216432,1.8464047844979485,-0.49465543091443553,1.942173221601198,0.8467119844777439,0.5951621865934656,0.44115290715350386,-1.850804243311357,-0.20495131117862422,0.4835831914430303,0.4518773125834732,-0.3248779185182365,0.8198992129969069,-0.3475677472998723,1.7478184754863322,1.741850592085458,-0.06906174395039463,-0.9030992872718147,1.362366357928586,0.4823941866648873,1.7357259250049035,0.6359956835722531,0.4163111026833437,0.596652079089514,-0.07151839638315274,0.1601490586609772,-0.24201265740869068,-0.5299675004343991,2.478799733897581,1.1105250357348937,0.2598132219838316,1.613655836930928,0.9453108377873066,1.097445880185065,1.8504956072406866,0.5214900473833299,-0.5389373852003471,1.6509815080797487,0.4665769486073462,0.45370059406154145,1.7518273962466429,0.2671940743339477,1.5814987938452072,2.2435676632485886,0.5078524829750634,1.019382822154808,2.2451500789120047,0.2672442842719262,2.338072359488188,-0.25742039816242795,0.346765727670406,1.2848791414567318,-1.0590259219141887,0.9124138491494288,1.0826959264814715,0.23621307064614408,1.2030227560518492,1.2014111034419892,-0.46408492185454764,-1.6325563490254256,1.18640725443846,1.1113117498882694,-0.024719992409859486,0.2194484014418612,-0.3571254103007907,0.9167492613367275,1.2029339085892352,1.4454379646586157,0.03466008973079652,1.7783378242768009,0.5796283383059477,0.8379414565944263,0.3843642592904434,0.2464448162958088,0.025389947351955496,1.7923965782709905,1.3317095326748796,-0.7256163053536031,2.0378288857705917,-0.9523883734825076,1.2952289146437506,0.7119362918327442,0.7865868196813175,-0.9848133269181529,-1.0617419360764897
2022-03-03,1.522549388164986,1.0678465244009996,0.3990615007670046,0.2611421906895855,0.1344253964479424,2.0611741995340602,0.113145169846371,2.136318818337479,0.6689211709623257,1.9246099033844442,2.192510542542554,0.15827005947513834,1.8725233264874332,1.8766076837687253,1.7779993558530736,2.0283841976188746,1.8273789591284195,0.8983160543934977,0.6515880164861841,-0.2014179778746847,0.767413840134253,1.7943829653705456,1.6873908123339638,1.4988520964418,0.0034695329342583716,-0.6343901313778816,1.1035602345943993,1.6367316780361183,2.436019052402983,1.0198882153372402,1.1511099108657668,1.4170660014933842,0.24354120854853245,1.918809463724115,1.077589569107348,0.5970847282211958,0.69179086262864,-0.058554991313917025,1.878904867313402,-0.624056738163145,0.6307009514429237,0.10554181354388482,1.9548802926896127,0.6981123122846733,1.2215103569151111,1.2737301435638813,2.0837379409236356,0.11286827346904336,1.1147030106411722,0.3796834922527211,-0.0020263547433953346,2.0989560237635243,1.1982412198222243,0.6507311984100759,1.6543804134052118,0.44409737810313044,0.9610307644153041,2.2243533320819213,2.3037847685584567,1.8117101688795116,-0.014440424071692047,2.0397087959911313,1.748910594620714,0.5401838782391494,0.5470570782200593,-1.1496044866997888,0.3997138384781166,1.015229487241606,0.7003625385940212,-0.26229427890055734,1.343272816838023,-0.2174642856158101,1.4074164496217363,0.6979016647808939,1.3705888283697756,-0.38563451353805345,1.5216947875612055,0.5697383445317423,1.0593555244183432,0.5007032325539729,0.3732393677801599,0.14393389775472698,0.6431936445878326,0.3356969126907398,0.15707082504429032,-0.49321335038173647,2.233663719431097,1.6130422525752863,0.4786660708305568,2.3126946010885248,1.0341942973273504,1.2545850340746514,2.8849627781345397,1.1481460220889852,-0.26852809199576866,1.5288883256514034,0.6315914252455066,0.6417829853450011,1.5054883503893153,1.8374260033187975,2.354734270512202,3.1024126915880967,0.6398865712020179,1.567096784560482,2.5364046587743316,0.7224208977469506,2.7083721546287576,-0.413341788541582,0.5845357258026708,1.5305257720388274,-1.0520374797723553,1.233661067282814,1.2027384198740527,0.21300517056585028,1.612658645042024,1.2984429836807683,-0.5677575710733389,-1.5728898785769465,1.7041498215103275,0.7568807777624112,0.09537867076084862,0.8585757009628823,0.36204435407345603,1.351956769769262,0.9208034798445472,1.5655359700925167,-0.10064493045677808,2.1226426755695997,0.7810869518788238,0.041802146480145706,0.7346058186095503,0.4746918259823537,0.051079852841051765,3.4657822112114847,0.49022381059673625,-0.4467783366204794,1.9222269974936737,-0.771459805594153,2.3601794620019017,0.9584831751016526,0.9937925965647385,-0.7949306595789088,-1.13996443983427
2022-03-04,1.8157326567966297,1.430792159830654,1.360660454560126,0.09090843795440272,3.102720090181002,1.7883583043828968,0.40056288919300115,1.8882163116761186,0.6990557520843559,1.990881177126394,1.9201312512993207,1.0939955712059402,1.777653545957154,1.8569019007074248,1.544726148370359,1.7856969212494838,1.6777927640016443,1.0230246252809414,1.5988610136348413,0.970990119763589,0.2375591492723583,1.8755802676227262,2.045251526331747,1.322182935153852,0.7353531240243157,-0.9618390412864742,1.357872222729802,1.3136837001827837,2.468907003088406,1.7256306896661675,1.1441804878071098,1.5585927520033984,-0.18962472035376926,2.348171466113269,0.3731680368071594,0.9175683785313231,1.1160621716536885,0.6159010617872138,1.7544976497411222,-0.7805101961385329,1.1386144609723117,-0.2708730309412619,1.7927136815912594,0.014757274651445117,1.1909601726789263,2.08636639450426,2.4882736651960293,0.5782306251068682,1.0877389396364183,0.4074851763420872,0.31632668653886775,2.3909882327627074,-0.20613609736434005,0.6678799586893363,1.6444011370343707,1.1249456739784134,2.1009535266509634,2.008147858446206,2.2074372355971454,1.6588625103286965,-0.5880657151647676,2.1069575117399344,2.006356645563951,0.3692671671070578,0.7004560384133353,-1.2216608909912186,1.3193257471826794,0.8285099150164756,0.8037893730745155,0.30716573027196153,1.7083539774146705,0.6115724479643162,1.5481221895299537,0.8550878170870607,1.784047906051377,-0.548420696608795,1.8816818742735604,0.8591319165437038,1.6042371909125606,0.4031729525587716,0.4461471513173139,0.5036680216715754,0.566108609958256,0.4481019430109823,1.229344528973792,-0.2736703488773582,2.765476871845636,2.3588587705268704,0.7809218881207602,2.3557925548068654,1.336061625380387,1.271620290297524,2.6426718123086936,1.0544372494869045,1.475746548705646,1.3836383438064097,1.5865599368339964,1.5926992009790937,1.4014168892662617,2.05931242699899,2.283320878641885,2.3612722891298117,1.989544087975627,1.5438440132020532,2.150978277729573,1.8354688140647326,2.6649284781949,-0.7599319794113936,1.6847379107755087,1.8514104052587326,-0.7769729597777735,1.898074539105902,1.2361053577658,0.17835869291428186,1.7412441138064298,1.1167801107960909,-0.364641554639526,-1.3530747540646801,1.6387191432415809,0.6487645274725283,0.2901491306833212,1.5423217413843382,0.46171710223104506,1.539844135336617,1.0322646022911994,2.238777304801231,-0.1476231951088105,1.6738180116963755,1.516300839239659,-0.32955210521491135,1.096934161272074,0.5589755755406363,0.8401721684399035,2.4283198213404065,0.7044744707069766,-0.5428732775394806,2.804540979542721,-0.6980511166318097,1.9120410056995563,0.417402697097032,0.5358591988042111,-0.5916410319735701,-1.204075482954219
2022-03-07,2.1218524878202913,1.6810668958662771,2.7090907055271356,1.9568140841502946,2.7239735655142545,1.7710188251368362,0.8938486603143411,1.50789295117452,0.8338960700424158,1.9453743614385597,1.480762094898128,1.1003447304960112,1.696338525737785,1.6018663222599014,1.3501048284126598,1.5783638975077845,1.7469666515526383,1.4468553533256179,1.7168509006187196,1.5290612593726334,0.37929023643697557,1.4205510408641766,1.9471679905346022,1.1742358785571474,0.9866266085471534,-0.4466866058119017,1.0983991838554432,1.164555696563201,2.2493773979895746,1.884010594980028,1.334080940544585,1.6285201119136858,-0.04315137032850669,1.9097840064064207,0.6069564185336385,0.08116639832354709,1.481123334348889,2.329859229377671,1.5438318115858878,-0.6357183332181889,1.5453118224642532,-0.2099587864967701,1.4507558963279363,-0.22589525934468288,1.0403356969424538,2.042812620598258,2.1764037951270234,0.7692235296560895,0.2526478247156744,-0.7786048806813919,0.50297924761551,2.311453583434796,-0.7486930711886705,1.2221194332453769,1.429181350875484,0.9333305611403058,1.9271846143065483,1.7277142793382116,1.8694239694709702,1.3543919650200245,-0.7197835291555716,1.8739062532249555,2.280659600338707,-1.7466771248059412,0.9924035179207642,-1.1819348264061964,1.9723024264048723,1.0559053227080872,1.5483714859097328,0.22303720850718955,1.7250426226295172,0.8636848895644845,0.9176092119225728,-0.0500339461926296,2.0936856642515926,2.811798203420143,1.6728757109763979,0.8536769547438983,1.6497972898449222,0.3424091872410283,0.025241373906585055,1.051501735169763,0.7226986715950963,1.0648341214171297,0.6604483235502648,0.15037377009398192,2.0540902875092852,2.1452476335859916,0.8132604644464408,2.450281569013406,0.9374690597192837,1.042550185172227,2.1654874748754995,1.1237791081290496,2.2365902448427812,0.8229461652226345,1.3057939647683514,1.3141667492975282,1.6656013185961882,1.584748192314463,2.1792496513030644,1.890170320979685,1.6620737033582502,1.6147801269331636,1.72555449421074,1.6836752221380418,2.495740386971773,-1.1225121613585864,2.2881042277134718,1.7734983911325204,-0.6366686010960965,1.8045189931675547,1.4951899505782433,-1.1204175602627473,1.7341196475642142,0.9769028051066702,-0.47242952730604265,-1.1818722342434376,1.5777025996534442,0.7746760154859871,0.8905968561679413,2.6275552064085232,0.5810035720825452,1.8673566631960992,0.6115395340361882,1.5438182535424858,0.08410567433428762,1.5669011657000185,1.5803916169548693,-0.2530707835284416,1.2511649702252106,0.6316755982724038,1.7496582206515408,1.5222902944902206,1.0097432792859675,-0.4916838523692313,2.329737776620525,-0.7889304082061345,0.9493428921700158,-0.10830224146035662,0.4328093528803264,-0.430597975060757,-1.335271933084985
2022-03-08,2.092400612072726,1.4468219509545472,2.4745484338426005,2.2211639444171896,3.244548920005129,1.420812028876055,0.6980636796662459,1.593970839333322,0.7233282126989621,2.16957130655672,1.4562621697668774,0.008185131027365847,1.678379326830735,1.5020841313750715,1.5164669299329487,1.6384817142890735,1.6861949144668031,1.8957432288455704,1.8175464755366,2.5981856874507914,0.32697559781512514,1.0705373623349785,1.5489652839417327,2.2192932670748378,0.8683950161302721,0.17460802957517846,0.8519758319083981,0.8598311620478432,1.5390363015126358,2.007116540678163,1.514926464819864,2.121550631502238,-0.2429671905339855,1.6791465234312724,0.3460818896193038,-0.5598546188923068,2.025572661659781,2.0891618877630345,1.3611221442581636,-0.5902942785654376,2.230167974915645,-0.5725151657392874,1.2962380995066034,-0.3488074566912717,1.305189994938386,2.191110391325203,1.9541801820481228,0.6883570029226016,-0.22447533936609354,-1.3209504720109588,1.4043006939187008,2.029542369647892,-0.3012901227649668,1.2657650576238773,1.4548069947659823,1.676805383048877,1.775741098652015,1.6967531590697638,1.5744613847183642,1.178544923200819,-1.1767362528349012,1.902205981284115,1.4030425762919352,-1.6450782932138863,0.5773326392547802,-1.3109328061110332,1.5191359157477047,1.4734017415821097,2.3274780263183286,0.6044418700852244,1.5152757241489756,1.0751151094274436,0.1759080108460349,-0.7756707364350882,2.1372391938849504,2.035197972376276,1.768374672381055,1.3431249306655366,1.745808783492024,0.6920911991824388,-0.1343119730757224,1.117151610301141,3.010756044987401,2.455975902849408,1.0693497395240028,0.005620398370021326,1.875528676261035,1.621754503005815,0.727848460480136,2.1088790103510826,1.5789820452363301,0.7804236887451472,1.600085127427666,1.1922771259673646,2.410225836243085,0.8213168856956369,1.8821617275298401,1.873987180057298,1.5320408595516355,1.7504648828830336,2.224466880798539,1.8591137506508026,1.5493662715239283,1.466425307494343,1.7151710660250246,1.550613429029136,1.6369869242817094,-0.7825851191203459,2.807253275406308,1.237868261997803,-0.2420146637644171,1.3781321533444093,2.169936951876944,-1.9611844139195949,1.8280773616083583,1.0143669653371745,-0.02139866572632589,-0.8394095351680291,1.8980541904429509,0.8063973422023272,0.8912959218733744,2.65809161603982,0.6050664783418972,2.064144747271899,0.16424471514421268,1.4112287728028516,0.15927812999360302,1.3531705890051418,1.6951445703289012,-0.2574660308719103,1.1057092749849387,1.2778180076805299,2.186187365548692,1.1092181590646164,1.1915459760040719,0.7940711209920898,1.8821272037472587,-1.0945110256993524,1.666979376864636,-0.09833817131352446,0.03617527126258565,-0.5630523981193422,-1.7483822360103956
2022-03-09,1.576756672613252,1.3415682901585049,1.9402838985821447,2.015195982137826,2.9308355264300343,1.14382265058087,0.41847937591671097,1.472041252949961,1.2706926144732904,1.828704228052519,1.1393670911265368,0.08275010243498145,1.4638351223726445,1.5384504819505254,1.4470848955992555,1.4098195590465323,1.6561716945687341,2.5774722412342714,1.928432386272938,2.3060309812300606,0.3750880173769651,1.0888515278237318,1.5733204926587578,1.9956428824647345,1.4967374484446776,1.7238756987980217,0.9078728525484658,0.9686487243451897,1.3712386668820626,1.87108712687327,1.4440087971570237,1.8225985801349966,0.21255062869590308,2.2337232912997464,0.38191075957608006,0.16210683267502002,2.2597478754980824,1.6937432644286587,0.7440750415737971,0.5469187810150938,1.6279136767028524,-0.12291373162765393,1.2161853148214932,-0.2707139790121643,1.0665822346713092,2.1776900640982975,1.8912008041468429,0.9563210134385441,-0.3423630214457426,-1.145868482387979,1.0897364916769485,1.8225409200235525,-0.7724079767345198,1.2210416705929013,0.9546407771600829,1.8872142734525932,1.674202871083973,1.8505909897970083,1.279028545053094,1.163654272072326,-1.2083493098487845,1.7148871281016236,1.8228933454947747,-1.693497172574543,0.7176323765173579,-1.3835088370800557,2.1040881440139994,1.5864084248854224,2.1054837634319825,1.2546658503911556,1.7436753750000005,1.7894211106766074,1.7761988716620396,1.7363859624176563,2.02690291412676,1.9443584973123387,1.5054875401883765,0.9796604447501567,2.2800869341428625,0.6705525794547753,-0.21420926406621907,1.6356516756164956,3.228563124039707,2.4706806992315085,1.0259851280314771,-0.6427438908243788,1.7858308903498203,1.2046921075672565,0.995356305624497,1.4412838259491894,1.875103932834886,0.4170891832661223,1.8579654882944243,0.7627674376122474,2.0383553273514576,0.4283722845298722,2.5723009034345687,2.571694454401814,1.846905534688233,1.6946777245761242,1.8743228167930897,1.8540429691717404,1.4987432045053628,1.73838083343297,1.5878940636514547,1.657440432166368,1.4599510712408263,1.0137760983067474,2.2197803038857753,1.1807349532868745,-0.1083005483411781,1.6921098294144525,2.0671414117737004,-0.9571610790387057,1.6248395414573091,0.2127405462120913,0.4451588949571452,-0.2909281479825393,1.873884920852071,1.515714348199136,1.213274421346418,2.4885712169020406,0.3098330249175502,2.437847486262951,2.732793118179051,1.2347409199547519,0.0015636027008099035,0.9607714420569898,1.6503155550138497,0.38652455185424844,1.1981925371433024,1.7586358431578715,2.1324759812001783,0.8282834176142317,1.0260365243952836,2.8649139908045713,2.1017773677355613,-0.03460251388977881,1.6100999894481522,-2.337988843613013,0.43208546987830515,-0.484238310935601,-1.3234073432936637
2022-03-10,1.576219285181547,1.8144991188528665,1.9788886039982876,2.4675313703436013,1.8927434728905976,1.310141751058097,0.1872483669352328,1.405673681549404,1.5574054059645603,1.6512431932843188,0.25976430947986956,-1.4751633450015904,0.9491318292457334,1.2833166642114022,1.3556654452981403,1.2528418950154343,1.6121411271626747,2.3568880145577715,1.7168266477819332,2.293087964787515,2.097090004249564,0.5824687639878133,1.734561836817489,1.5412387280339654,2.0347471871338656,1.5747874251000749,1.2712057189083577,1.1393583629204556,1.1842205008118547,1.727871258058054,1.3992220693202986,1.4091329105115824,0.3171614397327096,1.8549038608630941,-0.37093537602860754,0.6414040424510558,2.7477866233019728,2.662279350893237,0.6171052389988934,0.7695082905958264,1.451133624213138,-0.5172054179065066,1.1362899744274262,-0.2687975769927085,1.6354102040937017,1.7641488456100243,1.6827643468349798,0.8925344904686643,-0.14041299064906165,-1.477765838713503,1.5203000970932696,1.4732082433734868,-1.276273211387831,0.863597100613405,0.7762113333679332,1.6715180945126893,1.428218941556211,1.6412498558676305,1.317438664402901,1.0367237938851968,-1.6384133580178288,1.3766975743208711,1.9115742831871576,-1.7108968475305566,0.8621808926140034,-1.1107920491095453,1.8845199732041753,0.7907021466926162,1.7390149903937513,1.6790775618393172,2.1022741107869547,1.385259262940923,2.0011973355307595,1.4040458222336056,2.1062145766243248,2.237426622933029,1.1309163300565528,0.6426742864944717,2.213462008856178,0.37218594648891823,-0.8273447454458546,1.156358848610109,2.118974407856317,2.0605146272260706,1.0091139727870075,-1.2768924817089067,1.289494368566997,1.1170625091594715,0.938129474989882,-0.1469612903427355,1.635010685026443,-0.2786555141204046,1.686858098065227,1.3420768775388974,1.9855593970586265,0.25750168248071603,2.191909744209024,2.177529270088691,1.5270747517930017,1.3603126714446638,1.4588282591757478,1.4474726427259275,1.3561275424816475,1.5285512363268254,1.1589089367566145,1.3071649999734,1.5884886238204343,0.35820096700423537,1.9756143334622807,0.4811258056393407,0.35903134102112105,1.2829497628594475,2.0855267938579316,-0.7331617738498778,1.3606633594546889,0.5963192532512114,1.1157959172302818,0.3896844583442694,1.7160438403202234,1.3429092757371215,1.294531336279099,2.497154294871487,2.816096523122154,2.1582560074599746,2.25132282941713,1.510933744505674,-0.09318455422909325,0.9305576338264638,1.5522257110717315,0.16294539782417675,1.234669772493475,1.6078073970846176,1.9005855609009417,0.9147944114572383,0.8204674326284866,2.652262841118412,1.6286890766799147,-0.11506745302346848,2.077928359531303,-2.7296053694611717,0.2770314484146715,-0.5509025829071903,-1.41297875586775
2022-03-11,1.5343581013934595,1.7581855142415355,1.8826678401810544,1.9057418402817006,1.774075327372389,1.4207579304291569,-0.22656147498028928,1.7616197352934027,2.204323030592152,1.7839278797088012,-0.35325543876500803,-2.0759402032931265,0.3833075886120283,1.616722725071236,1.3204261598764684,1.2620534900546059,1.6278370377226936,2.1383076029417696,1.5278922759325027,2.338617704534897,2.000687221759605,0.1826398155867061,1.609805599127187,1.5824608645886902,1.7697109625555048,-0.8521008313204372,1.6181304498126514,1.3857177292371148,0.6605021437715518,1.661545520494154,1.475713610082871,1.5771934206788292,-0.47539276274961517,1.6306760734411594,-0.4681419169586161,0.2595386825327403,2.2662689034319734,2.003400536837734,-0.028149225350259804,1.0979771927330026,1.6367583740385478,-0.8820353709176489,1.2299729557125958,-0.22930730643078637,2.727765177410808,1.4924605762581538,1.4476026864429552,0.042551761601616195,-0.20265787869368004,-1.270379513804069,1.728488837287752,1.8035697287540178,-1.829104582700759,-0.7010819087341577,0.8281105510217805,1.529812415896271,2.430437469927517,1.4723823833749063,1.4075652974273583,0.4633273301458313,-1.8562746342720562,1.407596286222392,2.4724625909547577,-1.564441871455335,0.47250840718818615,-1.3299733063008303,1.7026419618631143,0.879039229177655,1.3314305463759917,2.007465145775257,1.8994545730128989,1.4558398585070194,1.858651766349798,2.1188039922825936,1.604799523955105,1.4705824179343507,1.108352946255092,1.5563286977755222,2.237801907735831,0.19170932159466153,-1.0830570621734394,0.7361120019842109,2.0550656378047267,1.798271672326083,0.8464942228259247,-0.9351229098344725,1.691144327335713,0.4849149484859747,0.7352997900934893,-0.9480889906853086,1.8385388316111742,-0.46154386511302964,1.3250892001838506,1.3067124882816132,2.0392867053868553,-0.6121688094680011,1.7878521123555706,1.7879108826209789,1.566909316028435,1.6120474028486085,1.6921817735709586,1.6465648403324866,1.1560609259991088,1.3148488565876126,1.0221052663544956,1.2818791137383827,1.4367314769096573,0.39021021293901204,1.8736223621310073,0.5638975549622861,0.5087230316990593,1.1557023813126954,1.8377124071968627,-0.8253831599878397,1.537765594565507,2.1406241265355366,0.7048469264592858,0.7153890978827576,1.6144895609531054,1.0839345225262045,0.9297804508396083,1.8689328570984578,2.0510225255627192,1.946361383889383,2.291309796741779,1.8298430411794195,-0.13186623508452017,0.6220940880606209,1.9614399340856068,0.08532512778256927,1.0380820010809688,1.7304537813517522,1.6307015126085904,0.9414704236970927,2.0405131578943503,2.281443699230513,1.371744828296457,-1.7095734812609513,1.731885833138419,-2.261971660346309,0.2964757144733475,-0.6108613470250023,-1.6394087049538635
2022-03-14,1.3799239356460937,1.5664946253931342,1.757983516868186,1.6889759392471795,1.2352123315092791,1.3903966777917516,-1.1280599156156652,1.671406432981768,1.9397791183540132,1.3738932768581427,-0.44014875197224723,-2.400978517820286,0.8113545405186458,1.2499227449934578,1.3058543809557674,1.2220719232933264,1.6230141760299446,1.9130564115070234,1.5363591557609888,2.016213675341969,1.1395540885168953,0.23978853691176932,1.2703096458551786,1.2677699131827491,1.3727153416824047,-1.1808620592118673,1.3281541259951306,1.5345776478598474,0.3941670447290011,1.4671069127805412,1.2041383818468239,1.9376031013379296,-0.9222437458778797,1.396653308412449,-0.8554896163828694,1.7242047585516858,1.8637256859429183,2.2180336263684257,-0.8503847773711047,0.6463174334895149,1.72287649484584,-0.7170187190623694,1.0091935904810876,-0.13193562507342713,2.1763565747611846,1.3910232346922768,1.4106532945815733,0.07941696113886805,-0.8010282909942419,-0.4903348768828585,1.9116778505876122,1.5850161868763346,-1.8389332214560359,-0.9305001408214337,0.6485849460770581,1.5757915280801136,2.0697841375442234,1.4907076312269052,1.291244436432807,0.6765691147093921,-2.2204357974753233,1.4316280890156885,2.8843980983613213,-1.6597028088847476,0.2580228051491648,-0.9922496954572326,1.7559143512228845,0.6435078725393394,1.2768563778858963,1.563773736634986,1.7582264718223966,1.7874153873631444,1.5249915215272702,1.7965347142668833,1.163375266633446,1.2557143490414275,1.240726689250713,1.659245366220172,2.0243797251042577,0.8496371264412256,-0.9741512002401141,1.133417797386526,1.9434223821913374,1.936933755088287,1.9098235848006713,-0.9783394760281019,1.225897934021401,0.48676998000017596,1.1652592504527708,-1.1379717469913166,1.6791132908918107,-0.019077832272703155,0.8718469688599485,0.7619023628006526,1.6749694838017644,-0.9487594487057989,1.4391879150711615,1.4429368816437702,1.4644571005428118,1.4262611381605568,1.5242822202198512,1.1362559849966136,0.5959502226687863,1.2590278561682542,1.0399609369602836,0.9486023809134505,1.0982192843243088,-0.20983422899952453,1.7646080985469874,0.29963963199643273,0.46144332002173233,1.247665698919886,1.6109645162827961,-0.8980895391680574,1.3236989582566843,1.3477959070375407,1.1352728231871327,0.27158353315257416,1.462358053493307,1.1593609807673255,0.8347435087227787,1.7569714739671427,1.707410447705313,1.804483018375535,1.7225148321828803,1.6263752008093735,-0.3387494498923258,0.762100816507584,1.8443579368387248,0.4774176358895599,0.9829012792120909,1.0804769491964055,1.6760813939209869,1.1112472760046679,1.549527991500426,1.8721089511135218,1.097217681037981,-2.245661706886966,1.336141686168621,-1.975947139114288,0.08014824517408235,-0.55833158690799,-1.7670199330392526
2022-03-15,0.7123082901104201,-0.027308636948193382,0.9926571522815361,0.3521585329797755,0.8491957312546382,-0.7031510785713823,-3.1197325236490148,0.6944943991570962,0.9129023340164314,0.9747215640445898,-0.7662501047565293,-2.82825953264128,0.6030460219970348,0.8739663215009081,1.2393452035441337,1.3238752887517413,1.2698109559147694,1.7254811514271873,1.432760027023048,1.5967906987863099,-0.7167853013136463,-1.0163100751705731,0.7444181225234321,0.4255629260171434,0.3724203444058966,0.7048479655910171,-0.09238850026979266,0.9317731866144231,-0.43811122560978116,1.3112875586704063,0.5544194944811861,1.438751217741817,-1.869454611803556,1.1684592277797217,-2.021044875993975,0.1872693616385534,1.4522686239660383,0.955975222723912,-1.0971167555720804,-0.7141218809443058,0.5041897322831453,-0.655068831967122,0.20674438288779934,-0.8913941070201559,1.5943543794061865,1.1150453921737575,1.6054059833539163,-2.4307858885063034,-1.3950871685667876,-0.6870008702786922,-0.48249962023448756,0.9042831615591655,-1.9020441195629545,-2.1662908617841032,0.3556083266959243,0.6314908173738324,1.9171832907040922,1.0653628172194014,1.0932392450269384,-0.22828158181909577,-2.3871659225723016,0.9432357184466192,0.7169463986954074,-1.8530649722251777,-0.21386493589009403,-1.5784225552841764,0.8523132791803558,-0.2489692067099934,0.9042044054829268,0.6660450932668612,1.5815666260959946,0.18486470323295998,0.8985399650783614,0.7864217930692765,0.36995924574104405,-0.3295135620568016,0.7946022193224037,-0.05295776749019752,1.091874263274717,-1.0088175777895696,-2.894749260427012,1.4518187198567252,1.6638827111335213,0.8312869456404367,-1.5515707943804127,-2.2605357774001,0.6458935908301053,-0.06992153708658422,-0.2417763836283436,-1.5582469263283787,1.285404156630643,-1.712386126686524,0.563992967626728,-1.8244353152296393,1.0049196876774067,-1.0238732975292903,0.8217634202285834,0.8253460842380049,0.8911347683079627,1.342377129126091,1.5605358942833771,0.6954719745970517,-0.30779592571925907,0.5211061571820562,0.6590490807028287,0.8222370261812002,0.9843808997119123,-0.5817915688406412,1.4254934431088169,-1.9720869983487974,0.3204529319436955,0.44388041564896785,1.1844945490335996,-1.623871204925075,1.205586613786667,0.005166833520159257,-1.7511478429184235,0.046404609039371894,0.9940113689273199,0.2866252529850228,0.18745504165233226,1.2312196944101457,-0.40366562127890265,1.527140985751074,1.2608996154542538,1.276972823177788,-1.8956766592297984,0.5581524785620628,1.349535651150841,0.2116159730751319,-0.01458956488699312,0.3872876970041688,0.6240572284903796,0.6650633377585811,-0.20012722641243905,0.7893221770593238,0.7116282912568658,-1.654820963249912,0.5080495162523229,-2.207024443112664,-0.6300467474743849,-1.2064941631693191,-2.233707053750593
2022-03-16,0.5190209549002754,0.1867527937899213,1.1879492039646042,-0.12321479456166493,0.8488425545352385,-0.9518659399701489,-1.9361293486520805,0.3156852233825061,0.7018966419057961,1.2679751708556124,-0.8745517050494092,-2.30497751386199,0.7043507004083639,0.6788735538138386,0.7785676496419305,0.3302294830391922,1.1721489130059102,1.5936635829601893,1.4430136722013411,1.6684289113918216,-0.19434495154040463,-1.406145719406737,0.6424179117690134,0.5909333707481851,0.4514752212326211,0.5385900701516619,-0.7041318692955143,0.4525320444071176,-0.5378139176754623,1.3458572533680953,0.5531544672308532,2.1091280556621403,-1.8205877980850316,1.4644123462110528,-1.9684783823592915,-2.0758055296514195,0.7659461230979947,-0.05093776044857978,-1.1397387972894315,-1.404555983300316,0.3415731390214613,-0.9341029820916799,0.19507127924641732,-1.0261158450061882,1.47773326431014,0.9387291570708441,1.4244113564740026,-2.232053507827891,-1.3296508172930206,-0.7733274709191416,-0.8510654562921519,0.5958092959288207,-1.9316615578864988,-2.409767314222336,0.041459405304012306,0.039157947816359874,1.822662873672155,1.0427543624340407,1.1682402512396524,-1.235869771425876,-1.9346009976957903,0.6519039743932313,-0.21342805617589244,-1.4426647158675836,-0.49352219003561626,-2.220485568660091,0.5440014246449759,-0.4836175145457751,0.8071031991801466,-1.367323298312342,1.4582543230931524,0.03688311097240622,1.2231457129077303,0.5416731546718345,0.130332983944609,2.2042718164630157,0.47799262418773536,-0.6463374552491256,1.1036115658340484,-0.7252060730806137,-1.4192637397609222,0.8108686794993586,1.154714114351472,0.6438794146145301,-1.2618215134168074,-1.869048229024002,0.7793766144501244,-0.6915419136457821,-0.2807861945231622,-1.2821759418868441,0.8527362826905405,-1.2880479593928935,0.7057865573046439,-3.0511125100087275,0.9091884283594847,-2.308696826759021,1.092624088381904,1.1035463210964445,0.9987424093904068,1.0374474136128116,1.390276114351913,0.6057862216712544,-0.819522632425179,0.3949951619448772,0.5793386360491354,0.9566909551353086,0.9006641870326344,2.5504741310259385,1.2602858341759704,-2.0732960221629044,0.6876335366863917,0.6698150602494456,0.6293564427643301,-1.1005808759528557,1.1451921489027437,-1.0928552395309308,-0.4519591608403047,0.576456067157015,0.5151714117974855,-0.036593266659465336,0.38013709033551785,1.0620745451474891,0.10205826754205037,1.53588677356749,1.1995239707432401,0.44448376925913363,-1.882303818054614,0.41781415077535616,1.2633963250282323,0.21881309121519787,0.5367358012198675,0.2562369166589468,0.382223385373911,0.2799447474416507,-0.4946319245778099,0.5855603539922717,0.8672864892470024,-1.6000358235438792,0.1349711859536844,-2.0813123795426747,-0.3814046320144817,-1.679308383096679,-1.8364778509504978
2022-03-17,-0.08434506773052418,-0.25604650220558905,0.9864938269915814,-0.9552793146393954,0.5412551505758918,-1.4190224270897676,-1.6756666664287871,0.020515597181180432,-0.6346960008002824,0.9662914660481684,-1.322860706123894,-1.8471674340255033,0.21641647343539633,0.8251153115016381,-0.5578213010354927,-0.10134306781211852,0.8459504863386905,1.1741342966768942,1.0448329542017278,1.5757045510886019,-0.5360141053125459,-1.55293521741613,0.3548915152724179,0.23195438222627832,0.3670326941520527,2.6941691510224897,-1.4131741996986456,0.19942342624197779,-0.5358276590716666,0.8167308332377743,0.022667028958926836,2.030780186500201,-2.478970040527852,0.7189463477511195,-1.9671157457142046,-1.647825413596987,0.5417294021976581,-0.6512929603828264,-1.9718708372552836,-2.8458751110934593,-0.044009071331204255,-2.193591737725809,0.09715000764270204,-0.7808696836585884,1.054923565276433,0.5882981833131857,1.0515668980266684,-2.20841491016338,-1.7923746845351458,-2.494026802206007,-1.2350403429469399,0.4625880688361076,-2.0317861705675897,-2.3442399402482472,-0.015599383718585396,-1.1080251092066589,1.735494243024634,1.2912448697685859,0.6739703407699088,-1.0972109082389405,-1.8767966049352762,0.532976725742964,-0.031902341745359705,-1.371283059086133,-1.5695660758200287,-2.4805314760785255,0.7764407481392435,-1.4141145505541708,0.6503239746792118,-2.144253037061287,1.2342448200182283,-0.5937936396285394,0.9203396948659089,0.1128423546387729,-0.00024193713097373038,2.153576867553778,0.1008116590149736,-1.4883317061123265,0.3931362161644825,-1.4658858508582437,-2.608452574972678,-0.688537801692723,0.6586312058564313,0.09718582901337373,-2.2114820062872265,-2.5564391242617717,0.9623179568899998,-1.524568497734771,-0.4234104779944606,-1.2081331474898644,0.08352113095669442,-1.840437099416787,0.714637065958239,-2.727484539804736,0.3814889688426752,-2.0653531738625515,0.6852184807336696,0.6908619923735196,0.859642595969224,0.9297038138883472,0.9101040789212808,0.391382421197993,-1.1682161722522793,0.07556939868093963,0.6137996783318617,0.35996289374242246,0.7883826782653253,2.870987296376506,1.1602362956514083,-2.232557676741698,0.5720749066459699,0.12503771488221008,0.44114996302080295,-1.3169890494824956,0.583009581375302,-2.7210997882976176,-0.9963052570677203,1.6922971124310202,0.27107327466837033,-1.3809876907094705,-0.37363395989900156,0.6432382026828956,-0.18177606845417554,1.283633487288514,0.6584217276966156,-0.23458845104022957,-1.9839929109995464,-0.11937233287291904,0.6703743481625303,-0.015544153749159231,0.21683611637764744,0.4332289998293056,-0.13584347060585392,-0.06760706104430372,-1.1457482661133411,0.13005145362872417,0.23623233146781197,-1.5393147540062715,-0.7110780399469075,-2.0169313220613376,-0.8527753246306865,-2.913305291743979,-1.8913246614237906
2022-03-21,-0.18473024386143677,-0.855708095547082,0.30435134353294846,-1.3364303115603946,0.0,-1.7059929429296845,-1.6695402354608113,-0.7187259153191163,-1.7181248205932071,0.7301786321362145,-1.8628476738229283,-2.230207903708939,-0.20344872775784717,0.5734299966386548,-1.3624287457525155,-0.5776844190347514,0.5220394091279621,1.4009583786352513,0.6296665231625588,0.9185045960139837,-1.2927685100871558,-1.6798344194887587,-0.21610242561640272,-0.24102349434741907,-0.7546088331874791,1.9489386332156515,-2.29846446198169,-1.461312046194539,-0.6623418255397514,0.021321149385518413,-1.426540470638309,1.936356509604228,-1.4945416173212196,0.22381872185646104,-2.3164357079570714,-1.4979775609252375,-0.6185752967980613,-1.3738577164251264,-2.157077393832175,-3.0392110194800654,-0.922948253177787,-2.3961783012582156,-0.24991704660681668,-0.8008807915422496,0.6143172311189081,0.19360536110883333,0.5163918117045946,-2.4467750226152885,-1.9606407918209552,-2.3429705583479463,-2.1680587129127113,0.04804711181356437,-2.716698512606591,-2.1856588715719805,-0.3406256713998825,-1.6578167845538943,1.5003979890462196,0.45661280308387714,-0.19301107547560117,-0.9498063044017383,-1.8862515464785463,0.6131869031443591,-0.3901944927837794,-1.4941546881069483,-2.2434027949087545,-2.5951373853000534,0.10384589880753896,-1.6043388483635466,-0.40753889477682537,-2.475651038208471,0.5995494754588746,-1.5696959930570547,-0.09428546150429504,-1.3580709648145957,-0.44584117050582256,1.489509270895848,-0.15921520911011158,-2.4930589394775344,-0.290115362521521,-2.5303707310170855,-2.365336124803318,-1.1504501459417524,0.3652040752590001,-0.4830831787490916,-2.9090178892617304,-2.9081501068666733,1.107416915706661,-2.354144806690939,-2.273734304744208,-1.2502882286232089,-1.1609817828816045,-2.0620724045403986,-0.14432867173523617,-2.814205270313178,-0.3030218246604855,-1.9011943456984624,-0.09667118850370209,-0.10832940220532195,0.6164944342842644,0.863596273631912,0.9823251904156638,0.636476685746275,-1.9716644611789913,-1.3263487661903037,0.6374500658804214,-0.273000476160237,0.5155361916219839,2.020644915299523,0.803892155180825,-2.295142098067278,0.21728896204043477,-1.3310014170104227,0.4061662613672296,-2.2680136897251684,0.4785212851572336,-2.982701602060994,-1.8206328977827975,-0.6247811890219807,-0.4632293283248123,-1.4100332379379998,-1.5756156594675315,-0.05428233963270101,-1.4823533162061011,0.6331075079482833,-0.40276886268930895,-0.3482246851226906,-2.4774153159105343,-0.7046172399486246,0.023992674326768406,-1.202875952580026,-1.309723827872959,-0.9627175985993074,-1.1300771217457066,-0.4015943548027407,-1.8028930601323119,-0.8930440415091802,-0.4335339217023959,-1.6131559075413389,-1.8099495893214756,-1.8413605851042185,0.048727202943830414,-3.4864956034864303,-1.9734622565941353
2022-03-22,-1.673660210935657,-1.3122785632001868,-0.7648496478428056,-1.7147982164765028,-0.18917910917665637,-2.383264159056926,-2.2862472593016965,-1.9513997598109356,-2.3539022752633922,-0.3431225023998835,-2.432375981017523,-2.616219639022824,1.2365584922381583,0.8983738274679007,-2.0747518569812904,-1.5534755977234889,-0.7932239727684975,1.8210068084756514,1.5059290306355424,1.1024771433422749,-1.9383929543801817,-2.4054164592119576,-0.5243840378919913,0.4703883859555841,-1.6117602735347425,1.3884412071832462,-2.3640301861006234,-1.516742133923322,-1.5083592902080012,0.42411061109618814,-1.4470830739313392,1.515697587564118,-0.7331762782775216,0.3293218379534416,-2.6780465573049113,-2.9892069214240955,-0.8362268181006154,-1.1265960004684397,-2.413038528007416,-2.7540915362774836,-1.719188381584432,-2.3666263116662343,-0.6140222112141944,-1.2908440522971678,0.21046513677634096,0.5382989316541019,0.5167171864386798,-2.0505942860845563,-2.3328244172831063,-1.658065266206966,-3.213637785532925,-0.6595997128629287,-2.8178429824607263,-2.1422844443889115,-1.1563416180883725,-1.988580446351067,1.4950062183357156,-0.3904225542940685,-0.28920553826599243,-1.2877105552451056,-2.2569577148530215,0.14445486755300954,-0.8553404287992338,-1.5359357057917642,-2.732509989001024,-2.9363441686695797,-0.9080871718262759,-1.0343996569977514,-0.726231979873974,-2.408610340790039,0.3786612051223745,-2.223463094922349,-1.371271001063035,-2.0998492054880504,-1.586270282380282,1.1351801666372183,-0.45141058423936564,-2.7073421250455736,-0.8212528002572973,-2.7569353008585837,-2.756796502715669,-1.4570183387241902,-0.3909601529608686,-0.46557975680330904,-2.673828265901087,-2.3746386055503423,1.8283405355602265,-2.266353866919294,-3.0724719223582593,-1.5299291419446839,-1.6774052760654985,-0.8642089494168959,-0.10530150432211476,-2.4898270810466565,-1.2072788734366855,-2.039303064129014,-0.6761119497110076,-0.6875799417180765,0.6409907589295117,0.7559943784737793,0.7578850146752375,-0.8747642017472672,-2.014759750737578,-1.7316024023927798,0.17973183095114537,0.07228759139038493,0.08566096843646526,2.1656717887278507,1.1208572833543071,-2.903494444781241,0.04943901644321547,-1.86506354583191,-1.5394787976448676,-2.417003233638796,0.8827086531808526,-2.869354549140779,-1.6040487304661948,-2.0446288767833227,-0.1533358123623554,-2.147913902267943,-2.1065229422265395,-0.8200525441380623,-2.214664034486442,0.3043463407179805,-1.4401975062492918,-0.8431117756278412,-2.610443035293117,-2.127216942776976,-0.7815088891487959,-0.8882884518686726,-1.9343626501941869,-1.590393285292533,-1.2879090159430548,-0.83824978880451,-2.5996057572600013,-1.5333287689477615,-0.18205887073304086,-2.010715080514935,-1.6247205064971926,-2.154868175947673,-1.3592646436380653,-2.6562506922295834,-1.9328419860662993
2022-03-23,-1.6055165795917083,-1.5479412832300306,-1.0722386394008043,-1.5962150740779886,-0.4501201886613646,-2.1313167234566666,-2.296683818459709,-1.412196843774815,-2.1516086754684,-0.5096200385940152,-2.1304797692798316,-2.1949793727110554,1.9355433419094317,1.3526899798773813,-2.006592339824906,-1.7844356319559382,-1.2696975778214246,1.6429380090244474,1.9575208491969989,0.5160862452007176,-1.5662202982222475,-2.284191108240405,-0.7817420593849431,0.09829508826157413,-0.6886037632928165,0.8232241451111998,-2.13516217274218,-1.3664077268713157,-1.8279068657033979,1.8811483937971651,-1.5533315263007959,1.275745596356982,0.4195128857166727,0.21367694025970865,-2.370477386917196,-2.439520819785783,-1.0684416099324738,-1.2372102757390984,-2.2468156504835086,-2.403983626534072,-1.9268377100661667,-2.2243111499087242,-0.9921256448449571,-1.2642078929461933,0.3694621622975925,0.9076916383626201,0.4346067699450181,-1.9142545355030198,-2.102601163848669,-1.7961499732609176,-2.6483947348883627,-0.9981996648216436,-2.4034268164680634,-2.061531766666528,-1.586157588083898,-2.1901043889408234,1.2169170227748107,-0.14285057814088545,-0.42254648303000025,-1.512991021826779,-2.1217815865837357,-0.05083509390208987,-1.3834733510115536,-1.5187541611292306,-1.933243991186404,-2.433604636419015,-2.047474169435617,-0.8403845407322309,-0.9584413839716771,-2.3295191850677903,0.7211559449087313,-1.7363204420867056,-1.6347511970508972,-2.223388545737649,-2.0342137436527157,0.9188709744679657,-0.18156726700515496,-2.1140289093289537,-1.0168465145596697,-2.469960569517423,-2.325105355491174,-2.3460795689762906,-0.26470393017721155,0.05557130882265725,-2.109962026531587,-2.302174251485797,2.2892194541502953,-2.194550271094988,-2.6010736195715514,-1.6115238626830999,-2.1906770861924265,-1.6399261082213088,-0.4106560996008326,-2.3412253834521146,-0.7280137325815799,-1.969654766931818,-0.9293401096066084,-0.9250323151483559,0.6752364138988299,1.4543872382328058,0.8728271300981753,-1.093218127120688,-1.5458958854839437,-1.5992506954612142,-0.9370873465163034,1.617117861522462,0.3498800863173492,1.7067808497665604,0.8827139961696365,-2.5261772989252504,0.9559828537742572,-0.9866878525768661,-1.8788720704171569,-2.4565641501580138,1.407480342186058,-2.49532774617948,0.285535779984721,-1.802015115249121,-1.1970044721492714,-1.5835521736011293,-2.343302413818371,-0.9527145011365701,-1.9849730130888101,0.3698251723346677,-1.7657503348100965,-1.6833635570673071,-2.477577873182167,-2.4670975183394956,-0.19390757292435506,-3.6371723708301866,-1.605089831925713,-0.7839311228709968,-1.4665552400141397,-0.9627146193724229,-2.2161986081176046,-1.675713726178408,-0.24911859237486997,-0.5846634448901528,-1.6834301857294303,-2.051886123475069,-1.6500388898701903,-2.3221688185061526,-1.96782128984071
2022-03-24,-1.5291182387741766,-0.7449878102570474,-0.8421122381491007,-0.7928375714333716,-0.22490127732068554,-1.2741847287683592,-1.464289514395696,-0.8173488182849117,-1.1235303458129922,-0.015020925224224806,-1.6962128560274656,-1.5017632652631185,2.107746488026816,1.540987137499222,-1.6924672329337929,-1.4376586702307481,-1.2162619250965376,1.5058170080677262,2.083032119895936,1.3503434977052515,-0.49239911999115843,-1.409726494640251,-0.12008690180680769,2.3689764916059772,-0.04819209106863417,0.08641550483795735,-1.3130438190559799,-0.29511661609898465,-1.0479472313614804,1.880614489615921,-2.0657317283541716,1.4320443631289734,1.0301026676093659,0.7892651728092394,-1.8963243350937138,-2.1085091438929013,-0.2539568992488835,-0.6779086969871482,-1.89333868580123,-1.922597054356187,-1.1423745813374753,-1.8486428169665416,-0.4527513029619641,-1.228480834751785,0.6898267567283981,1.2236346756981573,0.7205123098397015,-1.0885183489193095,-1.4611699059358807,-1.304991607814087,-1.6379077076465454,-0.7373590474166171,-2.0548470321881362,-1.8954793173321323,-1.6649753094715107,-1.592904355501542,1.0016966210110305,0.7410499350162079,0.2670159269522914,-1.6389178234374562,-1.0554542711984203,-0.012166712551179725,-1.3072953381009957,-1.303582555624344,-1.130569779814754,-1.8238339657966254,-2.174649531213599,0.4669753341659831,-0.3109411446374588,-1.7747068324700876,1.3464009546867755,-0.6784475588126614,-0.538900505733709,-1.4333988316937039,-1.7517226032543602,1.1811391979878112,0.7891530909644919,1.3507669134590334,-0.6067851966841095,-1.1984574538812265,-1.8126501503397452,-1.5912350242974005,0.877275881327537,1.0564186201393486,-0.9880282517372065,-1.6362088595523094,1.9453443225016522,-1.2724057852193926,-1.9067469642471797,-1.1701967141024159,-1.1072571795813284,-0.8038727029075928,0.5890865613096933,-1.8210149665734419,0.4465592344096415,-1.9600316413589125,0.036597742571289574,0.036168019365989866,2.5114534323494038,1.4139683720961045,1.3733798467389586,-0.083298221006156,-0.6827621149785512,-0.7373306610892318,-1.6902778107357481,2.209139355353244,0.5427651481353407,1.2108968182008704,1.2165050825520292,-1.9668883692243075,1.1631265354186375,-0.016091830726122008,-1.5018581746041524,-1.5182767488482785,1.6423802762982864,-1.9284994070499735,2.1217540963288086,-0.735686316434607,-0.6377595454038018,-0.09341536098218134,-0.697430780769335,-0.2278477988001265,-0.762713528477657,1.0090367617184228,-1.2375841931496492,-1.7004247078443184,-2.1034433854966235,-2.079310499013015,0.18194563988995516,-3.5284853058199226,-1.2088026575989672,-0.5756962760748604,-0.9896219808044797,-0.810499615888625,-1.515701770204428,-1.54167497598837,0.09589773833934852,-0.14021150790332057,-1.4471374989278956,-1.6611391163607894,-1.1245272302896803,-1.6438317690859612,-1.4751940369294883
2022-03-25,-1.5911140471549023,0.08864622907099863,-0.9955326118972587,-1.1101631548107336,-0.42495034381896,-1.0696053089051663,-1.2384834025704718,-1.255733780697232,-0.8325435082297857,-0.5209379621074665,-1.3827718877323771,-1.1991578686926596,1.7047966572962665,1.765309137078723,-1.6174942671026713,-1.3874252290064046,-0.8530305036515339,1.165136928980978,2.0755035845319765,1.5398740246183793,1.2760719129326132,-1.2468469812273226,-0.4645540567403929,1.0278306313142815,-1.6998498932907333,1.1797772457773492,-1.2817627252682307,0.5563788046005899,-0.5134609551242428,2.4006948762785365,-1.8428054091355872,0.8436898587939191,1.5248214210195254,0.41841235759980155,-1.4957108244939774,-1.060209307866102,-0.2101424129757073,-0.5994595480811216,-1.6912851489623912,-1.5379236430206316,-0.9591551729912539,-1.6924925779786915,-1.640703386288079,-1.309465358364422,1.1576691203014438,1.0001375958852976,0.4235908902151136,-1.07838843245823,-1.0343021659691756,-1.2107854379755645,-1.3222733008802925,-0.8482889771427373,-1.6480777497261843,-1.5458365201890647,-1.548149939759818,-1.6961993758302367,0.7391874423478747,0.09655086244709415,0.14413845573902306,-1.613103403447359,-0.9670574119305639,-0.5803109128564234,-1.0631233191761336,-1.3058702638088109,-0.6040926949227423,-1.6944854415727535,-1.9146834468565548,0.47495567850559683,-0.6785801940654341,-1.3197598815307807,1.4801721208642185,-0.26762582102080423,-1.0430290836635638,-1.5927601457507472,-1.300280486689649,0.8998883770950041,0.3369724732716432,1.1038178922195143,-1.1117158404446723,-1.2308008536116264,-1.221870176020669,-1.7588225316130954,0.5389002155149001,0.5654543395342182,-0.9608197203738724,-0.21355286056352354,1.3149907562007048,-1.0346834733497567,-1.7415669822890885,-1.0036150848223135,-1.2378150372485113,-1.2421135693670182,0.05394685505282108,-0.8072413886495782,0.18287582081498294,-1.7103403571088585,-0.0021463928896911823,-0.01664515892477721,2.1143008809081874,1.5032686342790504,1.3136719096092166,-0.2730343657337583,-1.0329736314722238,-0.8726453228634595,-1.7621138017421252,1.6150002675272799,0.4589411112236667,0.9621607005353785,0.8729475645296791,-1.6197731788047058,0.4786289912900272,0.43257611400430573,-1.0831578898132628,-1.4858518111526984,1.8539306342789819,-1.7057115783133157,0.9429289182918268,-0.6098414446810865,-0.9861958191761436,0.3116845562672413,-0.720247748571086,-0.2764094649140229,-0.33398950352431583,0.8908014996436262,-1.4666648135811693,-1.395166351684839,-1.785744748803669,-1.7995950262493903,0.9615059703546014,-2.735574570927598,-1.4945453793009988,-2.275175705526348,0.9786323313684523,-1.0168415919926252,-1.3069147130444543,-1.2272733482720746,0.2518715940280669,-0.6278240898738285,-1.5656985769852019,-1.3410511155157654,-1.60265977928903,-1.3577176448260122,-1.096540993182693
2022-03-28,-1.2829045751348707,1.0100821569836196,-0.5952569440294668,-0.3060518424143775,-0.15567083883584423,-0.27306870854526405,-1.303877338802582,-1.1459258047718952,-0.2284803080080472,-0.6640616462982275,-1.1433715827774227,-0.7530391847856177,2.1401586334186984,1.78036414939921,-1.2600182036928054,-1.2313775674202856,-0.031659332899564976,1.0605319007014091,1.935730340514565,0.9510642938819154,-0.2600293700720328,-1.3166034310424404,-0.1132205522096286,0.9590951288366826,-0.5610584400523352,1.009899292638223,-0.7085818917055837,-0.23135146744112617,0.42344005174149707,2.4354867062290024,-1.7340789465305044,1.0237969439532704,1.887727501114702,0.3585179427542809,-1.267052758833515,-0.9966358229772176,0.2503319231243551,-0.1735664900274384,-1.0842453671912509,-1.3215132980440008,0.096037736772111,-1.7099654696451942,-1.4745211998738752,-1.1422006834478564,0.47809211542430224,0.9981280703996955,1.0849803179369084,-0.9409364608846693,-0.4989651354489669,-0.9227339926002472,-0.9245344728281744,-0.45331568451624,-1.3597757811340074,-1.1695044814986029,-0.6817657487266873,-0.9794562226417545,0.9676946520765572,1.1472945982193399,-1.4080115350451643,-1.2894412938296778,-1.100659730476677,0.1252957692427762,-0.761863074263762,-1.0944755364312737,-0.8575360267649091,-1.589351345827946,-1.116517638488877,0.427643869481203,-0.978860765596501,-0.8369739009054386,0.9336232171652766,1.8317185996274223,0.5563806294480624,-0.6555923085354604,-1.4843044267439123,0.5692442077622618,-0.7187869704716002,1.0773112584561282,0.3337183094785028,-0.8082868589785901,-0.9101284482023307,-1.140152817137694,0.6844356913791636,1.1007151909062427,-0.8139740671779764,0.45234474028498417,1.3840554008810733,-0.8642098193737244,-1.4282894553260128,-0.9600619146917978,-1.0652437860565984,-0.4702007069195356,0.9715440634833771,-0.6150625853659332,0.9999180071323083,-1.2754700518014135,1.225406242869097,1.2329814467493057,2.146776468351265,1.3833192924441584,1.2836570868102144,-0.15432133882791813,-0.7763100712213421,-0.59440726354545,-2.270232437525099,1.6237138514251808,0.39536790512547393,0.9321970375787806,0.7954171354189414,-1.1330074288832626,0.4325122733846618,0.6671492213676207,-0.883883774678984,-0.516220655056742,1.943848028616159,-0.7073024218452661,1.4813593419474749,1.505519082541612,-0.691924626666922,2.4129570850427804,-0.21491196746538632,-0.3539171337770848,-0.1857790697087125,1.5122255833594336,-0.09008071956622772,-0.8411248988214323,-1.380480757324587,-1.122085425784102,0.45012090845539127,-2.239628493409728,-1.260688866949865,-1.1240166847688489,0.8022659651384363,-1.1008286933296367,-0.16561323131165828,-0.9686846334892137,-0.5848932251444549,0.39076459610955966,-1.1853759468573124,-1.0934297195655265,-1.4216143800276406,-1.2827967677278673,-0.9813053883510664
2022-03-29,-1.035076801068515,0.8493150874299992,-0.3494755949921093,-0.2031161598237818,-0.3231829709014506,-0.06097238788686087,-0.6149557613859635,-0.39621840273560816,0.17538469027081652,-0.4727376386696172,-0.8598736379704695,-0.3074513712956231,2.231760076975703,1.6311464873063763,-0.5764031909893296,-0.7573771965569276,-0.6550888024938203,1.0879661803510108,1.832619102694907,0.557553669667441,-0.22861222820377194,-0.6826538275023211,0.23484666985130442,0.639181959292143,-0.09354273391784731,2.2908273083246145,-0.3215706628486774,-1.5522396562499503,-0.13382196526560236,2.5367016441325605,-1.415123825476087,0.7443217081365734,1.6861270152001258,0.5727120104963883,-1.3154801806130976,0.3208230116646544,0.32619195018606933,0.9389078297251199,-0.3592404060598661,-0.7590886612177207,0.13667152972068297,-1.0487980455891335,-0.8854567389640049,-1.1923943408856614,0.1630897849083858,0.9870811265903114,1.2999378338356709,-0.2524573934788393,-0.271089524288672,-0.49875633374064454,-0.6455565402936786,-0.36283204766742766,-1.0626063599865614,-0.6877208938167553,-0.08538535929604313,-0.5382919914978465,0.6462921752569711,1.5431809150058755,-2.914620419845488,-0.9047340411066592,-0.6838386915292887,0.4724140047638926,-1.0244686534799805,-0.6037980087360189,0.3481453829579294,-1.1553824756280915,-0.8529343248465894,2.2728054344538693,-0.6491837378949233,-0.6025623693102371,0.5757619925438088,2.3992027821057174,0.8291486639228443,-0.4086603632106406,-0.9777874591673581,0.5574969928108279,0.48866278880352815,1.5606702257773963,0.4370794496270584,-0.399082201151486,-0.8444948338133615,-1.2557408108340695,0.03594984090698354,1.7571747460027645,-0.5691386092014263,0.7875977540163749,1.0083785447912632,-1.181902690101753,-0.7186419448827513,-0.7190260376984231,-1.0046123652293515,-0.12901365949959392,1.5548109435144535,-0.3564513978012985,0.3029869118732352,-1.0241893558312858,2.311569283803275,2.3075689953154574,1.5520957994771307,1.0331515038581407,1.1174980326558888,0.18819839067702124,-1.0007544987169943,-0.15666548031430547,-1.2354190561910479,2.2019446604618103,0.39934245780053906,1.0041321063089186,1.0981924888854164,-0.937757095002903,0.8199715487831425,1.4253836150817991,-1.0231729582745002,-0.10386872588475514,1.7968435538746186,-0.43746735807855713,1.809777843339015,1.9468793467916057,-0.641931986795747,2.1443271216963953,0.6354967071596253,-0.02363142575982527,0.18939340995509157,1.2492218227012342,0.013982108671204216,-0.2340412843105353,-1.4400179013114471,-0.7312666683793508,0.3644000387791552,-1.6869038805572711,-1.2282702581368303,-0.42444463714883096,1.2223433535986565,-1.094398645134555,0.050092040303206395,-0.4888027062883236,-0.5152440503760154,1.2879343601969009,-0.8269256267906253,-0.874899896346362,-0.7813529500437159,-1.015503010225058,-0.6504417981074395
2022-03-30,-1.170748635835858,0.4412633128252164,-0.37371748481524586,-0.24989781063845648,-0.5282265457285812,-0.146264685723664,-0.4534621534985037,-0.1487141932538897,0.3756535066070569,0.32275351614441244,-0.7905629985523468,-0.26432473185464184,2.0535635717706215,2.3476179917943183,-0.5470420460172425,-0.6694886292846152,-1.126737997065358,1.3098697833489004,1.8338721358915222,0.3845502440234378,-0.3370107309958671,-0.7128273687391354,0.20736854946044536,0.34641121313876994,-0.44989611289869924,2.2642342177228385,-0.5609726294841976,-1.4775679312170795,-0.35156419198761035,2.153714124802415,-1.4260660599947854,0.5091411144586282,1.4632351519192262,0.36155332543627966,-1.2381143294160766,0.7508628620917305,0.18870805043840974,-0.4894398324351658,-0.49236535723269426,-0.5196700595019721,0.16958603923585136,-0.9244457807221816,-0.991545500674441,0.9402658580939177,-0.20152967068789804,0.8528665434333994,1.5007669505789694,-0.2507459871971688,-0.07956898186677543,0.19891081582315207,-0.5443640961518134,-0.45250008054871615,-0.9236230501043103,-0.6450665413126969,0.13988577870825591,-0.42143180036899824,1.2741578722458275,1.310672175447812,-2.5327418083735163,-0.8388183878741219,0.2685440031446714,0.3729848806119703,-1.2403388351040905,-0.7213220549859891,0.35444711639536197,-0.9820163451026118,-1.0137333783141849,1.8646617522802926,-0.7178617684043985,-0.7056504010098568,0.7885252282461421,2.25944037400107,1.2598976611660624,-0.18745951832607444,-1.7497204730544724,0.6309454561770095,0.2742629605521275,1.3894178704080147,-0.06761943842148298,-0.43780340721944283,-0.8501276141046016,-1.4064624920134996,0.052730071405979455,0.2155217671424584,-0.6374348517277934,0.8408372909144447,1.2361984789540972,-1.227960598245941,-0.4324584232658376,-0.6730800104239104,-1.282651486388928,-0.8775926796742399,2.084118068415087,-0.36910455034465095,-0.026325201362719715,-1.4111549205732974,2.5533142393877024,2.5454389881697534,0.41640377326078587,1.3533286976941807,0.6513374640299469,0.004687370272887774,-1.1840147460712545,-0.39596294178697833,-1.326088430054507,2.120610969478971,-0.7888567485199879,0.4099167353879023,0.7477852907378538,-1.0377658053637846,0.7601998096697175,1.5154253806383253,-1.0208485495383803,-0.08930946209970307,1.634233332601904,-0.7727486996393795,1.19011246080808,1.5634289954439753,-0.7623803193361608,1.6062639689371918,0.6331141902673154,0.0469202497900465,1.437039238834489,1.1214113909560668,0.04984785113416863,-0.044948063232991206,-1.3746168110291737,-0.426686099404711,0.27395874213615506,-1.5294550936174,-1.2728307738165368,1.0264192211965026,0.9926963260254343,-0.8807428348535361,-0.29249759785153534,-0.5066156959323422,-1.1019762477354875,2.045838136016872,-0.47421476746659896,-0.8132611627351989,-1.0922360487596858,-1.131121312923393,-0.4629634406107578
2022-03-31,-1.1064738954362112,0.307594842506397,-0.6903745402440126,-0.38775698951110515,-0.06367515051735503,-0.08890677778196741,-0.016561767407761326,0.03651129089128788,0.0718146409717363,0.5915446404003343,-0.6683393249103323,-0.23740646470525148,1.571076707241083,1.6541741777702008,-0.6949821232778498,-0.8529069076288375,-1.221009040568595,1.1532520445108647,1.5827303687211651,-0.49735682485699334,-0.7146653438804174,-0.8623381657841738,-0.7590866896233617,-0.15212324279603676,-0.9175159316284636,2.0105483376048574,-0.8234811356210828,-1.8390583131117397,-1.0435239349300105,1.6927242449237514,-1.4059692967719304,1.3501763509506706,1.3788482731214486,-0.2160606127956125,-1.3249205281427983,0.8849951873994579,0.07451765537596702,-1.133427365285246,0.1596773332001512,-0.02868708907407827,-0.027780941831942903,-1.005211426105756,-1.3128168930693,-0.7999794264950955,-0.5470458811577608,0.5984514190028053,2.2364147127359097,-0.5964467320904087,-0.13201694278123782,0.25401575018847383,-1.9829230126507884,-0.7895049805950919,-0.7993875546980952,-0.6177513863986837,-0.0721734571100485,-0.933371567270343,0.8186781217758651,2.234580933405841,-2.371420913981586,-1.1445701132240502,0.527722564135502,-0.3249912846452146,-1.4001370029865783,-0.513454383506957,-0.08238045223030932,-1.1369525033768717,-0.5365400897731805,1.5146043094511914,-0.4335222081061544,-0.9601284926250804,0.539302936594735,2.3105677765118298,1.5039823501344771,-0.2004007184911604,-1.8642933101359405,0.40941470966976534,-0.5686225301164878,1.1640924308369416,-0.6377581070921055,-0.581079825177146,-0.9203321180919484,-1.7966124203412432,-0.9898973886799196,-0.31780319127583345,-0.7496867873089758,1.1068554482336155,0.7974397451856579,-1.3270593302913003,-0.23174595547116633,-0.641731673316446,-1.4394618539063757,-1.7974765319957955,2.4865767034117576,-0.5598087659501422,-0.3014440427990214,-1.5757464441611277,2.1781388164955025,2.1947964880320767,0.04697421334829777,1.3740392667901211,0.893687539616779,-1.0409719060565408,-1.09951556459381,-0.8244898698633922,-1.4726388524734764,1.5646539685093415,-1.5914929586522653,0.033732758220673446,0.7004273677571904,-0.9385465604031848,0.6329488909085745,0.9719182833497617,-1.5958159122306088,0.22077858213033208,1.5846860581319147,-0.8370951122614823,0.5123508909661885,1.4739508869377773,-0.9530127938888263,1.7772131324507452,0.32343008722292393,-0.24510744824464528,0.16886694636492994,1.480806472159299,0.4101947555290731,-0.6492774735001832,-1.341936507559445,-0.2691494224177481,-0.4667071118266931,-1.4188206451487946,1.2378340009348696,0.4732952405570858,0.8908808538667083,-0.5804688295713072,-0.05104011833877102,-0.5991969796142932,-1.7787273517268727,2.621035903953762,-0.12456513829603627,-0.9269392725474535,-0.4752462292500204,-1.1871493679471778,-0.520080293243655
2022-04-01,-1.124138373721735,-0.16224477503135898,-0.8130609352534702,-0.7895337077969823,0.3086814499426041,-0.09664826586352881,-0.2595506578580325,-0.4003962527394064,0.002432333927579416,0.0844951543496805,-0.5774996224887823,-0.3986272099698903,1.3712313706483166,0.8077434953265201,-0.7122010924791965,-0.8333977711583274,-1.6122206595544937,0.9080772446713433,2.0395777249318257,-1.4064633385192031,-1.3633320449829374,-0.8837449158650055,-1.2887647262347384,-0.4468253781705914,-1.3609983770560332,2.280093342319482,-1.19552128280941,-1.7769876856953764,-1.1058271642245312,1.420723193234502,-1.3184444469247554,1.2903337391203575,0.848093651308106,-0.2815431628205799,-1.1682547766653486,0.38507865261539687,-0.6822631863546685,-1.2633023455258139,0.2571001108940768,-0.11495365608819734,-0.40960279596660143,-1.2140146437488049,-1.5614390597487064,-2.3523137123911386,-1.6185957358319654,0.26349811338055007,1.0547815072920628,-0.7473980036759441,-0.47141846493092376,-0.43815122906579235,-1.5160720955142273,-0.9532587774791813,-0.7753683962016353,-0.5053393407641658,-0.4859937809125764,-1.4669142811747127,0.20992936542662288,2.221564475583097,-1.9836344993003066,-0.9603429281519539,0.6108240715987051,-1.0625904465050173,-1.6087544239248799,-0.8378672220682929,-0.41149781418032577,-1.0963578633917979,1.2723931086348814,0.9743407034032376,-1.0201085608522829,-1.1318743337551593,0.1650899275292412,1.4987885210559215,1.5043696819733543,-0.13621218790061407,-1.6730716705611972,-0.03551311417079738,-1.3912040865239916,0.8330292317525215,-0.8766794456002461,-0.9424065664946691,-0.7718041119618311,-2.6463805800629023,-1.7373740099403938,-1.1628005167806936,-0.9498058495572808,1.8224206717591096,0.516043113001789,-1.533038947696089,-0.5397785967222859,-0.6309874956272705,-1.6335957480712686,-1.8523359075386732,1.9448524703398802,-0.7084439241525544,-0.8007820717473428,-1.3946163089034185,1.9284032637150312,1.9309153320908299,-0.3319957827055977,0.5604692195346258,0.9380451976619503,-1.4751402524834079,-0.9282043327512133,-1.2634517230504712,-1.5700481635989734,1.4678141591757379,-1.9287742164430723,0.1680802230099993,1.1492513721415654,-0.9350629614919693,-0.406014907889872,0.6598267692706166,-1.3420464624485235,0.2204242493571282,1.5662283112239035,-0.833500551492113,-0.061388090532730574,0.7787955414883349,-0.36877733522873013,1.5192850482511773,0.08850030801053015,-0.4181082086857584,-0.3522632776424361,1.2402347752875054,0.7525761393938947,-0.5529328437010961,-1.2001995874012983,-0.39742511080196313,-0.9355671888639624,-1.4018956746275606,0.5371131451107274,0.3600195743622966,0.7019686734176828,-0.14338057493971862,-0.08737280309338262,-0.767573663646261,-1.732338087195838,2.620545607456407,-0.19464841326547352,-0.9305389159507556,0.8821448189556977,-1.4642742077643032,-0.7618076562280973
2022-04-04,-1.1640300167825335,0.12816177900417078,-1.079085129748545,-0.9956916246972477,0.020484415999117794,0.0815559734144907,-1.054174967464025,-0.266938122460899,-0.7478714446443553,-0.021907204768075828,-0.689218022607864,-0.5208673672949922,1.1612434236529057,-0.11548357709521656,-0.8424743898395786,-0.7907732199210954,-1.7060965841967153,0.841547969580377,1.8706148928110788,-1.7736663557762828,-1.5673919978988287,-1.2483304781810427,-1.012443267921797,-0.9414693009952962,-1.7321321012552195,2.2796887130264096,-1.4418349972058548,-1.5499321743044308,-1.9650128575839776,1.1268936840277175,-1.3031405350940553,0.7861861892100581,0.9293496245155456,-0.5718005866151137,-1.1458462605158934,-0.5185680227746667,-1.2934814164432873,-1.3756795796120616,0.2872466233130648,-0.32800762825371665,-0.9904515184691212,-0.9408780387365535,-1.4167491568722015,-1.602698921880884,-1.9470467366969866,-0.02639132494261894,0.9365138035901885,-0.7432459221432104,-0.5851095200585604,-1.2283475803473862,-1.5230444639501124,-1.1472872686561943,-0.9069816294962629,-0.4561500279088569,-1.7281779727828561,-1.9364667937853317,-0.4453351454966691,1.885058711682489,-1.6332344245660795,-1.8188329483646104,-0.6690691616299617,-1.75919614889734,-1.7385497660572706,-1.0862020557120151,-0.8371026845592905,-1.1378994468555153,1.5617191037779259,0.38790924676047395,-1.2722964325870507,-1.1001640075634185,-0.3900965167163595,1.0281673586699156,1.0916808862826521,-0.27631221100536285,-1.3995579850379618,-0.4127861834897688,-2.229634449139098,0.581361850317504,-1.7304000161800914,-1.1592812621430908,-0.9240023969380934,-3.031432595641266,-1.9641012893658405,-1.3529453885822762,-0.48630276695790275,1.2367498126291985,0.9989496645675517,-1.4268059526645753,-0.9341482257830727,-0.4697968725519668,-1.663788772289081,-1.1969090475919175,1.797520588206474,-0.5992661296867235,-0.5378780384851061,-1.6255444849287592,1.593920036817924,1.598391512642162,-0.6196119000607427,0.4583275268067772,0.8373883723346537,-1.6624198199288782,-0.17387211149130372,-1.1572528304778915,-1.6494194815686707,0.7734145687592979,-2.4050643378262917,0.3334908001909133,0.9862734106261701,-0.8227736644782021,-1.2095884799239305,-0.5616457894843896,-1.1880889893860762,-0.25705685595217675,0.7566879187359344,-0.8272421850696047,-0.25621551001000425,1.7283141884480466,-0.047689815806734565,1.196686040933612,-0.08906474367980229,-0.6648382659782465,-1.6080299538816982,0.7314021379640905,0.8662112198042939,-0.803103208951867,-1.1542648801927906,-0.6342040429466504,-1.49583289936789,-1.4091425571789977,-1.7454638501386568,1.29309884660809,-0.4759230401990424,-1.0799273677333319,-0.15227950245469826,-1.4035504008175952,-1.9276003790730554,2.332302578140191,0.04175082307628553,-1.022284926250456,1.328800423490227,-1.4447360932655025,-1.0453079501607925
2022-04-05,-1.1223795015581766,0.600152045551749,-0.3221413629625758,-0.4601019837611897,-0.7721225898944932,0.13272616488284777,-0.7136056929592196,-0.051788711083403056,-0.7799165415099587,0.24686523853750314,-0.3537504238154704,-0.17110358113789173,1.274634570349726,0.702849412604237,-0.5174735304501032,-0.6885140555730914,-1.3231276915390446,0.8465808034797567,1.6891635295016079,-2.0366058346128395,-1.495226512914563,-1.0340973134789369,-0.3589750443633618,-0.01713678187111545,-2.065655746370815,1.8693759803051262,-0.45222746143127934,-1.039795893532643,-1.2566547025530785,0.9948935779468259,-1.117027746421233,1.2442449445820325,1.6006644714782339,2.18519787398147,-0.9281667726919907,0.6406211103757421,-1.679874495006082,-0.7852496687866282,0.6681638836254472,0.03907197939052967,-0.9136904600732813,-0.7630561276436271,-1.3677698444738497,-0.6416228820880004,-2.0325951939664453,1.2720425923062726,-0.5107658599058699,0.06646967541148184,0.021924525716216385,-1.9271472574075157,-1.4488737610572058,-0.8054838820358632,-0.44616897302991304,-0.1509404666680679,-0.8985428699939622,-1.7209061879925893,0.09660529291098328,2.2716917813644724,-0.9784665458914049,-1.4057588866534305,-1.4456848773107926,-0.8901586839674572,-1.6378652236576539,-1.0723146674868251,-0.7939437507188429,-0.7185791831428527,1.6316905771557826,1.2119629857685483,-1.1005662906872573,-0.8025634007158802,-1.3203587706300164,1.0351054235781154,0.39734695807454407,-0.09482813773682898,-1.2273357748989353,-0.8917612629713909,-1.8974754865522407,0.45929496877112896,-1.5049142344656656,-0.7940282718065766,-0.6197251968286689,-2.465038578440647,-1.571834545374726,-1.3053317286249733,-0.3227450833008115,0.9588993728445063,1.4850172754921223,-1.3291295538071417,-1.694916132267869,-0.7105111160683073,-1.205776608160939,-0.7480698542807027,2.3176941680420686,-0.4319701617237088,-1.5129239295040855,-1.438096962948077,1.713562325031655,1.710363060063743,-0.6757057453341443,0.4119175648952339,-0.14785650947044385,-0.7181231049666621,0.170742051938085,-1.0270221797166377,-1.0814352428153882,0.7061945213562345,-1.3691990936218277,-0.5873317478163936,1.987697463221918,-0.6434107443207295,-1.4261847151967977,-0.16419708308117234,-0.7840706260862252,-0.22377776961048276,0.6053694208083586,-0.2716137955819023,-0.0025265585586737136,0.46384373961495323,0.4933684552173953,1.040522680616185,1.7597297572470447,-0.2948776551369912,-1.4742461246076914,-1.8178764103429175,1.0227208323653092,-0.9388118394408537,-0.9364803991870133,-0.2690263344080806,-0.8936331104123985,-1.3228914217763654,-2.0723778321900443,1.0227711949465335,-0.7010906494810429,-1.3910086326211784,0.10479631189670549,-1.2875128394674769,-1.3770460735213823,2.1424841864837387,-0.22508917283855054,-0.8458975630110184,1.660583612205189,-1.3976084490323915,-0.8118742593460834
2022-04-06,-0.7816804820971098,0.376941658400437,0.00253916136914448,-0.16183037317155263,2.535261174916802,0.0998233863500082,-0.4522699167580466,0.03213770164847879,-0.6234103815941959,0.4604344488105418,-0.35966448794023076,0.7245144468852235,1.3104063235237222,0.7981102543047196,-0.33262535199465726,-0.40440696451592045,-1.0756807014030034,0.5970725420394296,1.2804723941320948,-1.9141605237790542,-1.1220523347165214,-0.5524136370573249,0.6640610425955221,0.08908757455282183,-1.4530494282158697,1.5761205926242807,-0.3751908360866034,-1.7079247427909998,-1.1182012743090566,0.900074680520788,-0.86873512735282,1.5504526737111743,1.5675827394531507,2.1784953406345617,-0.7442870498277896,0.5639056179991799,-1.1622479692200884,-0.5075259369799318,0.5551340949993692,0.1050559260821838,-0.6378939292409234,-0.7207619345617731,-0.9118481678401986,-0.06511566237045936,-1.8529610771624336,1.90486987309201,-1.4070236738181598,0.18544692828372583,0.22924076351745842,-2.013340916660174,-1.1918662998564513,-0.37957899826169916,-0.37707621700494737,-0.01120081970847069,0.5367030400570428,-1.3617578791917202,0.23058376259439847,2.324732538762658,-0.671808955997972,-1.197850751204066,-0.800651786121371,-0.40854977079603094,-1.2925243235557673,-0.6104943519507198,-0.4119481067244559,-1.1039882760066078,1.5959296788922042,1.2957776045381635,-1.251503591032325,-0.3734209629088102,-1.6135178760471742,0.9974529705954293,1.6187075974707028,0.4052873991064704,-1.1789805057962033,-1.4006456401339389,-0.7662290811477301,1.1623601607589213,-1.1869211627881948,-0.45580054740009773,-0.49654655921035384,-1.949362390688196,-0.9635452266633465,-0.7235725106182178,-0.36819713147175703,1.0349946200218587,1.4925782896199062,-1.1541954333261815,-1.7215219313164725,-0.5474730386470759,-0.9668427099857008,-0.3166031444556093,2.195454735950787,-0.20059492470143248,-1.596330783085207,-1.3728641688888263,1.83842265963954,1.8338795369987613,-0.3327848931062798,0.11142065165073008,0.03301326356616744,-0.5629903324698934,0.8777519021682798,0.048362969806300934,-0.9603177503021196,0.3512539251495537,-1.211832875267562,0.2743530636963751,2.1718807422507256,-0.5531487155285955,-1.0628403613024646,0.6683398248863316,-0.6089076099807794,0.5921755593098167,1.0064940335262496,-0.2394785143409634,0.6537713203698524,0.7804517787055283,0.7342786210850443,0.9934535162895907,1.2719769350703114,-0.20688698512560363,-1.2458641850271457,-0.9406142322937295,1.3122838432756174,-0.7402059059097182,-0.8432436842857848,-0.096900118810177,-0.16117385261452224,-1.1472939057213878,-2.172246353863434,1.55166694453341,0.013978080202684571,-1.257503996356146,0.15557212055288597,-1.1915600006584943,-0.9860767381510157,2.095036169868178,-0.011394468419908134,-0.7035432966403536,0.9550229786648555,-1.5386796544476078,-0.6324005521206263
2022-04-07,-1.0373466266431415,-0.051514296096077106,-0.4930519055341077,-0.3991683301150025,2.573735819195096,-0.39399582737705324,-0.43053357842553314,-0.248450993813237,-0.8961119652073246,-0.5356342177370912,-0.46174989168901165,1.3948924275232326,1.0313146367379613,0.615802554398724,-0.5812477393289996,-0.7676787262496687,-1.4790844828217562,0.7748126415907178,1.0647043061885222,-1.9940073923444417,-1.1816567878472848,-0.8774366180610036,0.11602347854969988,-0.008135867399468312,-1.46721643510252,1.2243162732807678,-0.8070771266294148,-1.4290808331959588,-1.462637136664365,0.7168635819123856,-0.860374321345258,1.2377440376614084,1.3606061059664631,1.6393951498255743,-1.0753456305117473,0.349385443076516,-1.423553301106486,-0.08402638897511205,0.09703803980352595,0.7168174981504485,-0.9547090885828349,-0.8876094628292147,-1.308029922079986,-0.2832431292921302,-1.8539658721217565,2.004891400236111,-1.578635222769418,-0.13606515184884704,-0.26035638035867253,-2.122193791146316,-1.1075639025088886,-0.4736092604194104,-0.6360603876930017,-0.08032167102204918,0.1787082793181698,-1.6078365085180764,0.031734988171488274,1.9665476834028082,-0.4238622707538333,-1.2528534983917252,-1.0885847329799765,-1.342142590214643,-1.190053513831077,-0.9982713039109774,-0.6587623105758049,-0.8948747053496741,1.4650450022253512,1.4924193407680602,-1.0349949126667037,-0.6366122054362596,-1.048413243606056,0.9145966949072579,1.5698014358192942,0.3102764894071657,-1.3608478016010899,-1.6220351552575272,-1.5125747213406333,0.9935969379541212,-1.398778264893448,-0.7449101919509722,-0.7772749666747147,-1.7974617290583896,-0.7019355016704029,-0.9190994425461712,-0.6595888973070416,0.5466088275613981,0.8244707557504602,-1.1639988123793694,-1.4220165575618902,-0.6407688899748403,-1.3107708576553905,-0.41950687796691566,1.709942152591486,-0.605980907310158,-1.630824112724785,-1.4128215556618922,1.7047225966531732,1.6984370108854203,-0.07226117270193588,0.016474731644380496,-0.010263353694175989,-1.340344106317271,1.258111526778844,0.24207974145305894,-1.0803621927748457,-0.46009166445131877,-1.556829064295128,-0.6852989699648082,1.758638313783055,-0.6669119741338626,-1.375958846406611,0.6137977532858898,-0.6695249628522079,-0.4343392686297319,0.511501600541727,-0.5288589882368635,0.27511040850369767,0.400711181275714,0.4080579763486986,0.9181190729408646,1.9047644684057206,-0.31023341530786913,-1.435325045920355,-1.296626606959651,1.4390300634667716,-1.0191483187380457,-0.9489600554925841,-0.292705754783551,-0.499787987928131,-1.1554154672974375,-1.8517115748184396,1.2602418995992715,-0.32609406701670424,-1.2638143041904606,-0.21305240762245733,-1.1688297988789935,-1.4159959898069632,1.7507843092694404,-0.3188153068925771,-0.8946445953653225,0.9550229786648702,-1.5502415029261338,-1.163283565926433
2022-04-08,-1.431063352880454,-1.1808553383125278,-1.0126397094087451,-1.1466509704965655,1.4053973327601241,-1.040443410514604,0.11322032801698456,-1.3209843535199848,-1.725984064349279,-2.2458054358098627,-0.9553537449268203,1.820863930379235,0.7572514589666701,-0.0657938101520893,-0.7985797620155249,-1.0963310461625606,-2.211269148205637,-0.39780803651257907,0.43787636962224485,-2.164406060591199,-1.740586184834638,-1.8187282917191778,-1.5668980687220728,-1.7664009280497688,-1.871048291431141,1.0076697461862751,-1.5288937221938637,-1.9289849721941488,-1.9973908600576105,-0.0054072357005831104,-1.4377536688244845,0.4989249070440023,0.8384551829804847,0.5215748090748361,-1.3700135800063438,-0.3308940420952178,-1.7436933786705606,0.3759540512967506,-0.12053687473363006,0.19557500095240524,-1.8765830462216635,-1.3234621307356282,-1.5461612223564025,-0.7002484218650887,-2.2252560988379604,-0.1617340265069607,-2.0372814559476664,-0.49645716477490137,-1.304574858574343,-2.536188069882761,-1.2002867862961633,-1.2991834087418286,-1.2224522796298094,-0.2337691402816268,-0.818369048484892,-1.8553034366019927,-1.6153418048859196,0.8251997374210013,-0.6650775911841663,-2.0957043932230346,-1.0274428571086947,-2.664709544167481,-1.5329554738935003,-1.7000743773353746,-1.6314515058492791,-0.9972590264337152,1.0045878078691552,0.7662734640105888,-1.0187281815427929,-0.906854776143848,-1.7056570595902318,-0.102657705110517,0.6669144212592056,-0.1252586576020339,-1.7178321298583492,-2.05978272756164,-1.945385786382296,-0.26377032505569714,-1.8376972100118043,-1.6843136606958133,-1.2646854938883447,-1.7712098579175481,-1.290969588565322,-1.5246310032816013,-1.7603773658630872,-0.04431663634407409,-0.042914143328197575,-1.5129222108643279,-1.3966063997137939,-1.9915519277799993,-1.7838774015833463,-2.6712141529529303,1.080162248597746,-1.2896491356029243,-1.768137499490392,-1.922264117045868,1.071198046155313,1.0690764772305872,-0.4891208311950557,0.34389835563687954,1.7499002504273944,-2.2210718792004105,1.4685778140035894,-0.6992637113310132,-1.4522503115052592,-1.973910801082432,-1.6752864975671946,-1.8581291539488611,0.4973372389231684,-1.0353157537488495,-2.3376199628764853,-0.4504721769878529,-0.961986527025601,-1.1822859416548346,-1.0763487655882367,-0.9554295011100348,-1.463896152549085,-0.37227616421209975,-1.0574069527232397,0.5986249937218001,1.151008977771654,-1.7683514672448413,-1.4176144003728135,-2.8347255584340676,0.6623614316940437,-0.5318049934784022,-1.1455170052418935,-0.8705377925455955,-2.0326355894347747,-0.9515407040007744,-2.160757328247862,0.9707614555771208,-1.330420546964947,-1.8158332247644238,-1.1555893331220521,-1.8184369059689485,-1.99184673865003,1.1854719580617985,-1.3704736781791902,-1.0956580782862009,-0.44050897172275333,-1.758944273583943,-1.5455442953644598
2022-04-11,-1.5530020846438528,-0.7790340231224882,-0.7088382839964477,-0.7468783058550699,0.7431824659415213,-0.9851338204890151,0.2522578604779112,-1.274991958695865,-1.9941874643584554,-1.9338330499684495,0.28608858566116213,1.080175551282105,0.5723786839017638,0.9480102694956191,-0.1716996506968155,-0.22823177752690482,-2.0048817574501734,0.8551080531437608,0.37649653705592095,-1.4423810163066486,-1.6597363940484562,-0.8495694495078587,-1.8116436903557305,-0.8758417286855615,-1.6917959934047566,1.0357218969159074,-1.3157018166819623,-1.4287057105798937,-1.3829726921638332,-0.04320669092935155,-1.5331713314163022,0.4246958597953083,-0.009324524612782898,0.04444836990490026,-1.263772854020999,-0.9372105787992069,-1.745088133607198,0.48517908175891705,0.30390219225064896,0.26163129163196075,-1.619770600716687,-1.043866244039008,0.6219956479980094,-1.2415247882816636,-2.141180709556525,0.025499175597434424,-2.0198396142761754,-1.3226512121006093,-1.31903505602864,-1.8086657593688706,-1.0403941480073846,-0.967638362087586,-0.6571920878372618,0.11109305179571757,0.37581530318938944,-2.1390223993150097,1.1227438513362125,0.8668499716636128,-0.7418372763911605,-0.3461315734427073,-1.832382586821038,-2.0312836642566157,-1.302040528220535,-1.3999913044913206,-1.7828989059665366,-1.1220069797531156,0.7632122115689222,0.8815618808108213,-0.3679329985296019,-0.4533754717732965,-2.178239782479025,-0.4286269521464463,0.0588550589322552,-1.1433384924648406,-1.1318750637385933,-1.4799430214378155,-1.787237303896251,0.1044004357601751,-1.186824860533818,-1.8024880937964516,-0.8643379073718509,-1.8606058929189249,-0.6652068659613461,-1.2129802678534702,-2.815606701563269,0.3214542184519383,0.07452929366463074,-1.1989443413065402,-1.1386248537951353,-2.3498066659495542,-1.8849705087653055,-2.568360504000454,0.9259889714218866,-0.8595776507823577,-2.0649654647171563,-0.739925250165366,0.5173068841696024,0.5216042710606997,-0.6698994553070138,-0.5999128740390286,-0.4618552538904716,-0.9572682554984231,0.4516396828441533,-1.2203455954659845,-1.0198743149862968,-1.6727937057405975,-1.7346171036159685,-2.250641695754579,0.9582406974506092,-0.46886465455004783,-1.5102767825524313,-2.444405878845365,0.06565281031239063,-1.5120359600751474,-0.30493079395744604,-0.556861216488916,-0.9192076889242894,0.4274367376835294,-0.37813737079006704,0.36603032195553104,0.5734403180547069,-1.4788008382282483,-1.0991574816304421,-1.8619101891002596,0.38740605749915163,0.02144407288400987,-0.8587527498858976,0.1355746156696218,-0.3755464592859565,-0.9582818757949819,-2.1061071357413583,0.8614365740588166,-1.0263646362975214,-1.7606571349091709,-0.7379826278794446,-1.1585581243182905,-1.8599993052519375,1.0524577620121909,-0.9137490235988868,-0.7654689062193284,-1.3341414224234702,-1.1895448624326594,-1.760099973357967
2022-04-12,-0.9577079635671413,-0.23796639588903098,-0.14707513085466736,1.210741798387508,2.3919876799324187,-0.7341483997247646,0.9320755446668888,-0.87024426399735,-1.1413260187105405,-1.5435402091052048,0.6617399625409888,1.1417332142028334,0.7650288332603963,1.4305480611381534,0.13459022054951836,-0.015288618931531972,-1.5976214705523493,1.1495400322046334,0.3948420662251704,-0.7873524608634785,-1.2192133520747828,-0.1635008776801473,-0.9996205915475024,0.466393555908449,-1.4911055753793967,1.0748802829704065,-0.9604938288050893,-0.5945475864885448,-1.1531795015115895,0.012740199857701154,-1.3565736556375936,1.426676775506118,-0.0036648307593244523,0.4412279230757444,-1.0385855508053459,-0.6138601611552237,-1.3335306553586366,0.5370038570452104,0.5911416560879559,1.3356494117335787,-1.3813688569105227,-0.40169696514548286,0.9149928233982781,-0.18348843552867153,-1.6684232803232104,0.23112434162992312,-1.3844052258389097,-0.9383573208032969,-1.0778831228913794,-1.3258344771911528,-0.49096499849481157,-0.2896872895703671,-0.11881003968432796,0.5742909009928988,0.926121479055987,-1.3378180189588795,2.386259105009393,0.8706015118169199,0.025375705777226712,-0.26440265804445456,-0.868416406232197,-1.9026963043324019,-1.3538866813967159,-0.9604489037151622,-1.2179442303584038,-0.8648441082535486,0.9221287601892463,1.1564546253645103,1.426612545104502,-0.21182102707532613,-0.744995563537712,-0.24407678344768374,0.2243249895231892,-0.9517095711915832,-0.9325958849544806,-1.3137647043767327,-0.9536146801396286,0.6473277031407358,-1.0488715693794566,-0.6727447373808402,-0.6621378344742616,-1.461127927303592,0.35447213468388933,1.1185824908575182,-3.2027266553024383,0.49701643283492614,0.2514499447431981,-1.1075909308215222,-0.9363653179391949,-1.8705076380017427,-1.6533869064010882,-1.542055202819583,0.9320120872493458,-0.7344259428744186,-1.7518357567528882,-0.49687488148836045,0.6090439801730361,0.608690850786956,-0.35850487066634856,-0.26474079442526915,-0.8752064572020083,-0.7599263099041058,0.2905055915395021,0.21028337242383244,-0.8735828972268114,-1.2377571963118854,-0.885046988566376,-2.4287650870809125,1.3021605282047084,-0.563334431491684,-0.6560740043375177,-1.4824762710447983,0.34676875684451164,-0.9117834981995394,-0.2664153565000856,-0.21068606346057284,0.6988256659946318,0.5289777798689018,-0.006255579656678372,0.37847873137922755,0.477019630327836,-1.2494542374092112,-0.9236147510476248,-1.1299978949780096,0.5379592107841581,0.45505567501030736,-0.5735620662404064,0.516545876169251,-0.03919384793966095,-0.6999937200565116,-1.7369100862945113,1.3592122888864133,-0.4174427354828492,-1.3890609072928437,-0.6936550927552555,-0.7849243740206873,-1.5631323455902928,0.9776247586993193,-0.18639472957330258,-0.5101817378356721,-0.8350304929465335,-0.9234308399496767,-0.7993918756719487
2022-04-13,-1.3030931112793085,-0.21774294612215234,-0.3787846598290528,0.9366032063354426,2.1714315736293486,-0.9622170706037646,0.2895234501528355,-1.1710041598098286,-0.932247933211467,-1.4175251233897042,0.9805350951411409,1.0221724530680538,0.4947699943988824,1.5802794338077764,0.07313218382435627,-0.2989915244796946,-2.173549464013433,0.5704849713902664,-0.05865667333839831,-0.6939253596517132,-0.5313640014367538,-0.3681425537100617,-1.2426377495242382,0.3527239944150916,-1.101762968539464,0.9123988742881918,-1.29680114163603,-0.6350095166386134,-1.2388833452969648,-0.29580897861306227,-1.6038427233560348,0.5653821417821189,0.4557535803073233,0.274001796743911,-1.3195827757908118,-0.7505300355345826,-1.322496788082942,2.033211983755295,0.47014761582024195,1.517133263879169,-1.5811500232036495,-0.675376128540695,1.3808611705223246,0.43817715203956753,-1.5932379929998464,-0.28682117327176665,-0.9456352057179738,-0.6430866375426499,-1.206980486429313,-1.4128270929200553,-0.5538216494249677,-0.14414201123993128,0.04933076283873018,0.40124373137328156,0.3534988114239286,-1.1448878370617872,2.4554803865942776,0.9155565720386967,0.06013666752571006,0.15084850555118162,-0.7743149227645689,-2.198910289034275,-1.034623751751388,-1.3448530401912777,-1.4364046539333808,-0.9577998891710254,1.0030340561019653,0.879191451756471,0.5382487940489372,-0.25276876208611493,0.06549773264892891,-0.3068831838705098,0.2598004380029453,-0.673350531120474,-1.1297589417597291,-1.534126830968327,-1.049808514900401,0.4520420446734919,-1.006432749365827,-1.1914190032181053,-1.1393115857378255,-1.2840550450071697,0.4118987774577334,0.33497467449573975,-2.7469933000237527,0.5164019355280229,-0.16297094753146482,-1.2386979273576448,-1.5811161273039243,-1.9286501016495634,-1.7572684461160784,-2.256427586480628,0.43610273711052605,-1.1207098618226963,-1.7425145676987837,-0.41488297184553447,-0.22642899588533968,-0.22845817757476627,-0.9304655441529309,0.3215946589993269,0.3626629946675482,0.5221980718841284,0.28437383942861294,-0.34852083582689747,-0.810520001063918,-1.3511577524192733,-1.1291600882163486,-2.3793502841416005,0.06198538078586496,-0.9606770192812332,-1.0181486406999503,-1.6772787369819115,0.9159884876194864,-1.0967802445942458,-0.8808648448587266,-0.08207169582827996,0.8474220883047198,0.9896449417060362,-0.36347571369961945,0.07166563543666657,-0.34962430480560636,-1.3170910471805262,0.03171117898285456,-1.325060753668054,0.3706146744502592,0.4016285259163647,-0.5401536278272887,0.8999502693408943,0.4450874004999458,-0.6199403417878433,-1.6228019071415845,1.3473576209002132,-0.8591922787083194,-1.5555822657235294,-1.2213290406216795,-0.7955774801403054,-1.6707772622662225,0.8198275220094824,0.17460623929863214,-0.3297230605614215,-0.010309018431436697,-1.079166161193068,-1.750204802916388
2022-04-18,-1.6003443944729052,-1.0409461322283462,-0.48852121986775066,0.5511147841228393,1.7633641931044781,-1.706807095011898,-0.4579538642638451,-1.5825273399034527,-1.1142821307282758,-1.7524686405467707,0.7530004730625462,0.05196949990125472,0.028385516901776632,1.2140808154799452,0.032105282035848545,-0.29533813452069174,-2.1975915216578614,0.016346512400675976,-0.22370165024926392,-0.7628235702269893,-1.0009588790377533,0.4368979728717745,-2.3690210577410804,-0.35803237035933955,-1.6977046372689786,0.2609480680351742,-1.5369499397149757,-0.681669638081443,-0.9690931005115242,-0.48552640265099056,-1.693938110732741,0.727001080511218,-0.5742551427680969,1.235411609880433,-1.5660873563671345,-1.2012064264378874,-1.3048702457594066,2.155634829745705,-0.45053931747942333,1.034790199468567,-1.6565753190173866,-0.6036835714679548,0.9407263740196996,0.12416752702676373,-1.6511489862858626,-0.7701552661211474,-1.1149846925419342,-2.0779742005188244,-1.290486291885093,-1.3545967438254831,-0.4337446876761023,-0.38122000234955766,-0.013354058188269092,0.3332277612408054,0.1294575196662638,-0.9717588738219235,1.0880080733095954,0.6922487407204113,0.12708365519339984,0.6932269634393629,-1.4967806709717473,-2.3036984735121058,-0.6207935826581314,-0.7562399460349674,-1.6381071245931496,-1.5990854175761786,0.4236184041142523,0.4675925740646953,-0.5831206373888761,-1.097095500360015,-0.588000811309187,-0.44517484527652973,0.21263220422764276,-1.0594367991647764,-1.3888278746048965,-1.9010467751358437,-1.227006793507447,-0.31342573467479956,-0.7210611187621236,-1.7402324690543025,-1.575831584723729,-1.257206218708463,0.08625294082860846,-0.2010744294415349,-2.366981790732559,0.4238779822564237,-0.385298390132639,-0.6480770593486141,-2.014902968632916,-2.3727336064510554,-1.7648519451052695,-2.297993385518459,0.03552162644091638,-1.4358155006995144,-1.8795070987356322,-0.8160264767316106,-0.5231812512976911,-0.5274856046039128,-1.1182257200275219,-0.24584284360207137,0.1012005713517272,-0.17781830857086592,0.010932289602506057,-0.9719885274170906,-0.7154548246031538,-1.4170387062479328,-1.175680894473636,-1.8491944667312536,-0.7152430614971718,-1.346957392495773,-1.5188507329082293,-2.0739415619947934,1.094231789920277,-1.290313487886901,-0.824670558875022,-0.8955216227495691,1.042915876963692,1.3599875973590356,-1.2026719329525095,-0.10772809889032188,-0.8969101909844105,-1.6743312780215256,0.006450050571057267,-1.5362263132124148,0.29708415370055663,0.14216482131560607,-0.7716664960510672,0.44832188403445944,-0.5346901638831961,-0.4176753409139869,-1.2429008500254304,1.308996375882536,-1.2876797851644357,-1.872698209700236,-1.9756188818445535,-1.308220941652789,-1.7668933018372301,0.6644476833086936,1.763431511776789,-0.6717182890989891,0.7836897442512463,-1.120249449738102,-2.0541417224246876
2022-04-19,-1.7879605711751938,-1.2208834518413976,-1.0032510684033744,-0.47314376824443427,1.4210306716606789,-2.2724152513157914,-1.0930866649958724,-2.2517675539160042,-1.1062314035950418,-1.7281270191937372,1.0125167316627173,-0.4325482863584997,0.1489271891139127,1.0493947494384943,0.01332326683376668,-0.47982876681627684,-2.0801930141776954,-0.7213470712863487,-0.5935652027537378,-0.7749551293416178,-0.8530708323590178,0.4687130624457924,-2.2281342214197855,-0.6435852185264596,-1.8760900739643254,-0.13822430040448752,-1.764051511892011,-0.9415245076024716,-0.8133657151464968,-0.8077819080244524,-1.7855448945606986,0.5690551907607267,-1.4804872121995762,-0.4421431429258445,-1.2001233008743262,-1.3233868983515098,-1.417490818056138,1.0654938343685292,-0.41106182830049554,0.3597543586012452,-1.9675636552427278,0.8012611359367855,0.559139567752942,1.3279595628568637,-1.725321297757097,0.2899418747055027,-1.2222003681814932,-2.5096936068517546,-1.6695101837220736,-1.499105281102847,-0.5445068030970927,-0.40200673843218954,-0.047776030166736504,0.3337244900745215,0.8367898678602601,-1.2156432953120953,-0.45016449416892645,0.2132866446152982,-0.08330091659379857,-0.13168805031571476,-1.9338994561005634,-1.7019667508217953,-0.9085859538770006,0.9679805013435807,-1.6057407233708545,-1.9045286705598197,-0.08710491073215729,0.5461745334209317,-1.0786581480102273,-0.45557233213211346,-1.005816683825768,-0.7503040609811363,0.3536671386891452,-1.4581927315624983,-1.4491977105820417,-1.891483907524607,-0.6886897981933494,-0.5211610806982607,-0.9019009432095282,-1.639750993251821,-1.6051651108943277,-1.3048951415490877,-0.9234718024487216,-0.7281065758733514,-2.1102840549855357,0.48503951559301656,-0.13469496872213402,-1.24930381704679,-1.9513277941717164,-2.679975205433826,-1.8346525478741147,-1.7862293185797748,-0.4178604914133483,-1.1924327292152677,-1.8738488505814561,-0.9531108106427669,-0.8156223674810591,-0.8133947759271072,-1.0460951241843475,-0.836474353688694,-1.4378813752264938,-0.43797974305040643,-1.4164546320913853,-1.3809569633731615,-0.7367084713725673,-1.5932407252578944,-1.2990151919500679,-1.7477563074132934,-1.5352979524456154,-2.074478776431192,-1.4655046745012452,-1.7816992551974897,0.8495159505681443,-1.2881485080466872,-1.193335406706822,-0.24338211125776474,-0.22468803189447478,0.8733300208205327,-1.7571540393944016,-0.32567317207998175,-1.3459350869407976,-1.8711787078530961,-0.11378676298661866,-1.5606528452607973,0.23316286095270258,0.4529869114188159,-0.9634054816298325,0.3332206935645422,-0.7388137047212708,-0.3683858348203532,-1.340955448819643,0.7485856984101288,-1.3391324378743397,-1.8668048799299821,-2.3300792852741417,-1.4916629982362861,-1.9311899132670198,0.3271172520854781,1.8772106818425816,-0.062095143848017884,-0.4259602892787896,-1.5074572398693458,-2.0505663763509534
2022-04-20,-2.299594072572678,-1.5539422707708193,-2.7671558973427612,-1.6188268675681348,0.45716245640926656,-2.0654848488460185,-0.14723658426098235,-2.66421981139597,-1.7549355848458745,-1.8923719548529128,0.10854765150730966,-1.056809446855721,-0.6697158184302284,0.5684654877797973,0.12963761315621367,-0.7998285498327345,-2.179066773231152,-2.942881067780772,-0.9184715496302701,-1.0396059613324666,-1.0860083126225901,-0.5460076515004878,-1.9974494435018555,-1.8263344654095015,-2.476177113774834,-0.6647721197470138,-1.0523313423695166,-1.7014806901994113,-0.7587824941317632,-1.579996177905546,-2.4483526205822903,1.6169326927712562,-1.496930059447566,-1.498992681742121,-1.5151718895820232,-0.8345891978411943,-1.8900938028753538,0.27190061662198506,-0.6849328833025945,-0.3481039524216244,-2.491784199301219,-2.405794573352972,0.8005104287226533,0.44884866160609543,-1.899212117425263,-0.7243763953648975,-2.188265075093552,-2.739480736219674,-2.195133250895194,-1.9970801763085837,-0.6608735982063478,-1.873123473507755,0.18340531216425873,-0.24918275076935276,0.38155671295748894,-1.5756420503772774,-0.34019027691964737,-0.344598760324574,-0.9056678997972737,-0.9505804280087754,-3.06864208071474,-1.638425370769312,-1.43250131459805,-0.30116680648316974,-2.237244199292712,-2.613739482410368,-0.2093782863264801,-0.21857824152302763,-1.055556793335114,0.19871028095132892,-1.8279029104013678,-1.3441045689686015,-0.37793716086368484,-1.8757299464421027,-1.396614348722932,-2.3509112593353967,-0.6860742745532781,-1.1682777264042274,-1.3948608843234922,-2.202088522518736,-0.9834536075710691,-1.3353543846002593,-0.5448107543962598,-1.3384209316599045,-1.99128425815775,0.5480119969643619,-0.7743602747816142,-1.519563045129247,-2.1848050838209567,-2.366078929053762,-1.482811348162145,-1.4889175405115693,-0.327466666093601,-1.29489142644409,-2.2115530259204577,-0.7756016916311098,-1.1953404536463552,-1.1943885780923784,-1.4391462093405802,-2.1761289362328786,-1.697159514731595,-1.0286798951731269,-2.0812451926316444,-2.1307501651017517,-1.3369502986030777,-1.6825308671659842,-2.013272356958663,-1.5960079714894284,-1.6355936558998974,-2.4779720870129616,-1.78699661763434,-1.9867159458328232,-0.04038846433891359,-2.000552029280618,-2.144229474422666,-1.1981750081558786,-1.4560526039435326,0.04204458791986198,-1.893085900457956,-0.9328828290539619,-2.147046726025214,-2.0279707687685433,-0.33866050426027927,-1.6110566259053838,-0.5453760621552586,-2.5520042965805834,-1.6799911690879616,-0.1919972031460322,-2.150412002186382,0.024903732796429334,-1.4798386999108748,0.44855650324558927,-1.7703670449938533,-2.3992953742479752,-2.4128632785087807,-1.4833694592980309,-2.4162503913712365,-0.36880339370628873,0.8655713308029629,-0.29487040086295435,-0.5553982385311075,-2.0266738324841596,-2.2447540797250696
2022-04-21,-1.634082957347778,-1.2856578503910565,-1.2890289405908721,-1.0258959353235577,0.8160972834145597,-1.749500829922328,1.189881963599087,-1.8899487152284091,-1.3910450563995567,-1.4014246636395242,1.3821776673878656,-0.9834297678418111,-1.1340917846061365,1.057364897346733,0.4008955109141446,-0.05892735988317266,-1.7250513684258635,-1.258286209147845,-0.43804591853879565,-0.768928121802498,-0.9320499731347031,0.45775442941694383,-1.1303962912034722,-1.169398617882869,-1.8773341063023627,0.14136158023588621,-0.6142448911190532,-1.7835680028205854,-0.28415523381252555,-1.5205998505886733,-1.5032755545352137,1.5724620512121275,-1.4412196657065304,-0.9245147904034705,-1.112508422709697,-0.4606066254569428,-1.1938876895205617,0.7558932220793955,-0.8082163843084508,-0.32763117025468325,-1.8195559030431974,-1.6866951005885094,1.1226070558455228,0.647817844543329,-1.4936715254914328,0.27335363347385616,-1.0340207568887312,-2.52952981822115,-1.4889819686165136,-1.494837404506405,-0.30527435611697235,-1.2783014011215306,0.6404285206825032,-0.09852840357056528,0.49883707082065515,-1.3663896312736203,-0.0778851572155719,-0.2632241284391863,-0.5643394374198255,-1.0758800897596188,-2.1909612131722436,-1.5785236318974383,-1.2462384436811011,-0.3909565765882985,-1.6341602915123277,-2.067485532497036,-0.1186569293261217,0.02660184578595949,-0.9164342048941228,0.4859157017184653,-1.7521885122320993,-1.3231577785598556,-0.43777156002128365,-1.5420980472809327,-0.9659727931001675,-1.6083550804586542,0.7173660078217322,-1.2399317421484943,-1.3097905642264827,-1.552465668095421,-0.6376315809348145,-1.102926789315112,0.21578250409498798,-0.9767297550849016,-1.5791168040983932,0.13362228324102127,0.1617057638113632,-1.2242192593107077,-1.9219765545055527,-1.8420292290085336,-1.0552111453236235,-1.1201558169758083,-0.26234898239366744,-1.1557205572394593,-1.7316774598200333,-0.6445404477411378,-0.7504887770896289,-0.7486413621883918,-1.09995224214614,-2.0931323562149164,-1.7158477643991483,0.6826289717974611,-1.6906168446569023,-1.055929362607532,-1.1051885221272613,-1.2735665853771527,-1.5068195880643107,-1.3217640402575472,-0.8499454940218366,-1.6203317235054346,-1.1601066924284276,-1.5372694389454171,0.2525022764332645,-1.4097008209014095,-1.936880821261417,-0.6294821790842771,-1.372076671616398,0.5285590360663424,-0.9396669745876136,-0.9950145144736485,-1.991291570308316,-1.603887236683777,0.40032810034783234,-1.3062561463052131,-0.9253890338527958,-2.579814682233947,-1.468247533194766,1.0134238027606979,-2.0549210873702113,0.8332219932756699,-1.076663080106537,0.6253336502331445,-1.182975972332599,-2.0482603662092926,-1.7780769927012376,0.020364971357356213,-1.866903093477537,-0.3270593203631346,1.5165959403005558,-0.06519873422814247,0.05256647416589984,-2.01274460127468,-1.4542208241144245
2022-04-22,-2.110557153419409,-2.3136344563710467,-2.7376907961561145,-2.818421903272758,-0.0550128690633763,-2.353786655311771,-1.2463867766951418,-2.2008412679360156,-2.1792901809769347,-2.0066854062967145,-1.200756051592362,-1.747536827044864,-2.3554466181578446,-0.9311868127783952,-1.2988108785696337,-2.2195972222660885,-1.8317322197815844,-1.8630361743789736,-1.264024461043063,-1.2362834785187513,-1.4415289393338164,-1.5937190948425326,-1.9230449351620464,-2.3336408034242004,-2.1832072914376446,-0.1313995368951117,-1.9316714125535352,-2.171732506201609,-0.6211279303806153,-2.102305232471725,-2.209676326518486,-0.04788027623915854,-1.885495450559974,-2.456536808001793,-1.8377789122419887,-0.9925384703019353,-1.6405421574351917,-0.03242593938508467,-1.8658376849821166,-1.3678639854825363,-1.8259482365162354,-2.6992316806149206,-0.08463610175517838,-0.9650982421975466,-1.7007042786208093,-2.081793802867999,-1.684808603053258,-2.412627670422711,-2.209947238537331,-1.52376774961249,-1.0184167638268917,-2.5119934351454036,-1.4443112044933644,-1.1692367863714954,-2.031339702839509,-1.8237950246199184,-2.4561103637736963,-0.13371098807171575,-1.2603610968230512,-1.9715536101456868,-2.0989538178919713,-2.3257943544699358,-2.0665590837178938,-1.1567541106969517,-2.0661098240083504,-2.4987714192773716,-0.9448255124554578,-1.3330039292914746,-3.112752725667084,-1.5248507491101493,-2.080444097252669,-1.8468575799941644,-1.712408174816688,-2.479139740598645,-1.2918064849773763,-2.0747450780447654,-0.12305870206308718,-2.5910837271831872,-2.0114568546502936,-2.4267379381470096,-2.064546007040934,-1.2873850192583998,-1.72809598204405,-1.552136871246993,-1.6191259131882831,-1.0651951885873538,-1.2730139982198876,-1.7044265467557376,-2.0473920781861477,-2.2414245024125736,-1.27766745774862,-1.3362565763088683,-0.293609989390979,-1.7786368701045137,-1.9941488518435064,-1.417486518514322,-1.411318515193813,-1.4107539184343099,-2.003482626739672,-1.637574202499824,-2.492886953360452,-1.2373008277325022,-2.5475777690876216,-2.1642555707158455,-2.0339618218802213,-1.7557525474188942,-2.0362703164385048,-1.5737711701913741,-1.9224657105727174,-2.659227285594669,-1.866604492432726,-1.842908264323878,-1.6715632291445124,-2.155090051066801,-2.4847493303107,-1.9109384111564665,-2.7340380279457324,-1.5348048573932869,-1.8225241346092382,-1.8861628229764518,-2.2795410398125187,-2.1824810584433623,-0.552475693907744,-1.8890317522364948,-1.754821172898649,-3.130678249038001,-2.0541409184283865,-0.2736072923075427,-3.04607210364693,1.7336834394193241,-1.3570512079813728,-0.847119074623083,-1.7447685107028492,-2.1341979066524805,-2.2064210691548305,-0.4680827608516333,-2.214390987630208,-0.6794651744571351,-0.17030511149298064,-1.6863564501709531,-0.9987630091520073,-2.2755639461994552,-1.9520788509495806
2022-04-25,-1.5420600582662085,-2.3243243574912165,-2.3835285047445445,-1.604252602889486,0.55181436288939,-2.1890395267375404,1.2828010672797028,-2.3343306666863426,-2.435498222018628,-2.047137437405255,-2.472757674531209,-1.5185959084054255,-2.2881657131022686,-0.9137418305128567,-0.8212136268646347,-1.2712075776857288,-1.7698459000251394,-2.015784008657613,-0.5790866739303024,-1.3251290335343306,-0.6184548628935925,-2.9362249411953534,-1.4756287080619779,-1.78883005415985,-1.6585217381077706,-0.19391382660198891,-1.676298109621367,-2.4610594285422023,-1.300017896199432,-1.9120441986775192,-1.2526987718063134,0.596486153838294,-0.9374221348978873,0.09193746664494869,-0.6895573207953152,-1.3169525630541477,-1.0077337487233997,0.19776623831962786,-1.2270888377995208,-1.263539675388618,-1.17302872574329,-1.710988237583567,-0.36196715010429076,-1.6593033578569463,-1.5664001189223844,-1.767191223909802,-1.5998836175136435,-1.8252478990491052,-1.788084657492544,-1.4696761302350254,-1.0869785602515154,-2.8691239033189566,-0.9477619759341857,-1.1963594174586416,-2.2068608711291544,-2.0117744356147087,-2.39764745002674,1.1314215983171079,-1.8142689863137205,-2.680625871382916,-1.5186993107969822,-1.616669204116461,-1.6115564363915487,-1.7225630609474354,-1.6389130259704041,-2.185749147148687,-1.098377502384366,-1.5848786489919535,-3.3770779923658787,-0.9151336224359895,-1.2188572308750154,-1.3555293520311267,-1.0570055832580694,-2.0243266170877665,-1.2739069279848672,-1.4370336121489689,-0.22448638539447174,-2.501351506610518,-1.7547222770303612,-2.3443894768083546,-1.7338782693979804,-1.149662857412264,-1.8640022071873215,-1.4929412620812486,-1.503915978640586,-1.3459178309426723,-1.9292835422027432,-0.9908372301256133,-2.200717940728569,-1.6867088304572069,-1.1753460497656045,-1.0817160495889562,0.31645404747829375,-1.0114494566333174,-1.6586664363570278,-1.5065558586797967,-1.214097609152993,-1.2102712615187154,-1.389750423131358,-1.247665141084613,-2.4232713125633425,-0.3026964867979888,-1.76112695709485,-3.0701536766087365,-1.7785371349822343,-1.4201563590062327,-1.4593102638510302,-1.2086716874849859,-0.4885984302476643,-1.9825917971500715,-1.6232794747615442,-1.6014969577353777,-2.1726494459054733,-1.8038855242102245,-1.9006748916620173,-1.9851375783218583,-2.159218274614133,-0.7266342560982173,-0.756674091888333,-1.894150794382265,-2.10376806746434,-2.010796854791108,-0.5708545224022128,-1.331575730419772,-1.1070141392214137,-2.1871003069481993,-1.7728216153847092,-0.23789211902763174,-2.2148509235800518,0.9057687895540802,-1.2607372739389968,-1.2209442825243084,-1.4848050008496463,-1.71200168368817,-1.863675004457504,1.4799944441082287,-2.1081534542633866,0.08789852708621772,1.1053095980749859,-1.372179595303763,-1.9352726638326536,-1.7264935938683403,-1.897094468509239
2022-04-26,-1.4466397229688213,-1.857263233271995,-1.8181688436568098,-1.117410076331707,0.3842975907496533,-1.862383187763884,1.9023116766324244,-2.064309227682219,-1.8165067987281245,-1.7355035239205783,-1.2376180303478985,-1.5747896892936901,-2.671254164137832,-0.8426788995441012,-0.8984886936835159,-0.8981009436857509,-1.5657859502536153,-2.005271534261287,-0.7277055459634947,-1.579676712441533,1.515789899275688,-2.2190778911867137,-1.6967834064498795,-1.885730287814802,-1.3223892794199803,-0.4261643550135436,-1.2043946384047188,-1.606919813637793,-1.2263601096047365,-1.7610616025789398,-1.1050615077516655,0.7919536276675071,-0.7219535632286859,1.4820503995529544,-0.38273214974099135,0.4458884054812781,-0.594041715466231,-0.02258738421872885,0.9680639639147355,-0.3242876615424121,-1.0283342853193964,-1.9763993949979652,-1.4946518864419587,-0.3008574076216063,-1.406529661968347,-1.6640817256979308,0.6944817573504832,-1.723294202293314,-1.4277172853045914,-1.5234989223944153,-1.2435398596557101,-2.2217706623963207,-0.9225626901608425,-1.8577531447355966,-2.671967432861767,-2.0616525597200788,-2.419032634247452,2.856666637986005,-2.119271518031816,-2.438358160303772,-0.9387832087624574,-1.2695134363000093,-1.7653622561813311,-1.128742595380997,-1.624267379066264,-1.8599427311667043,-1.7424055417064255,-1.8003829995547798,-2.7875230463935936,-0.8524065582157376,-1.7948769988709987,-1.2926786297642923,0.3640685960500632,-0.87915105643234,-1.4904487449333295,-1.1530612259367652,-0.5027316625245946,-2.0929554033388977,-1.213255692764631,-2.0315020205739063,-1.2774248375940593,-0.986836546636282,-2.309865137157486,-1.7407217735992315,-1.380817094209138,1.381919482924261,-2.2922851247879645,-0.8172065383849764,-1.625573676350026,-1.652713892440524,-0.9180593471723388,-0.5476508998860604,0.4304567959372045,-1.092056394623919,-1.0890507967260166,-1.7318230844767923,-0.942328490027318,-0.9519747813840715,-0.5470847089851485,-1.4680774284789917,-1.7831670433147457,0.34309744716450563,0.11629595356859179,-2.6712499075271254,-1.1285273781958314,-1.7977595970532456,-1.2987531406905979,0.39646746898343305,0.45992784590647867,-2.008043903332631,-1.6781886956589969,-1.3752582232584694,-0.6173842847190948,-0.8103627284342245,-1.9102520127522522,-1.113094230471578,-2.317207051490721,-1.7974739280409777,-1.1133794317208705,-1.3402788179007852,-1.851341499436551,-1.5874489423986504,-0.10721344067459836,-0.9997958199922857,0.6780573513361944,-1.6477314799688951,-1.0098555456926992,2.1553849990523744,-2.255928729762359,1.7136690381430368,-0.8857910755934306,-1.9032632104106004,-1.3575162901538953,-1.1333683082095363,-1.7566919638767697,1.2049269083764003,-1.7603232693634636,1.0901865572159462,1.487157658226845,-1.110364217790414,-1.7665378375520495,-1.802681050186169,-1.5726457693388267
2022-04-27,-1.2624905654035732,-1.5954621568738316,-1.3839160197805156,-0.5607495889927542,0.19102024137369075,-1.6608717917021374,2.2833497870179724,-1.8929693547579187,-1.4638959221093906,-1.6910580673917481,-2.5179649215075446,-1.4900803910980285,-1.9393633026358275,-1.9882692582433734,-0.6550414003254427,-1.5083260766105726,-1.4786301584656358,-1.9935649225671606,-1.0523646896602046,-1.2090094371504454,2.666171463422399,-2.394454260802642,-1.8345371672567035,-1.9866406854336156,-1.0136731269682158,-3.5231857916745697,-1.2248933077984545,-1.1011660794779379,-1.4647144476233647,-1.6244932218477721,-0.8557483847519921,0.9985410521987286,-0.5930319462100625,3.430957193115191,-0.36097217294842276,0.16534641894290533,-0.2800237986294695,0.41619068345669624,0.8662969150557527,-0.18899924568647797,-1.0056945227590093,-2.3424992238075837,-1.8966071236197084,2.099658937822498,-1.2407440884731338,-1.3081161630475777,2.027287162879873,-1.2526281391467482,-1.2258128294157142,-1.6129726451678192,-1.0628989634722072,-2.1560460300031514,-1.2843247902668309,-2.173361702435039,-2.882827675826308,-0.9967535207588639,-2.3744916645492777,3.2426440821854077,-1.284063275472327,-2.387960769574018,0.27887781786543225,-1.7180708426852722,-0.9608801088874624,-1.2406149967527051,-1.565089303730339,-1.6849560395618455,-1.820234305855211,-2.194549199443964,-2.3439103171892692,-1.3443928461701409,-1.5466443692723384,-1.1492245146108253,2.116825946239331,0.24234855780343884,-1.4866774612970002,-1.3359856597476756,-1.229389345716587,-1.6909569770790698,-1.0528387630678855,-1.7383519579605375,-1.1148236889676075,-0.9069431361390928,-1.9058108636942754,-1.7024173889806467,-1.1605696117164108,0.9543088474737232,-2.455878890337396,-0.4015178076827325,-1.178977029326164,-1.5407178803083708,-0.7426515565671301,-0.20592695886360526,1.778253582040248,-0.5637080687649502,-0.8356978082885546,-1.221268673138764,0.11774351662671033,0.11656888014154144,-0.13779422002205954,2.29684767385959,-0.2389759209538581,0.04897562523232431,0.24704302267639686,-1.9587762471050556,-1.0555001472213694,-1.4554703702061578,-1.0000752806958275,0.8158766619957252,1.2139990983128843,-1.7687669867188875,-1.5017070555620975,-1.1587364357329908,0.2523390826708341,0.0057903525486067775,-1.8644691364116635,-1.5479005819676996,-1.6809431186143577,-1.1164584897336345,-0.8817958919979254,-1.2810098121783593,-1.355558803978859,-1.1896850680363327,-0.17774270376407889,-0.7076020222735632,2.2258742603923225,-1.4022472354941535,-0.9358625155369092,2.6396398466205353,-2.0386886016155104,1.7137150793927665,-0.630827022793135,-2.6082372330449246,-1.427340683356891,-1.1554199150063027,-1.6863176596187293,1.1192442720659217,-0.9990071019737952,1.9780195762425894,1.0967618919754538,-1.1863970210719552,-1.8847241088355655,-1.2446249535065177,-1.2953804515556502
2022-04-28,-1.2469051166317022,-1.5029983383521635,-1.013378711767919,-0.09554844844609019,0.30109284430701083,-1.5879916877365428,2.3305564996421717,-1.6360869419505788,-1.2497304372560358,-1.3766996182802114,-2.7230449376238544,-1.2531874226871802,-1.563329166760859,-2.8374733789264166,0.24290233147954643,-1.3337403375452064,-1.2514320944562636,-2.180196271127576,-1.2027997279773146,-1.0574262161123773,2.3368979055999324,-2.0481605546126267,-1.5894880211653677,-1.9413457701559296,-0.787501419045841,-2.729360313717966,-1.316183867482301,-1.201166726479601,-1.157750413248911,-1.3900390303307424,-0.5712420867259053,0.7539187060006348,0.09534496955692728,3.308853407350441,0.6567773733616267,0.43540391666026845,-0.060124435176990794,1.1456548306466372,0.8839132948830855,-0.998752100609039,-0.7693502521787458,-2.8428111010359616,-2.150924353322793,1.2672314118126253,-1.083335939624718,-1.2672836899141409,2.402486221041088,-1.318503192396415,-0.8830330064787941,-1.564691866398592,-0.4132157743937657,-1.9221349504693428,-1.9573942518659069,-0.6282904593379918,-2.4018816040842528,-0.9016954325614833,-2.186255515828431,2.5036650723530496,-0.9361282160657889,-1.8380753630809845,-0.2588281503502899,-1.6230474280122182,-1.0959711219199644,0.42342049424739636,-1.2175991803798345,-1.519295045777143,-1.9991263395348116,-1.4183651664449044,-2.1045771756583074,-0.36279926788896294,-1.3676153556634811,-0.6231832106498644,2.307963092492805,0.6379340090831946,-1.500995710240762,-1.122075962868334,-1.1702006498737207,-1.3210126167834646,-1.2387269473426104,-1.8185671086532744,-0.24613533913104285,-1.0392115148552645,-2.2346188725476144,-1.535208639555941,-0.901720795332237,1.2051138001087123,-2.7439482279255496,-0.23593151486516475,-1.2097451968143413,-1.4351389862688577,-0.46423543191636385,0.8920347136752685,2.057471166041323,-0.15752659849761416,-0.8618570985091062,-1.2451567787422118,0.7647436661542788,0.7665315473056643,-0.6351210175855785,3.243158572314751,0.6100818552598418,0.5376544763054175,0.40981862383732554,-1.632535913404276,-0.7971941245707356,-1.1561845649187517,-0.9115916672040895,1.6050580316180472,2.041813010442465,-1.5756047989938675,-1.133120555159493,-0.9656276532107007,0.5911463656980088,0.47912480699615895,-1.5090081897459713,-1.400044390754233,-1.677375870863893,0.05000789966654906,-1.1481284323809606,-1.5885092633344051,-1.072686069449073,-0.33538114246820194,-0.09727298546319821,-0.3831700896434689,2.3236235245504915,-1.2131122128597613,0.02229892733032274,2.629840133129769,-1.6018954259897964,1.9322078353664227,-0.47682102722289205,-2.2555792946310693,-1.2128351088781846,-1.0010649803276537,-1.7120235722071693,1.1792647466469965,-0.26688287001733846,2.08523312361196,0.5404668572440386,0.9267221793175109,-1.7721248683230915,-1.0138186535142626,-1.3231119805228333
2022-04-29,-1.4447425736705535,-1.9808697665199169,-1.2925376365936383,-0.8724804728861045,-0.3063424501528788,-1.8317183802549757,1.4928608255969449,-1.7866095310084213,-1.3870938759509897,-2.2186783007402693,-3.329023942839697,-1.4311619056369755,-2.3174131803416373,-3.1229177490101314,-2.40994242023844,-2.726084740407867,-1.3148831200973756,-2.9122309778026843,-1.4928110098851293,-2.325170338880665,2.491645928501293,-2.439197735544204,-2.1079916213158136,-2.201603448304345,-0.9709786716612993,-2.565577110180235,-2.2243175969204017,-1.2774957909931086,-1.9262928201279501,-1.4147733784089753,-0.5784841123635557,-1.13966189425104,-0.06049350294840678,2.1072693722712827,0.9948905830781316,0.039052766373761386,-0.7176059485562917,0.28609346780707684,-0.11869111087638304,-1.5172261747739837,-1.4267064813989025,-2.387162230409878,-2.966606678596877,-2.319143610059252,-1.3174847791485989,-1.7481455626083444,2.0781625143346307,-1.6706435563903772,-1.1224967778205115,-1.7814821495218378,-1.1950887790406703,-2.3246719123776924,-3.3294950218314594,-0.4307832454015824,-2.103976606107689,-1.9062429164981471,-2.2413718341110385,2.1841918804551437,-0.5829323421457637,-2.6514152480802498,-0.8586034618499313,-1.8704611336402779,-2.3177330221493144,0.7638733570786964,-1.615333953323246,-1.741729162964693,-2.0892543707183746,-1.383732002369014,-1.7251568802966968,-0.1505523053285894,-1.545564408784107,0.369606959326709,1.4933014591171152,0.5640651914068184,-2.1131917716182422,-1.2150894044213987,-2.0252128898542483,-1.2872948518685494,-2.161986833630601,-1.9036346122238526,1.0952059188563859,-1.4349747945465063,-2.784523330126559,-1.8320051942483662,-0.8742130982067894,0.04832081495473095,-2.981620628426498,-2.089208267942899,-1.278214678134334,-1.6929129029993522,-0.759487199515727,0.45409252514988985,2.066755685446016,-0.5293798367027251,-0.9929895630491942,-2.3034955655472356,0.38789326548230546,0.3938377383933823,-0.6025047202040633,2.21710600860278,0.4285710722618465,-0.46294518133601464,-0.03852002652306233,-1.719707730584585,-2.3733591580961484,-1.2850017732249885,-1.1800614749583278,1.3178880753654565,-0.22673837215996892,-1.9678336083985306,-1.815693287026636,-0.8471131610848635,-0.6336178985760623,0.446295790810557,-1.7831135371309021,-2.974499368472941,-1.7710063923857662,-1.5532168079978492,-1.6533898488308132,-1.1774951219056706,-1.3290120069080962,-0.47067468059530077,-2.1263816481346285,-0.6366975625132882,1.8354113735193442,-1.2210044744449544,0.7792212898009948,1.042309054629817,-2.3315761929129692,1.5208039951752172,-0.5447899925548085,-2.7444846921180033,-2.5819610589089357,0.23780741401640793,-2.0111964245482303,0.3649554167435677,0.09496184990595133,1.7138457288705162,-1.4784062971829866,1.6789664593739937,-1.5810274788117324,-1.215649960951835,-1.5846397067182294
2022-05-02,-1.739280455797203,-2.043321014186245,-2.0529733425939765,-1.8000873176982486,-0.9075377114853403,-1.7995941680916645,0.3038555633998437,-1.6841474363061144,-1.5558959009927356,-2.370814469497177,-3.0615755772044277,-1.4146026099975786,-2.613635443433831,-2.4727161698650453,-3.26363150334497,-3.237689230507148,-0.9939438514310871,-2.868092374670324,-1.767306092135608,-2.639745750531747,1.51427612105567,-2.682899227791374,-2.2542996405430573,-1.401828905855878,-1.2756105546075167,-2.368128646627118,-2.796545214074007,-1.4623994322214253,-2.897120055459564,-1.8211033542762318,-0.6769077934666218,-2.685132428440565,0.21698810325150913,1.872313111712102,1.1350715067646824,-1.0622100038376177,-1.3923316797628313,0.11552900254091056,-2.7110263090272846,-1.7908406907862775,-1.9101192471026136,-2.3238071015497046,-2.8915620619473295,-2.65002924189224,-1.6678722959200154,-2.331011275324472,2.2315487763462767,-1.5742574548662105,-1.4968539463223323,-1.7007163598670079,-2.9350527485451856,-2.291024727577602,-2.7769375680524875,-0.06212596377759153,-2.4696258971250225,-1.977392730009383,-2.4341617724182267,1.9701092167018246,-1.013057438704552,-2.892011567044728,-1.1654348322449815,-2.488208855374662,-2.1947525024309655,-2.2826334733803852,-1.8977901401111683,-1.3619537644896318,-2.1225935658870525,-2.0568943405924633,-1.8657656722461162,0.8056424018588948,-1.8078329799499935,0.43420172264263324,1.066781697111392,-0.19847519374983655,-2.703067724119905,-1.5734600319820276,-2.8617425323764896,-1.5556741432754517,-2.891220380598947,-2.1059343488355635,0.9387599486844245,-1.838482021371998,-2.8192588468602775,-2.2962198030591106,-0.9685414782310442,-0.9520938663575893,-2.964473631987231,-2.3234006397453433,-1.1320683739896573,-2.0123217237130784,-0.5599973832845152,-0.40500666139165875,0.9870793819254063,-1.5663441129670193,-1.2935249489895464,-2.3122850914659363,0.41703644622720903,0.4196509285193037,-1.6793191916376307,1.8986696292615948,3.2084361471907625,-1.7260046752185751,0.604033782932534,-1.914168148126827,-3.17360667874794,-1.4225456950337994,-2.075221179863742,1.00340511430648,-1.9169842173061975,-2.243001970173449,-2.3365466756182243,-1.1086672037722796,-1.7730098030430792,-0.141640392313818,-2.0919135921851755,-2.7717106860904135,-2.237674499256622,-2.6986509278718316,-2.6503428391268775,-1.445596813711792,-1.4688984579486037,-1.0509033513004786,-2.7239311154288535,-1.152275783396622,1.339297819633443,-1.1917793260868361,0.9562787317791481,-1.5582068336459733,-2.675044012004806,0.6818106711349075,-0.7876057764354353,-2.8295102057001835,-2.8238314987706037,-0.6584678684556244,-2.1340693129813433,-2.296481539280516,0.13260250511632282,0.9316769018464729,-2.47148865703612,1.5766963705142087,-2.1742899823171498,-1.0611157410132723,-1.6826403060529918
2022-05-04,-1.3787576498201553,-1.829530162334805,-1.5773658690685242,-1.5622171582461672,-0.588641262906961,-1.7031853314465872,0.3537971589362947,-1.505379621276115,-1.220497032810337,-2.2580514202542723,-2.363825069092863,-0.8256046462255933,-2.7006438222094786,-1.56126866669637,-3.0382232877424666,-2.8309884512068924,-0.6390797533329298,-2.3737842857012295,-1.8776310092999133,-2.0136216453926448,1.3008718177253473,-2.1393319025478195,-1.9930535816490702,-0.9112811865377987,-0.8040523502773181,-1.7992048074940756,-2.042151406604857,-1.5798582138864874,-3.2197586107746092,-1.4094038914204714,-0.3795723419051324,-3.061338524814004,1.570453414416117,1.6102383047956947,1.7183825017701997,-0.22739999735171174,-1.3942825533173646,-0.593931137512402,-2.406041753928471,-1.0247520739508114,-1.3188191961092999,-1.5877422611878407,-2.4548372521608197,-2.7872471218289117,-1.3550142371682992,-2.3624501558965485,1.8513384055232605,-1.273341663808451,-0.9376034766959022,-2.0164931763445955,-2.3444432160189947,-2.0133474564188885,-2.1859714713766145,0.8846553594328815,-2.032783853737926,-1.8910294921628616,-2.148320523149411,1.5955152504541872,-1.3440972545580259,-2.4525579107246656,-1.0139348156828525,-2.0512105571455894,-2.0279339398581175,-2.1268920016577546,-1.3717992253244273,0.17230616471769453,-2.0027144463692044,-2.787272050067266,-1.6654386074221184,2.79201209504127,-0.5293330399401198,0.7381438720246197,0.9055559448579789,-0.2862474827979824,-1.2116988600792047,-0.8258495246947419,-2.341672420108583,-1.3245719260758584,-2.3799101662476834,-1.5308177066121744,1.968237688592427,-1.612686267055765,-2.4843156639075845,-2.0942137523224313,-0.5502251058613518,-2.008019446218889,-2.528037954977884,-2.289327637344134,0.12009951132164054,-1.9039313318682116,-0.3689879973059614,-0.3724800488598759,0.6846833729711723,-1.2089154481363564,-1.0804636615058398,-1.662131751842594,0.5968905734812058,0.6012932933341644,0.6678066922756613,1.4218248118163153,2.8711101621380153,-1.616672433179436,0.9319221369240306,-1.5033132003729686,-2.4929652015147874,-1.1636245942043353,-1.5235420427587585,1.8327246859886626,-0.5919328477332677,-2.0137822221336075,-1.5262332765795188,-0.8097883173004554,-2.5763504379996625,-0.21979574292330945,-2.1466128492891308,-1.9767503178124595,-1.9977127917735054,-2.348116729964685,-2.1343061743477874,-0.06292782117245051,-1.142508419327079,-0.5514659508149613,-1.5795618182727662,-0.3074613723039968,1.0908407703717289,-0.6445952189627852,1.079591133378025,-1.4112561224140816,-2.306094768400271,0.9228550825507882,-0.5174140197653091,-2.367424640006119,-2.012964758520257,-0.9410358142723012,-1.9228236351302197,-2.576951067251284,0.3610769879213151,1.2940056282408579,-2.112925458140898,2.4849996337109928,-1.7787413300173478,-0.9523579402788431,-1.470145716564747
2022-05-05,-0.8124149930767103,-1.2764089658087974,-0.5450105785860494,-0.1001661550548601,-0.5170673933271394,-1.3219915826123199,0.8543545329351113,-1.1476442091874866,-0.7050638778766544,-1.4023941636100754,-1.3380481988431883,-0.5062712823047162,-2.084539644047559,-1.371060721145435,-1.5201806873541603,-1.4914086519498337,-0.18377985008035186,-1.7965832167473548,-1.6096574089096851,-1.0151385732719211,1.854383871794615,-1.3863357807516417,-1.480874003921617,-0.28559941449117565,-0.5725484778254157,-1.5606099756178504,-1.8043441194422838,-1.1084992598537986,-2.536778161841144,-1.1621564908711006,-0.5414883844818347,-1.693458068892483,1.7964379900411287,1.3568289438395083,1.756325001381984,0.7688627784675673,-0.22521507445343883,1.9424864582387433,-1.5018342442598875,-0.17395361236189424,-0.7427059345188267,-1.0066228560574864,-1.8372028495106416,-2.8266635425783555,-0.8783211110205158,-1.4824846292825606,1.2816847373957263,-1.009281945736194,0.009458450387780343,-1.761908214130016,-1.2635310125587993,-1.3983637819880501,-1.4255831787515922,1.5322081171976427,-1.2911007083775266,-1.4528479106573864,-1.6255062105371352,0.9761541029846738,-1.5518064137444751,-1.7213794367732806,-0.9022930650306509,-1.6854696966243654,-1.6308591606279768,-1.1471378905688738,-0.8475884230863537,0.5338014410597244,-1.217248991988553,-1.6515094382618996,-1.1174966790786225,2.9585287878336852,-0.07994379511226209,1.2206809363359503,1.5152535231664757,-0.4998250214978563,-1.5195834701569282,-0.4867620252858871,-1.6739667072644921,-0.7592845257732032,-1.6627079264357028,-0.9011240201092359,2.006977557221105,-0.6242176671849919,-1.541819045739355,-1.110121327373024,-0.3038780849883377,-1.113155705871285,-1.8442757741886486,-1.6706831183687438,0.26545260922622765,-1.7450986541260112,-0.10669846688371569,1.0909111121115291,-0.04355369129956906,0.006369429352310788,-0.48364079991777065,-1.8493533696413158,0.6005151075781427,0.6050719114640329,-0.11649770494293342,1.1512035594785317,1.3829928710533321,-1.5512079084542947,0.889331928304827,-0.9440196524412003,-1.78875139930392,-0.841066678134195,-0.4607481748194934,0.9589589892486824,1.0534430877789152,-1.5234157383174018,-1.0022269155465373,-0.5821208505067271,-0.29534612272903615,-0.31948967256660454,-1.5332043342880028,-1.713995618093701,-1.493702508107076,-1.518741922936834,-1.5067771884601235,1.011021700767109,-0.5140012500909865,-0.04491399782748043,-0.2868940648449992,0.24491149401504547,0.7414798963265683,-0.23764559086768516,2.3989787640496316,-0.7068438438180996,-1.6630400032749368,1.4224085805606133,-0.5823536747991105,-1.64099966334428,-1.224726738691752,-0.9258993743175533,-1.4085162139736216,-1.2826103676835248,0.23071801806240588,-0.16069033054992968,-1.1691897277611158,2.429982996271374,-1.4037774578419289,-0.09427883232598164,-0.6109140201512588
2022-05-06,0.46826962768913727,-0.6911339152401597,0.7578001235746462,0.98256080254246,-0.24049820609236325,-0.9499236820840521,0.8014524811835072,-0.6439036805172811,-0.0697643055444354,-0.6755679760549671,-0.47311446948444774,-0.3302530765252382,-1.0436174202149426,-0.6598518476278511,-0.28238199901665223,-0.47552382424244966,0.25923204568005936,-1.0937601767067782,-0.35178511882271296,-0.3118978318454974,1.7117743277473525,0.02311665768361354,-0.8600124189101521,0.2742526272395319,-0.07467128255259198,-1.2472050940700194,-1.7173944550784157,-0.5392484461666424,-1.5889467382226703,-0.6050768769852193,0.10884139620636482,-0.19780485996604347,1.8517812826680344,0.7699109017696285,-1.4677550800970118,2.8341669614312304,0.2827225609983275,2.7003412709028285,-0.5142189339970447,0.2768997314989499,0.23516123291554264,-0.8870546116749122,-1.1843420453329243,-1.0772074373975364,-0.11118785964076236,-0.3637529898979683,0.5512846255459658,-0.6835315523679352,0.5517651339798775,-1.0667410450208221,-0.5335222685372856,-0.6763609433886605,-0.852627252762379,1.6131359701919596,-0.5060602477817935,-1.1216471800330983,-1.0064370506317073,0.8299241705867528,-0.20665624194805446,-0.7288623572271123,-0.8151059761673795,-0.9658578727195097,-1.029854513463856,-0.60688034530955,-0.1851988047788614,0.7359193898348464,-0.8139384755851611,-0.3479867436709047,-0.869776305788743,2.577407132053435,0.8327281398771694,1.406832580231415,1.8187533309448065,0.42882208290870194,-0.8021537018721667,-0.21264862909011578,-0.31329789630597993,-0.34223445681649495,-0.8138249131440934,-0.35564749894544945,1.649597964520985,-0.18237971830441843,-1.0190307741368374,-0.24008344959330344,-0.23066411837019513,-0.18447765091828264,-1.2293623095655843,-1.2480141275482284,0.13100847030707985,-1.0609374933513105,0.41487841352569255,1.3215162167518586,-0.12359007820412361,0.8020953827068066,0.05865059415842493,-0.8234941142141478,0.48933710500520805,0.4808753573332281,0.37001719104982184,0.20432266905587493,0.5459935327015004,-0.3490956396915857,-0.6059168980029302,-0.5278857799520245,-0.3657850748273863,-0.27724409019177304,0.2616509048921144,0.42374084041058074,1.594888958849223,-1.049885839442063,-0.07135903198076497,-0.3148474158126852,0.40627158098466015,0.22022958869696835,-0.7090096678936851,-1.4862018555170844,-1.029422950454253,-0.648484811460753,-0.909548669616056,0.8982504484075523,-0.3620506361173188,0.8357413424035998,1.1199811603319552,0.937864412554599,1.2431426735494249,0.0413496823936992,2.4038850852665745,0.03689152987058919,-0.8912995948760335,1.193983217117037,0.11944773703743962,-1.118289668838052,-0.8725371086679699,-0.046550293172613375,-0.936904014795671,0.11883325581955047,0.5282413589296843,0.1429851425760947,-0.7454772997681121,2.035316348862617,-1.1942651759097425,0.3827640507547243,-0.27796067101655814
2022-05-09,0.1788908367862946,-0.7275215884221993,0.9791983758824041,0.7020466695935627,-0.5821513043260664,-1.0515702115840804,1.0485680739440486,-0.685945266604988,-0.04671651418611506,-1.3206485203313392,-0.9208221199006427,-0.23969393469489725,-1.2297670116367931,-0.5581537947975957,-0.40321664043894595,-0.7838877670829151,0.10943076489404464,-1.5243429172044387,-0.4357288167450428,-0.37099031436735486,0.8817553164351165,-0.5473578562849515,-1.1035644688547765,0.0654951638137963,-0.03795516333545311,-1.3876552130990534,-1.9497810346685758,0.30272547269150496,-1.3538501141854158,-0.6822391616338487,-0.296692500244501,-0.17929258937763357,3.018470493844326,0.6016205285456971,-1.4458878726117936,2.9755111936855356,0.35047985201214144,1.5541099728579033,-0.276830635330629,0.4356823535949179,0.15385848008858938,-0.756023547410545,-1.4624051905648823,-1.0399533930532436,0.3924013052294776,-0.6703257331922186,0.6756552687825297,-0.32455453881232443,0.0211390966024446,-1.4361670510687339,-0.7551746527572808,-0.5921585623779184,-0.9899248682641097,1.8897398051229095,-0.6810131581205199,-1.1925067853971405,-1.201486478877726,0.9167656915423901,0.45334485476461706,-0.6878862130054672,-1.0272080375313524,-1.2557963043663234,-1.0891499490935617,-0.5321808041856688,-0.520334462884567,0.985605656467216,-0.6693301348436939,-0.6052184914646126,-0.90875891451297,1.9170851412783154,1.724535651222934,1.99696952643226,1.990116530332692,1.5311012017189387,-0.4814856142339059,-0.5049072342489518,-0.8981336706700681,-0.3773954211916151,-1.0083570171156166,-0.37912148473692336,0.7450872595265693,-0.02093055600041188,-1.2497024938222678,-0.4921912445114851,-0.4299427713823381,0.42396171082616974,-1.3665098652376424,-1.545586521579485,-0.12463316771949971,-1.359764786585928,1.3395375173660156,0.31322379547890605,0.43502986131671545,0.41810652053642827,-0.13617078416581851,-0.9297528049189692,1.146323791144467,1.147779841108729,-0.2852190833281962,-0.036784172072267515,0.4487300192322756,0.04605392094617752,-0.8983210519295061,-0.4772032903624289,-0.488026988397528,-0.38079082738876874,0.01289366241585384,0.634370327361394,1.6925501141641899,-1.1022413950309085,-0.5109657599946407,-0.2449747317602818,0.5038757975962956,1.0540226919452205,-0.6960053622185347,-1.6076240258208074,-0.9967917995705372,-0.4740659596227539,-1.0528717798062945,1.9235640529299436,-0.5915334210824047,1.1277103800740582,0.948468506969887,0.8904913691460127,1.4948864666518147,-0.26295727945217884,1.2855169865405578,-0.06956710270137584,-1.1339004768070622,1.4256291140050763,0.6851341898733114,-0.9033376101567997,-0.8274237632503437,-0.17412011718346304,-1.1117926174355506,-0.034485306041267726,0.2015970162302345,0.522224334593733,-0.37742414770192223,1.3602576991645847,-1.2970075028692925,0.12225877122357022,0.2004547163671677
2022-05-10,-0.0658948731074688,-0.6209936753282645,0.9416107441634542,0.803611247590022,-0.5992429403505105,-0.9187143517434272,1.9394553240334462,-0.6425945448256064,0.0008062841661060731,-1.131000693263244,-0.6771740914520977,-0.009962186711456914,-0.9946844546149717,-0.3578641623642765,-0.3881364701277863,-0.6936270104949501,0.40402969073019984,-1.3379430658885725,0.3927578655938065,0.008749202714363764,0.5635179862908456,-0.5507747882864644,-0.7405468591930755,0.2811143125855627,0.1392969822935323,-1.2746362958783426,-1.7728837178276222,0.13420204567525187,-1.5123404598532337,-0.4126755328868732,-0.9988552490601561,0.17315096269338562,2.489784063171954,0.5221148934886072,-0.9378417995753348,2.3544955225069057,0.7175191576610788,2.6173965664509025,-0.3074171598536636,0.9150617662220534,0.22363447539767486,-0.6841590349081176,-1.2840485636154197,-0.5444765304204319,0.30452567125172897,-0.5336514186449085,0.8237075938514923,-0.07317471101067231,0.08246736222085808,-1.2704600411909213,-0.651857469141948,-0.43805392127534076,-1.263304900145748,1.9382570145518243,-0.04368004293410388,-1.1784729966840541,-1.0585031024904157,0.6161769226750159,0.4248400543340194,-0.7398664907616559,-0.8711002166431377,-0.8294873436328511,-0.9291408422173568,-0.5884190446155089,-0.528107523635176,1.48196966124789,-0.5428257311626626,-0.5700989690688161,-0.7573181065125987,2.62073356933474,1.736940729492425,2.123851414220356,1.8739416676849174,1.5497326362044705,-1.48293551553188,-0.34535338354005674,-0.47671661137512633,-0.3261944385823976,-0.6825460335132526,-0.361869911772045,0.859509283480487,0.38344269870890035,-1.061981555672893,-0.29372306022739286,-0.6124182910319488,0.5882276550221225,-1.0600089959305146,-1.5377534122419645,1.06867106328373,-1.3067257260319896,2.1757717496234568,0.09923902896409947,-0.054521017015323164,0.7408271740747018,-0.27826863550364406,-1.2200557111807637,1.4164576825543576,1.4136074659413145,-0.4436793343541412,0.06680758530539974,0.31649608456153844,0.28843702601908605,-0.9792308418062275,-0.4254100813620807,-0.03098766192351114,0.02188813585874732,0.12895895560737886,0.7351542923629132,1.701361611405046,-1.0077359046121903,-0.44452158415511484,-0.0740811750800642,0.7084275600715337,0.9555524510499671,-0.20905581809171053,-1.4419644756125947,-0.6447533655190042,-0.06863241802588102,0.913880299685354,1.97342330152702,-0.3180244305930697,1.5831265470564406,0.7379382549095533,1.1365718429470542,1.001416694483199,-0.15063908080943975,1.5806657112642268,0.6651063920595675,-1.0767059457176897,1.3666020994552412,0.6090444740903004,-0.6428566231693335,-0.44471413980496854,-0.4963235012491313,-1.1185860364969131,0.21468890125483844,0.4398740341856641,0.19924779560207415,-0.38182752957636285,1.8729911934421024,-1.3034207094103096,0.8706178273242594,0.27190176069121047
2022-05-11,-0.24427699895316893,-0.09209157789048511,0.946471304857063,0.868628621583185,0.12325558284984678,-0.6881810825797395,1.5836578001910044,-0.2689586237815383,0.26978330429963293,-0.7272159092661975,-0.31880488858075806,-0.2142011853037036,-0.7797817430454763,-0.10794022122488449,0.014245477775889376,-0.44072450416358777,0.8713238566521327,-0.4325356552862513,0.8284727969994401,0.23437010042160625,-0.06525530698985516,0.03436229807043648,-0.22704501293811255,0.5440374368207291,-0.03672898442618874,-1.0720927498116095,-1.5479472803496475,0.20098194549395568,-1.1133137076352255,-0.03183300071795171,-1.5231543396744518,0.9306298319824741,2.421983115987828,0.3083135111832067,-0.798563826566557,2.2262084368973243,0.6435737790213726,2.2307423302785234,0.434509469893543,1.4101866961006284,0.12064287532838365,-0.5948032174233617,-1.0058031855611138,-1.069944653743442,0.6928391657349745,-0.5301919154272721,0.3200631220098547,-0.1072847482599285,-0.15993502005537963,-0.6466860820283028,-0.06868568385979819,-0.23237326104275308,-0.9566935427099444,1.67047973986724,-0.013215905679359308,-1.1082037828126499,-0.8330552509464358,0.26053861846851206,-0.6338122832934218,-0.7860941371209097,-1.1234461638196096,-0.501347131907343,-0.6064134846522812,-0.6889178023542387,-0.512538034890069,1.4654020839656758,-0.3022610916610617,-0.29043146406782777,-0.7417041404498551,2.0706522888067203,0.5364090932062877,2.0185818742868626,1.287739451578372,0.9345177863788549,-1.8074137636373329,-0.414856483359691,-0.5909503838343342,-0.28589952900429916,-0.4786609831455829,-0.23219120822030878,0.7790476742090927,0.3087848120034674,-0.5940539405578279,0.20049586468368974,-0.6147355040031371,0.9668021893072329,-0.5830965769598514,-0.9900686303644725,0.9768678131370981,-0.9146861133944164,2.4372675509373307,-0.2010148898967554,-1.2596967425021555,-0.24201938478054025,-0.7332485840586326,-0.9199164153202217,0.7057883420842337,0.7143220843836552,-0.3460519478791333,-0.6580173296185253,-0.32290067256445376,-0.049202182758577774,-1.4421083861632888,-0.3423339937462905,0.231872026239238,0.294735530051879,-0.125325207344957,0.7983829708656656,1.643291474668047,-0.9257052529278469,-0.3172555263457657,-0.4048873868965037,0.7018520716956456,0.19456040689708415,0.017213499578582512,-0.9375529402685048,-0.3247182783831819,-0.3044507297454393,0.540033724785008,1.6737412808181538,-0.2292472704662966,1.5166633042246123,2.8495717831684826,0.8183048169684276,0.6730378027860965,-0.0044419132206100186,1.5414902382472513,1.1292043322532244,-0.8524367848382818,2.062994865546724,0.9448956505661661,-0.4426065280598741,-0.43646427441966074,-0.5976552052567418,-0.8162395950894589,0.26934738731231406,0.9032011201646079,-0.3772396018110311,-0.019120864328088044,1.8055445681642044,-1.2790726655037683,0.932903945682048,0.3212577162666516
2022-05-12,0.9092828512322442,0.22446468184684298,1.0936087184469294,0.48262127377554837,-0.3316118425996384,-0.25625781222184174,1.1659057450064412,-0.3190629618718734,0.22142723289206936,-0.0896489070800366,-0.1674904513448393,-0.1570863688902466,-0.5189623081437844,0.6945617506192386,0.5912718113528413,0.16180127630757402,1.2620973132257014,-0.05476130917024696,0.8183944080611162,0.9818435000391476,-0.15224436073691677,0.22599841410844201,0.07298301443465988,0.8943053407783145,-0.10967173899545164,-1.155458723791863,-1.4398552420528752,-0.08317476422315347,-0.4944612920148124,-0.020809645694642165,-1.419730081124839,1.4485899244900453,1.9516329372194667,0.08958678178384177,-1.0233824552385833,1.837475174806581,1.7488822505271138,1.799494996791628,0.9378557745580914,1.1561946958191625,0.40928156897024176,-0.6519288300677513,-0.8190279916094426,-0.3002027809220516,0.8756774999770476,0.4314587843067494,0.3526354658382967,-0.4502932014332545,-0.38320248367693033,-0.3911220792391282,-0.08263195451712663,0.007845635976292996,-0.40498621804059703,1.1473948837428558,0.12296475497795098,-0.9557905744478412,-0.7661103893506745,0.03928403086534696,-0.9187705358118186,-0.7126091987252952,-1.3306757307352695,-0.33738479642605124,-0.6275128992688637,-0.9811736741172282,-0.5954084274812241,1.0205219630079314,-0.016547123108266313,0.1679342931652205,-0.606442751876424,1.8462561957321701,0.9522791750175787,1.8772116398711036,1.0825341272234046,0.961032319482676,-1.6160886175510272,-0.38086402812740217,-0.8432602047667472,0.1366958524559619,-0.33643905710732813,-0.22156255239584188,0.2928054040732786,0.030723316811014482,-0.41273605219193144,0.445200469337454,-0.8082174131103886,2.4783407173018537,-0.5496076171556572,-0.8887909926053577,0.5170726226515721,-0.8029185512695407,1.9358283436291222,-0.8099415715230742,-0.8344434604529197,-0.4213217306874389,-0.6215502295651508,0.09686699268240195,0.4224855066527924,0.43215453109186686,-0.25340911613808875,-0.17969790536261235,-0.49174886079481284,1.025264193062245,-1.385003983807962,-0.29199336063928194,1.1330844707632342,-0.27535784325417056,-0.14773306397567404,0.3768053438748572,1.356201148498454,-0.6310821323787754,-0.5217558230395066,-0.6958772118174741,0.3498973271847447,-0.3058585943122701,0.25108900466573764,-0.060965899214431525,-0.36208042210115476,-0.21172332433773,0.9857477858013808,1.2790080360523979,-0.42742759621557386,1.518070925709238,1.6780922382732064,0.5323908614362995,0.3095619713302195,0.15708781368803085,0.916669377087,1.2430730354451396,-0.6603429476322694,1.553761344217725,0.7928800852437871,-0.14061047064938215,-0.008646013476394727,-0.7919773095587022,-0.4271424238849693,1.0367294662778745,1.248666149817063,-0.10055856297865326,1.6781222981973147,1.3534877676678072,-1.05083303244551,0.6134103972485666,0.5599850452393104
2022-05-13,2.467185059817601,0.7227076363300373,1.9422631451242698,1.3381615541937404,0.2609090209099979,-0.01583879063211611,1.289844446558511,0.306797957183186,0.7147028942787227,0.07394139944362493,0.5035936055623453,0.7216696113792928,0.06699031924578107,1.2596407647873304,1.2639664770603893,0.8248112917184418,2.046032122865537,0.35148663187620127,1.205928466715921,1.755845058910683,-0.006339973510070711,0.797236803100282,0.6860132834723836,1.6460983595335046,0.2766441508927312,-0.9971174223134106,-0.7367613067993193,0.8078267966512893,-0.08701989564486057,0.5416253577770339,-2.1560828948696145,1.7194586989965797,1.5357593379224448,0.2122323998583203,-0.5276238171397292,1.749180262057678,1.816014812478696,1.4603378685382782,1.2362103501619623,1.6105449587534486,1.1610167739467552,-0.1673040322228705,-0.28259954432583134,0.0704274694650777,1.3019681217025931,0.9937709308374439,0.4326864624544775,-0.23831028396101353,0.1967514606411937,0.018431662083281786,1.1855793824731853,0.547772432189236,0.42079646030408346,1.4407005361571181,0.7197122169340199,-0.4946615598725965,-0.4324035527102457,0.22494863223043565,-0.461451577497444,-0.32687737794392574,-1.2203150515966248,0.1453494399097176,0.41387755478675725,-0.5554457011205575,0.01724540353394543,1.2414180081273738,0.1898275359948027,0.6736203224944662,-0.4299656922973904,1.9457014211420165,1.0169682050776125,1.8330386359963584,1.4321019863824789,2.0874100333686156,-1.3576415790035914,0.47288554625584656,0.2636161808430358,0.5096781284855871,0.21044410101336192,1.2510724033592024,0.3065885808543815,1.0314725678918881,0.08748001813967576,1.3067637372794505,0.1677891252005345,2.3961716725669393,-0.2703049062678504,-0.3525464975647549,0.8647810014188495,-0.5374075887054051,2.3670083027363487,-0.7868714857086143,-0.6870042256071293,1.3430246770616787,-0.1653429499668141,1.606832413544163,0.4141087046825573,0.4014175682293655,0.5936448660039847,-0.0015660492832773743,-0.09895499555618611,1.4819841323067944,-0.847659202368439,0.6986418037463444,1.830346488663476,-0.15088202592307803,1.257913580490997,0.42387614559870695,1.367704623900923,-0.12694753466532308,0.37735566573967017,0.835115398530316,1.8014919814868475,0.5592260178806047,0.749545347768495,0.6619650952597586,-0.08662373580490819,0.6746331007262202,2.0371412023188444,1.6483053914361816,0.7596965137906779,1.50905747395147,2.0955151408807122,0.9959718213917523,0.9102655926512944,0.679323772877129,1.2049967371157528,2.549789912482892,-0.3907655553047745,2.3187265233129115,1.510177464175309,0.17246682449304518,0.25934170696682074,-0.5284129169029931,0.029549664300940165,1.877426839597945,1.455460663246372,0.34965467622623575,2.172801202543536,1.80042141527913,0.25222560942945044,0.9337532919561969,0.9788495647469546
2022-05-16,1.4210932917665322,0.5602527984253847,1.9731860243607608,1.6618271812343093,0.2568994594265542,-0.17289731000001105,0.6819726233212552,0.37765224002047565,0.48006327609137295,-0.05673568510475223,0.3061790337714662,2.697883948592732,0.21856416873364254,1.6043608719643812,0.9796686287184687,0.7044938636699709,1.9115723590782348,0.45407757914573715,0.7585090806275054,1.815882932612747,0.2148574696211106,0.4928756685696442,0.5820092356968196,1.4612361998628527,0.3417841825829238,-0.8158993918397037,-0.7305001799590661,1.0485702931079803,-0.13474282312832642,0.44004144199985695,-2.0684356270765467,1.384458623674841,1.4311450227562232,0.6521372673412916,-0.22845176465579928,1.459358583593567,1.9848750829479478,2.063100940062405,0.5773156242384413,1.7477831748790305,1.302977591371733,0.1004239156317122,-0.28815791768439525,0.3017412580584521,1.2893705584953676,0.4168019511772657,-0.2805772058044432,1.1592293422206446,-0.47095221574316565,-0.15893444027782105,1.72978888247856,0.13930012455018462,0.22160698836924178,1.1596211988035423,0.8233841559094138,-0.36714314445268664,-0.24901459691190275,0.6095368434964822,-0.7702583889096971,-0.3054745738024635,-1.3836159627289344,0.15873849691189798,0.6429041638557135,-0.8550546635688551,0.35064241038554234,0.9949851814389197,-0.0019819120096548704,0.4028311961089252,-0.12035447279890958,1.2779257073867574,0.7364357616179499,1.7768328868213292,1.5125566420782834,1.9875829568205898,-1.2876638141042396,0.4502582008501536,0.33042911477371956,0.7437695306492608,0.2910680143781156,1.5635689642358632,0.22995364802864268,1.3803822542171214,0.0029876283097753707,1.3767957524544618,0.08499342015313238,1.2170956817749068,0.08956703368090058,-0.597331423151328,0.6133892952762611,-0.5443868898558153,1.9648185290805436,-0.5895380770136128,0.25902775147394336,1.7629303423271843,0.03517166851628953,1.605808001589647,0.520971469483824,0.5191428814465615,0.0897465313017183,-0.3012207847471821,0.28886593197647864,1.4816591932963463,-1.4101958180060734,0.7950327348854885,1.7556744871625283,-0.23757707348985477,1.7796425876482365,0.7269129323899794,1.5822264184356913,-0.3769775714519571,0.3596140323342156,0.9210799732956364,1.4973838764427885,0.8093613738698441,0.7598396859390588,0.5418588456460839,-0.031685392488174445,0.3670211851759274,2.248766561534061,1.882725171453796,1.0243877538387374,1.5437001817834834,1.7924498485350315,0.9018593954601464,1.0318389581279273,0.8638195315488731,1.3118300112280312,2.455997015775689,-0.29230155637336297,1.325498052808763,0.5591237231898828,0.20635710852755162,0.4430764973133216,-1.1181471919118928,-0.13397361620019269,1.9347405824777795,1.7186264153359871,1.75980078176868,1.6730854874220595,1.7937417792210528,0.4458396531136874,1.129865824514254,1.021346390665443
2022-05-17,1.6493956653161748,-0.2934832836337185,1.7084890209111216,1.2623501591203652,-0.15537551721524648,-0.42893390172496815,0.04791682141287817,0.19043196294324352,0.2822592707180981,-0.2078341651291546,0.04737526621092033,2.5525289739017945,-0.08296458232045258,1.1537141707569654,1.1970112185494401,0.699318984988396,1.0849886420460837,0.6422127092358598,0.4882287970803925,1.577429392802512,-0.24457005641393254,0.12750128048535486,0.876376137694331,1.2448657916614665,0.08793338866704127,-0.7339588831925988,-0.9802757061300555,1.4131468857804736,-0.8942703796239071,0.45974580212475724,-1.3621889588131484,1.2589258805271246,0.9887709773242473,0.5382519362617258,-0.27825243187882764,0.9748687652040906,1.1239267728449929,1.445627344876657,-0.24442449664442614,1.3307514528253335,0.9356608434183707,0.031541943348248336,-0.46951817586238165,0.35447896092099485,0.6840988045009652,0.6653616844525619,-0.47551076722757146,0.6990973541562231,-0.6400548337659229,-0.9356644705059106,1.185716436351808,-0.07379928594166948,-0.15686424994537368,0.21586375163617585,0.9272359597526421,-0.4376341698457365,-0.2379872317979163,0.5886020887292038,0.06481964630204107,-0.7791653273364761,-1.2181931050568438,0.1626418906969388,0.20473335144557703,-1.198117828578349,-0.6458848864602386,0.2444091977022867,-0.2146777079934877,0.26806364695648005,-0.6074134693504598,1.1890956866144013,0.773013749943385,1.7572586818297087,1.432493586776556,1.744209632123791,-0.9901107437478491,-0.4489830857486375,0.006745268912649147,1.2206348999070409,-0.05869344637312414,2.1605264631584187,0.007890962698037485,0.881627875363995,0.046605108695467835,1.6768977720977536,-0.5679578704637144,-0.47624970562181057,-0.05356087420261104,-0.9192438085362582,0.38560729279409833,-0.6383816305075906,0.03913854461187989,-0.2609702078656445,0.6284997450836209,1.7653065103746768,-0.41544285483497184,0.11733479159951565,0.6075034879129134,0.6157966122070532,0.5600160568083892,0.2977238923685242,0.9197030149347563,0.20458854404225116,-2.153029877572306,0.8558365307416418,0.952864735623016,-0.5154534355852906,1.974965155542683,-0.12420178707912458,1.3499833821511522,-0.5414919149675943,0.001941004214825421,0.6678542004879086,2.0542654458129523,0.933872973841214,0.5611441626710352,0.04034871804381019,-0.5643816896302469,-0.37488398423954056,1.9046417170310945,1.432191366590874,1.4065086436422822,1.502155684745602,1.1150652707899877,0.5999491223778108,0.8829712608334735,0.9843887363041812,1.6322389909197923,1.6716665692710795,-0.03480665747772546,-0.4167437856755808,0.6358742099597101,0.13321517921374165,-0.39135867037934385,-1.3640005580360504,-0.4847735143389344,1.3049366008994463,1.7657988865109782,1.9298674422857611,1.0199969106763784,1.3609966821468962,-0.471152616343214,0.803299932685875,0.1607668058226759
2022-05-18,2.203736384057117,-0.03659213150812268,1.651521467373046,1.4898765001473764,2.6284223249905394,-0.31913526293904076,-0.8707603160612167,0.505415023012616,1.024314344935217,-0.16871422003220166,0.22666859550292595,2.5073065152484753,0.21703702034215205,1.2752086158107339,1.3480286989951873,1.0745709523327067,1.1150392335650512,1.0831621637665818,0.9409174087939891,1.4096952725323337,0.05834833842448323,0.2681227317527429,1.057753374925683,1.151932002488112,1.7363939586155437,-0.4244355986010265,-0.837836349231844,1.6584243992546623,-1.39606622698047,1.0602641530351429,-0.9289412683160184,1.4647396314854246,0.8332619297892688,0.3393604357017427,-0.16970414576994441,1.3583958344857052,1.5699462516207354,1.9783356675693287,-0.9052587418691197,1.686710571352118,1.3762115288675592,1.1561515123829642,-0.34193616816406286,0.7447969199034927,0.9010184683773674,1.0106399955400172,-0.5197673038719466,1.0844534741452572,-0.2559628463794717,-1.246509587703431,1.2306193618006485,0.09472974916850943,0.3209076997324998,0.4769060787855979,1.303052693997808,-0.18847381329741797,-0.11727816815559138,0.7688784049873213,0.5762079941352799,-1.0843765951768256,-1.1053401934600013,0.46189809937267956,0.6209733911541298,-1.0507051754065528,-1.3227113878379644,0.6109544079321636,-0.10347143304947633,0.8284355391884695,-0.34931337391720346,1.1909539926696433,1.0719090440293526,1.731850990435624,1.7057356459819777,1.805749322382817,-0.6021069193514913,-0.19801697800391307,0.322174310814578,1.4797668445506331,0.29491694332958707,3.507083513698078,0.06540889880413288,1.0910315675400026,0.2331695135909608,1.6925483767574605,-0.06719427292243875,-1.2561400407912844,0.11291663626881333,-0.7988619313122344,1.383231414400325,-0.4589351194933668,0.28972052305375917,-0.2051169211120271,0.21935284367493235,1.661943951736488,-0.01679080472342439,-0.8260255014230145,0.33953496844744313,0.33042206301025634,0.32279705826534344,-0.43181610027921147,0.4670889650639126,0.6047587551491869,-1.7898756500840713,1.092668228154451,0.9204212620140693,0.2502543356096839,2.211763833348298,-0.057983795879333486,1.423528163981801,-0.5660438466552646,1.2864004903015283,1.4069951323346344,2.109607977564274,1.719149276584982,1.0021828371069494,0.10052796640952759,-0.3896886235003833,-0.596698456542806,1.7739306694097496,1.3816057428254724,0.28635837992170504,1.5179033373429696,1.0807203099647242,1.4446631687660825,1.0280448118804961,1.472694950314088,1.7418112908911279,1.6608575635197718,0.28738752040867843,0.60564611030154,1.4043603634376944,0.2805752205672176,-0.1262487875401067,-0.7919106454878009,-0.11179762229805784,1.3509614538284849,1.7631221687595937,1.495478021228157,1.869779606828984,1.3931613958155167,-0.5368064115061465,1.0185606094882604,0.3075771325574032
2022-05-19,1.7813873227060286,0.15949851156629388,1.3742195366620478,0.9441059369534326,2.1908812061929055,-0.499384660411361,-1.192407465279083,0.3013863506351331,0.08193078873011238,-0.07524531543384404,0.025547644251576428,2.4639533968925984,-0.09887840010115485,0.9160098347642698,0.9243240516424172,0.7915231003541955,1.2536539407650678,0.5923427007606145,0.5597787727037871,0.8879094542980398,-0.5860658895515358,-0.10924573021347225,1.0487925402895266,0.468428831506492,0.7364857146800299,-0.3004383120917057,-1.0543362750228433,1.178997941520267,-1.582426593687475,0.7648718244317992,-1.1501480842226566,1.4647497247126875,0.6798123929798663,0.6370021620843271,-0.17135919354177218,0.9640310474697931,1.581801133275318,1.9480705488051437,-1.2976725288750255,1.3585383397222466,0.8046585123474931,2.169847434793632,-0.4295768945244658,1.1250798982465362,0.668829821683885,0.7368361052317499,-0.43880793151962055,1.9480234577181386,-1.4694805864494989,-1.2593103899878302,0.6106209972728794,0.32877224218129486,0.17506270471500837,0.5183648693226758,0.5390785527985369,-0.5221887421671714,-0.10488418316363975,1.1513936967790281,-0.3859441406309039,-1.2712038485784698,-1.2175109811442661,0.020586157185899658,0.30124850151626986,-0.7048843143862117,-1.4801149737776624,0.3334316235556593,0.12728621879856947,0.6098735357353812,-0.24215988716445508,1.012184094372013,0.7528529015815768,1.7000957985417409,1.87761546892119,1.826457170375796,-0.7571726895177022,-1.3323708103791716,-1.5518522926326501,1.1521867127493515,0.15290033574576348,2.609011000643768,0.14888568091812987,1.3605448198534031,-0.007588683393221903,1.2938598495981426,-0.3677110077243715,-1.752693765639127,-0.17471041688555364,-1.638821375703653,0.5576762875944823,-0.6909794046406387,-0.020384344009241717,-0.9692286705043964,0.8039001835002022,0.3101837179509843,-0.4186244292370118,-0.897609772004533,1.0314322092003336,1.039171726755042,1.3847013817530036,-0.16693869255492885,0.6913482614640409,0.4094096676000055,-1.4715660998839168,1.024245574223888,0.6006718847872287,-0.21807815483736284,1.6379463689519256,-0.06847345178046903,1.3369092152487625,-0.8674410533376133,0.2960988427016715,1.269822442766011,1.9815188145369071,1.5990807717426936,0.6274981987747943,0.1371509141845107,-0.5131847464834919,-1.2822086778002844,1.2849348618109089,0.9686336417394669,0.9082809843658567,1.46816927470006,0.7285143838161199,1.7736999319752202,1.090314321811655,1.684227188758479,1.701968709709595,1.0913790493188198,-0.08311265103143961,0.6079230440181158,1.4889902060881048,0.3715767206999702,0.17669959956367462,-1.5162117989677721,0.21526075760636107,0.9847861274245179,1.6649033974010405,1.6301961018979827,1.0698989215013233,1.1982137465153153,-0.9136765542971343,3.264737715404941,0.7126044143804703
2022-05-20,1.881583063729131,0.24435557025907467,1.6088720112472843,1.0736371725876983,3.1261384850495615,-0.41251029041530946,-0.5787707066773788,0.28061049917412384,-0.2149744935927834,0.19556487548778861,0.30668209582937106,2.127697568162805,-0.14211528473715507,1.0581124285169718,0.886369399471069,0.9537614551292009,1.0345357430723123,0.7991694636455435,0.8528084054479743,1.103977007092771,-0.7928840636579514,0.01208338292466881,1.1755181851005438,0.7784415413870908,0.9828312412004815,0.1305444979089577,-0.8820234476551617,0.7816459677040715,-1.5134677061170523,0.8791130917887772,0.3730690869153759,1.4937285048720694,0.4991958415315749,0.5996123004775787,-0.03009610456762515,0.7565593399538688,3.449833753887954,1.7203528924254474,-1.3796986709168026,1.055281901303006,1.0789026848531307,2.1471297029835688,-0.33513396965296177,0.2626699312839778,0.9139383760016161,0.6927334561019134,-0.41326108828451397,1.515924151366138,-1.2704744293648087,-1.267241024259289,1.594203493568373,0.6180546377427025,0.4786887878432329,0.6173181119043086,0.3127769092359149,-0.32380740791110685,0.15268037460054618,1.2847481328389976,-0.8428660699586714,-1.3632339992465905,0.5433833476197354,-0.16322589257546127,0.9150013032207962,-0.6289745952404222,-1.9396612463306553,0.34816780018674304,1.0752746557014157,0.5095114104390555,-0.207960016434958,0.9094413600703993,0.300824473852374,1.4671848570948562,1.818974900287003,1.7681940658169235,-0.7321032839953491,-1.2513568555480774,-1.4311250124650972,1.236610414509498,0.2058912864892497,1.9990732040039634,0.20578480966487236,1.3303313129716354,-0.07287199313852481,1.244446362742125,-0.19238051357934177,-1.5025714758276296,-0.302206868121557,-1.8993880119576665,0.8491696624988214,-0.11886648575449402,-0.21436061394781009,-0.7302584263739076,0.13667450625429384,-0.016090043946151576,-0.6530545502387433,-0.8853609082880728,1.4201361857330441,1.4114816897757494,1.476280542803433,-0.4295542584824157,0.5070201247177434,-0.08028171015646134,-1.247837956530754,1.1502875240326849,0.7548646111184935,-0.332678843433048,1.272567148069412,-0.23011569405755328,2.0988917153779574,-0.9130486435026077,0.3845100711326791,0.6744985765254615,1.9748887662385273,1.4707551414541924,0.596134120163231,0.054996050865863746,-0.10855290959815715,-0.9983762923015722,1.1947037913637977,0.884059566817396,0.9318582060288001,1.5007473344444788,0.3233703221641095,1.9384634804473881,1.1139561205458286,1.7078533257512094,1.5578781950242797,0.4897246591880551,0.11009372088164508,0.21832986332099133,1.670590461477736,0.44753753126282725,0.1815718339128712,-1.5584926121097946,0.4009457139583511,0.764996118659375,1.7186354178732404,1.3933898077419398,0.8498954983341754,1.09054463104789,-0.8959885404471104,2.3926204293917266,0.29488181660734497
2022-05-23,0.9513674655445422,0.09627306340454511,1.82315675714293,1.1315624494092864,3.0492102310995444,-0.3835485042907536,-1.1773472066042776,0.5511643618706774,-1.4670784701537753,0.29758904591123225,0.3291923412203513,1.780668337508493,0.3711526266280395,1.4765709809047478,0.9120342269917653,0.7714584991057827,0.666093322982803,0.5710086757532871,1.6156401187876086,0.9792084109039051,-1.1823106402292984,0.14565041908447354,1.222152092207039,1.8102693526389857,0.6040437662213641,0.32462213652570215,-1.049629479654927,0.5250117845689775,-1.4298770811490253,1.1357904916411299,0.1874704551417449,1.2308614596035035,0.6052312599038838,1.1179672643629117,-0.599204401668289,0.9423418739765115,2.269152968580067,1.6040521216938832,-1.442730264920375,0.595322860016643,1.1769801367795367,1.823879553239434,-0.2732673189205629,-2.2469435247997844,0.28576487783790966,0.7876307021423629,0.09583443200886317,0.9023255216302508,-1.6099072444899805,-1.3948580167167803,1.6373981041696037,0.7814744959959083,0.3198572846075147,0.1661759393398745,0.08403556473681807,-0.7628384415929025,-0.1792082554498166,1.4815831516210454,-1.289161274395469,-1.2421265734884712,-0.14736060013088653,0.20368135986400654,0.7524393050720702,-0.8398231885305993,-1.992045378610327,-0.06907452388973745,1.4950083569211303,0.8864343344178438,-0.5312643791953184,0.6615800343938477,0.19525090463034073,1.4771806315444913,1.62279188712505,1.7316806916643064,-0.5400038307761851,-1.3294429191089936,-1.3951137448179929,0.8471840224196303,-0.24194323886923186,1.4452280040822152,-0.07578528193223856,0.6536993386429399,0.006180425018383018,1.0317182319211782,-1.0906015907145514,-1.805979645917974,-0.2218897587673716,-2.0894909063261218,0.07436438778545833,-0.36807628225238515,-0.8151914966203821,-1.9345941457752953,-0.12653269553584276,-0.7014171199279613,-1.3007461131837184,-1.2031752751222085,1.7940169511523651,1.7741920916822345,1.1191832680010196,-0.28712869627249454,0.27676645422572776,-1.2581464109619342,-1.3469708784046424,0.6310738433995774,0.7520341794484463,-0.29218013324504666,0.6075450327191737,-0.06886076730866746,2.840499634725661,-0.8305022494224358,-0.01983863552358537,-0.2644417335818371,1.8162580807435202,0.4612048754439047,0.8607361381875356,0.04659852846102785,0.22036889904751772,-1.3934503890836625,1.136732549308743,0.6949936233838218,0.719841794961104,1.2682123584950238,0.47960577730785225,1.7746275686958717,0.9655136864175344,0.8270725296802263,0.8179108897031218,-0.3688945383125496,0.07833221400901491,-1.2677697368827565,0.830729248488154,0.399438095488029,-0.002079721170497054,-1.9815336393146272,0.5077315282040079,0.2579284554419442,1.2216021984554635,1.4594056005893805,0.1330246000511825,0.7732276459573547,-1.0514641930089275,1.8029585709037894,0.08926054154782757
2022-05-24,1.1283354836063728,1.094735550836083,1.6590701398072971,1.784942067491836,3.497906722225601,0.11190526391522186,-1.328274643695823,1.1601702973893904,-1.9123693463205418,0.6142271642146858,0.5887334507946558,1.3317332397946282,0.602738248507008,1.3327612334785843,0.9429869589434678,0.8489954041659387,1.0762077440048787,0.47309375376707613,1.6412659884118879,1.1663713516151484,-1.0682859844112371,0.38235159651234873,1.3584548889389194,2.4820719232412465,-1.188754407587416,0.3989136785255321,-0.8461511410759405,0.4123552750369948,-1.184602463810409,1.2900138036546522,0.16235565068328597,1.0087284385269244,0.473419789778167,0.9175230227811464,-0.6705267163818388,0.7225736090079079,2.02445951530712,1.5850135628336497,-1.3642147272922565,1.2590707533611518,1.3849564514974289,1.6308334997236766,0.915095998132409,-3.1670613510376238,0.059313570835896307,1.0059036797308674,-0.019678164879080164,0.3284814366840319,-1.325897707359705,-1.138549752949647,1.6055097995941885,1.1416842476859839,0.5357684846065769,-0.3564988124491775,0.5182561449586288,-0.31641791896266996,-0.025677076461197844,1.559747671158392,-1.7687806096713672,-0.9697263773088542,-1.0904359208340852,0.4422624806763621,1.159600110206843,-0.9153795894888949,-2.3733666240533333,-0.0020147822846795097,1.6608765767436917,0.9043667247124157,0.47265279034319935,0.6985258286127872,0.34247115873379846,1.3129804779097436,1.718574873144045,2.311072917584489,-0.284814747222433,-1.8297216756049552,-1.0221293844583716,0.689299271035155,-0.21571276667313688,1.2751464630617915,-0.44765045618976085,0.6417781791196168,0.4380837785777455,1.045712914049341,-1.1053210534176787,-1.4190539576070245,-0.06658192278693877,-1.6821912515852577,1.1268972736683047,-0.08182527676216668,-0.5701112262164949,-1.8285855266318363,-0.3039267736076223,-0.7098747804045152,-1.7741667252801487,-1.998823011708137,1.7559087170219987,1.7608648938308673,0.9188898019453493,-0.7511132133868905,-0.13873670543515518,-0.7775118487105516,-1.4411838128899686,0.40912735263022965,0.24815116117710823,0.004111385770196491,1.3994860892163155,0.165505608687514,1.4952671130954391,0.15919465957317452,-0.427894490373115,-0.5460858179060851,1.6706853822621914,0.09308230862463668,0.9747040335090628,0.4844593419293488,0.5336083945199098,-0.8459306751098217,1.2633158293235216,0.9149272578357558,1.298319065571063,1.3577582951861755,0.4750585131534124,1.7183507437231142,0.8547483906876033,0.8687058739645747,0.7628400056340872,-0.29029839557279974,0.4255886648057346,-0.20448652354240884,1.2512524479304923,0.6788609101066403,-0.4053963306137791,-2.347242285704963,1.3105111053545633,-0.07281032003170973,0.9799359691479226,1.2270003803296723,0.026239354689354653,0.5144614257281863,-0.9579893623387474,1.5279940187309875,-0.8248180519001119
2022-05-25,1.2350279352090994,1.6200134932408503,2.0758307516041046,1.9151481530839987,2.531237748557077,0.3816328421401581,-1.2460512923104352,1.08334430109182,-1.9023674251255784,0.809118204274265,0.7108319284434588,0.8738245339685133,1.5394532018301115,1.1938202133795157,1.7292370047321273,1.562070162041534,0.98104607367781,1.034424924611703,1.8312130409835639,0.9788385511702975,-0.5272392195784177,0.4148736928047345,1.6904607255713842,2.2508133337616374,-0.7733674693609066,0.8612595521793764,-0.2560584856508989,0.351787169751989,-0.8667185751285994,1.1114279564375262,0.1484479697244787,1.0541613245027714,0.6558549179419728,0.15281882065478644,0.01619911659478485,0.7918627368261849,1.0700604060555179,1.4672982698819834,-0.9035837695333859,1.3931421593268578,2.014012623638182,1.530977095071647,1.3736178692853898,-2.6069933118413817,0.11613991927121504,0.5457224827789063,0.05034277521601408,0.18385262114736992,-0.7335832597207024,0.2839118141283029,1.569553821180775,1.6984802640617052,0.9949147684161606,-0.210370969647746,0.8916268024321697,1.0054780224040814,-1.6630310862933766,0.7220316755895301,-1.3062863295678473,-0.5482989007566257,-1.0345746001110956,1.2604548962374935,1.5185349631824137,-1.2162466854027394,-1.2583013361205297,-0.00582756011533522,1.4392796746219145,0.8651500212054507,1.8046266062445053,1.0307676734260225,-0.22540959670210503,1.139171799412602,1.4691367420771784,1.705746743349922,-0.352466752165788,-1.5013116365624848,-0.27111959029221283,0.826915588395179,0.3566612676622921,1.05969524225725,0.630337576208184,0.5939948810319584,0.8978877078813123,1.015619790725125,-1.2258091016251842,-0.8629851415788478,0.23113120492571465,-1.3118586534595202,0.9371905708498107,0.22112628359775277,-1.3829588562816315,-1.5247422883056094,-1.1062958986018059,0.15845615100419932,-1.376659345273004,-0.8590015292542628,1.5390107829153978,1.5334391950664146,1.2708038053936446,-1.1668731015551534,-1.5791249933907663,0.6120541595013985,-1.0658386310230419,-0.04297216487492955,0.45136288771603944,-0.8577869589718582,1.9839830307996142,1.2591925744318306,1.3405124215184934,1.2849147284734286,-0.5174149687099222,-1.00918450071415,1.8212417833128574,-0.867489365875829,0.8573922890538025,1.130504303956439,0.930971812577031,0.12061932245420612,1.4093092071526259,0.8278615956862986,2.1252093787552453,1.4114517536633138,1.4637050351026788,1.538570671949801,0.4975454403034426,1.0005248301824103,0.5780731302144199,-0.22579615407318784,0.689581367595447,-0.007688713431767007,0.7441661479130058,1.0639561635991235,0.37692436283794456,-2.338485041227586,1.8349729926021323,0.08863950592067843,0.8047296455430014,0.8120997941919587,0.4225535234005822,0.6713537548822579,-1.0893386449359592,1.4696257064100449,-0.7440557456098235
2022-05-26,1.0827467137795799,1.4287285347033574,1.9613053478828462,1.837409595837928,2.365338049833489,0.3392245065020526,-1.5468425490042395,0.9411091907583804,-1.8473647862461902,1.0987660953416132,0.9872084236483787,0.4185977859467047,1.383810080053437,1.0060697943892962,1.5932021512808285,1.8909370826671135,1.230212556305308,1.0088876638017699,1.3250959435006442,0.932488697909589,-0.3973121821817733,0.6202790410100681,1.156724480462075,1.6123801035637841,-0.9977437515728339,0.455501588032094,-0.04978802699648358,0.5517123534680007,-0.22096720637084694,0.7307902828094062,0.055996701100734785,1.003336174614801,0.1737953628925981,-0.4157458642928072,0.2119577087609626,1.2175234626107492,1.2862483459518765,1.3438106522523094,-0.29391232015715535,0.8511182763654397,1.6561538215025666,1.462054124287946,1.2601900854238677,-1.132599240984382,-0.028010209466759736,0.4390320064580682,0.5928591329081624,-0.31834009747445435,-0.69016788741296,1.0924820855051116,1.4809684505733018,1.5166454536640839,0.7464652117543059,-0.7621096335792662,0.8425567912356393,1.7835382798966335,-1.027107159249315,-0.47200227344798923,-1.2653636362189828,0.0783724949781228,-0.9335907786934021,1.562360556301243,1.4338915822756146,-0.9756755030299353,-1.3407206885645857,0.32623924410199545,1.3672960838700057,0.5483889080433326,2.2227627776271457,0.8821173023208853,0.13043412669035795,0.9169833139692233,1.516548947256084,1.2214387717655808,-0.3922378575844632,-1.785540964664923,0.04060461836143873,0.2635377470985233,0.5397108273813316,0.8559299733670221,0.5821233120499142,-0.0528093988701004,1.5258050418059006,1.0879293175322793,-1.2206253788699306,0.13663889963529768,0.4259476006909583,-0.7888172841753553,1.3348664953770235,1.2982424168392577,-1.3889306731546303,-0.9349419956757877,-0.4603160193404944,0.22535321901981947,-1.4927971409620344,-0.5377182692684022,1.7917118688000975,1.8082985679813055,0.9812693194026705,-0.2703561612154777,-1.457448955286281,1.9077976257775098,-0.9392883510953863,0.005754413521936215,0.7544942629368416,-1.13706992079534,1.7170885685974,0.78241140338163,1.5440380388348132,1.5167879152340793,-0.6553707599794436,-1.0038067056941684,1.472987469142156,-0.5950330489124174,0.6439918198383342,1.3674499534133995,1.1511346676183132,0.5517799198479975,1.2575351902197491,0.8892771431085555,1.9951509729147334,1.1558699619009911,1.2339343867459205,1.124716761545517,-0.10190945509716222,1.1374690504969835,-0.1290431414050383,-0.39325671985516397,0.5024549776693104,-0.015751954632715108,0.8201669653952236,1.0406151797221161,1.077063409365534,-2.148327406429235,1.8284499459584644,0.2567334212892969,0.5285214509106948,0.7860671460977036,0.422522311859384,0.17893431952199698,-2.1117137362887224,1.2059482982119454,-0.8016313930044305
2022-05-27,1.0709538088857726,1.1513151304517826,1.7485832197877114,1.9031907239585228,2.4216630035485625,0.7715051535920338,-1.87897098815493,1.3110954824830074,-0.6374776644935508,1.4482927313749712,0.8736816770979237,0.3443251238624002,1.7731153311419297,1.0807997235651678,1.3253912023342764,1.6765914536238031,1.00793434140104,1.5569427481704738,1.7140832959325105,1.2997454144686174,0.41273695782066805,0.9934700169698971,0.8348630911645419,1.671142396167527,2.3521600583885873,0.41314576814115855,0.5040209246006769,1.6277290947857126,0.10090754135674918,1.8972114679563596,0.9804990655312343,0.4697162388755712,-0.12786655118022416,0.1549044158273046,-0.14819124804288306,0.9648713132125123,1.3671632191672005,1.343396035510534,0.15801268257097853,0.08884543521591985,1.5566282137574212,1.0811335235705852,1.3515108832001395,-1.6930300645384184,0.9257475747757692,1.6379395877463316,1.483074521427621,-0.16095746320084706,0.8137797319015503,1.3401960822719339,1.4647179176966878,1.3883852673942496,1.2429220137125074,-0.9436363189331712,1.1835247277705854,2.2615050414379985,-1.8941014854824394,-1.5727343529422655,-0.6030642749079099,0.7539003353935483,-0.9897937944415169,1.3833728038732462,1.5445609055016165,-0.1761693224888776,0.2567281552378821,0.03588354735899165,1.330486408762142,1.6262787015758688,1.4892134487178987,0.780143011601417,0.5798818222377095,0.9297422064551284,1.188678220573817,1.3700399189697983,0.5590850229839872,0.1520542712161235,0.13207563662039865,1.1864592327102814,0.8990055103691734,0.8876291035365891,-0.4499606616440823,0.5205563894377069,1.8719697415358134,1.4383287226605777,0.995856392969232,1.0686221576619304,0.7460531414584654,-0.2880492276800518,0.9910086008129019,1.0694868278220477,-0.6662803537532757,-0.33930220974415143,-0.14647727547398162,0.041184363202877126,2.163429669675708,0.029216011166138665,2.197248430902391,2.1989696123773816,3.5046540782786186,0.04444946402645615,-1.0149963662158945,1.4403318152913616,-0.7070713657357661,0.9231362380603827,0.8345508750951761,0.6712770664783353,1.8247576943993014,2.6002721146950334,1.3601201462954402,1.4267627830552647,0.9889366192667801,1.402989244910524,1.2851500472696022,0.7124883621055439,1.1927307958918725,1.7209612364200422,2.494357911223424,1.1327887977219422,1.0516856960247694,0.5737028366997209,2.0124644131697114,1.1522584695902185,1.4331984248807337,1.4423812829459446,0.6462309711733893,1.1574063854311416,-0.44397102713785735,-0.3067589454728848,0.8871918857528173,-0.5706783340362186,2.0144411725193114,1.0526212057075408,1.4240541423975543,-0.5781465214902594,1.6152675502974623,0.6217453970936239,0.6092970615739364,0.7482707195127645,0.2366456830973502,0.08718499491723329,-0.93692902903847,1.3296361700793744,-0.9919546864429672
2022-05-30,1.0589584377259935,0.6318484689054918,1.7096916707168603,2.4583712492308885,2.4139610500715247,1.5317322289792197,-1.486148676369694,1.593301632761609,-0.11588971668801495,1.612670774243725,0.9550469601845212,0.5639114534702335,1.8437232052626882,1.1531656657938956,1.4994653666373423,1.8071184040967427,0.8810283254815507,1.7459397266811871,1.6109921947634978,1.2538904155507937,1.070603709591427,1.33502368589914,0.9660502046007851,1.781639832309384,2.207604817208698,1.107319126865718,2.1581018421227647,1.996190105904416,0.7091624240572654,1.853288621929211,0.9868911192334459,0.2451054276845729,-0.1685688166413584,0.5603720563285433,0.2212913718433733,1.1454218151391413,1.3149990105726264,1.3318910355104703,0.28420505693865866,0.41940677839867085,1.5309778746760512,1.005690584373809,1.4905027134065216,-0.452357819342433,1.1773980401280693,1.8932596742532295,1.710918059106295,0.6992073314621449,1.1428000542914873,1.9159683711283346,1.47472751038998,1.35426095812099,1.5517998462068325,-0.21713737186363732,3.223772131094607,3.568587836876021,-0.7031672686682676,-0.8221002675328726,0.03192614335149754,1.484019523593135,-0.6263538070709439,1.6743312992901258,1.815905979905903,0.7637790719993971,1.7121171447143257,0.7579819251684945,1.135285582290218,2.0746809638210406,1.3086871002859572,0.3793172029447286,0.7086429216368367,1.0638531587605773,1.406160946200769,0.9743023725866529,1.4816171089033854,0.7931493432243242,1.6038719215532031,2.2358277965876354,1.5847602399423721,1.017236065561504,0.5993788188356249,1.547619488968641,1.7851348587131481,1.5788255687881625,1.2703338842008505,1.5979789074708797,0.9035115087941458,0.5582184942212678,2.3377350714458007,1.8434194260602406,-0.21488544593718661,-0.0499661252425121,0.9619730549507107,0.719415885889175,3.4330427415538427,0.7612288810841346,2.4591792535718224,2.450672479618433,3.0251270251888753,0.5541528025407988,-0.894693044806035,1.7604171359310745,-0.5087764811917531,1.8186107894347334,0.9058952969283677,1.5253073152338061,1.5984315753827445,2.4853982869349225,1.4665447847656479,1.920258978207748,2.1123889866639813,3.0757215085265552,1.2244329093493627,2.176548267798827,1.3097090556945183,1.6944941497919557,1.8921706453231888,1.633340493852025,0.7241077772157462,0.8659613778208826,1.8575666646793036,1.360265849739927,1.3810876741298197,2.0738841820555507,1.0375356909712727,1.339463447620039,-0.5025884759486365,-0.1884808954780474,1.2800756700885374,-0.006474115621261586,2.332740848037689,1.1084351682815388,1.5194668904778743,1.951423163173771,1.6583535336699806,0.8806509288831841,0.7614459011910515,1.35978681058979,0.4760974538654626,0.2919228581582626,1.2419756896556295,1.4578615943011106,-0.007770099649363639
2022-05-31,1.1187814332231345,0.9912699620022539,2.1839719327558758,2.833014875196575,2.2655147690675257,1.8543516538986184,-1.2313196639670778,1.7907859677607822,0.5455144325320332,1.9535962119052648,1.064506037957074,0.9194946448596065,1.884004187841614,1.3882800694573687,1.1737238588693464,1.374181201777953,1.4903878688400656,1.3046705445024283,1.6007762299635317,1.337905881315044,1.5313982043124066,1.51169997890178,1.474149635252258,1.5757608392443574,2.95924261289005,1.28020240954555,2.261853942852845,1.8557318248964338,1.2034829146265291,2.084791008897108,2.51565598660443,0.193260446596276,-0.1447924662799075,0.6021465453904118,0.7087766745545836,1.7663955250192962,1.4335251244037763,1.1439374251159642,0.6825064038475156,0.4381302746999365,1.8099057484738168,1.2593894827519851,2.1393941563822882,1.994978155731406,1.5087941844733304,1.504301819690295,1.571992650858603,2.237747061055209,1.2309411136259472,1.9488700344172092,1.1417849557485766,1.6245094993105065,2.9592315034140664,0.6236155559015466,2.167310241937987,1.9848034152610943,-0.2467295539446431,-0.6778212287813589,0.37916994635851925,1.6965579324226359,-0.5400887959990023,1.757084433932273,1.312123692447546,1.1697954467759901,1.6275154690059443,1.049319050132502,1.05273208400905,1.7776556577397336,1.1799763463972277,0.19284378805042857,1.0078102440950762,1.3320126580587714,1.4698108828869183,1.0644441570026817,1.6491306353477457,1.4990776616249357,1.39493109774462,2.059658235416545,1.8345469589128964,1.051679721737695,1.2887990298249405,1.731684136063951,1.9817835873226894,1.6912075964034587,1.8211542214312426,2.109826815385618,1.1706360144182357,0.5308094461737712,2.508047366026899,2.045636733957407,0.43368188287315773,0.1596304957025508,1.1001793988154271,1.5170967518926002,2.599827040207175,1.2112678683915628,2.0877948280092204,2.0902249015264536,3.013220715237561,0.19052947325596406,-0.33045122343274963,1.978044123424724,-0.29788380685149995,2.1340422384239996,1.0483011154175361,1.970368456030394,1.6457710831086858,2.7356019292955165,1.1709518465390956,2.335149903930347,2.106811654831177,2.834587357917369,1.087585873222736,2.1594504376312664,1.292228063482081,1.9700668394196827,1.6471013311652176,1.9068324396636642,1.1071866000910247,1.5163546949385802,1.7731703363898061,1.468680147328052,1.7466577743992524,3.3175055377924934,1.0678927787182433,2.1571952832589685,0.0035460561744529687,-0.12001075068580772,1.9257767926647202,0.11370886615862313,3.4359820464714366,1.2970150908122127,2.1431476226821013,2.1815987391916702,1.6919172511560079,1.2853256569040339,1.0479760670579163,1.2924406828559722,1.2095313869306097,0.549851720213601,1.3050829074520958,1.264075163998859,0.311480373187278
2022-06-01,0.986406369575991,1.7404666343017337,1.9066974639417602,2.390108590015545,2.132761463423779,2.485653712197687,-1.11889347435612,1.7413256042399952,0.46736711190769564,1.9119033933577132,1.28716233834965,0.9348869211217515,1.3006173985118255,1.236591340751241,0.5936575750390551,1.186627848545205,0.4439037146494912,1.0035040230728889,2.004993203764897,1.2226575279589942,1.0214256096951704,1.5883546543080203,1.4117213044277837,1.6322260477086554,2.5664427420257434,1.4811771240846363,1.904146736375707,2.127779448399895,0.8529040864575177,2.1969615799958047,3.2788776387120513,-0.1769597219439752,-0.37670073206861304,2.150238920100304,0.5479601440614575,1.951888968490831,1.655685281730642,0.9059538665915581,0.33000066472211237,0.4703218048015166,2.034995427148446,0.8904392615760939,1.4939551149029924,1.319088726250952,1.5643422605999582,0.5405450263183174,1.5295596735470518,2.1914987165047304,1.7619390602606562,1.1894364682198721,1.0425161032168244,1.697315451617714,2.432979293200022,-0.01908591998081378,1.1811433865295484,1.4322622117643196,-0.40631331403079946,-0.6836211108241625,1.3899047233886623,1.6346942355303102,0.44332462028899894,1.2275826580404365,1.6772185742774948,2.817605553570762,1.2450242261370563,1.0860207452122177,0.882613307166706,1.3565810956114694,0.943344413471498,-1.1084051921853364,2.3623669322185403,1.3891519228850113,1.5227574795716972,0.9884352099545975,1.182921578783595,2.4366616938431123,0.1750869667471419,1.9357633439120454,2.109145428576083,1.1779830177002537,1.0104525450686606,1.301558370246112,1.5497816919215353,1.5530150570368726,1.5101504853913406,1.1515139275331436,0.9885216887390105,0.3477435522770026,2.873002321478373,1.6228289570361816,0.25776555314936106,0.3845246502734059,2.493573349093268,1.2494271914202102,1.8358992111981478,1.5756038249828073,2.1297036668755696,2.135033291350623,2.833121684538754,0.585132356636662,-0.11687257133050315,1.9736327129494666,-0.12868565179481747,2.5250947502551284,1.1950940104697483,2.2298644820770113,1.4774606709641562,2.6092181198410516,1.0267648774558291,2.2116706008524556,1.7723616718692767,2.6909432482786118,0.7609762670934797,2.635727775041125,1.2788044557648628,1.7304096338970771,1.373012505580991,2.11161959129748,0.8027278694747838,1.4779109806241926,1.8534365544971627,1.4998763259977292,1.730543711481763,3.289931097440016,1.817099093381363,1.564583211573646,-1.5940527055990872,-0.36316330004970077,1.9688257227936408,-1.0296645458766966,3.059300761356752,1.6529996431750271,2.1048827886697103,1.6803432494410524,1.49820237891175,1.4750529867708602,1.3191639762025065,1.5811806472274548,1.2246218934506086,-1.0648199157180642,3.8413000977386567,1.0850422191752969,0.6298208828173609
2022-06-02,1.901436576652218,1.2829405315100726,1.8638707955765337,2.072381478727424,2.0316578928277047,2.320254556413272,-1.1679697997943579,1.7808194043291325,0.5291098405343033,2.112476234437644,1.8409060231531107,0.8269452531096699,1.7108344840468253,1.250811370016656,0.17095626052558938,0.8813041215806682,0.60323757949182,1.1383341795844977,2.1284046734270556,1.025507872726749,2.953549446064399,2.128377650872411,1.4654491843553297,1.3794305807808025,2.4893674533586028,1.6943042121216023,1.8409252215885321,2.0072076106756804,1.0896070167218188,2.1691720290696166,2.458407849637308,-0.43755721623791527,0.774224491755459,1.9084607280774124,0.31203865476649206,2.001834397282202,1.5286733167013349,0.7064709420762346,0.7630387714981045,-0.3441458584419038,2.0112194999153896,0.8151784503477332,1.5873466504438356,-0.11119203330456477,2.0713728325871954,0.25614268822593766,1.452059738770897,2.336674243977712,1.8053438316522685,1.7776480190148582,1.077176261123583,1.3288937956171527,2.328504608209857,-0.9962670400576636,0.521589444065854,0.975941330394311,-0.1314621869183154,-0.8698018289082896,1.514167363107031,1.5951181094930817,0.4025004249465724,1.7343939190622346,1.8403459321573101,2.493769795649256,1.0060054244038628,0.16327397114461345,0.6684431290929855,1.6047703358945604,0.3917060131919326,-2.197268647285212,2.2388219933873215,1.2002248955830157,1.4491859195456742,0.8256303483528312,0.9147053652254539,1.8257759414860584,0.09192161137071969,2.259592100031161,1.91824489310048,0.9169999307151757,0.8097615557923709,1.2857291306021048,1.454457991311223,1.3931752420274914,1.9634694255166538,0.6175499056583257,0.48239628621401986,0.48754217124392324,1.4908707320063295,1.635265888608582,0.41437958190872853,0.5004737354847806,1.7802908546203748,1.7017848687862054,1.4728450497834376,1.378579200318508,1.7362243613066335,1.7319619464061464,2.5006753542150815,1.3313846122825403,0.04046801546452621,1.5266738929476953,0.20433447372144933,2.4153508754116872,1.509097984074863,2.450453173547467,2.7347348393350033,2.239760414113962,0.7948403843176589,1.8398312681344557,1.3707956980030018,2.379191976598122,0.42872934632403625,2.2262832161650543,1.680079599159598,1.339304453624645,1.4028310332130722,2.083180120600732,0.9028405960849616,1.9070480155245955,1.495292530020313,1.2298073688181461,1.7692925193433986,2.5722045185425424,1.517251777850543,0.33103292454887917,-1.6719274729195923,-0.6856118873632006,1.6105530897129197,-1.4262822619947269,2.3924488929541887,1.6842641295546896,2.154579756196206,1.2558303649169709,1.380537116167182,1.1034546189364944,1.1165715450751317,1.5437417999357719,1.5177835447025556,-1.771997527092069,3.3463974006592574,0.645149544675962,1.0570909106953386
2022-06-03,1.6619741456229375,1.180830807953566,1.4408552655092428,1.4268531497613364,1.123081422968838,2.722983237424291,-0.8011430509916825,1.9595753157305877,0.2570088825695186,2.080645846554998,1.7323349969699975,0.5263997576065279,1.6748806862461183,1.296972672067958,0.36289510574240774,1.0286562120265723,0.515621806641819,1.3707061503839084,1.5847704823046342,0.36235009603413143,2.765122257380258,1.7378557807968,1.8674975692289488,0.9514223566166415,1.5951049381863334,1.7008149962245163,1.5517373593467236,1.7390675419082164,1.3629034344508284,1.6469780874750626,1.8906265482381708,1.6411972612696033,-0.6385114358787297,1.8968521892296792,-0.6015244643557807,1.6439806942032114,1.169857969086318,0.8123523667624369,0.851778154742479,0.3673143020328324,1.626303131772487,1.3667450644818626,1.3692376315547228,-2.1170556228774955,1.9531977587877933,0.6808570980885373,1.2077304180910555,1.819716983040247,1.475098008789052,2.443972150680429,0.7652298826998895,2.4793968982852315,1.9040984048654364,-0.9610927589178972,0.26622550546859614,1.1475530354659382,0.10665442161389327,-0.8416093001179398,1.725527285864758,1.6943381336952608,0.20656847119864388,1.4652409139883258,1.9158344473403872,2.803305938533441,0.49351999354887355,-0.15650400146352403,1.0800240662657106,1.5241858894719467,1.048368786748757,-1.7715192225029666,2.1555441424665704,1.8179529225625357,1.4120567537621997,1.2788868953730073,1.3014326688770346,1.3681678298380597,0.06922010230327078,1.9393125275136431,1.2857971399175854,0.7043123896123752,-0.015422121642481636,1.4780974308430812,1.8072404264350481,1.7580268153667278,1.5763513334876957,0.4314333798762065,0.3204864925163265,1.083481424115663,1.3160123435947628,1.2730374850473745,0.3284729699182661,0.8904696729870194,0.7755394002220451,1.7718547413866925,1.2270837793519884,1.7503042597724434,1.6899292115571896,1.6953716753244161,1.7993290563962792,0.44030989646484026,-0.4258395751045649,1.8478451460827043,0.3082226450471413,1.6776444678950315,1.0191694418946797,1.574825595890898,2.2331825247307373,1.4493873076332358,0.7257520002826544,1.698599903674275,0.6842684967149764,1.6909428583532549,0.5385076723328576,1.8920780152977625,1.528377118583871,1.4351139679454898,1.9311573245376012,1.9990326722611884,1.1236175757873232,1.1974572817577689,1.661915470768107,0.9756723358760914,1.626359597850135,1.579762303894618,1.3263982876377156,-0.46750322056078153,-1.2283701590135956,-0.8620225980075636,1.2383951909399948,-0.5293578742365197,1.7634735400340114,1.8107915017843066,1.9729923112146897,1.192326287208664,1.422108309557439,0.3567797786103875,1.3770932496900212,1.2706510390734667,0.8682492684076802,-2.135149295124345,2.4297418001617155,0.212153028641971,0.44149912367182825
2022-06-06,1.7077321779322587,2.724833445925573,1.423701515182909,1.5387679959288478,1.2225053190072939,3.2912300057089157,-0.37318956259003694,1.7745270259525991,0.4721211426747353,2.0509689512254243,1.6697604506525832,0.5540711848729247,1.3296690990388684,1.1501583119672842,0.29161596811102913,0.8062651125901853,0.28309858328824694,1.080240378134275,1.7250542285650408,1.1480924216202244,2.5832138929596327,1.7718222578482004,1.5905086463023554,0.7597551293855572,1.6032388978507168,1.8725487568743708,1.6254810435189684,1.792622999634208,1.4033856518963994,1.654938570640125,1.5670394636204672,1.8871020471300273,-1.1373941995212486,1.5422794568329552,-1.3085479742956116,0.6564323499682323,1.1331059738083185,1.3855695193295383,0.84327216576526,0.1290229349076355,1.4434961441631209,1.1016037829376173,1.1668558576223342,-1.9537866871046474,1.6521116481742184,0.8119377858468729,1.5117198290896467,1.9663914017072979,1.453796745847673,1.7403538186664844,1.0236363954466798,2.5586998910745655,1.7782507333141306,-1.8070208187656,-0.005450290955542335,1.2278114358495287,-0.23817392832427897,-0.6463749860189993,2.4452158074437556,1.538440463553214,0.4527756515812641,1.7859038878136355,1.8242866129160196,2.1188071236512265,0.5835330996440293,0.17414422463699628,1.110373572573807,1.656797021896575,0.4848966986258025,-2.442988092094775,2.444743691633718,2.060334619572748,1.4933758661566876,1.4989455406759695,1.1141055854455524,1.7438222218744202,0.48333593524992813,1.5878538024861986,0.9469090316971078,0.5369969043565267,-0.8633520895747389,1.2323478525086202,1.6566065090958741,1.8125683097671192,1.2311765353509327,0.5898491690737482,-0.5195759756856803,0.9511766926286999,1.4865327341295291,1.231543593259831,0.2194138298146218,0.8554995823719918,0.9705704597678781,1.779842672320022,1.6904315265938084,1.582913411795003,1.526167376815392,1.5169492438042376,1.5494126389003056,-0.04635948399840819,-0.06555689150517596,1.9679960170150466,0.7296572075528154,1.3344500678567914,1.0634404307151377,1.452488898464377,2.0184046544097822,1.4144287371891209,0.689528480604452,1.70296601363454,-1.419303887617412,1.5580636207882315,0.6020180993534939,1.6706614508454987,1.676584536171717,1.5359945272080822,2.1853600876547743,1.6992789302857227,1.0999512930290336,0.8127045630717327,2.4291904465327616,1.4507148475678147,1.5963582541350203,1.6121629814356615,1.3193889932129512,-0.4306392707996558,-1.7713765775877692,-1.161874248575024,1.3216246404920726,0.046137144216061195,2.123754642410371,1.91445444139386,1.7687930432109595,0.9580790850492114,1.528116661695457,0.41060846754862695,1.4757764984654222,1.4197204216057469,0.8684997993919366,-2.2726133482490467,1.8060188937121933,0.3033746313451877,0.7403152820045098
2022-06-07,1.7141347208444893,1.5683436931809411,1.38812964542119,1.3575762517314054,1.2526510708358003,2.5902309806519885,-0.3232538299716833,0.8614146202056782,0.19731165999158307,1.7421444915623776,0.719211785971759,0.1862621924975802,1.4247807490384223,0.6308634721341317,-0.6399136841819751,0.39632654593950223,0.05041258452933779,1.7873982515162734,1.2518547512334242,1.0298881523939947,2.0252582560557926,1.252941355339568,1.2147628683568639,0.49619826225158997,1.082697227370067,0.9658817589448845,0.8848527915997731,1.3843147915857683,1.2106716606793404,0.9555709322790699,0.9349665370175395,1.1349617772266287,-0.8520069231808407,1.0650624667066395,-2.36464508835269,0.32667033908801896,0.8182407462811638,0.44956307962460323,0.6882581432095787,0.3391508069728183,1.2547893105771697,0.7755664092681807,0.7676920463292471,-1.825192926836429,0.9274010032671857,0.08031866149625642,1.6841366879304231,1.2065833626732203,0.733125943644883,1.511444299816781,0.601889016987125,1.9737979090285451,1.464936520026505,-2.587064010935196,-0.08942408808490504,1.1517431532193152,-0.8509636049939144,-1.3588022129573036,1.6984849250788394,1.0511688289677457,-0.222360395563752,1.7525220869340563,1.6777407778524234,1.0282005834761818,0.26103853399041327,0.08934654458570461,0.5067876186361332,1.1332995571230395,0.12966227439053332,-2.9744146121446216,1.90977119009982,1.431072870764384,1.1586172265919805,1.3350738966819848,0.9372224925250764,2.9102581790936215,0.6372561617201498,1.2297083781265425,-0.5167466365065471,0.3084088257411347,-2.224428893659214,1.0591668922999518,1.66868214800925,2.1489614573455524,1.0628960503312133,0.6000401511903768,-6.253782654565672e-05,0.4585653248221948,1.1263145132613206,0.9379363251091698,0.23061868388359533,0.7508850701235691,-0.0811790771878153,1.3267639889209923,1.293601287800114,1.3692657723870978,1.175520454814296,1.173062949491105,1.2881570035558985,-0.1625909918641408,-0.15691355129494552,1.8264682967777586,0.8844774748165615,0.8140656614557584,-0.7653756704638197,0.7657570523208214,1.7484758466373942,1.1169106852822965,0.8927105916276359,1.2453879195489832,-1.1262692684515048,1.2142433605905016,0.11709661352853457,0.990639668371159,1.0949057323439308,1.3558694744569009,1.6258498609914969,1.3376782778365486,0.4738746428962307,0.3133996669704577,1.8939078311539599,0.7920095974004355,1.4423981357699647,1.2435222593567354,0.4664557696492111,0.03840947243920138,-2.0449836671913313,-1.131860754935986,0.6006337317587862,0.30266543109356037,2.0154605471644396,1.3375382875635955,1.3176517395684046,0.5209909818299471,1.2070920110562646,0.2622362727592374,1.1829997916715707,1.034412926615436,0.4509813059275259,-2.878688198384653,1.214631819468723,0.15566077044687876,0.38202594073265866
2022-06-08,1.2228193601012571,1.5667886008630219,1.2547330712057463,1.1532991087077276,1.0631900574277369,2.2022927624982738,0.3886962047332728,0.4299008976874647,0.16827483729224138,1.5551103644922728,-0.02614845027522827,-0.35217697444623697,1.4470214674502695,0.19168487136462936,-0.8019510885030682,0.6784234061712894,-0.500144445699042,1.7192216706941394,1.2170607935358586,0.4271053978455713,1.9417409598715674,0.6898376509362778,1.2465832841336404,0.2919538065630805,0.7523664820911676,0.8948876436154104,0.2683583592485879,0.9422873728680424,1.3216875391198053,0.912717063196394,1.1622216051637684,1.422678700945361,-0.6698520485462469,0.2814193189054498,-2.4727357166007025,-0.233368293625203,0.4097821251919085,-0.16098981792220535,0.7497814319182342,-0.03391712379995728,0.9241169970240567,0.4122610218845496,0.9067797021988055,-1.967909983171685,-0.11082235081455041,0.04961034477906101,1.5740768773372797,1.240742446452646,0.5327909636476206,1.277139111240069,-0.45601472836446566,1.3129628676894278,1.3489110710948604,-2.1326121324821448,-0.1911710985268189,0.8820082230074051,-1.0222088118659514,-1.97903404729002,0.9488735214044165,0.9683180045233756,-0.05742000000958775,1.702747963333584,1.6882851859643273,0.45440182239926274,0.13816513313323095,0.7131219077733351,-0.3671469784156376,1.330037873294294,-0.06138889755916761,-2.34839571870091,1.7204888289968665,1.5352569935165634,0.9934013085735431,1.4771150140683147,1.414324394425028,2.8716531664364924,0.7477349125656104,1.032683903755278,-0.7992715850211108,0.0991407764861599,-1.3659985265636305,0.2698053833048564,1.6702425798900478,1.9097284923931654,1.0717869924259722,0.3866724114220725,-0.09156404585730109,0.4312776229079474,1.3309464135966143,0.14994332786760353,0.4010008336851381,-0.1405055205671786,-0.7488185339549359,0.6463783844728793,1.1641546533117335,1.314869061403588,0.8964956531028143,0.9043167416245489,1.3963484917853255,0.09874344554095722,0.347505777145694,1.1711964310814482,1.1478917183509936,0.3537740099521687,-1.6446258713901452,0.49399943573197463,2.1903829914545305,1.144871297822345,0.826425422742202,1.2073017721821626,-0.897945062071634,0.705161545716487,-0.11956088170953057,0.8875694342667613,1.3661071898343347,1.4007204748740463,0.8811055174095122,0.9649827750342881,-0.04131380846424968,1.40185336979988,1.2730763974229329,0.0784175894899057,1.3136313629135044,1.0059612162992178,-0.10111622997027653,-0.757492907275242,-2.011857499192055,-1.1878609721626143,-0.2147999420136225,0.6268131956930427,1.5575537386883491,1.6013641832299554,0.7945888658703825,0.7929149999474034,1.042535557941966,-0.04522829063145187,1.9352240210890046,0.6027121005594114,0.5551107162784634,-2.4083483607948164,0.9204744070380145,-0.19456593386762128,0.04013336096768417
2022-06-09,0.4181422380768874,1.4530927014277453,1.2772361723458887,0.9038022612577523,0.9320380230320557,2.0174862917062226,0.3551919171710595,-0.31359699920314293,0.03355204968794239,1.0678844899176936,-1.1749457920770885,-0.9127988193555858,1.1840107372199409,0.2591983916896168,-1.9848019248915518,0.5794028195608653,-0.7010767340783177,0.7730357461745726,0.6413295507241747,-0.15317114838500193,1.9776581297930667,0.37866702051580636,0.6971696486254868,-0.4360122009763154,0.4217187405367089,0.3252010562502097,-0.21237331801312187,0.40343542572225255,1.0587037520225282,0.2010656014447444,1.4931356607222563,-0.0440718361269349,-0.5247638950104632,0.11888460292538999,-2.8334282849259913,-0.18484940293463706,-0.0020353640333349715,-0.9820492933725006,1.198068243451274,0.9552338921030691,0.35808562593109744,-0.006561606557570622,0.5100423524707303,-1.7162046567090516,-0.33691877022341554,-0.9105898767511359,1.5283561984835379,0.8318106320622748,-0.02393861057537034,1.0537178892073276,-1.1854201496523624,1.0559876424581287,1.4876025296940463,-2.7332575681827587,-1.158178990487145,1.1286059966870905,-1.1843613724014534,-1.673902798345367,0.6142411805539195,1.0982230243514286,-1.2585181540503794,1.1265222584916752,2.391810428347602,-0.4111254583612385,-0.4224843630087824,1.3746248488104953,-1.213087074597682,0.73419572671229,-0.4567959376483112,-3.0348891860440803,1.3765419233293996,1.6278016118999241,0.6217898433225313,1.2872698547793096,1.4672563557794027,1.7597947963771807,-0.4217287690262944,0.49782964868247725,-1.41410405942258,-0.12298945833128702,-1.4069390755710267,0.26924031431460704,1.5110167341404803,1.616028039440498,0.810820646281952,0.5119770669310624,-0.9922305775493009,0.2577390104249139,0.8593388819656007,-0.2699834370939562,-0.12806309609087463,-1.016263826166707,-0.8721419229543615,0.05774607983380694,1.3559302921254068,1.4295407516418752,0.5446563760866995,0.5402036007337394,1.8696069938250144,0.2627631502931811,1.1168137425780178,1.1762520882271579,1.1862315405284614,0.35155825239808886,-2.104794623501052,-0.3134035312345916,1.7487417009645576,0.746709610157599,0.18976635902546451,0.9614833788909807,-1.292378191060455,0.5091954088940532,-0.8501040134896015,0.3690225089117807,0.7075448567155153,1.2409790299563697,0.30623823362639907,0.5841708781144272,-0.8846174878522739,1.1940906965182256,0.48795950290737233,0.009051407189335345,1.2228168046256849,0.4103295979098664,0.2482646766095085,-2.720192921387651,-2.3676227911712884,-1.0513291288443283,-0.9361042184965642,0.9093541889530786,1.7457791637447442,1.651944735751454,0.10211353877975447,0.5305341673503164,0.30817349927373017,-0.7977361885088113,0.9494053890553836,0.8367668938016625,-0.5245822015808103,-2.609169486266991,0.5058687415329451,-0.744849477804816,-0.23586051916123682
2022-06-10,0.731194200486579,0.20750903878725535,1.2460308846201194,0.880649330672852,1.072915300678994,1.4787193124525886,1.777638618083855,-0.43025801582145506,0.9552936940028607,1.0711409751355698,-1.0426016934869824,-1.292475523021735,1.5070384790908409,0.4580460375094981,-1.6722543394942724,0.8302164024415312,1.4220345597055768,1.3863678939301067,0.21215618753569318,-0.09469641069303446,1.8482049774577822,0.7181786525093213,1.0867123434763695,-0.5172592045726918,0.6268830534906102,-0.0618215015642701,0.06853475770078161,0.7924299994732951,1.2337049994803764,0.5160615775670419,1.3691754088542918,1.8187338515095113,-0.129349373232763,2.219609625319679,-2.034134379143353,0.790931580283188,0.15929858218522122,-0.7569403391247055,1.6235674833911418,1.101377640239439,0.35933643530541004,-0.15607006119187058,1.0319929441134654,-1.454416242124509,-0.28911021321521047,-0.7561658724438418,1.6193083880211785,0.29862984624430833,-0.013691600181971872,0.9610771339176939,-0.7764263771756867,1.0742245916921658,1.435777600167914,-2.1877748210896866,-1.5617011896929038,1.140639719143253,-0.5702935212063693,-1.5014069874343356,1.1340877284323094,1.2848465661873123,-1.517577885495274,1.6123937739253902,1.5532863309084266,-0.5946717882464666,-0.4336598963857913,1.9046584821850765,-0.6613399870390936,0.8799605457196267,0.0979701057144383,-2.5017444319480746,2.2364357540765614,1.5003585432480524,1.0031978851451262,1.6570718713064923,1.8351366575079116,1.7512988178057454,-0.5920310309872198,0.7179714820521391,-1.0032040883021918,-0.3268235771172698,-2.229771882651019,0.4391979817233333,1.604621808086328,1.692710477386745,0.9945661317533636,0.6096991024435765,-0.29434453875561095,0.09689358549980404,0.8124711822953692,-0.09882600727085301,0.3142891944612255,-0.5879553917031128,-0.6138869224283701,0.37937029599463995,1.2683995083339423,1.4129478612938795,0.9703198156408077,0.9782872964131615,1.8228449604214194,2.7152171994392083,1.1527722772781763,1.6277486284834188,1.8692625061953922,0.783102064803782,-1.5207414359699352,-0.10398438920709434,1.6965171021283043,0.7996762497923067,-0.45890583589466355,0.764586414543577,-1.125882101062066,0.7848996651529166,0.9627613818851712,0.460170117851603,1.1795534935203311,1.4238833539890587,0.5873793371130552,0.7534907206515798,-0.7524479620390885,0.8019363442770839,0.7529601538808326,0.8270740813758759,1.4350704275398938,0.09253784702711255,0.5978430675638976,-2.742902191841521,-2.3364088544305504,-0.736806471774811,-0.5721475409700697,1.4916238513539581,1.4063186410336266,1.2490756965580339,0.1442590927960796,0.9488128774051463,0.5870974961684925,-0.4690775971395885,1.2137248267435359,1.3190584645888908,-0.9708935299995414,-2.273470789141407,0.2759859672434472,-0.6689290450875485,0.17794976950073577
2022-06-13,-0.31554512090562276,0.9073786275195976,0.8603388214967155,0.5229859431235291,0.9315186798906072,1.4775439212862889,1.725819075460758,-0.024368955530982717,-0.13513004527444047,0.8262776076064877,-0.48296974560106903,-1.5841785012741634,0.9370989752402041,-0.24567550569983326,-2.045011846244453,-0.009793565364855249,0.5533402114875343,0.8876401099204185,-0.282420922225915,-0.7360187168105121,1.4455413611492465,0.3785921846324046,1.42338024242701,-0.3355060462810906,0.06212508915720372,0.6530935207170202,-0.6029406837024727,1.467967148911626,0.7059483786051427,-0.14311818871270382,0.9398897774854889,0.7145730806127191,-2.1631953716007764,2.1811040942743705,-2.227700229088926,-0.9094441686048101,-0.6194729437389297,-0.16725485777358437,0.700794638494588,-0.9017123447084774,-0.25640969077530323,-0.06153665869702608,0.9795708008283356,-1.387746851633371,-0.8000285327322223,-1.3624514291470136,1.2598949697888069,-0.11549082662938712,-0.8938887654045771,0.849787112637662,-1.509298128950391,0.758564159830112,1.270529549056161,-2.396739285019696,-1.7054026476859951,0.2389209254319996,-0.704671371338505,-1.5629172200103911,1.4465611867696586,0.7730058030567554,-2.0597188836572746,1.132817323805394,0.40987599189298757,-0.77736496318957,-0.8395580572867932,0.03468301714898144,-0.992302451031709,0.5661288223742494,-0.5490244335141219,-2.356284358336314,2.130074977018301,0.5158238526159319,0.6657076767879069,0.3731028707437879,0.31810868718122753,1.8111145278522311,-1.507586842336701,0.1564175551787017,-1.9957198295609322,-0.9325625108821333,-3.3777517010123383,1.4867346429752761,1.4697674659560476,1.1958399717084727,-0.5400233569888803,0.11924731187244184,-0.01588520013566055,-1.348162380680423,0.24527956439785334,-0.5389113582475439,1.211813560747279,-1.4856999222514078,-1.2243986862322238,-0.16570415828361174,0.9187257893268483,0.8347133104053874,0.6106230472211496,0.6043649542797698,1.3809811640270788,1.873563252098673,0.6299212630207525,1.1232994230179145,1.6178418716634193,0.15411636425807176,-1.6927617971209297,-0.6893568931205075,1.096035664972701,0.34907955390028633,-0.9402515023053897,0.7756256355465286,-1.8731443326856096,0.13647829704884545,2.1282873314747857,-0.30729180927516186,0.4175832717593109,1.2746685503524298,-0.6981596879458,-0.20991248723600422,-1.4630699947064763,0.15886294672790285,0.31409798319991494,-0.5574162218895339,0.6375481589540757,-0.2989724017716005,-1.0393384543817725,-2.177319815785335,-2.3851619141803893,-0.8808257787315414,-0.457102917179569,1.4520216572391158,0.8502923301427822,1.0022706477746628,-0.26118329875981405,0.46742697132602185,0.7975365703506563,-1.8886024348085773,1.2712789659600292,0.45911402690008873,-1.3618011934731733,-2.0829493369088934,0.2088185697793163,-1.3069899824433084,-0.7282938770542323
2022-06-14,-0.2701026697952992,1.5962511798539198,1.3049978960918798,0.9061934575181988,0.9306077897269621,1.5404386423372374,2.1121554862842316,1.5389877628511965,0.2484934830733371,0.9854124840434219,0.9031254170384053,-1.5732123095499022,0.8992021564993411,-0.24853502734338506,-1.4051809478348443,-0.690303807602335,1.6339386192355696,1.519594190793833,-0.38440908911365596,-0.8002936352635011,1.431052390805324,0.4805317956806204,1.2059269832370236,-0.4346716011719454,0.22242404468208482,3.0870292277151496,-0.06748213397817653,1.7891236307905831,0.9765717094432262,-0.1579810103994291,0.6360342367276368,-0.5090811925934323,-1.4978434807365673,2.139540118921971,-1.7171036184639088,0.20973503214652525,-0.6928411806062865,-0.585549599499491,1.0950600804953545,0.4378651747679068,0.18120368751454244,-0.15182989078135417,1.98680095229997,-0.9813777246632152,-0.3212973163767149,-1.5158656227066298,0.4789024335395118,-0.6767669645272375,-0.5242355165530569,0.9544828447158809,-1.1981349315347893,0.819089416118246,1.4886895722507314,-1.7727736761354087,-1.3287848286558324,0.826472425610218,-0.5100140838460869,-1.4380900484877606,1.3770100710302413,1.0774940285820294,-1.742215334462337,0.7905256303525141,0.8143678724800947,-0.77736496318957,-0.47183113101460955,-0.5968827446392577,-0.41503623763743547,0.8775664509728744,-0.2988440746300865,-1.7590311538308734,1.9922387891054922,0.29444281378647635,0.44199471990450473,-0.19142174012312715,2.3484115775366554,1.3066429052374826,-0.2040557749407123,0.2314941593555029,-1.4947073102861645,1.6393280232060734,-2.9727563292465304,0.4787151662458197,1.7891972085524357,1.1460835484772975,0.14075496628370104,0.39795302952598904,1.7404791791160799,-0.7823997174110886,0.401997213473569,0.16175996538086668,2.6258601058857605,-0.36916527709825525,-1.3329668651028292,-0.21217320868515138,0.767672503355721,1.0167097185801957,0.38953126848993447,0.40171455727515915,1.2611379783684549,1.138406560564697,0.5610299265643977,1.1010832095769407,2.23445954366669,0.2048560714633338,-0.9979293425187186,-0.6028887014220073,1.0313256216023643,0.2437084274346845,-1.0051101447152955,0.7902213415727856,-0.6689973718093578,0.10167935915484524,2.637021030766812,-0.5787411003778012,0.7587934617095154,1.4821696040492502,-0.29737914908582763,-0.16045484280762223,-1.8834059553442828,1.4093334022642785,0.19120400924003064,-0.5964615659485597,0.8169891462538834,-0.1119576204418959,-1.7256211209641221,-1.0350674033692069,-2.0183156380491134,-0.5359937374297932,0.3317069300387611,1.1984522184319237,0.9509770692189291,1.1773514469439572,-0.36056552817456194,0.25464080938956357,1.0271626527938063,-1.3227528100523382,1.4896164942831247,0.14164566893804803,-0.8303405018252649,-1.7354672392849082,0.24325329254608913,-1.5877178053247045,-0.5049448643019372
2022-06-15,-0.23272864280622482,1.5520703705846493,1.2833352536887859,1.344687754498066,1.1481925336502623,1.2892204635275273,1.488178189666613,1.1950451916257874,0.4682694491446248,0.9532028977248177,0.8003993138426303,-0.9449021027704406,0.6130395016228317,-1.0969691885344761,-1.718749015543039,-0.6210365739686434,0.668381111692017,1.287854665815175,-0.5930222489550373,-1.3995249083743282,1.1913915849358512,0.14828876393108356,0.5410086108973945,-0.6632330171111288,0.3897993950466531,3.028938767760716,-0.16338365200368618,1.4583951129599322,0.9518543522835201,-0.29686462262589447,0.5798205136837659,-0.8206899603762304,-2.624141015713881,1.9859904238781805,-1.3111127889584004,2.1369928221152157,-0.4633439133654808,-1.9156394199981865,1.095557216943108,0.017128045936608927,-0.024841730042179322,-1.531205423380709,1.3605850557417423,-0.8412634782587955,-0.03056493475375406,-1.631833597657582,0.45786424745563914,-1.201518961528139,-0.2908396538490884,0.7048364264574736,-1.3145906661534965,0.5251660086494527,1.3359805183240827,-0.8060127433462653,-1.2427424314749929,0.446189452310193,-0.7515200622032016,-1.7505800877151023,1.1829957795872121,0.8178923961074661,-2.0054753557882434,0.4860649854663863,0.4580190988790919,-0.7689930328850528,-0.489083177780407,-0.47596736030734366,-0.6742814856221911,0.6072202565347099,-0.5196561877069337,-1.6631460095993782,1.8222840159867275,0.009979017922287578,-0.7416876022852491,-0.8115743825056556,1.729241816667198,1.2054026389931842,-0.793847648631613,0.12154584091285815,-1.5212801581485733,2.1606870333073913,-2.4496743836175656,0.2526318055431722,1.804568473999365,0.9188039586552804,0.013492262948879936,0.5837733986179375,2.38386047947508,-0.31937623726688036,0.6915893800342497,-0.35703682944730286,1.8349000136907145,-0.5865772343449291,-1.6343640822093997,-0.2085811088784187,0.8713012423638455,0.38146291907230717,0.3202075018121623,0.3290396858180051,1.1154380357877332,1.3450571685235702,0.4989577195918757,0.995904669786335,1.6775831648995683,0.09613340244384219,-0.49337072578890084,-0.6338793938016085,1.0823390102695636,0.31897948990129044,-1.6378584104155425,0.7012669786807668,-1.8001389779302277,0.012593159249667814,2.346577906101715,-0.576123786362746,0.24711721603408504,1.2565906718147115,-0.7080609922804666,-0.5816197133330074,-2.2624453162804157,0.9718733484608516,0.20182301879472098,-0.636903282142361,0.7231469837355629,-0.23570984729200364,-1.96850154444084,-1.2695867372617216,-1.7076751486595632,-0.4635045310898384,0.10216984886156957,-0.28001594412974573,0.6672879810169162,1.0047464248287812,0.754982894020445,0.34910879166417297,0.5470875826480583,-1.0330248053929207,1.095420568500593,-0.03611782951825865,-0.7057522285855595,-1.5836530985546795,0.15724077622023458,-1.33982832799714,-1.0156975475914893
2022-06-16,0.6870926709189442,1.8733479694467963,1.1408823459204123,1.1471589844449306,1.4166607882828541,1.3324311338572405,0.5324190199850904,0.1367510257910229,-0.3053148985716839,0.6354025356486075,0.40753403322936776,-1.8506620804935512,0.192523713198438,-0.7118929292251591,-2.0160177843017286,-1.4943204984186282,-0.5851996601846576,0.9608269589341053,-1.0754384136996724,-2.046091044450404,0.780484582402889,-0.10026647634241452,-0.11511291445221372,-0.7479957542117045,-0.5923960549231698,2.3207047187590946,-0.6608175527297807,0.45691319455204404,0.5719894588609926,-1.1220759425432796,0.22894671581493228,-0.701119367838551,-3.2412455246837557,0.9362452540417516,-1.367214579118024,2.071685378841371,-1.7990358436340423,-3.121244741973252,0.6902909177711143,-1.1111402087150068,-1.173942759384767,-2.9477347216804706,1.4261471322765504,-0.6845994546191322,-0.78519197713019,-1.5358993510205154,-0.027914502128299053,-1.8033928217837487,-1.1650397694648487,0.27940899685504844,-2.140084399763962,-0.27668133173861975,0.976970631348276,-1.6550068258099948,-1.1928060698526683,-0.44446731705945275,-0.09642081971784336,-2.0506312058320386,0.6384136946637469,0.4225521021237187,-2.047605101162035,0.5638113430485608,-0.15620884961047068,-1.027973567857967,-1.0482587539417452,-1.328147845875012,-1.6929039662289642,-0.7377829131066317,-1.2291630643338118,-1.7231097728618974,1.1146821394214446,-0.6464692266278154,-1.6117360115674502,-1.717349362980714,0.4250395655653426,0.7383026876345871,-1.136811068906098,-0.9167545326210588,-2.040509343880271,1.0212315817097597,-2.2291233754890247,-2.052275153936964,1.625937772752251,0.4811531026253068,-0.730471880598121,0.6947284367589954,1.8933834541398469,-1.5682511289021952,0.029064476060915553,-1.198932973360879,1.5144880261907816,-1.9683433993715964,-2.5403420958167486,-0.7220115307329877,0.2643566869572556,0.4982176477350822,-1.1828191791245621,-1.1784249599228451,0.8430342398189152,-0.4825532869196592,-0.14594791623123413,0.7432958297158895,0.6951138395286939,-0.2896121215948573,-0.7949082868655961,-1.432793001093407,0.81244462054039,-0.1250614964911029,-2.3899862611593754,0.4003159170883002,-1.8964743679359766,-0.46380994182665136,1.4733954581421242,-1.3124131609371656,-1.3095833237456413,1.1611928394649713,-1.6449520396687898,-1.1923483208182895,-2.424939523168945,-0.8728475171324415,-0.5411879795744837,-2.2366249166953724,0.2674771906096817,-0.6696673535874351,-2.923158428688994,-1.5013478453841398,-1.7735432133162605,-1.4234372556985342,-1.1243830480241068,-1.5476122248087008,0.26365184346545795,0.5279369886141934,0.3882272967362805,-0.037849066734050585,-0.15456228831812996,-1.6568414595538759,-0.05830322101684036,-1.4734375241722673,-1.0932076090084442,-1.6893972607108165,-0.1339887177451396,-1.7790604793647866,-2.092667377032241
2022-06-17,0.25350577308248134,1.9042912407561599,1.8845612720711347,1.7143604791585179,1.7097532296569025,1.2913764875229183,0.308587351226186,1.404321118965361,-0.008920391883690228,1.0688755547793936,0.21967653825649802,-2.3971753830520117,0.43240798469991537,2.6236095801998793,-1.4514597181885447,-0.41841987279829024,0.3449039673197151,1.373711224399529,-0.33500091463895565,-0.23645302922939287,0.8593641092351642,0.2344723444673374,0.005866774320095201,0.05164349376940627,-0.6748790516447326,2.198842855190212,-0.47056464498278117,-0.526515137684418,1.0765001161062648,-0.575545803164476,0.3134427597348816,1.885517455511122,-1.9975523057478335,-0.4767330861028348,-1.4515146656372477,1.9863583587077887,-1.5550981213284123,-2.5170638451171925,0.7253614427861493,0.08638438393706072,-0.7482446889843654,-2.28198057621716,1.5565404406759007,-0.4943878381972381,-0.9421883809664442,-0.8980156021422552,-0.6362740545087229,-1.9690620364576075,-0.6683008463838612,0.36475453262240976,-1.3676247444232468,0.01488791858958577,1.1269808926295766,-1.2663502047723818,-1.0109562425893748,-0.3386224149440252,1.8210897028775173,-1.9667666877343661,0.33943896080377806,0.2871799952351797,-2.037646353078011,0.8244590385779156,0.29112225655558027,-0.791497725867976,-0.8198645041336761,-0.4876130511886008,-1.6794524788708818,0.3025305419194239,-1.6892874310372457,-1.3957203927172774,0.479906698831329,-0.42343587762817103,-1.2747083487733217,-1.4510122416435587,-0.36726179220607286,0.5002636857983359,-0.8937609706168252,0.11714772875456161,-1.3461233723391823,1.6490603683708835,-2.1196936987771657,-1.3100747831219703,1.7426512881211378,1.1210346059485479,-0.8764476384854003,0.8194158999085337,2.032590326470691,-0.7493229107014601,0.021840914498011194,-0.16338718740659913,2.5244156254610473,-1.5114769634404968,-2.202584671791744,-1.0452164945501228,0.27382692531601943,0.7793532865226,-1.607565420273911,-1.6072361291380282,0.5463903557632623,0.027957334064396044,-0.38573620002420456,1.223715025083087,0.404619776434125,0.05562767025132818,-0.4272185171432019,-0.9638591631127572,0.648893900632805,0.40894697117572143,-2.061280932763778,0.5088289814513376,-1.4789788817310987,-0.341843737196679,1.7568978214736262,-1.4515585794191592,-0.5026739042689619,1.4277719308773273,-0.24970576972672137,-1.430276865583884,-1.553460953045117,-0.7360840552251969,-0.169141158872558,-1.9567089515852587,0.7140622341803783,-0.7067814512609344,-2.6915163796090784,-1.3011707072827046,-1.7033506304328825,0.6867624594228083,-0.9721004430412968,-0.8640600650035277,0.47673894598475064,1.9920858415593965,1.2999682961759533,-0.0363375657926241,-0.46359504222202336,-1.286067554101438,0.5155844791412474,-1.1772824949440466,-0.7513602970693858,-1.3176078842465,-0.06035592361920201,-1.8040462794825152,-1.842208058002416
2022-06-20,-0.4465087784689489,2.0178349815441288,1.7810344672286975,1.83071865141853,2.001491031245277,1.0896461961729111,-0.4516739671483956,2.3234373930964947,-0.42105281383490767,0.6930825408562287,0.4434661806416882,-2.3669138948724227,-0.9099653853299646,2.3072551549470237,-1.6752401346221515,-1.5745577474756431,2.5666440275932927,0.8553780615240558,-0.21934148709915316,-0.40020392947086497,0.5574940899908349,-0.1823035364606527,-0.47641990814737106,0.16127386768063445,-0.5966828072515395,1.6522640465453753,-0.9105289971382939,-0.9607779235517433,0.827562581797112,-0.8164041273694975,0.2245120609313386,1.432038964756723,-1.7371389954261935,-0.5288211428466522,-1.3406272757020137,1.937253116393226,-1.539715626745192,-1.900537193912342,0.6421197488293114,0.9223441005392928,-1.3157883288793877,-2.1204969773281874,1.6639077389117138,-0.5180413840607541,-0.8386800115914145,-0.8721224787950307,-1.1755943271496834,-1.783463026855591,-0.8457458454067015,0.3776296838954074,-1.369954605636855,-0.47561117687277776,1.2603241930267048,-1.3095659955786432,-0.9890399750172744,-0.3631610344106954,3.1478448028630575,-1.8340975356401477,0.11030563903500405,0.10230191955244118,-2.458063837444911,-0.3688123240449087,-0.318376891813444,-1.0475964753445557,-0.9532842621828371,-0.4502990714776222,-1.9720658842049008,0.035225527482127365,-1.7520364534910435,-1.3764097365814714,0.22394453358023192,-0.7935301233220327,-0.8378756763754113,-0.9571922555293022,-0.5564481750824551,1.2212109575312258,-0.8481438789517256,0.010551846685471334,-1.4198895800590037,1.1729723612196208,-1.918781430522322,-1.4973068165682932,1.5640746362085385,1.3332213021563206,-1.1466662204051241,0.9707869448719312,0.6330904439806991,-0.7231853171407369,0.9764376227214709,-0.8994926299466905,2.537771577978675,-1.5196133261708173,-2.038294163438825,-1.460902572452627,0.19010071264928155,0.5540085589659167,-1.269754279114794,-1.2807457432031224,0.5808352976160311,-0.31310115485751805,-0.9612045751047519,1.0890272865238486,0.8004336801498251,-0.03175471989506608,-0.5169263038538571,-1.032993569654378,0.5406801336744101,0.4179743793193377,-1.383388786036474,-0.71511523668393,-1.456637195168269,-0.6289064813083673,1.8878952469428816,-1.5213268866790635,-1.1869283602774447,1.070757550806677,-0.16413275531266633,-1.8399984389326975,-1.6301257291009268,-1.2027807895259854,-0.3152682343647242,-1.6625490083429997,0.37619727948582676,-0.5448126181262978,-1.9568635288273903,-1.3734261521112974,-1.615842079493545,0.1591072829554995,-1.4306388090659923,-1.9068866852175246,0.3955911439889421,2.043324661095541,0.8176930954844785,-0.3204201857455651,-1.4094176255784359,-1.0959667498303534,-0.038631485556517735,-0.6553053954428619,-0.04800270924829041,-1.4985240356012188,-0.37220003754212216,-1.7332206870505287,-1.6487906622883488
2022-06-21,-0.8056562400362065,2.0325938162982737,1.4637104716623153,1.1777880438834076,2.0733504765065494,1.053401688913197,-0.9213006777798579,2.308364357705325,-0.6019872982816177,0.4264262933133803,2.16521588630015,-2.0434152557960914,-0.4265828106752467,2.6914694840957902,-1.5868508475553649,-2.8880177859811584,2.243123383521654,0.9804813499766909,-0.20929107376331232,-1.3346878858111555,0.5410777608797197,0.7273337773740358,-0.6052176609310961,-0.3470974867705951,-0.40433018125778153,1.5193830349792372,-0.974405380723846,-1.0675346060902633,0.8886455424062532,-0.9184267769376127,0.5668677970445742,1.0281714202144558,-1.1929889507921192,-0.43334791002979883,-0.8152549751504199,2.2308752316156553,-0.9935904312733748,-1.5313360228751898,1.9285054748222226,2.214904923411683,-1.1091036625040496,-1.915038625243532,1.893621115491902,-0.323228234671631,-1.2507322289742855,-0.6761017095585241,-1.0283256068138145,-0.7830244530211582,-1.111873966750096,0.6097116016494984,-0.8357126039115488,-0.36711110359417753,1.0402270334525023,-1.122214138633495,-0.9267084379641822,0.6945076086198589,2.629094995571481,-1.5856753859018327,-0.8131258411670911,1.7126603553273485,-1.9722731014585622,-0.44501153564244317,0.3888334183078073,-1.2661048288453607,-1.1000233136665118,-1.1147988830449675,-1.4677867027757792,0.659740524522909,-2.2222964634702658,-1.047580655458278,0.4115486796816561,0.008365247994180652,-0.383522361392059,-0.8666829688202146,-0.935856914268631,0.8817351173981574,-0.25812601968128596,0.24425252293068508,-0.7018172399606116,0.9622609293002164,-1.4973222579421184,-1.5128100074697168,1.531196476580688,1.3022924908769589,-1.1304936849391318,1.7383619240337838,1.0480927922611796,-0.1921127062256859,0.6752316699108595,-1.224732121062572,2.1184438663843013,-2.0113843808981375,-1.768883528189002,-0.47543165318717356,0.24024261178742506,0.65219601376407,-1.1693513461680787,-1.1814757806874958,0.5599451751566378,-1.0410298761570616,-1.4527816146544315,0.9651319613712229,1.2100086601893079,0.15452481096527684,0.0023522150350146686,-1.041082191504787,0.4239355172185681,0.8821819735922125,-0.8784237702999005,-0.5683076616530243,-1.405943754530121,-0.7283075831917116,1.858822530263827,-1.3758281195205242,-0.35717904907224163,1.0295552867641062,-0.33984988467692795,-1.5283743282057294,-1.3382324211765622,-0.6349235605134912,-0.6951567905740887,-1.3528001684001858,0.36559872817612454,-0.8196452182185692,-1.452567280299351,-0.8770425022167071,-1.3585722881241702,-0.04742949384588277,-0.7587180044949017,-0.6783796406342547,0.18009210524880345,2.0080187904788804,0.7590305048046273,-0.42147567226241156,-1.546088273122608,-1.1530659963567162,0.8435076278007068,-0.6776422925327181,0.08981471427794167,-1.3550783739261953,-0.43051767196995583,-1.7513925846204195,-0.8095159585511252
2022-06-22,-1.292081783553462,1.8510164284553388,1.389429239088159,1.0784902611241454,1.4878427522651574,0.8381660912321792,-0.9189786364730718,1.487689772997627,-0.12566007190400252,0.8134162693942786,1.99036526193261,-1.4166939823504372,-1.7655086449688742,0.5500938866022153,-1.385799660780021,-2.2648051576489703,0.9257689530298466,1.4925663204990325,-0.07511570715208031,0.02085331860403421,0.4560467296632507,1.0524035687753983,-0.3121865594198667,0.18900143857344406,-0.19689176624477558,1.1780668723980325,0.14558973432920033,-1.1102542427129298,0.5233144589469739,-0.6269012835815934,0.5542941871162683,0.8589310932755796,-0.9331708683010115,-0.4050608182284215,-0.21462941993439755,1.9766647384919744,-0.8994935505338955,-1.2854033119705857,1.749238881582963,1.802773352033583,-0.5430572075969435,-0.6128121339245194,1.702342116002417,-0.08861368678393101,-0.8945596109077687,-0.3895544178333146,-0.6746160087477896,-0.9782707858322467,-0.45327079915984586,0.5084481635823992,-0.45391487364317523,-0.0546964549289309,0.796952402470542,-1.0572191469397836,-0.6314691360849071,1.9369749548180653,2.2463347372170284,-1.5552526204276722,-0.7226934752745697,2.348043736744071,-1.9267070747877197,0.10978980678418693,0.4380108140334846,-1.3020514496235915,-0.7860230018753511,-2.2189078374411406,-1.148758015652361,1.6210699132129238,-1.0426171762614833,-0.9838554526322021,0.5780185705086018,-0.17312568488433916,-0.25175168684835075,-0.540567559195835,-0.10065813731546212,0.7991923924037286,0.86050321893753,0.9684580719121889,-0.5262903081803477,1.165442203713574,-1.3644988446899868,-0.646705352035143,1.3060141336961049,1.7272155781377634,-1.0017377443251696,1.3652886288855843,0.9914886653672876,0.023910164489856178,-0.8264942985949075,-0.14682050614892644,2.1239448093696347,-1.438809680997321,-1.6690167112884724,1.17638058053554,-0.021469293247582212,0.9366450940390307,-1.0463900279949712,-1.0450224712407368,0.5989625014364006,-1.6861448393300462,-1.2179689041241275,0.8359805702759588,1.2164658856236452,0.1652275784002167,0.037743421753895515,-0.8245156193221275,0.08322257802216755,0.8415627461033162,-0.37776722936148427,0.1352958357844245,-1.2246888927552997,-0.406375256489529,1.673444953563926,-1.2292418170816433,-0.11641732688826217,1.4005920991766625,1.709669744517184,-1.4112916004200984,-1.0226439904385585,2.7965157676701144,-1.1320195081373903,-1.1230760233133803,1.3845628739199836,-0.7293437663527433,-0.8699594529529368,-0.599952487485638,-1.231016559839976,0.06041512541481074,0.13304305977057693,0.1443963475597839,0.20952335169011893,1.4531878795554882,1.6058615494005164,0.08144275080403707,0.2879321569132333,-0.7311994504256408,1.1547457623507538,-0.5827021456989784,0.22586901225784534,-1.174675346725286,-0.3166323167710418,-1.4148275384970546,-0.298223539158215
2022-06-23,-2.105039125167946,1.2330268165330607,1.0246904792968334,-0.036314585195243186,1.1851871137279828,0.6063255560973415,-2.007831845848308,0.333598492536208,-1.599087119738356,-0.2828342688874174,0.7827375047004329,-1.1662404517691978,-3.0054127743527923,-1.0290471317037364,-1.5493925698944715,-2.4162907441359813,-0.08786084470681882,0.7150849412551226,-1.3867425975860166,-0.615003565787918,-0.36083417895054354,-1.4248255466250426,-2.625823416903632,-1.0831799951735779,-1.6304606651957034,0.8307789439643932,-0.6541557864419101,-1.7403649279236766,-1.3844997266772567,-1.6976146378386519,0.06641306589741969,0.5737357043081939,-1.0276800073116132,-1.0765960442218008,-0.5202516065490506,1.8032026070517788,-0.9347818213716718,-1.3124048204513543,-0.016349589837705226,0.4348947811762772,-1.8157443295559719,-1.6685318165364207,0.42234901509934625,-0.24139033205234142,-1.6709927746822133,-1.2676634948926924,-1.1037512509522633,-1.519625327100055,-0.7924024535137967,-0.3781568750130704,-0.22308254962965937,-1.219473650415489,0.43910348126517584,-1.374776272027376,-0.5734805089257762,1.1845152753158945,1.4933805784072798,-1.666809865350608,-2.123042586180028,1.558513562715384,-1.362581726042084,-1.4627820727022116,-0.2953408029080106,-1.5414420430143507,-0.7321211732334417,-2.8419075062590595,-1.1791951970656744,2.6811722101506215,-2.253945997079925,-1.2088341747047653,-0.5092026254024588,0.0044864920752645115,-1.1338978938610693,-0.8212609147091388,-1.0031984436719954,-0.4495662005970819,-0.08646523828516371,0.6772755648984015,-1.2936377335993121,0.032229968213501374,-1.4444627170049775,-1.2225492866155254,1.0853853175431043,0.9289072282629111,-2.0800800929789025,-0.24253249168340127,-0.4556151089791164,-1.351143786479381,-2.9618303090756255,-1.8857654175621081,1.6657895305731854,-1.73332748635257,-1.7615237127009769,-0.5865697481471543,-1.5050847526662752,0.3223119561456117,-1.7159483323432094,-1.7117383993764346,0.13724118291549184,-2.370977267354656,-2.6716097776537686,0.3054391852640622,1.1618661080678192,-1.4362094798280451,-0.5712150755363793,-1.4063759643712264,-0.6214473541076636,0.1211913135826564,-0.650812208543794,-1.1406133420132079,-1.5521336739148037,-1.5491190155640058,1.0257980502568975,-1.506218565495907,-2.478375233889158,1.2570250621242973,1.4673181715867794,-1.5747278183492268,-1.2873012228832676,-0.8891261495245161,-1.9515657255893089,2.3718076261718335,0.9077796436768012,-0.9800400707344984,-0.6053901256915482,-1.299316809302598,-1.4505772590034562,-2.7698137017847153,-0.4237186193632117,0.023343938739667523,-0.7202777892288965,-0.054112332792634256,0.9331224279669666,-0.7561718795171583,-0.5528739885186529,-1.5833949279544928,1.3351435566903995,-1.6148938465483589,-0.9276026935384108,-1.3399721015960682,0.13134421339712096,-1.3545385512256627,-1.3967696407559778
2022-06-24,-1.922168850237067,1.1713797617618658,0.9678804498309383,-0.13366505318260968,1.1045885895776026,0.5880263899679544,-2.41597192399469,0.7084305296237214,-1.662428594418078,-0.3994112428388402,0.4420843996116555,-1.1570410563262856,-2.517681143686471,-1.4082539785659045,-1.3571563206399009,-1.966779013375286,-0.14485657614761457,0.8002502434517345,-0.7198399407631088,-0.09256116502628566,-0.464817569839061,-1.355471073986978,-2.1743485045976083,-1.2100931769845757,-0.5635985015366086,0.7097012667396746,-0.8138225525888351,-1.2830883825795731,3.5157934703947844,-0.8137330541550498,0.42364736891792637,0.5808015595265955,-1.1639230387777724,-0.8521740824948955,-0.3984072190159956,1.3993391844085625,-1.206490868444737,-1.1176881137673673,0.5823634372588801,1.3034358708736047,-1.5348865716369433,-1.553566832521861,-0.7010927274313283,-0.512964800114489,-0.4377232739334091,-0.6426785214837809,-0.9564647169423937,-1.3279752082780445,-0.8400396956622379,-0.95660356102548,0.6080094292002167,-0.9382167521624927,-0.09849677902312315,-1.363708852149104,-0.5475025521330398,0.6941765682779337,1.4917491986360312,-1.5375777863529447,-1.7262896447785243,1.4696471688935278,-1.590966738657415,-1.2904698356657187,-0.7134863836320192,-1.395189661851162,-0.5857854574794858,-2.432750404574638,-1.1892177690424957,2.354954454201453,-2.1863481776823397,-0.9865962868696687,-0.2432834160798831,0.22356215371526952,-1.1094972960224223,-0.6861767383982474,-1.104439326776712,-0.7227633891124602,1.1666638705996377,0.8914661037315352,-1.2222928177503674,-0.30740198038611255,-1.2779280447262726,-1.587262389248054,0.7665576349697655,1.5772247472611711,-1.4539196309696822,0.9046011422234955,-0.48605646852732565,-1.382401764280692,-2.4012284020346497,-2.071920880905089,1.6625119346964952,-1.1859184673001004,-1.5866134651861048,-1.5607486263448511,-1.8614301595998635,0.18470016408937281,-1.4200274869100282,-1.4285771294317724,0.692026928121336,-2.4598450316092206,-1.754051298989547,0.6804479600461341,2.364357339763658,-1.352937000919028,-0.7167339804420986,-1.076017789704346,-1.24388170770134,1.6190402463174431,-0.6999696589668045,-1.7246236041539664,-1.0882440643449534,-1.3017073684478577,0.7878084549368946,-1.1920405511279242,-1.956173000395671,1.0249107775017603,1.7814219478014957,-1.4489614989498574,-1.0741012861601296,-1.2705084952678622,-1.521369438827861,2.1669385356579807,1.1898797535590104,-0.7490343730248685,0.0036677475759778777,-1.1966641322087408,-1.3562990089133717,-2.723654702514819,-0.6656999711972571,-0.6124314380562643,-0.5309380644811186,-0.4732895288022398,0.69936969345165,-0.5308318034893627,-0.8390657319948679,-1.379590155941522,1.9390610025860975,-1.362816110787726,-1.7348501892842607,-1.6358208369804481,-0.5745797039829786,-1.1742144738968487,-1.2303367033299788
2022-06-27,-1.9504301167003002,0.7165017813180478,0.25819578521798453,-1.3265283020398726,0.696640201590472,0.24358976856100975,-2.969990962671528,0.20412044604195212,-1.9121223409880623,-0.6694386746043995,-0.6913925448822438,-1.3377118389910452,-2.4513083550159025,-2.096901265790368,-1.6661628244261228,-2.1686593686755846,-0.6504614804496203,0.1658613979603355,-1.9008313130481924,-1.4847669775892594,-0.7519214857993363,-2.5752429319654,-2.0979490537271843,-1.4854439559548298,0.040691815826495795,0.18524624667268222,-1.0153234425460569,-1.4255723760462975,0.8061589910722682,-1.2969157714519217,-0.889144131776593,-0.22291699715849012,-1.5398422811832535,-0.6983077804085537,-0.13887688637496656,0.2868748005855366,-0.3965466734585172,-1.146362125061023,-2.1649488281412683,-2.1070876739585227,-2.540740718208346,-1.8140479119049242,-1.2834501863667702,-0.5642795642094873,-0.9340915695077845,-1.0187033399612542,-0.19144608088110884,-1.8082819604207716,-1.4203016206197925,-1.2535675590285997,-1.433141783291298,-2.096489445955845,-0.5737104663944489,-1.2599544312879973,-0.7902547055492288,0.5877053450910048,1.4949780433908553,-1.5291531525086637,-1.5590662728131066,0.20160582765742985,-1.6164430441945798,-1.5938577854351117,-0.3092080425373069,-1.5283462372938181,-0.7502390602132252,-1.917852713015454,-1.6465355673508064,0.1867671858915694,-2.140637760320886,-0.7521826215988862,-0.5127153164923045,-0.04152110704315479,-1.2669244968794782,-1.106583652394854,-1.9246177834046339,-1.3006064282600338,1.1636470625966253,-0.6112535173880816,-1.2537104814617595,-1.1589739901680967,-1.1378223488261443,-1.8076891006842184,0.6149406532478127,1.031456474318488,-1.6493813885900153,-0.29558413120787336,-1.7579273583372212,-1.7246210571990361,-2.0290992651045467,-2.010326271454251,1.3055847509667857,-1.5067193059087676,-1.623622243784639,-2.770662428987339,-1.706004580431666,-0.49202974836937746,-1.4593488702316264,-1.4568437756583785,0.3852199550372082,-1.3796971995155973,-0.6603432457130668,0.7380404053123862,2.719485796886902,-2.0020536146212105,-1.725551579575374,-1.306748304394439,-1.6891410152268687,1.7271761684543283,-0.7324946854448413,-3.24107388049518,-1.0730827397564133,-1.563825414027916,0.13726137520044396,-1.3555988064630624,-1.9055910977183999,0.7447380901772225,0.20012915862532246,-0.6366881396816882,-1.3221860335727142,-1.3219727343142726,-2.1625076073513543,2.2652022461082386,-1.208280246804641,-0.914344334911359,-0.25045655226481384,-1.212088761770106,-1.022850253729836,-3.232893801428854,-1.2476022081916434,-1.7724480684769437,-1.286092896877624,-0.9858952652723383,-1.0133380495067021,0.1447548939198026,-1.9161032900446564,-1.7157854356854159,1.4185018881938307,-1.452713932263033,-2.850032606850839,-1.495978336442926,-0.8204063548342047,-1.4112334037793497,-1.6286963990455592
2022-06-28,-2.5914501777905454,-0.11123842660399146,-0.29543062338918197,-1.687265302799524,1.0386648537138505,-0.008283528744971057,-2.7355016498500975,-1.0347530936044176,-2.7452806987113805,-2.5988038379441263,-1.7062500535765834,-1.6268106611358586,-2.656260048216753,-2.0890218688889024,-2.3408980576828786,-2.4663027873994543,-2.4781588748271575,-1.6061361411576942,-2.4867327332616287,-2.616849037878503,-1.3041793812347857,-2.941401925229417,-2.5031521159087533,-1.8589996494437517,-1.3112390465981396,-0.44645142477133215,-2.3105471209383435,-2.000238131826643,-0.7772566178109986,-1.9102305134616675,-0.8561038601384272,-1.986144039726898,-1.925846546584526,-1.1769520362577468,-1.0438928594299772,-0.20197924114030535,-1.2991632743417068,-1.3668757848800497,-2.9911768610891003,-3.0104169803964593,-2.6787196724102893,-2.3262489937092456,-2.4689396472171774,-0.47120258384941227,-2.4274279626452775,-2.4291769649674646,-0.7070031831883237,-2.0120608405616935,-2.009581232841397,-1.8664687860805138,-2.7825261047861516,-2.394702534892181,-1.88058748395466,-1.6029095819930872,-1.2639653064337755,0.2462680894923173,1.8265699596456617,-1.8072776474637402,-2.0619892191942064,-0.6497711585387842,-1.6741834359674808,-2.6685115031232676,-1.4770088413490128,-1.5481369621672127,-1.5641365428502378,-1.8304909449230697,-2.0715274056223745,-2.6984453030833904,-2.056546904599666,-0.9232688652098788,-0.8001094921392099,0.40161862001297205,-2.1823491480156747,-1.9787015014893496,-2.5989029479583214,-1.6442532525038895,0.43831029697320956,-2.7010453235360936,-1.6543877340662778,-1.424052102390057,-1.2100781128773217,-2.236688122645528,0.3779262104064634,-0.6799499732811968,-2.2372118843472384,-0.9546483920596538,-2.341259648828485,-1.755207915828689,-2.0488792058261205,-2.8965089144454583,0.34851299915672573,-2.192031449094783,-1.8170699569470359,-3.1149794924105914,-2.8266218815103468,-3.5069446982743147,-1.9084178099588245,-1.9116124305318416,0.19061089229474604,-0.8543096524956362,-0.7911591664348191,-0.5293751257755974,1.860318011601512,-2.4615254943267244,-2.2691326721165375,-1.8314670562457795,-2.458057790480514,1.2107793073971778,-1.3168724281277133,-3.1644419017544334,-1.5913567471320589,-2.2152349044935424,-0.5938974600920831,-1.7087108201069623,-2.231676861991545,-1.706138045170323,0.14277930469982997,-1.1165063246678975,-1.98327030794416,-2.895458005536457,-2.359424507199966,1.427908666600251,-3.395949953674092,-1.0643943350432667,-0.7524078331157508,-1.7475638627499868,-0.5908067810926976,-3.009206942016976,-2.2713480872371314,-2.147259023827103,-2.4523775401271948,-1.6887686567200497,-1.8313185854604759,-0.7681740714877774,-3.2289815779980824,-2.129961327682553,-0.8403193334363722,-3.179957527161705,-3.0932869532979943,-1.7548439924673565,-1.3377001328042684,-1.4639210593010434,-1.955299628993178
2022-06-29,-2.4173521721115367,-0.44242866330125763,-0.5760143463743336,-1.8737246624744253,1.134961413369304,-0.3612478024377227,-2.411688078974313,-1.1311234243430008,-2.7810277392798106,-3.248777536669773,-1.6722588970379075,-1.6304745540913337,-2.5571317746136577,-1.5800108311291312,-1.9078565038711637,-2.1813832671581252,-2.3888047819981564,-1.799546503010014,-2.214136743674078,-2.4766389685741834,-2.2746184787073314,-2.829201676938318,-2.4104659721712762,-1.8944794347690175,-2.132708859337328,-1.269371720080639,-2.440332793251996,-1.832868317560567,-0.6025231491641138,-2.2296607682266374,-1.858643379883368,-3.2129402671228093,-1.779555265222888,-1.471045723632237,-1.8112060868302222,-0.199934444690317,-1.532301438281852,-1.3352201058732114,-2.9808782275013463,-2.7495228268737377,-2.3377762017232597,-2.0188106317524737,-2.468300263218592,-0.6095904897747187,-1.7209795492493796,-1.6482287548642531,-0.8851404376479878,-1.654205546387223,-1.9942889393521959,-2.154742867159447,-2.4985765354770866,-2.3584176019511984,-2.2728282785692837,-0.8588490071918005,-1.3377916833424008,-0.2175866270090665,1.296707569989346,-1.7184365657156013,-1.7212147970892655,-1.3684482235144961,-1.5447882721317558,-2.384378652882199,-1.6002487576834654,-1.4476456234759971,-1.8363839020274746,-1.4171879587148222,-2.096383974133078,-2.7559028670492305,-1.3300565705199114,-0.6160334949072701,-1.4880122672008957,0.08889456948315579,-2.383552442029405,-2.1449522787927777,-2.2766758714307547,-2.174713372253684,0.07584835551026131,-2.449721278998387,-1.5677412039058998,-1.5418220254331498,-1.0455288173091761,-1.542239435738613,-0.08143036451415461,-0.9903177770572791,-1.9680689010344796,-2.4489331117598643,-1.7074488799053171,-1.9319533348310964,-1.5207189197368547,-2.8333214764852754,-0.14118034402113386,-2.0901037898532278,-1.8216674758454625,-2.776659274118445,-2.1632319326333143,-3.3896383938543106,-2.32975126789397,-2.326081253699948,-0.033006106595607876,-0.09270820426204131,-0.7444530773091365,-1.5672286442764563,1.8376135118321877,-2.0906343458478673,-2.417615541762927,-1.8250629047017197,-2.3404067077318844,2.4825845801537114,-1.6256679514080192,-2.6032680483181156,-1.7817521045446956,-1.858236822919448,-1.1923270948394198,-1.9054132186878294,-2.0390988480820225,-2.8231591206550006,-0.2319671286099259,-1.6029427675900318,-2.381379697968122,-2.091707837988493,-2.0336216937189104,0.6556555889395025,-2.9577020063392583,-1.5661712569815898,-1.0017419495553839,-1.836701643863142,-0.7399057703544106,-2.5540385996793034,-2.734802536188753,-2.0935694648814174,-3.1469732435558293,-2.0596002955818227,-1.7730958671479455,-1.4290441680882968,-2.5740465568811306,-2.1135929675916696,-1.5099093969440214,-2.8715968203552307,-2.725279033968855,-1.64656069400235,-1.410706849539032,-1.4540139345342942,-1.8200775510732008
2022-06-30,-2.1689411148611497,-0.6077769067722173,-0.8926903515614443,-1.7248113644504728,0.4952840551456942,-0.27886515713851734,-2.0664872972935755,0.18730704432691545,-2.3401963685922187,-1.9955875332861381,-0.20370556238628854,-1.516291469719794,-2.055797579877443,-0.9329696496001988,-1.7110112532972053,-1.9028005244492776,-1.9864637639248037,-1.9664770714394484,-1.8831113168290683,-2.341060484209082,-1.8347162935664638,-1.585480362822687,-2.1755488332787456,-1.2801110526492308,-2.062052111271002,-1.5949089854737875,-1.9972274051304202,-1.6224709181820836,-0.8908777465820594,-2.82065815097485,-1.3094382411005907,-2.4774707789771813,-1.689581809532281,-1.5678189976472656,-1.8793642942979736,0.04005523398057839,-1.0801413946909177,-1.4137334952908058,-2.5251298738958083,-1.8520619468932193,-1.7940261185693815,-1.7518543870552366,-1.4752298346997328,0.3584488126012346,-1.4913078741766013,-1.4194893727335205,-1.3817984792987872,-1.287927898968818,-1.963875868776262,-0.636015744346098,-2.20959779676655,-1.9821795670367657,-2.0639647758229644,-0.7332938725003779,-0.8679647639916972,0.1029179110835098,0.8385548607118756,-1.6568154556735943,-1.2526438126486914,0.08241900063424729,-1.4479558320154207,-1.995662384415918,-1.4755051716005325,-1.3145054674758123,-1.6558899552711144,-0.9741465130673235,-1.6478729780310484,-2.0616377547103557,-0.9224462644558492,-0.7334758299221507,-1.237099906590723,0.18725322027138347,-2.1426302374612405,-2.0635172787877147,-2.1206167335169,-1.9853206961533818,0.8896081107909168,-2.58223328648185,-1.4794484178039036,-1.2515516838296583,-1.351205167267879,-1.1544407631658544,0.10093343692811566,-0.9382986296138172,-1.3914857727085481,-1.8724898098526341,-0.8596074233569694,-1.5675538924091519,-1.4396198954788655,-2.2274388395019113,0.3060950128029523,-1.7360790359380056,-1.815717778818711,-2.266635288411575,-1.4002086344946856,-2.9745167989840073,-2.158362208706411,-2.1570010105324733,0.3553252323809278,-0.7212475150337659,-1.5645015619781135,-3.5281296335622514,2.0681984503050135,-1.8659089333197207,-2.0564220400686244,-1.656878562322685,-2.155185782120314,2.386093574231477,-0.8622168652683373,-2.0166381386285916,-1.5464482705179476,-1.495904184500269,-1.761242276206598,-1.8584693685629599,-1.8326371015825338,-1.9987660447178786,-0.22287823938879958,-0.6234868607160324,-1.9254213961108928,-1.8262202799227643,-1.9854820474828787,0.47909115907743216,-2.1901550527212583,-1.6220097386570917,-1.3051734890175033,-1.5768301595425298,-0.7735955013851641,-2.2712537193337154,-2.2178594300933563,-2.1456807533944837,-2.262264610529289,-1.744502613351076,-1.550726956041978,-1.428074278656749,-1.5041337527021896,-1.6944426856033405,-1.8734685694420463,-2.443030207942364,-2.4834014494287615,-1.673945022159472,-1.3689099765840547,-1.8599050522203608,-1.6337325724350087
2022-07-01,-2.1226629926042255,-1.1729590532643706,-1.6532248506217517,-1.9728191051335477,0.29046254344236383,-1.6420227739022717,-1.8674440762702016,-0.2469257129038354,-2.467347812168651,-2.00561150106806,-0.5553700976482482,-1.7777022615836708,-1.7070247469351707,-0.9907225018414986,-1.6795181694240116,-1.8453089128988385,-2.0974698569178556,-1.8203530832212131,-2.0408770647067223,-2.562141236913493,-1.9546159745147702,-1.6541959704410258,-2.096791020136856,-0.7348677324108364,-2.3510726751964093,-1.830275998106782,-2.267484303968018,-1.3406281151297967,-1.364564887498971,-2.418362011952608,-1.9238832368679746,-2.102776154728851,-1.4364996934115009,-2.3520300749380376,-2.494824740345064,-0.1806405299059772,-1.8884453768593528,-1.2915558571989683,-2.0413796867431255,-1.4995193752249212,-1.931873578744881,-1.5370898100712898,-1.4035568588409293,0.05467457934319747,-1.9629017195512364,-1.9047108710081027,-1.85929536846658,-1.6344195464368318,-2.071378040811283,-0.6358811207153487,-2.0416739706678104,-1.8388363103414913,-1.5995206779623778,-0.8796976505081844,-0.7735441928829611,0.3391894631126645,0.7665920664412744,-1.7237693080457728,-1.1725258064291537,-0.12129255028821168,-1.481986312926621,-1.7363710151422553,-1.1394521117270944,-1.3946230723523139,-2.037618173407274,-0.6699982021916754,-1.9920773253493138,-1.576802021468122,-0.45083429425311516,-0.9272601618147458,-1.6999974137194578,-0.8130096980967622,-2.3573342676083517,-2.1833013633600347,-2.0318396350000243,-2.072427633556068,1.1163350148909061,-2.27480909804264,-1.700882942445512,-1.3646165162475405,-1.4017400893433498,-1.8024201385241239,-0.43669341104915504,-1.5166253530684195,-1.8315493011488402,-1.586082586455329,-0.8757364895082083,-0.5822740583431146,-0.572977273380596,-1.8955149361151487,-0.5240106834394768,-2.0960074668879574,-1.837725409494207,-1.9958798925667862,-1.6945312196825957,-2.3884988976530837,-2.2068330448850837,-2.2027411697143813,-1.015998369552366,-1.9162185410652555,-1.6241601770694258,-2.879744605515251,0.9869961025120013,-2.237627418938491,-2.0336932894496664,-1.738639084633865,-2.234374389590792,1.9548703866483448,0.26567905942701836,-1.9513380332844124,-1.664901823663767,-1.9630455586674218,-1.9071027415077175,-1.9582971497632606,-1.8129593854741173,-1.4957447317645975,-0.5090377119524696,-0.3568852746213747,-1.8445889597635097,-2.384744351264747,-1.9658767037849558,-0.30483409251170573,-2.2986882146642893,-1.7359295581899616,-2.275512410530679,-1.5885333691123382,-0.7965183841808146,-2.182899426260136,-2.446090853511658,-1.9544019425087755,-2.014412226890522,-1.7261548118471015,-1.5476116676849276,-1.78313260079124,-1.2826130243870555,-1.5074288012054688,-0.8562460533697254,-2.341775501053484,-2.351934750400866,-1.5977590170818825,-1.4922840105647965,-1.5270975421327544,-1.8383061413119883
2022-07-04,-2.046894760688106,-1.1865239300314938,-1.9789439626731593,-2.18118837116242,-0.7041224447311631,0.4119272236022213,-1.781647106643512,-0.8589722482696892,-2.4363225270726283,-2.081995125220191,-0.9226980487495398,-2.1980782559940795,-1.641608954085236,-0.6951776694577835,-2.0120344727779464,-1.9720988235383128,-2.12534174266715,-1.866664019099694,-2.0582556763196997,-2.6905653075690847,-1.8266399520577419,-1.9251943076505451,-1.9292627907022244,-1.5148525945278348,-2.7129331001798205,-1.7220444040363312,-2.558275591662722,-1.9843627303823488,-1.7693956615440565,-2.2695417835779117,-2.788998666379377,-2.1733480349488405,-1.4306569989805273,-2.2261595750969443,-2.3375368139975223,-0.5638898120405071,-2.4292170400521598,-1.7038627903952546,-1.8530725757301658,-1.5781144819875637,-1.7834803593345896,-1.6381856920380797,-1.5393857712525147,-0.2085230983300118,-2.375836214238323,-2.657398096748197,-1.803228777901728,-1.4299680520744822,-2.253706686819541,-0.7572688304099399,-2.0388677181511197,-1.9650167987439826,-1.5252033483165868,-1.16109284005975,-1.24907013516635,-0.7206378830797019,0.1781044553516422,-1.7164561485443837,-1.5431835096814044,-0.7060403305029948,-1.825813160295936,-1.8840016166303977,-1.3231809075852758,-1.9282653845398159,-2.635633207081824,-1.423092125088018,-2.1844923101914477,-1.6743166785669408,-0.9037527989435755,-1.2679928045318993,-1.6212085459359629,-1.9473186663432185,-2.2026910100829853,-2.0026632071175876,-2.0528602486272307,-2.0523677375988134,0.7402928013718862,-2.615072187767058,-2.330873962085237,-1.896144555061362,-1.4240478146303193,-1.932427427376331,-0.9144116203059525,-2.434313458863261,-2.277379395984012,-1.6748692117454547,-1.808965860512724,-1.135002523672488,-1.570366623266673,-2.3384840962406384,-1.057288092355537,-2.2137924595210685,-1.7815453333025837,-2.1121906307375085,-1.8676913354058933,-2.146519969533616,-2.1111253630054465,-2.112924988457257,-2.1254898027341653,-1.478716838779321,-1.3131272851178168,-2.4636285181278983,0.4744104869107755,-2.571913574582493,-2.1715695868601586,-2.8340857795002887,-2.2443894457851212,0.8949230577132068,-0.6128164498467766,-1.9835481379334308,-2.299588066731404,-2.3282166073779247,-2.0057868063731075,-1.9883688525291154,-1.9255315273019775,-2.704170495025349,-1.463057740316531,-0.3874968010462873,-1.9034479554084198,-2.282752516956521,-2.0601540978514072,-0.6800369390994642,-2.2296645959961556,-1.7986465612167022,-2.367690236910526,-1.4367147586996867,-1.2587229934738096,-2.026437899107298,-2.5528264452084803,-2.1747875473159506,-2.5519316753371717,-1.7093515723350055,-1.6394453585725726,-2.426323219975848,-1.7631511732379157,-1.675097582110739,-2.2036693540396817,-2.298171969804989,-2.137203685333422,-1.6742016274375324,-1.8380661467720814,-1.462849494771313,-1.5364605485747844
2022-07-05,-1.7186232603013072,-1.3178491561864933,-1.5848164895837835,-2.204305173153317,-0.7486445553908836,-0.10556091093136397,-1.450054925732238,1.0213613334248879,-1.6861008856382167,-0.19550979282286757,-0.32074946232330614,-1.9808184017043102,-1.5660302624823086,0.03344187943279696,-1.8010780068527663,-1.7336889683450731,-1.7640694983692657,0.04574813499218843,-1.9184928104172194,-2.0568278844532015,-1.4328700952178333,-1.592614374289178,-1.2770591656775963,-1.9545027831067074,-1.8987713871059093,-1.4939156422710815,-1.8623793120991632,-1.7827091648308202,-0.5851362100946337,-1.8059552933037626,-1.761967418329242,-1.3435696160350372,-1.2170075684498645,-1.639837986089516,-1.689634695791961,0.1632498662490686,-1.4957132953112975,-0.8818194361898882,-1.4394747485932295,-0.9859263989211309,-1.3563807419400455,-1.041191587515397,-0.7274558244724862,0.44109331612814273,-1.7888565957863833,-2.8567091596280836,-1.457387511153621,-1.609572896656995,-1.5422713034878597,2.041320159792125,-1.646882723600318,-1.845837200733391,-0.9624179702856013,-0.7915990484644042,-1.432568427358605,-0.563125204411282,0.4851873278596042,-1.6846798538933887,-1.3817712017972503,0.5630350814213366,-1.3892955034942818,-1.93671766360106,-1.557687007562084,-1.8491338304206641,-2.478927241224535,0.40156905754320193,-1.75260153797931,-1.9437106133719337,-2.2553214495086036,-1.252656717722872,-1.1536329447684275,-0.8329108286392544,-1.6530367469986027,-2.0132111659239524,-1.3783050298612491,-1.837865024759547,0.396167236177672,-1.8586297078673881,-1.767815624611458,-1.5963251971172723,-1.3657422594548427,-1.9128657734874481,-0.369833104312028,-1.8319293973915043,-1.9863097855945329,-0.7504520653008729,-1.5388575106004279,-0.5491181388605075,-1.3488823664207927,-1.5208049162674664,1.2849171135256845,-2.0413167571738144,-1.5465010285311132,-1.8683832927191693,-1.3268046664457123,-1.75678438820023,-1.8983368253616075,-1.9026977575667572,-2.626375481158072,-1.273611110181478,-1.27392206737717,-1.4478147921086049,0.2407218685056966,-2.0507271207715245,-1.9224038149314708,-2.8219510133236403,-1.2293149061218724,0.5291480895102396,-0.2621033966956724,-1.7191163047840987,-1.0864001385546873,-2.0592270383826237,-1.5343350196344432,-1.726439260323967,-1.472978894795862,-2.4164734537325785,-1.8110219280654298,0.07180121385558766,-1.3415456952601446,-0.9961961362514425,-1.973710052293163,-1.2322073105948916,-1.5301680545400274,-1.5646661682915914,-2.1394691863115036,-1.4822202322549551,-1.2050959921733362,-1.496623066873679,-0.6056248059994701,-1.2686124552370341,-2.3084243054972697,-0.6442436465142768,-0.44442788989732185,0.29581955201498,-1.588280690083298,-0.45776868950447797,-1.6118952820520576,-2.0249587453308076,-1.871519933630909,-1.4160650373892254,-1.7179864739407347,-0.9319106602711386,-0.666791079655652
2022-07-06,-1.6522826579670604,0.0019509986621761878,-1.4038969622996893,-1.9775537073698184,-0.30394573944580433,-0.25151810501579963,-1.305943831441419,1.3529421411995843,-1.4179111001579563,-0.16513602045404815,-0.6804481056523185,-2.1650143317701533,-1.542019159141457,-0.05040805064900946,-1.9695339820554834,-1.5936690566196852,-0.31203669488497954,1.1068961460877753,-1.5681270684985167,-1.828431195422519,-1.1608941267867385,-1.756807370992179,-0.7473001996178315,-2.4172406757815845,-1.2953541730032296,-1.7289748498006756,-1.90949770962055,-1.841835774776724,-0.3125846305009965,-1.7597613936571843,-1.9826146743500463,-1.3046419463855117,-0.983719720289353,-1.524795099675025,-1.077750415331434,0.24060087465145888,-1.4618954073197932,-0.7420498631250098,-1.5022190501269916,-1.2183654094880088,-1.2744096707823698,-1.0842485453048643,0.5911578077982221,1.785897945349262,-1.8777103806435813,-2.678652535852756,-1.5374591972560525,-1.7041404486477056,-0.9953963346336401,0.8152974452588958,-1.4393497450683774,-1.8051654236324053,-1.08485978088213,-1.2670703955145448,-1.7347411079188428,-1.2466696760995857,0.5236994885772123,-1.737428497579566,-1.6650644562615782,0.5949161456112456,-1.044542437683114,-2.055244035440884,-1.3897486019229668,0.04255150725753874,-2.0483819368859657,0.40535391993762737,-1.7638928857853748,-1.5958608275262023,-2.6779581841378106,-1.8919648287646726,-1.3662103908881362,-0.9422775668560391,-1.7418392210089975,-1.9489900910382703,-1.2829081150661739,-1.5270415035866214,1.3716926252756971,-1.4262177818139232,-1.6860323298051556,-1.549419709659386,-1.4730026328974415,-1.8987968257056356,-0.2951977797044508,-1.4612658829037608,-1.9954221036821589,-1.1931660265470496,-1.4983981887566256,-0.8941711126904939,-1.3261571320428416,-1.306467940340621,1.1467462373179569,-1.708448154401928,-1.3755495937348914,-1.68078796762361,-1.2768476185179338,-1.5825014053629987,-1.8211245109752754,-1.8250585763218534,-2.3951609954405075,-1.331935857149723,-1.6326916152942492,-1.5103344661715208,0.04638334566189736,-1.9856819339185543,-1.9019016670345374,-2.3712280751692876,-1.278401785981628,0.19519909989082393,-1.0101285272428389,-1.7403338723887138,-0.6366178547595811,-2.096146272825282,-1.4069294732008155,-1.717413015286,-2.085495169624619,-2.1674700752571687,-1.5389969678865618,-0.11860906477131197,-1.4055143359246232,-0.7163289484478134,-1.9361713404197307,-1.7389023434038946,-1.8075126434303503,-1.612730723478987,-2.0356919461065384,-1.5292498671656034,-1.50580006227597,-1.3448531378261193,-0.9192619253828509,-1.2945572952048883,-2.2049857789849905,0.003750730887960361,-1.184961124612521,0.5882181698588304,-1.7918779127822548,-1.1844269745972766,-0.8021005270927727,-2.1011257777984462,-1.6830273637717974,-1.474987612699,-1.6690172245067714,-1.2518420811718545,-0.3825945076124304
2022-07-07,-1.1191804554105407,-0.49465875909042084,-0.8383088363124274,-1.4572791430927936,0.22414935075110023,-0.9565407534578676,-0.9461356873306164,1.8008999964918129,-1.0619584462382514,0.3030426670588979,-1.1668247258915323,-2.0285205195405847,-1.2603910364106239,0.47463891523293933,-1.5422757133253486,-1.2275655573116226,0.3876271409512535,1.6111507934085634,-1.0903897472356776,-1.2350598297521573,-0.5966618263050676,-2.1059525425669876,-0.42474624231628405,-1.4858995172228058,-0.8314650225717068,-1.368789626761691,-1.0864942363809333,-1.4498238371580545,0.3070367792445013,-1.3494224088207118,-1.6153098654058873,-0.9461818064246721,-1.0228408373918978,-0.4404077592812629,-0.46068714196439436,-0.4344068399334745,-0.8877989547962435,-0.5320067301639135,-1.411282815854986,-1.0726435755361599,-0.9813735826923096,-1.04319787191044,1.2503686304582888,1.8041577750189808,-1.3915599092473687,-1.9947784271644708,-0.9072627520345352,-1.3648728133273431,-0.02575481697895035,1.6575347650954941,-1.0544466111814186,-1.6484847703397858,-0.7864816264207587,-0.20937800500745604,-1.4822775251282951,-1.1969734614116427,0.7096866344628295,-0.8979270240806299,-1.6082042200421856,1.7196628735800215,-0.495725407418706,-1.0949802433427605,-1.2577993434477397,-0.07488676859979877,-1.2905670795535946,1.0453171307462104,-1.3269506553619228,-1.296379726295377,-1.5092941398003192,-1.4321012867524359,-0.7826404138486667,0.5315698772151667,-1.121441673795422,-1.3790895832564973,-0.9055436543826391,-1.2596495914483183,1.7487147826469263,-0.8231286511813003,-0.9396975577412461,-0.9022206322209384,-1.1945466423755005,-1.8633453911528908,0.0021998588100251132,-0.6718162217139603,-1.1854538578952538,-0.4423976224126323,-0.38293518393454695,-0.3472325162362518,-1.0152767517384944,-0.6249889991583125,1.5179663826973124,-0.9744611544236527,-0.6571225812473575,-1.4036527146624584,-1.1338667992118057,-1.5271414737563307,-1.2219302119245607,-1.2242375952976003,-1.7191765189243577,1.3292457059622758,-0.5192776604772857,-1.2041709958021825,0.4605256688446269,-1.2656737968238214,-1.3963736386443926,-1.8934368553864396,-1.0318267519143873,0.3608727820539941,-0.5094637558617692,-1.4973981304004853,0.02031037070493524,-1.365369636120912,-0.9801152375495776,-1.14541070196324,-1.4330411092400153,-2.199052806820349,-0.9413582007098342,0.20405568343167838,-0.7325780560033585,-0.6142556843008947,-1.4862901998259728,-0.5860305061341214,-1.6239148023390269,-0.33782738990695327,-1.0091330904164562,-0.910023214439462,-1.7352413492641119,-1.03802424741887,-0.1411593745490892,-1.0339738238515621,-1.7449003581682014,1.1420483244127553,-0.6499590200118945,0.24816995703640501,-1.8029513290985433,-0.5714411608804302,0.028115395817529577,-1.3214534028117397,-1.2640995233613863,-0.8402122933144297,-0.3210617641737869,-0.7839095063455018,0.01585419437887305
2022-07-08,-0.9609770963636975,-0.645295158142422,-0.5602031011064107,-1.0278244028078538,0.840856570810686,-0.93171539814953,-0.8390323114681523,2.0142273942972637,-0.6557343138468789,0.45983271966614225,-0.1650431771330761,-1.545741190608881,-0.9529250827783293,0.8075063597796092,-1.2878315154939073,-0.9513018167565644,0.8464056244885241,1.14673115189563,-1.0085022276588151,-1.0174997004228015,-0.24759245416979597,-1.6741927699545538,0.12504961440066906,-0.4581540102383367,-0.6808476728208441,-0.661366282430952,0.2301092256631816,-1.0862122084549715,0.9514772101853913,-1.0953760326688604,-1.0980719768569933,-0.7422485450091694,-0.28592368781212235,-0.16665456871061018,0.27265622126102773,-0.021308978025971335,-0.607222818061644,-0.16625513516316348,-0.8927241675428739,-0.4474702054369108,-0.5638839823129381,-0.705182722222468,1.5408448807870803,1.358180508583338,-1.0101064112697724,-1.589112726427455,-0.6516497780565678,-0.9910796392816709,-0.10059191091994171,2.098457210116732,-0.918718874058793,-1.311678032910468,-0.2838572577944389,0.4793060830102849,-0.8626258275111406,-0.9435881919374328,0.7881716873546035,-0.7974631098402717,-1.5806129295471583,1.947897056597792,-0.380215510191506,-0.8162703755584999,-0.351646060355605,-0.20465537120047603,-1.064500319561984,1.61909356889833,-0.5442649901401652,-0.9081090479087838,-0.7303399635394133,-0.6395609375739094,-1.0814311960690337,1.3905600188985372,-1.0149527689451376,-1.3027601758004017,-0.6868176056999165,-0.9345420072688952,1.954666289388631,-0.45815221664740463,-0.6158179752231917,-0.8205927852071107,-0.9097764055053092,-1.3786284563350868,0.23970192089481854,-0.5242308433886017,-0.9941337347624393,0.34510466991957156,-0.15453615710580315,0.20944025426382187,-0.6919794724389963,-0.3663604018303217,1.6267599193455977,-0.630799036063681,-0.5728514553371414,-1.210188964784637,-0.9983242796841794,-1.339983822788363,-1.1089697569419714,-1.1074542529142832,-1.5307568533473601,1.1386437765601483,-0.32711774002823085,-0.994189129837185,2.3021673145316384,-0.9562001006731459,-1.257508657442579,-1.6236857029312552,-0.8160762018094478,0.16411195123296793,1.0453062181738688,-1.2136222974111546,0.6109202612118656,-1.0716022260838736,-0.7252915606649335,-0.99764455094329,-1.3591749457139257,-1.6709864044726954,-0.7389901398438474,0.9461947846147959,-0.3715033549093517,-0.08541547427872911,-1.1997960518460353,-0.19221720430643757,-1.0640658770347549,-0.19257275399809798,-0.7471656844433495,-0.4626326723055288,-1.1629108384400977,-0.8897650606669124,-0.010479904223407985,-0.771137959523218,-1.496807370468015,1.4489827405195825,-0.42461272839538927,-0.419640669233607,-1.0502632617030176,0.0032622938944614995,0.4793356798321126,-1.2586187777976978,-0.8980906303669687,-0.5238760304045199,0.6678975563630768,-0.6088545281255898,1.0253350498034743
2022-07-11,-1.2224410353656792,-0.6397815304606739,-1.1398412714615214,-1.2231863616367922,1.2390621371850281,-1.7662066900283353,-1.001953796660296,1.7736982074445318,-1.1087026899965837,-0.3352650919134062,-1.006599569135175,-1.6011091057714306,-1.0634602521284444,0.3460457163960482,-1.632412129902578,-1.209191975985721,0.08370372367289756,-0.8311321058941848,-1.5391971548823256,-1.2096723795461093,-0.7133292705991103,-1.8105211146240765,-0.20617999433148018,-2.017836594227113,-0.6968263549976251,-1.028305294232839,-0.13058305612604823,-1.8138081829665358,0.3116753052368758,-1.611236760536615,-1.6274508014662026,-0.9118701435449887,-0.48006668543464454,-0.45085891800515737,-1.1741549425104676,-0.6088554593718242,-1.454330490183216,-0.19217590541726734,-1.2118934830252202,-0.7657490868951021,-1.2184277595585455,-0.4305713559832035,1.1649412283244802,-0.22491571672789307,-1.5443294232464704,-1.9052142562189023,-0.8833035746063533,-1.2994557817687682,-0.5226154383793998,1.0284289965511164,-1.523501825083535,-1.5141522719521743,-1.367530760571981,-1.5359169445015253,-1.78061771840888,-1.750032062170371,0.6598806457830377,-1.0016890924191828,-1.9682145495779098,1.396822411494393,-0.7294399533959761,-1.4190746558716156,-1.4688334914748347,-0.7519847365147123,-1.6716715681522958,0.7011560031657786,-1.2032393240666277,-1.3533216931814174,-0.9862409721168374,-2.212655858192671,-2.2211729999357614,3.18462377137979,-1.34609333458564,-1.5755738505314798,-0.8253234154228503,-1.0736636428402198,0.8857256657481808,-0.13391168641811302,-1.481125663894568,-1.3894737849114887,-1.631987518383573,-2.4762547945556337,-0.44200594199288895,-1.185713256941852,-2.067652181140553,-0.0564574780363092,-0.5725273908776115,-0.6019752349513136,-1.1214286655784462,-0.8389452698044165,1.2223386946414996,-1.0530937149068398,-0.8157615664139887,-1.3895689410518803,-1.328540755048885,-1.35949726705463,-1.3067588758873723,-1.3039946149396275,-1.761911894474389,0.8664989123414275,-0.6408939469536669,-1.144920752695315,1.7820933960710525,-1.2562756264719142,-1.463204922631651,-1.7292131190331579,-1.1374811185823765,-1.2292400890556439,-0.4012574994630278,-1.3655827641886882,-0.6689852171345915,-1.5543565602946297,-1.018412744051304,-1.4117141134055946,-2.0553720093198984,-1.629202118759333,-1.469811334405463,-0.047528317838832754,-0.6338622291877605,-0.3618643324950435,-1.4343777883373114,-0.6574844186133083,-1.260406997686727,-1.0651625016768493,-1.4570730297906287,-1.5325676563217114,-2.6578313815373447,-1.0073720834278954,-1.0401919140535416,-1.0699706223363252,-1.5663326139439764,1.1916693989100993,-1.141246048630113,-1.275207164502225,-1.3288955214004539,-0.8667516192052501,-0.16033121638901748,-1.411116346568504,-1.172876183967321,-1.2671325522345145,0.7821486532799359,-1.3188903877429317,-0.5938176246199701
2022-07-12,-0.9060853013271682,-0.3160701892323349,-0.3343252953093482,-0.7557595818891287,1.582397595080447,-1.2327969823047862,-0.9640230618030698,1.5313204121971378,-0.5096286796881517,1.4707962554470566,-0.1708138875797917,-1.3759450209642354,-0.6731374149005753,0.8856757915303645,-1.3660275300133575,-0.9470002878442519,0.4633703104373374,-0.9403213359107137,-1.1176182129537584,-0.9115661121557443,0.036719826855374935,-1.5383855550087322,0.050526893145203984,-1.7940696048710554,0.6172921570294566,-0.8079400366959495,0.22686039433485505,-1.4509920926162332,1.2249067303574888,-1.4015116360577276,-1.1650591894231417,-0.6442958735348411,0.8599281714537483,-0.03781078545034056,-1.252263481312958,-0.5667347815223652,-1.2440464204130413,-0.2043337934774236,-0.9511880266938818,-0.7757892518757601,-0.7034165394270226,1.7007681656016347,0.9882400809723613,1.0603559651497672,-1.1608499393090226,-1.5753582282989746,-0.19094966437676128,-0.8358649860895812,0.3354901214197825,-0.3658776691846594,-1.3120060505591224,-0.9226150332339695,-0.5670808250176995,-2.2699412374501042,-0.8666614510469658,-1.5406504475691611,1.3538021784551189,-0.7156656534995243,-1.6759952418316915,2.1772756457086064,-0.5355373201368433,-0.7915979581929018,0.0,-0.568444576899376,-1.2415098916057536,0.8457535993493722,-0.9986529489315971,-1.044478407148807,-0.6861679385186832,-2.2991345262256884,-1.844256093304708,2.7691826745080506,-0.970606056471441,-1.2321947076778073,-0.8498043845159399,-0.9277396812598396,1.1287713149895395,0.2677867988385492,-0.552963401302467,-1.2521559930091108,-1.5686443305425521,-2.2815800728290996,-0.5375360954954144,-0.8419725036553035,-1.8820220132625012,0.6812612069364641,-0.03580267267631867,-1.1587753751103675,-0.8659511343793806,-0.6054304218713574,1.292838760718677,-0.9653730035609898,-0.3222544859388003,-1.3046578727021336,-0.6781511388462158,-0.5519627539805233,-0.6760377925325922,-0.6771730191785551,-1.162595665297909,0.7648399001348518,-0.24857887083111557,-0.8789157034799399,2.172438068053227,-0.934931211241349,-1.1723581453050984,-1.2971217789083636,-0.9333446190964663,-0.7455501761771751,0.8478362852755923,-1.1508690230915615,-0.28571164340892785,-1.1561560544628742,-0.08782512909694168,-1.1504576077132247,-1.2078763190764212,-0.48528030461250776,-0.9431335318088604,1.6573368414858038,-0.22109343448481655,0.36225111051484954,-0.5917094927771478,0.005269273239829153,-1.2285597264082118,-0.6787664279221594,-0.9809188642221595,-2.3117220676386254,-2.494426637762391,-0.9155128183089121,-0.17242228128675102,-0.25731169105336954,-1.4303514597258538,1.3102001874428957,-0.7274591180410092,-0.5105159868751838,-1.2634929373800572,-1.241692883514835,0.605066619045721,-1.1133700820746384,-1.0285190172443464,-1.5745314309198857,1.2611889562778027,-1.1642703994017054,1.2094635475966973
2022-07-13,-0.7095155212198974,-0.44370062202536337,-0.1792956351497942,-0.5757947120323442,2.117364456007941,-1.190244776741065,-0.7313932490875724,1.9329995025511115,-0.7812319866121796,2.5315818171409945,0.7644795216442398,-0.9232284769844237,-0.4321322376920545,0.9959885938656033,-1.1674043286333196,-0.7499680472770526,0.6240458891296033,-0.7511450357410266,-0.8730072555325583,-0.3889431014101195,0.3175977475357052,-1.3549558514907662,0.37147467793223937,-1.484066395742352,1.4896535851111734,-0.6004836902464368,0.5193201628437399,-1.313824747636424,1.878901424650257,-1.118036959261167,-1.222038721969501,-0.4584467389043656,1.1626903377736404,0.07958703257428976,-0.6276552803828525,0.057177839534703144,-1.3557375096802444,0.6419065753501135,-0.6669515290017748,0.1566513680340159,-0.4810891676072528,1.863270954609621,1.2544924619430442,2.2135940057088157,-0.8936848398191284,-1.2206802655571374,-0.3867140325496622,-0.8877823499238419,0.7307302636658227,-1.4466862900239859,-0.8446916708494048,-0.9492751329401409,-0.07817066414593211,-2.0396693424448347,-0.6293491248873222,-0.7804940520197506,2.339589695657494,-1.0277416454803385,-1.5467267398229372,2.287647181718856,-0.5425521726421694,-0.13196151944674026,0.2942969251124279,-0.37860632187264814,-0.9820789485101468,1.0246942374476897,-0.5262898940067201,-0.5113486806251412,-0.4493226138590441,-1.5699408891093833,-1.8575880146411128,2.0453877879893354,-1.8245300590131515,-1.8486573305825371,-0.552879660748635,-0.9135902391342448,1.7889985870317069,0.39595705239303325,0.3242955018129667,-0.9758286715851833,-1.2195246453337643,-1.891110526320537,1.3959215397027986,-0.6019102356833187,-1.8921515220439584,1.2087406763639172,1.2318472227523038,-0.008286047350080877,-0.6845418431217769,-0.17336902383194291,1.3738688804830412,-0.9117501765080048,-0.4289456060091121,-1.079099133284554,-0.264430651302489,-0.07582552912676734,-1.536111808615146,-1.535412560879818,-0.21688650800237763,0.7783446263950369,-0.05094759648168924,-0.710929123107643,2.0931148418564858,-0.7837375317547397,-0.4683303511884677,-0.8846455034769326,-0.9721074299614677,-0.9568974766400433,1.487348624338127,-0.9998408799015513,-0.16450455762139782,-0.6683747411082359,0.02668585474497957,-1.8588652663055854,-0.7283133670601093,-1.471228930962552,-0.17870206928779678,2.2923681239307347,-0.034677738607926875,0.9351465881091731,-0.5249120031616454,0.03343403642843749,-0.9585458658071316,-0.6123097720157381,-1.9666971361882821,-1.7675815608393057,-1.936262753746973,-0.5770419760896622,0.45226793369899027,0.2987330658783494,-1.2073324237094474,1.619700540157593,-0.20628909154293248,-0.5781284135344765,-0.9255576992516364,-1.4521219247707684,-0.17001741091657374,-1.1778749303172127,-0.7716031051033287,-1.2399798181203707,0.9779197395397199,-0.6835797440694711,2.287588839797799
2022-07-14,-0.4957551511939558,-0.8479845123316216,-0.7711730344208205,-0.7308536441764856,2.3733753500207584,-1.2511096978696508,-0.7167148978608242,1.2805412128728089,-1.4575893223749556,2.2901985341545212,0.6706830250717595,-1.2451746135462418,-0.42194280935676737,0.6780451973405691,-1.2036486538061635,-0.8136327241729236,0.032524724151072604,-1.3663216421486122,-1.1322037354672805,-0.5320811571236155,-0.32351121773676744,-1.395030960668626,0.45529106533613384,-1.49002348102239,-0.11916908476687417,-0.6524868983355783,0.32079823753752307,-1.3154538854338547,1.4547445235194032,-1.1586545732339566,-1.4910508021915747,-0.6641629722427684,0.6411524499045851,0.19795106495532497,-0.6500766862106265,-0.9812554778354179,-1.398439749062297,0.09993744603459699,-0.7502834164376697,-2.8538454102936215,-0.684524399536376,1.9404890626927402,1.1835169598921198,1.3823966174631646,-1.1004309155472751,-1.2126007423437195,-0.5748225817703758,-0.7819041173598418,0.7165917595077094,-1.3585093380247213,-1.2884806343037014,-1.2674836556917708,-0.4773829923490257,-2.239282721415075,-0.705891936117526,-0.8244862634882036,1.7457324366544031,-1.081299220673781,-1.5549505559895729,1.8615986860562637,-0.44465180673747506,-0.4372842392382713,-0.42669684737976094,-0.6674639528526508,-1.2196676393533286,0.16820421944591812,-0.3575025192776697,-0.5705203742620369,-0.6556547629473622,-1.7530471605567381,-1.466229456377802,1.1597987807514807,-2.4762608220314726,-2.1649015193097974,-0.8461109273587231,-0.8994719294374094,2.0413699126591207,0.7194590322728406,0.23070525102511355,-0.9752676602168875,-1.0812427562301326,-2.0929024503922693,2.0522399231795148,-0.9035375562653757,-1.7153380772796236,0.9099007884419256,1.209592144929808,-0.7538651323322928,-1.0106049593325654,-0.15317337159359243,1.006313363392134,-0.9518864613216976,-0.4154692503810854,-1.002137906665598,-0.7749859048064842,-0.12010150768667001,-1.8234363989319646,-1.8282668888718145,-0.8561815347227578,0.24304872311491657,-1.479533525311739,-0.4970373367527219,1.5498291230084593,-0.7552722933997308,-0.5106303508255179,-0.7610622140712526,-1.1145599948805738,-1.4402432262433966,0.6213239373548717,-1.333582391573464,-0.5434503445758574,-0.6783193894241539,-0.04080110496116496,-1.7530258376071766,-0.8956351044757354,-1.356426211512549,-0.287287993964573,2.015277726137479,-0.32337518045736663,0.8886602207035634,-0.6223424104294086,-0.36536020114252893,-1.1383647518472448,-0.9641930679969808,-2.263128032384089,-1.6929924365281397,-1.6312707607588373,-0.7122429369260384,0.2633828182587457,-0.7314203679545258,-0.952230811404179,1.5055684342913735,-0.9415411117928209,-1.1881823632653437,-1.8201770265623693,-1.624176370881987,-1.1783356061743049,-0.9550267108934644,-0.6256378637787955,-1.0624973488063818,0.4865027849971476,-0.9992084674079051,2.1356516103850502
2022-07-15,-0.2635382525978106,-0.9418808506738948,-0.6691513449856431,-0.9757313788478016,1.107667185160708,-1.3253745702834736,-0.8213091668302134,1.0276551604077828,-1.643865258676215,2.0849901998052647,-1.3260061065246955,-1.4411819373654369,-0.5361995927221525,0.5446091679316417,-1.1386367088968865,-0.6492854165756757,0.8071298001166738,-1.2836190959530172,-1.1290519800758891,-0.33479622969094236,0.010246683533057643,-1.8690318473143546,0.23876139616533443,-1.3291047141043055,-0.3452747025428781,-0.9609662165926439,0.11538689841544131,-1.2643961435923654,1.385226999439854,-1.012454767289619,-1.2484999619346313,-0.6874976053760271,1.0049811185479356,0.07469472727120209,-1.3938724190309129,-1.2851163163344987,0.44891044074595754,0.2560309622309781,-0.7978605143002244,-2.8800858598271124,-0.8357387719302324,1.845588261357501,0.9855983560350214,-0.2667121166659847,-1.4473020817730395,-1.1653981124016106,-0.7961504970675394,-1.0994043310095223,0.83214539169381,-1.0613015042064402,-1.1706639753179453,-1.3648696446567943,-0.7798765118986045,-2.6742003604758144,-0.32370148031738316,0.34396118860971436,1.8419854170949597,-1.2749073923648735,-1.4477713633883322,1.07541748417141,-1.028721654028139,-0.1823466795467047,0.5795458603228103,-0.5967399578521285,-1.3518413833345106,0.2442108289624915,-0.8087835216530912,-0.37324745772041895,-0.7164079441097263,-2.013748031144237,-1.3526395289593458,0.9129111341841379,-2.1488787750598584,-1.9997602985535667,-0.9821945352536489,-0.8716083309556231,2.6919151196367066,0.7351476338460549,0.03253289915347415,-1.0443881507247976,-1.4774052692045583,-2.074929402674154,1.6015034039400544,-1.3793502408180849,-1.9073598388011523,0.7716204381524989,0.9694862914041683,0.008517696930039032,-1.5539215159946416,-0.3502079199717894,1.2803152214515467,-1.0694826213291018,-0.5014665710166222,-0.9232155602025718,-0.840694120183155,0.2837441816670055,-1.844844234752875,-1.8429165649953936,-0.5283390267417519,-0.31483587226447,-2.2459587626891584,-0.3437833590956288,1.1490628835222483,-0.8987591070955209,-0.6968381590422265,-0.7416382633181057,-1.1404015472703357,-1.4178468958814971,-2.4057502804490656,-1.5020944417323105,-1.032726021468208,-0.7914865234212612,0.14669699127616503,-1.6270216174459105,-0.9384405408395363,-1.3928585251999137,-0.2462447058120884,1.6894986594251722,-0.316504096986203,0.5719069618825937,-0.9117698379964726,-0.5983010086069501,-1.378209687511971,-1.009597906088537,-2.0908141864197756,-1.7904793204480698,-2.228170385499651,-0.5364673518649559,0.3841903363009644,-0.41872258233233584,-0.9709680867456416,1.4582420888809,-0.785426998962809,-1.4286622711472128,-1.5416135769412602,-1.7667842950342345,-1.1199107135575503,-0.999405845055816,-0.5070523229708793,-1.359167760498621,-0.1548798078963636,-1.0631158267592613,1.654212590745864
2022-07-18,-0.6698023414531097,-1.0133946736359878,-1.5227215263747393,-1.316545157401868,0.860950606339811,-0.9820113679709978,-0.6550047452900893,0.520777757595214,-1.5383766092792406,1.5101230005353998,-2.7714797909715068,-1.3804149474767877,-0.1485742136682681,1.0157944996291262,-1.048057787108682,-0.5977875791438169,1.2416413759736806,-0.9900925644858001,-0.8459946987936353,-0.5014197835417366,-0.660720458264557,-2.224569416657936,-0.18065141628706455,-1.0099605751661938,-0.4081184234194792,-1.127765958427146,-0.1957573056641688,-1.5954803149879326,1.6884089680795393,-0.806580295841389,-1.420882603851736,-0.7033869303631379,0.6146674887389048,0.1904859403582393,-2.089441561494681,0.0033902138385393603,0.5417286591772845,0.6200682121256617,-0.8435373115115236,-2.6361840096088494,-0.7387448389058101,1.4142849331454808,0.870810663689146,-0.25588433183472775,-0.9848293120495124,-1.0570789937235463,-0.8904216938277757,-1.2218033031072046,0.7247493039168805,-0.49337366678472483,-1.276358885284388,-1.6318915710096997,-0.7485477432673684,-2.340283126905496,0.7463826543112442,0.9953428339651924,1.3252331441111833,-1.017251465405713,-1.7561743073177118,0.5422524830481122,-1.131209171510187,0.5257809424158013,1.4247003998796508,-0.8102194863188952,-1.5801738837416004,0.10233263233336186,1.0217911502193027,-0.6630544153766059,-0.04331047447299258,-1.9267017425463986,-1.9334248475046654,0.07303587234152102,-1.8765077861513533,-1.6087454596685964,-0.6411244646362529,-0.9912042893761394,1.9702380518462514,0.45884029250085034,-0.8481827792363278,-1.4591854299679294,-1.5888943313108392,-1.8696340143738257,0.5827934191878481,-0.24750736227572334,-1.5422324081677137,0.6603303357208229,0.8930594460864344,1.8591877566685229,-1.2394748723381979,-0.5289907708907996,1.1111903809962604,-1.0728828808877895,-0.49120303133771664,-0.7700344784066432,-1.6907799778429857,0.512525805933469,-1.703900153005331,-1.7083873341930003,-0.07417670739066659,-0.49416512467934315,-1.9466905684422895,-0.8333864963390732,0.4364062894172972,-0.512354826501597,-0.8161812764318839,-0.8018604870514235,-1.0519829154869589,-1.3893133720383928,-1.7042091000648674,-1.2699999188888322,-1.2851262182479426,-0.5902015975759314,0.060287913829723,-1.5292086514400538,-0.532590618798511,-1.2120598481521931,-0.13324582274534472,0.5917665397780372,-0.9008032527385472,0.5620648298174282,-0.8616760822108149,-1.4327034692547034,-1.2238522378855137,-1.4347880664550303,-1.373532107702323,-1.985154091587654,-1.956107417702229,-0.6761106334324214,0.02523310489815362,2.4228107218637462,-0.7966222641049542,1.285062469628989,-0.5825595471644156,-2.0780264362068905,-1.5817052365611737,-2.0468739931060163,-2.4237764234322423,-0.828147306951401,-0.5603683305656713,-1.5054595387391747,-0.32433918544450013,-1.8475806754720208,1.6683365614044694
2022-07-19,-0.4279040090739215,-0.8619570589941866,-1.3464170905183692,-1.3282741077274014,1.439446995734296,-0.6776462022358665,0.006349190106212737,0.8257907997280544,-1.0439222051797041,1.5093625419954546,-2.254517172244905,-1.174594204021183,0.24127615769188673,1.34866778184546,-0.6634065920954301,0.047288351425427824,1.8525856381153154,-0.22341772054245068,-0.6461481784800357,-0.08251750402579275,-0.14148993884587943,-1.7867541250070027,0.08874965618188976,-0.7325956913249817,-0.02400980801835741,-0.7352426620733521,0.5366542677075815,-1.247350968926424,1.5376548110864512,-0.4518754612347131,-1.0441019458095762,-0.37523786443838797,0.6869526224448039,0.6303524912296364,-1.1133161699977265,0.47619917807617873,1.2225266321014605,0.32898688540007576,-0.7933605769277636,-2.2522818995393643,-0.640047257278487,1.569411793939224,1.0125837929521628,0.49929213451158594,-0.5183939900925445,-0.6005610776773054,-1.036393753497913,-0.731374898664955,1.0811772557524983,-0.2384168292497013,-0.9646983834029222,-1.2952855245136878,-2.1227200228433243,-1.4331229077413727,1.4018655838137914,2.303587055773143,2.110545432613472,-0.41277946223239625,-1.6100885679232284,1.002409868030133,-0.8014740084285372,1.0501731273949433,1.4733830678378586,-0.581212865961104,-0.89383305368769,0.19578160139549264,1.1670183024459955,-0.1537273859829751,0.6375994803867844,-1.107816093477296,-1.7501803052087692,0.3795889433395084,-1.5837046745445233,-1.3681468840678837,0.554647369047619,-0.7295033525144433,2.1606047228143406,0.7209649699117796,-0.4418300213545694,-0.9598727526376362,-1.1724224213442245,-1.580013475562483,1.7386088995072249,-0.13291550962728058,-1.4018393774960136,0.9252737140073221,1.4382926239150002,1.955211626025628,-1.105992573511035,-0.056986494261243664,1.17704795862615,-1.6216766689257947,-0.6297095235965882,-0.34925379653867,-1.2258874705196283,0.7073049755880719,-1.5544526120049742,-1.5469846167510148,-0.04225943428454764,-0.34091567577789533,-1.3002786950024692,0.9032187443780315,0.40299865253103423,-0.49901047662993997,-0.6581315865767696,-0.5982642195080969,-0.5740047767256165,-1.3245423017398053,-0.07023247683773629,-0.9900607690147719,-0.8224915263541277,-0.21631010455557687,-0.0840813282445909,-1.3584712187324592,-0.1399451330469213,-1.0374065491902342,0.08271727404501023,1.0059014240963156,0.09280339861616016,0.2137628542846088,-0.7185909414536625,-0.8831423998858425,-0.9452536505588702,-1.0721328164883754,-1.232302394209982,-1.4730873985744484,-1.254166010291173,-0.5414589620139459,0.7202783135892757,2.2296551840791006,-0.6882556380549681,1.655263084805328,-0.3340362468088542,-1.6254554895067246,-1.2217860163220586,-1.1901459822145928,-2.1278952707092653,-0.6396144687584471,-0.2944405513521048,-0.807267066991018,-0.10497375774075604,-0.8359398165872451,1.6511833671736593
2022-07-20,-0.029632296569989912,-0.8556075213865361,-0.35877306842590223,-0.8419245080235536,1.7650207553340935,0.09393311597273943,0.34035644093334155,1.0653330897372577,-0.846024661503954,1.429010288202896,-1.886325650769812,-1.1715369327022052,0.6106752485827788,1.389701560951616,-0.47988863986665464,0.34805301214849155,1.9220786307870286,0.22589140337580654,-0.18279065612510928,1.0131790090007757,0.4726638691745647,-1.1107748125327461,0.5641257115988423,-0.48315941410222146,0.3289353578664951,-0.28195189734715587,1.162435710193014,-1.0344981409244072,1.6119099323047197,0.1793973954801516,-0.8336449056340651,0.21293180637498726,1.3978400846876051,0.5694030151864271,0.09499249334451838,0.3750246212475614,1.9710158529372377,1.827069435922503,-0.3017732468260193,-1.7618564954906812,0.6727856520799019,1.5390781352177318,1.1611848656732107,0.9444394799319289,0.2854853238309107,0.10390693384288098,-2.32526703953873,-0.06263063996616333,1.5549751906408136,0.37612379573715,-0.5443653685568733,-0.9626816809469606,-0.9490523757324311,-0.09898986955740888,2.040215005188767,2.4925829744072447,2.3262442023960688,-0.6149781813373695,-1.5930343070658057,1.3034427940056794,-0.7233674276767807,1.7749982743871402,1.6141841957482133,0.8561662871575515,-0.39273968817206323,0.6245943713075447,1.1543778743530442,0.39743318432509467,-0.07628496773288024,0.20675009520628448,-1.474110101650615,0.3675469942814091,-1.4449277018599875,-1.4784825183443453,2.602260137800623,-0.5252239917057971,1.8655682385535295,0.9519873215952366,1.031304384468216,-0.6936671159476994,-0.44985008797399945,-1.2820830618317447,3.0247404634441897,0.5133217842404644,-0.9950943226430343,1.1532367113637878,1.7577855048266595,2.071017704351396,-0.943675796218696,0.1715618258897996,1.1289760875409112,-1.237620910028936,-0.3767746276416327,0.16346432223071608,-0.9053873079710624,1.015915645154383,-1.441351371571788,-1.4363157639377728,-0.5179408159306736,-0.5731016632165499,-2.4554926924711973,1.1162819116457432,0.17257931936090595,-0.003056887041618807,0.09019484423201357,-0.0420598448233977,-0.14910479020520165,-1.049669463404094,1.7286501107264147,-0.43652928277434444,-0.5248710051914558,-0.014413097480016719,0.6618575875866803,-1.1456922011001671,0.13715358392173127,-0.5635874599432764,0.6633506640242094,1.5942238434485607,1.3352945166420094,0.5092673447597742,-0.31292250932796184,-0.8770925651127948,-0.24827816197845845,-0.25594065952522144,-1.1460911139366643,-0.3311333038754282,-0.5152283414466541,0.6070669816399342,1.5083904808974589,2.0349682107439517,-0.3798188173382529,1.7643632847428663,1.0591316835177327,-1.1825977088516209,-0.4494380819927722,0.44725151341020325,-0.9230944189623992,-0.6813596432321704,0.02191931062695272,0.013236751318941331,-0.06586273124890059,0.1724202688460764,1.6148456044005985
2022-07-21,1.577318448789325,-0.5191645997789717,0.4256131162388048,-0.501529875197021,0.8813438899710152,0.2249878773428027,1.102282153861428,1.0513116900802422,-0.5219043589105531,1.1342701108944238,-1.7129294924628085,-0.8408155519713726,0.7130124685140525,1.6412069063647357,-0.24309352896763145,0.6525698559765136,2.1512215751740866,0.38592480339818164,0.01700689890341712,1.0945999213652406,0.6390702234271709,-0.814196180893003,1.957374799631055,-0.2463781292718324,0.38239723033395934,-0.22848395853571304,1.5590598149149086,-0.952727138468596,1.9624259224315495,0.3393711859946408,-1.2136905576564885,0.5129020892609282,1.8765151574537187,1.579471261795332,0.3829181226560134,1.6138515631945436,1.6608670668157375,0.9862044256807058,0.7557403691434715,-1.5198398612026154,1.103971483396374,1.272806286352534,1.1973692911252778,0.7236130945208954,0.4650308076104003,0.21627058288064127,-0.7418788787365556,0.05145817318968312,1.5594122388652085,0.14033090914198687,0.09231324677410586,-0.8212996945528543,-1.2521838358692883,-0.2805141478525664,1.609319065435603,1.9036914140183259,2.131588156890096,-0.1508439151822866,-1.464995464679967,1.2138103773694418,-0.48248043704982746,1.8982045887452923,1.4441807540896923,2.730513295046969,-0.060444355382911936,1.1909372339908826,1.4267363549306258,0.412016678721648,-0.12628208751367212,-0.0073411080031220086,-1.069987606392171,0.7918890485455458,-1.4648540448588943,-1.158602086163587,2.1154362785366256,-0.7312798228664876,0.781245375675815,0.9571578637144721,1.3463959254355866,-0.6839118949664778,-0.15621204498458258,-1.0351469467979455,2.8920398743477036,0.7503254931239104,-0.6714303307173144,1.8972322646277695,1.7065653635868883,2.6575661106556945,-0.2436287200789332,1.6245149196748374,1.8521104482074826,-0.6414801688680843,0.1258101087199456,1.3240397548835288,0.8952061945261545,1.3111934060551182,-1.2204678822564106,-1.2210893137564696,0.744812380001795,0.8723156211778208,-1.2721735648487766,1.5470869225704167,1.2412955197137336,0.3975507871835768,0.6531181067571147,0.09552715095542891,0.3722363424213445,-0.25573004710313124,1.9269954510960212,-0.22357895211386059,-0.2023380661761093,-0.08769026436308734,0.8483493082184176,-0.9161870499020293,0.18769496502314512,-0.6211201591417441,1.012894321655356,1.8970661624679357,1.6229985020862099,-0.9573341699638882,0.5090941986323302,-0.8907885505437687,0.798819555565331,0.24376713176691406,-0.967459362455239,-0.2925908497083683,-0.13905992369008172,1.3878344289732327,1.7094552286277995,1.6264482861628802,-0.11785362388992732,1.6897419842709733,1.5426083701438842,-1.1626551040840634,-0.44632437371996997,0.3369211549180344,-0.693512071083707,-0.23553472504311412,0.20001594492336752,0.10442320162397095,-0.07323935850231746,1.8728031816846855,1.6066065934747238
2022-07-22,1.9806689224926792,-0.8950369946709021,0.029311002165651114,-0.5768710825342527,0.5860626667981471,0.38286353194055395,1.5685542322977795,0.987436734112737,-0.5688541679317461,1.1109847553155323,-1.0308336469089838,-0.6102455139792414,0.7937352182179627,1.0783349082452973,-0.271584535826463,0.754180476052974,1.878326196390022,0.7065727833778551,0.2440828024255678,1.373062645614491,2.4574288789747363,-0.7955562382696114,1.3776995101841873,-0.1870049433830128,0.5542664385325355,-0.4513730114584975,1.6510672283856342,-0.8055121139505165,1.632119457557128,0.5077595411330591,-0.7964319456205052,0.7330976392874868,1.4851205731011299,1.7168423973608278,0.5144128388506867,2.1991823211281947,1.1972955921836639,0.8006368970681925,1.350462579238011,-1.3488810623364849,1.4735102094862143,1.0077443281977916,1.0808371847608862,0.6770208317289617,0.6138739518731662,0.18561841207832175,-1.2337140397429622,-1.1841751341992017,1.3449836594872346,-0.5611972213907735,0.2188139324949779,-0.8666566142095881,-1.4243221295123527,-0.24622773625237313,1.5004290824493776,1.7490826201601677,1.7518234035292766,-0.37675038125558813,-1.1467125334276234,1.571592272497137,-1.134293895471143,1.742392880260734,2.4566905795770215,0.8769011365294491,-0.2657261576355675,0.6864228180673703,1.8406067646846638,0.7185247472211033,0.4820388999803549,-0.018251892088650655,-0.6526011400779119,0.6706523691476224,-1.4571789348681619,-0.8531892798815413,1.966546491187924,-1.1588322442955097,0.3280553069724293,0.8881422137762922,1.0669437861947324,-0.8686854544919231,0.010312802519317281,-0.9595098409540005,2.5009055289901814,1.2320203140123316,-0.6157769637418307,0.980137646823195,1.4361216115759565,2.606990850766367,0.05970224996101741,1.3972181071361494,1.4406631236719802,-0.5964670093182782,-0.3166991291366061,1.76893376685631,0.939426432839008,0.9848384486281818,-1.1446122200200202,-1.1407408610666063,1.308057848237376,1.967402456851773,-1.164599248740899,1.5207493443670794,1.686494210231763,0.5709089007776649,1.4160750281015742,0.07383021796821126,0.8933822619877955,-0.5339922601627569,1.0080032843993112,0.18096353181317054,-0.7921272326481604,0.04255309155698771,0.750465149180096,-0.816269890192489,-0.11387384268611139,-0.7548076233430223,1.3718437619983996,1.7704000167401615,1.6597837429005968,-1.1971582024429441,0.8023869263347823,-0.7222312957819776,1.1462636078492041,0.2158391689409727,-0.8205603344664772,-0.1586529617101077,-0.023870010237666245,1.866910635017359,1.437516631183162,1.1242709679014844,0.6174810312991077,1.3976536046218726,2.1874557378272033,-0.2604940304714997,-0.5864671968734008,0.23268142105526948,-0.9379722217746773,-0.21199919051342317,0.6154616498180937,0.07497671028913715,-0.4594682811811124,1.863153612690952,1.2872549047338653
2022-07-25,3.0410375099363005,-1.0136568124155358,0.6808382223174001,-0.24194648058921855,0.3916717372547697,1.0433800218895724,0.48740005130407593,0.9554330188292072,-0.5877619459412234,1.282936467027634,-1.1081929691994106,-0.8138239676719244,1.0908366992371663,-0.2540280936230394,-0.15286961003151345,0.7580076151710698,1.536607771370159,0.7315078325863142,1.6964035245883886,1.1566391296446141,2.3099661145515884,-0.27878826513639265,0.722061167979581,-0.7109670773698874,0.6863680143403388,-1.0863479598105343,1.6451317319940655,-0.555314015703176,0.9153087851484552,1.218526984135116,-0.4672972734580335,1.1523154727981952,1.6261885590830785,1.8008408767623252,0.20731785319466906,1.0536556474337608,1.2276620901240556,0.6969309623960754,1.5754889613343193,-1.421814412680936,0.7189717111511057,0.91355143377486,0.7961273187221399,-0.2694525614908831,0.644641138974331,0.9318026305395529,-1.0091774662823099,-1.6090548002310976,1.214180440450633,-0.843104957039212,0.3322248284409432,-0.8351946887350541,-2.061352808509303,-0.0964602810970296,1.1083463001927427,1.5776630760037493,1.0178618490230313,-0.7973691033440429,-1.2332411453759042,0.2653562284685836,-1.0961280653140433,1.4626104932049282,1.9345490004856418,1.085008484696691,-0.19884776415239852,-0.1107306673169818,1.4288657810282515,1.5546197163831748,-0.20284811304870068,0.048258839334606285,-0.5285111748799101,0.652934696592894,-1.411076872242435,-0.7383025939424466,1.5815330625641804,-1.0621065111663865,0.37004816456367096,0.72900889466751,0.8132988936368484,0.20534275468981994,0.3698796416125887,-1.0455035912728141,2.076682893691805,2.3534905284407546,-0.6219813361525365,-0.10317595952939432,0.9780639490094346,1.841004979223796,0.6072212275071249,1.038273335643297,0.7840566079354396,-1.1454077503850177,-0.9533740804228429,1.3211609875687593,0.12786246437391752,0.5441448550217617,-0.9284871473245022,-0.929532999980716,1.139004399048264,1.8389390275985886,-1.0672142812125214,0.39250122302310897,0.7834887932778934,1.5196261142012388,1.0098878076965907,0.515962364617235,0.9026429156904822,-0.9863592192593714,0.7097319799180091,-0.18707482484989874,-1.2514430168287984,0.676788327412181,1.6711389429382975,-0.7713651675539598,0.038731124072785374,-1.0571445468105098,1.258881060789808,1.0826401036931763,0.6808657389166488,-1.5540941881987438,0.7248363197092472,-0.7210746589302933,0.4291765124851514,0.3376956548609238,-0.688700304959832,0.49482630254212506,-0.6119463762464771,0.6456547706719641,1.3290887390708235,1.4652055567438642,0.9230209431043087,1.1732020162228438,1.5704630056347342,-1.059112866422145,-0.9934315161413346,0.6509801373606995,-0.7192589327944919,-0.1799740670560925,1.0052259352685302,-0.034451250961785626,0.1454259530878882,1.87353557142675,0.8828321160519689
2022-07-26,2.6110119562183605,-0.7338695097042878,1.2109548608929512,0.1069881421412482,-0.010770176191703758,0.798635281210353,-0.8918128214917993,0.9968335271334102,-0.3174401234369091,1.238134162121991,-1.0127085951381842,-1.0060424896057976,1.370998883188907,-0.5219466631894221,0.3436431415092874,1.3478705182287973,1.33447416078428,0.5743081034088744,1.44813264617104,1.0464647993531428,1.7896100874319958,-0.44220759157431333,0.422158903886938,-0.3787344598064235,0.8439100913461753,-1.4797037859528046,1.5366562332592837,-0.6805195878606639,0.9152373633821315,1.6322183178917675,-0.13275258696787037,1.791077728018964,1.1661358666986668,1.787980649525432,1.248077836269595,-0.5965018286688953,1.2433737106603449,1.0121962883908417,1.4191290505521494,-1.2381332998680585,0.9236757006663376,0.959226510326692,0.6046520564537513,-0.05303400986736423,1.0677489448425526,1.2889779999802395,-0.7101768022396747,-0.9749719774301301,1.1937883314963162,-0.44061084069749296,0.760998132322639,-0.9072387334198723,-1.9458971881203915,0.5450970501604607,1.3122130450859901,1.6869921061211077,0.5639456282822644,-0.5498525807363815,-1.008741181907312,0.40799808754387606,-0.9917349162365099,1.5381802234817872,2.0279444595282783,0.9950581851401389,0.22374299090467398,-0.8260282528781578,1.1936697454556595,1.864194619236861,0.11181931993543343,1.038441575429944,-0.505451683517794,0.7649264904700234,-1.281432374728888,-0.5268745049191125,1.7119115692046858,-1.043613165426322,0.30308106209620767,0.8412890808935979,1.3593239129772983,0.3463147693158828,1.0097771914242748,-0.8112218187643809,1.762669277727543,2.471235524197871,-0.4116356268517524,-0.07050893933741953,0.9638164340288917,1.775604344346208,0.738725473782612,1.228977029148886,1.006542821799999,-0.8380477665477379,-0.5641312276287935,1.1389221909408822,0.6172612137372,0.6974656271031093,-0.8222745588905164,-0.8270883008911948,1.204116508558608,1.998078293351609,-0.7662106453469306,0.7546910917525376,1.143003715028697,1.690996292289953,1.2144983681284645,0.713588660171435,1.3672731258637083,-1.0759103001742765,0.9517217172362468,-0.19106252721939995,-1.0482588947397602,0.912277496649443,2.241419690054676,-0.6267641942191592,0.515647601536328,-0.9347933247307743,1.2951331528918149,0.7265146699047837,1.0392410223110216,-0.9706646301963204,1.027204497659407,-0.7033302927862438,1.096589333847668,0.6756898411704462,-0.5083560263149418,1.1056959287912653,-0.09075020355403232,1.0074133005709185,1.1751150255927176,0.7260842932067753,1.2161798483408859,1.1298615155010714,1.7426435851571183,-0.8518852069652916,-0.32687836868076564,0.7460446066597803,-0.8784788179898106,0.10483435774380814,1.3120425941667344,1.0884373600093813,0.12806381867325212,1.8909642228977637,0.5135752877962309
2022-07-27,1.8360035966800428,-2.207577025748766,0.9959140540435083,-0.34810229834202694,-0.1798314496949021,-0.3656924900662802,-1.1978285555673742,0.5414310833601025,-0.8118713138872938,0.5711297306024786,-1.3002748803462059,-1.281436043287422,0.38724736352168054,0.7185083261459606,-0.8122515433559887,0.6354977925639432,0.9464526080310482,-0.08148744753434363,0.45987358639055204,0.562875387124396,1.3033808026081062,-0.9268000284891319,-0.8540601668373324,-1.0514857852505777,0.09825716996665423,-2.1337056421946174,0.5567424617031546,-1.0074161828030734,0.4018208835774213,1.2074317173866016,-0.7127606691500508,-0.03177857994070131,0.33827310132710253,1.1761238505105416,-0.7852830137483485,-1.8899376179126637,0.5598792679899719,-0.3424113344175988,0.21715708661635275,-1.2139248005632932,-0.7343931621123445,0.7037130389406372,0.043376799895578126,-1.0224439038837403,0.8313822311780841,0.7327349966693567,-1.07459496196779,-0.6578881568275028,0.4231838270000141,-1.2951880363634103,-0.16856779752144085,-2.425711759440776,-2.226706626923293,-0.11210237958205728,0.8559571014582865,1.391926587723885,-0.3167086708744766,-0.9878934605428196,-1.0292610006814054,0.01861880404617025,-1.3317599604424268,1.1252461255703736,2.1676384257650394,0.16179248083467326,-0.8218184884427839,-1.5436996089764468,0.8293053634790306,0.6980663401119236,-0.18566917208780748,0.7172690910829139,-0.5560370374032196,0.7098221755995816,-1.397072289942209,-0.4224238729274446,0.8810110474006273,-2.088758123771656,0.18630529836222437,0.44971642303638826,0.9890018063195549,-0.9354933663779794,0.7224966142902286,-0.9030816250062118,1.4438164891109169,1.9048774396461914,-0.6100569966404662,-0.624598145929304,0.09603176979386746,1.5402801589550639,0.14074305192529732,0.5950074101033038,0.8467659579672628,-1.744893765561029,-1.005033101575717,0.3116857957434332,0.061187560634520057,0.14280306007047078,-1.2349611509881202,-1.2378016919259307,1.0397725720221829,3.1018826539611637,-0.35387796493580814,-0.559587343222585,0.9607611306430799,0.6542569224145317,0.09746683638138129,0.3122460976251332,1.0352429935031227,-1.07453260908908,-0.15639512215047932,-2.7125593196576245,-1.475364464612118,-0.5804787733505444,1.8786478912460025,-0.8314971435681217,-0.6825250023833388,-1.967361952633799,1.1581199663245674,-0.12469819841541356,0.38085895451194696,-0.9550778857519526,-0.2995521263276569,-1.0038336188964014,1.023418975937985,0.06914994895717697,-0.5788036635882162,0.7797808029498231,-0.6053536083177519,0.33345632794240393,0.48094036369922055,0.4312656450445819,0.44752641097545237,0.935931773334303,0.9409667987360542,-1.0945122675275767,-2.326804502048662,-0.41475808195704045,-0.8981173406707821,0.12474662337804049,0.3487633121883068,-0.044224880019823005,-0.35853633679638663,1.0411648817738846,0.2988574587737835
2022-07-28,1.3373254352487711,-2.2866645287660075,1.408979182361057,-0.383102105814549,-0.051989469596078836,-0.6946990168218578,-1.2259980961232666,-0.1420481001798417,-0.6656277260607186,0.6049256613271945,-1.6497289896231484,-1.5490036876747657,-0.03558421406758041,0.47331566438420436,-1.442307289869203,0.2950850387790709,0.5634914797736941,-0.026247573994164906,0.8760602608857284,0.25711660783699264,1.5049156407662452,-1.2894268623340706,-1.0505602936933858,-1.1418019881170887,0.1524070717039736,-1.9694591788089795,0.329340900199643,-1.5003358266032378,-0.07612265043266948,1.3084791784189203,-1.402585561459979,-0.08184383102345849,0.2660652050459947,1.3698548303423028,-1.4767680453191836,-2.7613490149427378,-0.20228601406809893,-0.49257014911778263,-0.4221286654292611,-1.1166814709080366,-1.198515491628214,0.26199147760168146,-0.3578640657632083,-0.8408623362541078,1.5115057531740905,0.971185945166124,0.20132043807491823,-1.6997087644462345,0.2757839328602871,-1.5468059790206166,-0.49293994166787436,-2.1555492745292235,-2.1831531478171047,-0.48749084219959365,0.49053589891831056,1.005326444055723,-0.5059644541112942,-0.7130299784685106,-0.9893024466161633,-0.6506095495136051,-1.6957291723142849,0.6835318998707914,1.8385608958148163,0.3908863167554702,-1.3633398716275695,-1.7341674558978626,0.7994490269154785,0.44835033587650247,0.8211010870581543,0.3713072058762833,-0.22031229043547376,0.5391844639272645,-1.2576898050160181,-0.4342112282928937,0.4213869908293788,-2.554013330296843,-0.12816642177300003,0.04713038892859552,0.3627233763767572,-0.7990227574659423,0.6493091767115522,-0.8890290895456552,1.2423324858617313,1.7964634266386916,-0.5695883838483524,-1.163808451944532,0.21692311232336126,1.303627968074108,0.4723994296126055,-0.5364425586092026,-0.08063872961210625,-2.3002424708372926,-0.8054111092848855,-0.2300466812020756,-0.6058953191361549,-0.2709082723558051,-1.0823984046991575,-1.084207574156424,0.901778969961643,2.933551545754589,1.0405208883689412,-0.98250599236973,0.9659797492059455,0.0767276594140854,-0.7000529920884644,0.481109143381108,0.6990551319952379,-1.2127860600753593,-0.44638500541671317,-2.4433301231892592,-0.8747961185142327,-1.6848322317450068,1.4734088661369638,-0.7719095743873128,-0.5597407404113444,-2.2543592839361324,0.8423128987757726,-0.19605556068976024,0.11587903473417233,-1.4929863033571722,-0.6358798984645767,-0.9865893651213636,0.5947660424152916,0.4331245761739728,-0.5319668945597673,0.35500372315994827,-0.7103004922564491,-0.21715504396676688,0.6525173166697505,0.36625110273763406,0.3769420608929091,1.0041422686686163,0.209168941619839,-0.34703353611509336,-2.588538839392725,-0.5890984235839586,-0.8872943601509176,0.033057042162027137,-0.1112381975160841,-0.45216050549178677,-0.6019655300682544,0.3707977099295057,0.16381836801649027
2022-07-29,0.8462722603399,-1.9583520761972464,1.098734616582714,-0.4412731723711729,-0.32483911885500755,-1.245760144689646,-1.0524127675471697,-0.40322322568156393,-0.8331765167888963,0.635582534236958,-1.645468496904891,-1.5691968212090168,-0.32680260074921313,0.34999234927310297,-0.8610483665404052,0.7007179443790547,0.4797291235472624,0.28232209903534744,1.6140534716021946,-0.20025938237137017,1.5572346476737104,-1.3340975937885617,-0.7503496997419893,-1.0888624191749388,0.07334964795969175,-1.5646647969825418,0.11539648458451163,-1.2685569749798122,-0.7545872443697955,1.2464438403537175,-1.3707432005725264,2.613085480171279,0.03912933048327812,1.4339916231643444,-1.6593282763050987,-2.2808002711727573,-0.4670410483406903,-0.27337340057176857,-1.1623918204370434,-1.0007114070938017,-0.5153445941951255,-0.122344735042234,-0.3588941306706521,0.029505100230133755,1.8479837095313152,1.5045666490705825,0.6878777856680209,-0.8521017621382279,0.1059487438137695,-1.4159104992593807,-0.17326051654843566,-1.676553435524452,-1.9100328858087772,-0.42009490010943584,0.6232043363748053,0.9826202098999203,-0.19016030228730235,-1.1648058331901148,-0.7306957709565689,-1.3244314675901205,-1.3970213155445717,0.5398731857085812,1.4786546309247361,0.21144929917339916,-1.002352196847114,-1.5873778930176932,0.8533425783441756,0.8466318812937098,1.1479734327185254,0.4382056145007795,-0.2432181362179011,0.388356541322528,-1.0204334658279428,-0.26686636376544737,0.32220268827594356,-2.190229539850526,0.13840902119942772,-0.9026847686234896,-0.4190406892745765,-0.27120290371153016,0.7393141620219148,-0.7254362339468623,1.2874280816362345,1.6654292217989566,-0.2872932250748887,-1.8485890228867474,0.5440262269329341,1.5831958116351441,0.7915876739536747,-0.2787602543536025,-1.1547303037368823,-1.9446388182799823,-0.44728020544823316,-0.1530739426918306,-0.6355793041137092,-0.6822780278770023,-1.0948718688839683,-1.1045798560557512,1.3552011796704448,1.8850380559064377,1.5721024984920977,-1.2813535336979562,1.1466850899257615,0.7688332120975662,-0.9967970776226405,0.924787476931769,0.3257206978312178,-1.1882223433847234,-0.062486511832978646,-2.3872580203993454,-0.18475632829349198,0.07325037209216714,1.2510359632314942,-0.5915939178603257,0.9032948397458037,-2.16603413501112,1.1287511787368463,0.13424316669977665,-0.32845286445532573,-1.546850707968429,-0.19560120508359116,-0.6131795262806973,0.7421171611386589,0.5480431265262508,-0.32573753308180287,0.31526955270160223,-0.649566053807967,-1.0830077048438598,0.7075507219595171,0.48590604108195073,0.48596579318201866,1.144159758529149,-0.2792966500311949,-0.4331771774304464,-2.091028375267777,-0.8735399480195782,-2.100369636353682,-0.2680341389107202,-0.2679848716173446,-0.28130296990817644,-0.17550244672387058,-0.33298103783523164,-0.30534762647339725
2022-08-01,0.7846711987449843,-1.6873185229618517,0.6198355341998707,-0.5578195242471249,-0.7128252286547908,-0.4001421171750169,-0.7626229537077122,-1.431768511302155,-1.0646685023568194,0.1722053262224307,-1.8965712912862522,-1.1158482673420023,-1.0256146563171247,0.9016880355779858,-1.2414789640891506,-0.18120487196837534,0.13444960564941505,0.4766707950149335,1.430598719994427,-1.0860642851161588,1.1104389247576283,-1.3263297096102553,0.02606946642288312,-1.7000793628312942,-0.2851674369140395,0.6355224533980305,0.31735909675949125,0.18643722252323733,-1.0888910632297952,0.8026477755150268,-1.274208407015565,0.7269430558945478,-0.1385120008276353,1.1975228522649233,-1.6806151629956538,-2.0893950252716147,0.8997938449970468,-0.0878925224237441,-1.3472473976772958,-0.912583405304765,-1.1071567789263883,0.44444042393825023,-0.06047813231037902,-1.5563491599433783,0.9956308515263417,1.0437277267566225,0.8356822874983179,-0.004392596411489417,-0.427696744474446,-0.9168325473662104,0.1253436870871896,-1.8717794473006442,-1.7546591628754657,-0.43171254668627856,0.5820361540460786,0.8230343862029469,-0.42685488455903836,-1.4324689811134792,0.22301436951132708,-1.6295743636395916,-1.6799534649691268,0.1646534600485697,1.408619931842633,-0.022687422305339978,-1.869259894440177,-0.5936875039952227,0.37959310015705877,0.04850434416730985,1.2966982806848117,0.3626442398575511,0.3073967691507043,-0.14164460763807743,-0.9874872321323729,-0.3898418410012831,0.2041665595540108,-1.6271189053654247,-0.10782140038001546,-1.813015313407776,-0.7328986939012336,-0.251238579137231,1.0203033637861958,-0.30594313650444266,1.063459917823247,1.1970066472783798,-0.36296072166739873,-1.7899874717303281,0.8210909521237543,1.373559404391201,1.6256974489838745,-0.6188337694064971,-2.4392866184116992,-1.6421923548115194,-0.40944832248907675,0.22602440526561,-1.1314413591609962,-0.6204349932404184,-1.0969430972664804,-1.0858379586780365,0.8304724312407606,2.2554497125910142,1.5775010296836962,-1.4241953563358936,0.5723786107711667,-0.327154082301285,-1.6585330642542624,0.40022266995827516,0.2922871892016885,-1.2808258162813742,-0.32007061091436845,-2.1251177161439165,-0.1822170417568028,-0.4622210167616047,1.3457462920656962,-0.6382041977604374,0.21607333521823163,-2.1017558830544427,0.44493862028965214,-0.37880199970832157,-1.0918368624171688,-1.2672945152275932,0.9792419254717548,-1.0609747393118192,0.36611918118599385,0.14281472952013263,-0.3019310607322561,0.6528419638936573,-0.5139212770206631,-0.7831907348882187,0.3289276002003343,0.9361527379881707,0.42440981350468704,1.412498718905829,-0.06197979975276086,-0.9014768287066064,-2.073110415106223,-0.8526388568935375,-1.737579021062418,-0.4193146421779748,-0.29460459878512674,0.14401013370123578,-0.7543884803669542,-0.6433608846150652,-0.1542365447089459
2022-08-02,0.39732410679919844,-1.4579095015708345,0.37115622729855663,-0.8312696051199258,-1.1486008113520643,-0.7568086622152871,-0.45853950725209774,-2.4761885094426406,-1.0622298340439746,0.057005368254277225,-1.4496643776881786,-0.6790848019354828,-0.9935540925384806,1.8290145761893126,-1.61669859428044,-0.8914019064353218,-0.17589786659309878,0.5359257689459321,1.3159261165639664,-1.127012091482792,1.0227110661060603,-1.0403715464003183,-0.3904154676795706,-1.7382422948288059,-0.6912285646095231,1.2244729438492177,0.10000940004447824,-0.09372503177596928,-1.245555636021927,0.4991978293964347,-0.6976686893611016,0.18008378710982362,-0.390767464896499,0.9990707157995024,-1.721265842168551,-1.4939451904567933,0.9262285671553908,-1.1703966893955564,-0.5952102624965359,-0.7618896167009417,-1.1609419753000714,0.5357328002446686,-0.0960595320977218,-1.8377153270202147,0.596228528924296,1.0769192368455305,0.01372992494358391,-1.4015769132832459,0.10900609496627503,-1.0762759044204402,-0.19480284105727544,-1.5903249876596461,-1.5515973157237923,-0.6347011231498187,0.15418602209863888,0.6381813061120624,-0.39713673245329256,-2.00993351629663,-0.1584776760979181,-1.5944435256321698,-1.5838745555321614,-0.18492772355694595,1.3927323031197332,-0.3312729781933803,-1.9629037645380885,-0.6948172634445868,0.4740217633420476,0.04955008907196316,1.1249153801126865,-0.25791347051221475,-0.5309182744259802,-0.39377058014349897,-1.0040925591875036,-0.36674683566559113,0.3945523287421077,-1.8142425156410413,-0.7055852843225198,-2.258645119380952,-0.9447986721925026,-1.0368139840359545,0.7603400023896275,-0.35531651637036565,0.8799926388053106,0.9105670749837107,-0.4001938965303047,-1.703476332068799,0.6637944447454208,1.2449707422610872,0.5445896275213944,-0.7717172605570195,-2.1645879082581225,-1.6730114285248523,-1.6572719079939604,0.10512968680878791,-1.6142562095110162,-0.578228237616936,-1.3407358802584453,-1.3398654043962586,0.40915717051243383,1.9195086816704203,1.331385343859612,-1.3947604112566114,-0.49450578254911,-1.3155565998709222,-1.3476006193645014,-0.006850007210816942,0.02215550203834074,-0.8117099888184501,-0.6181212354662774,-1.8843452558396698,-0.14949737198421106,-0.5602234870451274,1.1324190487529515,-0.9729439280409037,-0.7313418775257301,-1.9709598551796559,0.23190925707079713,-0.04030078627300389,-0.9705840532705882,-1.4323054509527755,0.3488019183615204,-0.7714117420359761,1.0488659790917472,-0.37734242549064234,-1.2391763047460516,0.06386196861579224,-0.8796843752824752,-0.5602780406064657,-0.2984961727539008,0.6901889713318665,0.8889591878529836,1.3811272031804676,0.25649542082192417,-0.9441227471181861,-1.800641143867606,-0.96761416011634,-1.8797511193957481,-1.941983171750445,-0.4957342258280314,-0.7029692127219264,-0.9948419755087674,-0.8129435998327271,-0.44209831809588185
2022-08-03,-0.17861297137085066,-1.8118106700129277,-0.566312809953565,-1.7295018541880012,-1.7234812378774127,-1.0950714547058407,-0.7668461795914903,-3.0733484330443366,-1.4337172115571073,-0.637856828873787,-1.586518944457516,-1.0028979328910008,-1.8279957663655713,0.6340133482653016,-2.439239607328412,-2.5075047681194684,-0.64168215982664,-1.2709767271218881,0.32401862798227327,-1.626511541864961,0.35186115802085394,-1.0893709098037874,-1.000929999550066,-1.7377455576258707,-1.5982025353483462,0.5227057891739955,-0.7215589187707829,-0.7434278622420143,-1.2702941762598585,-0.25515277267411,-1.9524860539916038,-1.7713846764545786,0.25481480857783556,0.7166019070644639,-1.9696203416353595,-1.5020777082876018,0.047608338609877746,-1.2894199064126521,-0.37190812832087833,-0.7373619472407397,-2.0352218914525895,0.4021645280631712,-0.512136614410164,-2.1921738267555453,-0.5590658412194982,0.7552938958048926,-1.6828040406562017,-2.2260035171767907,-0.8361515598629442,-1.346795320393676,-2.112216614909364,-1.6202084426743053,-1.9088628524870743,-1.276031289753434,-0.929275074832501,0.06321567481288846,-0.5093808242192799,-2.5467446871523935,-0.703138710428849,-1.4492081898363194,-1.4958710099487265,-1.6176955221265656,0.9219883605668113,-1.1069043419934665,-2.1592127128455147,-1.4208201677939494,0.09422703388674657,-1.3886516819573624,0.3308633052249539,-1.532528437001665,-1.0573284024209981,-1.032437502132456,-1.073815247261386,-0.4820533033610283,-0.084701690074997,-2.0246245603556448,-2.741498073272036,-2.4353448129163335,-1.7551222657286465,-2.5522699306483534,-0.13790160942561966,-0.4754613350927746,0.5683394723656118,0.05757089312425326,-1.3713899831560628,-1.2471946319428016,0.5093942296395939,0.9859918950550277,-0.4569983117570978,-1.4354893312859376,-2.3021620101235367,-1.7796145816216749,-2.506909466025237,-0.5515844084123473,-2.3803070973284295,-0.4621865272334428,-1.479594535180896,-1.4783695559038823,-0.12182491222160334,1.4316164767810815,0.8110070230141577,-1.4921952408543624,-1.0774905811692932,-2.087043889505395,-0.8711213876667491,-0.6323543930775697,-0.8480322642780364,-1.2064811372920647,-1.3564003119064065,-1.7941834469061262,-2.618912453883257,-1.806253553888161,-0.11332265478699347,-1.3836164641597788,-2.0459901881105025,-1.704234088106937,-0.06802419482360844,0.37406409379855016,-1.4876456210851652,-1.381535191442941,-0.21756769698683523,-1.3459664402048233,-0.0012080925457193404,-1.616078688562201,-1.4274354295193343,-1.230495751680729,-1.7159757295359106,-1.3272085799211173,-1.3158956032193996,0.49185461648854684,0.6980047433801345,1.229617450856149,-0.12183947024230433,-2.065074489605866,-1.8421687774655657,-1.0820261726265803,-1.8505789975219942,-2.481661435095592,-1.2679691483820723,-1.8312656300537344,-1.7820316406048426,-1.5116583730933446,-0.922590090286886
2022-08-04,-0.4726103758636773,-1.5776541386083023,1.442428845829552,-1.2064104357438798,-1.5055595369133796,-1.3682884750318864,-0.030990265312339425,-2.88184784515069,-1.3126273452962085,-0.7834289888883327,-1.4946489004016335,-0.41527621723052766,-1.5518327857360192,0.8741237124727309,-2.774131604996297,-2.4607256110052864,-1.0574884969825882,-1.1289896699220803,0.03433044537971313,-1.1524939186122132,0.210859082715879,-1.3618503851981494,-1.1997247862415978,-0.3764750247663158,-1.8414089164127885,-0.15007748890893077,-1.178367128034649,-1.7923941527869511,-1.107480402186538,-0.5340146988986607,-2.6556663737754445,-2.010602836299684,-0.8367335839947587,0.2141293852706613,-1.9257083923821623,-1.5108132543742137,0.20812853645866555,-0.40559318520826315,-0.7293990717473121,-0.5854914738204788,-1.4636723354754912,0.07750350079476481,0.08679420357938168,-1.817517695162936,-1.4048589486585943,0.6979641419983307,-1.0498460752717436,-1.5739972055079094,-1.2358990639651335,-1.5276218947951725,-1.908927607015915,-1.3664842603997835,-1.4139877336518483,-1.2155360601079082,-1.0705319857809064,-0.20623853608656798,-0.549737580064429,-2.4745056327846715,-1.44807144840254,-1.3780855571356991,-2.0886690001993804,-1.8466034035449237,0.04831406704038251,-1.3053630756765884,-1.9004416009955407,-1.5369224015311072,-0.46989768830118195,-2.539092608435555,0.8996375665351332,-1.2432305470143916,-2.0105104925273243,-1.5095328247773938,-1.0708959815030683,-0.09728762619372885,0.0934457204126468,-1.753016264149198,-2.3146768280385195,-2.329753366643539,-1.8309454200902988,-2.6754182296246163,-0.15551274448986582,-0.29241495408923757,0.4280596742969109,-0.5920141621049884,-1.2590742919745623,-1.2048255107171737,0.02333890321871551,0.7992054243095582,-0.293564481086222,-1.4660774533894247,-1.8946441693553508,-1.6667370308035943,-2.6182837845401576,-0.6179621598915822,-0.2704402957824525,-0.3106143272550735,-1.5598954089779746,-1.567983676548802,-0.8592167193217091,1.0050514272278646,0.26930380200518583,-1.3594937746018028,-1.5487910324742766,-2.1314546363399254,-0.7228108271628298,-0.9148178823784118,-1.1038106339091605,-0.6972524431479642,-0.8779515293327712,-1.585602491987348,-3.2427756038845184,-2.0723356115787683,-0.2094209196035863,-0.9813408371206924,-2.207991238042485,-1.4528236652165762,-0.47600034265074675,0.10569131890184782,-0.9427964987528453,-1.671052477369888,-0.814263591214355,-1.7450525938320347,-0.33112733601319727,-1.818430809386559,-1.319309686818645,-1.7328467789181226,-2.0935140345813505,-1.3373239957667713,-1.6965970369600838,0.43317877454764225,0.9661031293284424,1.0833325314826439,-0.35719196572029704,-2.411049065563434,-1.468304102898299,-0.9542615809008284,-1.6483796673664057,-2.217918682801901,-1.0430070417470134,-1.5851315797682997,-1.6897541502538544,-1.57404165786346,-1.0994832493017206
2022-08-05,-0.01607707058034526,-1.390693121864374,0.33906171561003307,-1.4890704576282032,-1.557473386625841,-1.41552986544902,-0.008464359412967786,-2.570186381101684,-1.6037455262574187,-0.6136642388876052,-1.2600959002350571,-0.12883501630858157,-1.3908544935834606,-1.7457400229396327,-1.7743332143523676,-1.9072729466809712,-0.6972688058385503,-1.174894817327298,0.026086164946979143,-1.0800104381722722,0.34136706353537055,-1.2450799182865044,-1.4273015758632124,-0.7408049461172752,-1.8716924673764448,-0.2786259631439105,-1.5536972029281355,-2.4454685591673018,-0.9837765261348852,-1.4241364869728097,-1.3254352634551452,-1.4543529394845867,-0.6204138060647196,0.06462724592992906,-1.9270929233619334,-1.33221713869796,0.03856322961548652,-1.001914655928254,-0.9263234001712435,-0.38417151281798606,-1.2896573407007905,0.16728062566964583,0.08478516987697232,-1.3021536261675684,-1.5654753905415146,0.4549354396740354,-0.1686435399182664,-1.5053630243269844,-1.4612903821894332,-1.2386642501534537,-1.9819213657333863,-0.9878867514638566,-1.2254474482642803,-0.9643562721639383,-1.2989823196455472,-0.36815692750601947,-0.4508896811664855,-2.3502902725492145,-2.81460070903159,-1.8934423677062582,-1.9114630516835653,-1.6071708260303952,-0.22159150740611064,-1.3196718662370872,-1.7976091086821178,-1.175292921194324,-0.609481010710972,-2.4624883113504876,1.0748522902575202,-1.196161458273359,-2.913268177281698,-1.5188601716368908,-1.123103107891674,-0.2952326038410718,-0.003208808106303887,-1.7036022469899512,-1.9420330141820386,-1.9845676551179978,-1.353254731010152,-1.9301160308481835,0.12768134751353588,-0.4206207635155646,0.6069674598165206,-0.30593962483764875,-1.8333730649166091,-1.1971219127346777,0.11964636610596922,0.8513193204665052,1.7651336376330404,-1.2496833789570012,-1.636982862967093,-1.4498634222026139,-2.4698270130718196,-0.3521464536873582,-1.4645228380445923,-0.47623097927708785,-1.6125098314514792,-1.6072590632224075,-0.5603437659370786,0.5317717102837012,-0.21949684131997863,-0.9099277409532003,-1.9054909115147236,-2.503066748696665,-0.7577798364894998,-1.1152892956096188,-0.8135975683482036,-1.0138850274183835,-0.7244686272227404,-1.3602592794819728,-2.6593486930290977,-2.355925414661311,-0.680860187303501,-1.3862749887005192,-1.3096427261974573,-1.3311450480388756,-0.38896837764606584,0.536569678402494,-1.0075528381728394,-1.616963782736743,0.2627475128662271,-2.225180636693679,-0.447209436263695,-2.0492881554880875,-2.020892193285996,-1.6282062304788978,-2.2724045750317763,-1.045956681067056,-1.214916882561123,0.21834627515420046,1.5870588399562169,0.8868193204341643,-1.510829513329664,-2.092946183483553,-1.4030243649720266,-1.1027257509126245,-1.7273711557973266,-1.9212266734118495,-0.4252629816621007,-1.7630386641229039,-1.286233463897106,-1.4891960031938873,-1.1946663694084072
2022-08-08,-0.21978923490760086,-1.09160011918724,0.2314627965428923,-1.1648047564888981,-1.1351899531974297,-0.9705836896532976,0.13678219686519494,-2.3073423716521977,-1.4736168975699864,-0.37189602446377024,-0.9093142427501568,0.06662223383636441,-1.2746322745414749,-1.717609937947488,-1.1895047777962378,-1.2998363116629237,-0.5991739143526733,-0.29368353771422195,-0.03810076060578993,-1.0029421284789826,0.3096313271190673,-0.9539134233956977,-0.9265167041419462,-0.7971541289134745,-1.6442489025625808,-0.5419216971493159,-1.0190737660503482,-1.642159704196436,-0.7409378833084814,-1.4843786972761401,-1.4235180852834204,-0.4571040931334813,-0.5739954912950344,-0.1876829654075609,-1.3406331699938083,-1.0926495274501988,-0.4558041654412203,-1.7543916456986315,-0.8235015455281173,-0.15986487855654194,-0.9574608147853613,0.16388986130293706,0.021880179764620707,-0.46470133855841833,-1.0845168080915475,0.3437291930271216,-0.946188816285563,-1.3723368164251537,-1.2937235258018946,-1.2326683146236488,-1.5395824280572004,-0.800220221816248,-1.1396874942792532,-0.8742063607522449,-1.2694902553433989,-0.32650574313815495,-0.5821787009004662,-1.9500462774755543,-1.9556992176433172,-1.611868827756718,-0.8472922354072696,-1.44392737380029,-0.8223625338986958,-0.9515113186853861,-1.6754565448093601,-0.738478412855516,-1.009252882358273,-2.0839906342068737,1.2955815094569134,-1.1667089235738917,-2.3854736238809244,-1.252945453404793,-1.0629489323548886,-0.07678616850730109,0.3251447685534134,-1.3327094710107925,-1.6904920343951293,-1.566204669441743,-1.1962726437572146,-1.7599212060228147,0.9757416446702626,-0.188732821574682,0.5020612398406258,0.06791976169362811,-1.4402826706966492,-1.3996885109918304,0.8136072571917163,0.9009458900536826,0.7222611097243185,-0.9567160440446127,-1.524472800428436,-1.3364635926386152,-2.153706597803625,-0.2181995171835665,-1.2832889337654005,-0.9004781093842742,-1.449425413482246,-1.4436737935900037,-1.7408317824494461,0.4820142812456442,-1.0868987945484172,-0.9225073967521075,-1.8433596549198128,-2.0216957253926426,-0.6820897477742821,-1.2428227949190398,-0.5988624997231085,-1.5515898683670633,0.10344635303705958,-1.1154752353680164,-2.1906529585216585,-1.853672893295047,-0.5840222590339182,-1.4301729912230132,-1.1758525095253258,-1.125381754143879,0.22875532166933726,0.3209748246884621,-0.476766659811869,-1.529320530136393,-1.5212068701263501,-2.4775309370218705,-0.31825078856448674,-1.6140865563666182,-1.8094125494335802,-1.3249862521519709,-1.9705778321471827,-0.7167475946503703,-0.9970770887112054,0.058007490874192054,1.1269779771667217,1.1818183495244565,-0.8314626826243166,-1.8896017187299647,-1.2250498178161469,-1.1325020529079175,-1.4944678746764448,-1.6582930488439667,-0.2983882891021846,-1.81344149311254,-1.408040448132667,-1.7572093840414078,-1.3918597775669816
2022-08-10,-0.7462357622435803,-1.6156032332867847,-1.2783990001877918,-2.2003538352929652,-1.5990486446909369,-1.5411943692788617,-0.3403595274446971,-2.240134336399478,-2.789850152958513,-2.2396337466675598,-1.2235605447092748,-1.6223950688806803,-2.019107578212976,-1.7744411451634354,-1.471500613654752,-1.697468323907735,-1.2700396946318284,-1.5071899407492495,-1.9485763579416433,-1.8731574583268655,-0.5143877327890912,-1.5179480420022338,-1.7988162974675674,-2.457442349279115,-2.3753341165613278,-1.472762198992961,-2.1473029471781797,-2.4406574463613646,-1.0811008591807552,-2.1964740756432444,-2.9280300704924995,-0.9080763097439837,-2.6813694184716512,-1.5083330113902937,-0.8919584931193933,-1.3367355729995538,-1.333466643063413,-2.748721450335226,-1.4262912400969392,-0.3164877083212678,-1.8675838139958225,-1.0665604992579605,-1.7311275653583955,-1.856969501355612,-2.1027074828087846,-0.7033235759255486,-2.6742683831413867,-2.8399155262159583,-2.6887566252387103,-1.4533091925218544,-2.053985000801112,-1.3164138259599076,-1.4445573152006443,-2.262184949839352,-1.763608981175825,-1.1431662692094644,-1.833741522021431,-2.379656447149889,-2.227314157629939,-1.4658084928663688,-1.2574288805190634,-1.6468201519772208,-1.4087414853892466,-2.119357687062791,-2.191547581901312,-1.6260951440421019,-2.442956544846873,-2.6164828336619577,2.2312077221260984,-2.0375492026339366,-2.550593348851008,-2.033794979004732,-1.7976791544973636,-0.5888888406695685,-0.7532690708372849,-2.053733182628764,-2.256214426410564,-1.8656053717597803,-1.9743200346239709,-2.4016736062636466,-0.9861463025607343,-1.2651084931621375,-0.2319385911565663,-1.1093561076625285,-2.080176236111232,-1.6767221698422572,-1.1241871007579765,0.007895804787847474,-2.532988069908447,-2.118965328405202,-1.4115076174452519,-1.7221811554185966,-2.4998878930180677,-0.5993509131960717,-2.3251727922095546,-1.0921430435562545,-2.181808174275183,-2.1876609374431055,-2.7810283861643588,0.011985224058389636,-1.8496373351746616,-1.6113737714719418,-2.003274796718357,-2.5612987885674703,-1.5395199575097271,-2.3217976597958327,-1.4489044259888537,-2.9641438240442652,-1.4127584409877072,-1.5369670246288598,-2.372607035012052,-1.8607253724630917,-1.0380636088812658,-2.389970124155785,-2.0602245124335847,-1.5566517963712316,-0.8378362709579997,-1.0592363542732117,-2.1333341459878414,-1.7239833331305063,0.16587856214839664,-2.868446290695063,-1.4251989644319356,-2.5886837696468223,-2.5331872448447155,-2.348061861448315,-2.477560051705196,-2.02859427163492,-2.621958846858604,-0.4376893488976064,0.9392269073763457,0.37326047315986133,-1.5546650964295454,-2.0265729327033895,-1.648662357404668,-2.1448159936356515,-2.339381080277598,-2.8326507657815054,-2.041397616809726,-2.9435351162773378,-1.85217584479872,-2.0536573684308013,-2.3735171569522966
2022-08-11,-0.9615662660501202,-1.8906606455051085,-1.3896606381918282,-2.499085397199637,-1.4599863741398678,-1.587182822964424,0.548042126716269,-1.7698023327232455,-2.5838351714834285,-1.0345828017054108,-1.0735278101969634,-1.3960180931579553,-1.8872889511482103,-2.222497628279214,-1.3400680146109012,-1.3904318328254504,-1.4295438322608378,-1.4672840052487184,-1.9553161163107264,-1.9949008953291425,-0.8443430050457319,-0.7171373162251965,-1.926282995235823,-2.7092948450021193,-2.3407903821512437,-1.6679552121296646,-2.277175032612712,-2.6592397398829903,-0.9060183788593481,-1.9782461075859321,-3.061241057669214,-0.8671584274198131,-2.771473442498786,-1.85165412545708,-0.8972563260753122,-1.4756916692816695,-1.5185294272170176,-2.503187423597812,-0.5302781360617286,-0.5105497270885027,-1.8698726071805472,-2.647101692335196,-1.6037858990117435,-2.554249250279482,-2.159978433226217,-0.8023983631115417,-2.634737962011893,-2.3285580555599745,-2.188187774866013,-0.17957448890052313,-2.0865635197727364,-1.014208683832127,-1.6610530475469314,-1.836259307444083,-1.0301551264990192,-1.8720290824515695,-1.758726207537406,-2.201297769139059,-1.807695643345544,-0.8606646572401118,-1.253274699934772,-1.6408583098670868,-1.705097385435432,-2.1821879141309815,-2.000695584829834,-1.5339257320251887,-1.85026331602758,-2.262936290739781,2.1994458109600745,-1.3059851109672989,-2.5146158976713187,-1.4500312537536928,-2.195057764415537,-1.06400776883052,-0.8487847315287932,-2.0655097426063884,-1.852124929279798,-1.771710905243599,-2.2010165150080403,-1.8183903897865654,-1.1656639201773504,-0.9204218877370794,-0.33424896981157215,-1.222841143199358,-1.8570658574274277,-1.4003949292446076,-1.6430019521740329,-0.1743622395555182,-2.8506506351896927,-1.8661775721306488,-1.4018909053676754,-1.653250362414306,-2.486528269453784,-0.7130838656211272,-2.5108299110726113,-0.6512263772538532,-2.1275619224295994,-2.1300698919596632,-2.6466367434770617,-0.5919043084812324,-2.2955661227290167,-1.4375180130802376,-2.756062747677418,-2.172653192913322,-1.023442859142829,-1.926044009391358,-1.6922886292713395,-3.072012518759895,-1.8110562178547998,-1.1223012066155649,-2.0625529045308575,-1.664706722656082,-1.0951474608220628,-2.433525162956413,-2.0740672618829286,-1.5310247902287888,-0.5332424232880342,-1.8648306706733762,-1.8162308241993894,-1.4861817494582572,0.010270355996699848,-2.4902579059295307,-1.5641189927710086,-2.2321311982568104,-2.3907408111690187,-1.8308092902517348,-1.8970447711503124,-2.501386653593163,-2.2140550900281935,-0.7904648820664008,0.2592306641689358,0.08416329056120586,-0.6199562073906456,-2.1729338706449286,-1.3624768626689148,-1.7187993778751247,-2.340693311133758,-2.6165463647522795,-1.8453306926597557,-2.360827688441338,-1.6493132768952503,-1.875630237960592,-2.3201575696110655
2022-08-12,-0.8719582691011589,-1.5988404920612755,-0.35038024761215564,-1.5520947919785575,-1.6448124351893199,-1.2659264139981283,0.8697917431809578,-1.6419545424808626,-1.9780599228651647,-0.44021919848190355,-0.793339066929918,-0.028712030889247918,-1.3091827590180682,-1.6003803242900085,-1.0742057401480112,-1.087051933410649,-1.521467710209671,-3.201031893389095,-1.4515644668159358,-1.4513159725837497,-1.4197653837089173,-0.23444486776072174,-1.0647219717063234,-1.7203448425985655,-2.0868433582544648,-0.5156773673713603,-1.340401505374029,-2.3387135685988043,-0.20295951810318835,-1.7806939254463674,-2.535104380949888,-1.3511420230920372,-1.6533010048412964,-1.234201129064243,-0.052167347362240414,-1.057324615772736,-1.2688514345267135,-2.12481460811151,0.218539159307906,0.8244350853133525,-0.9022877261685713,-0.9834018167918221,-0.5381390041248805,-1.9716944737038025,-2.00059656596487,-0.8245613466116467,-2.581711038984659,-1.503228856312132,-1.187835471348553,0.5279547764166455,-1.60088297515545,-0.6234868725556204,-1.1104785178138017,-0.6286812518994745,-0.2811247521943161,-1.590192417023916,-1.336289886154899,-1.642129991198922,-1.242077942473485,-0.42434712359026655,-1.4979028328610458,-0.7839643236006706,-1.8267612258050885,-1.3382558436047889,-2.23788986262123,-0.7134339139636153,-2.155202520976907,-1.9960784842098978,1.7812110343049459,-0.5446860305048166,-1.957755077730907,-0.09419087217707482,-1.8834741821634124,1.0094883912532875,-0.4618241804843489,-1.6545309142308813,-1.4382923487443322,-1.5734200086174204,-1.6269532083552471,-1.3014650370887688,-0.5567496100983769,2.289153420560564,-0.5047607639217314,-1.0748241507493113,-1.4983471729294042,-0.8845921023589414,-0.9689462297515258,0.4068805943544979,-1.7406524915197081,-1.1616639717442858,-1.3326236979123904,-1.4300269938354089,-2.1885969472712277,-0.4915659947556891,-2.648202973692478,-0.23500485311742725,-1.8303628293523937,-1.8320139229914614,-2.2131119553594596,-1.09866190825729,-1.8081169068427079,-1.2786495290484148,-1.937267539999124,-1.2817246617437612,-0.928167301032672,-1.0647077302526855,-1.808620477350923,-2.152996249016358,-0.18320731248096012,-0.8308944390358356,-1.6026583667894854,-0.690813549563462,-1.3405378636765664,-1.8000934011143288,-0.8886269129866519,-1.2630105015017854,0.4761287441575568,-1.367456706701347,-1.2857857565693684,-1.2046574687266616,1.8058764076777276,-2.468487978401844,-0.9916649206507707,-2.322272905220127,-2.110610963133547,-0.8228351934805248,-1.4532711102468094,-0.8935028170724761,-1.6208964162137034,-0.19716853183158506,0.036818232079048836,0.11242215627852499,-0.7023433192677118,-2.5292987401533926,-0.9686262979704936,-1.3345991959935322,-2.2546335915100535,-2.7095489038342757,-1.0626130718319022,-1.6498805301585404,-1.7963069157132867,-1.238786462278447,-1.3231471383531084
2022-08-16,-0.9896390909456132,-1.5036472249596788,-0.8286379827261355,-1.5114726521708057,-1.6520830359324556,-1.5366400486478493,0.27301914035524216,-1.388971145149439,-1.809797738111894,-0.6645814382729589,-0.7550661530652093,-0.08500901630556408,-1.6504121965332061,-1.0346155171924931,-1.366503130602039,-1.1132008776737978,-1.5084503657266277,-2.6177524963731567,-1.639423776078399,-1.4250127469864324,-1.6471042503764874,-0.024239724497471905,-1.1621902067151766,-1.870888440617137,-1.861285912838212,-0.7612731730641439,-1.2750035531452242,-1.596743348422061,-0.33767424450883166,-1.615120021311379,-2.2280433735090526,-1.4341620831258377,-1.440248482709581,-1.3519717580380333,-0.2690555223642204,-0.8150074389069631,-1.274478384156445,-1.667136328559041,0.3811209857597351,1.3477114316732364,-1.0318486706923977,0.1984160314519712,-0.45737474473109774,-1.7907120131579686,-1.8172004132809838,-1.2457465614105119,-2.383342338017281,-1.3033852537874926,-1.6144109675125147,0.11332721308991686,-1.5171064022278085,-0.7040115708874789,-1.0646019104809281,-1.280108641829781,-0.7637332083806893,-1.62374964862726,-0.9310367516059362,-1.6936206357918382,-0.5254110525190681,-0.4554729746244869,-1.7058544532588813,-1.0741299647812415,-1.8474999214794285,-1.0351370733208665,-2.0047422278124913,-0.28219093132289647,-1.6005158663421923,-1.8374379838530128,1.251699713914701,-0.49093535205437366,-1.6519161514655187,-0.19481026138751836,-1.8396419479737125,0.004661185604767344,-0.7309523972849368,-1.6609581202428996,-1.6031057706205676,-1.357932122392753,-1.7815306487163092,-1.3847084153792508,-0.8407789501016214,2.0362392634725612,-0.655734411258739,-1.5286107151890147,-1.5364202096443182,-1.3273393546766596,-0.6764805099439238,0.08171759429534142,-0.7070581538379082,-1.3962536777936778,-1.2144090053220347,-1.365519922674276,-2.0697053474545304,-0.6703054846148936,-2.0011968565701466,-0.7363710194905376,-1.734219739262684,-1.739241958481997,-2.0396622172338805,-0.9782540895785633,-1.8928647570856363,-1.5365998120398505,-1.335284087889883,-1.1418091924239022,-0.6248126541686361,-1.4214922032933086,-1.4726699818571876,-2.0460166069822874,0.35208454323955757,-0.8941889360180088,-1.1600844129222188,-0.5399356197874114,-1.6169225711113653,-1.9538725524894534,-1.1369971702802515,-1.1934852711072543,1.1975343873468736,-1.323917145435571,-1.355388207212563,-1.0964441246997823,0.8640993076041567,-2.1434972343695646,-1.3337382823759123,-2.178996943427197,-2.0464559038431385,-0.6754164074646866,-1.4094379751218395,-1.0752935948303435,-1.531625902187108,-0.08971198830901521,0.5196380330388397,-0.17495426491125435,0.5161857995361366,-2.249176832219825,-0.8917246047942753,-1.2992139370382965,-2.0149981704141724,-2.414066234586953,-1.1442796977426055,-1.6222297098659648,-1.7056069357047363,-1.2085396532310886,-1.0896961302790915
2022-08-17,-0.903069582441649,-1.1391101607869276,-1.3743200668595041,-1.5203909716560053,-1.2716907716402377,-0.8761099855310829,0.6500233613691431,-1.0953456898282614,-1.8177111548108384,0.2617717208534886,-0.10715173713762888,-1.185346251201477,-1.1888644436691254,-0.2508024994062361,-1.4033150929378502,-1.1300086521061907,-0.9067253731451667,-2.119855295477755,-1.1979445009023562,-0.993332835372212,-1.8458158679623908,0.35134390047762715,-0.674574062120315,-0.9770593717462077,-1.6099592202401212,-0.17856214505201903,-0.8610679034406145,-1.1625936235484033,-0.34805141670769435,-1.362795365455583,-2.0464459658598386,-0.5413031285298378,-1.5868106984337762,-1.6759283784651815,0.33527308352566865,-0.9518744292783404,-1.179864348668379,-1.0323573616150183,-0.007845879376241378,2.2713241877008534,-0.8858791211746009,-0.42799995162572396,1.615748121833519,-1.4694945226078588,-1.6438758801316866,-1.4545492524205828,-1.8379450321627795,-0.8617454954670088,-1.6693264743933218,0.9467950452087284,-1.4102409692237794,-0.45246038241852304,-0.8965914365140274,-1.293220949212671,-0.41846542682867716,-1.6560248288635973,0.49611257198996417,-1.6424558985626385,-0.2636503810298927,0.0027842318458916747,-1.5667217558679396,-0.7326894848213636,-1.7783148302172014,-0.8813894718394342,-1.5338278949100068,-0.3897905648711453,-1.4477010993794253,-1.716436238843425,1.708590158017609,-0.5738959153057068,-1.2952940816976057,-1.0558847764569845,-1.867837239092418,-0.4717268026234313,-0.2904589053278743,-1.4642714465322608,-1.255366626753528,-1.1243393515920572,-1.2979848676358936,-1.3825754457825974,-0.8313654324225876,1.4242031948460667,0.033324857046128795,-1.0177783022065086,-1.377831743450578,-1.250904747484481,2.8476653558968237,0.5202811990548928,-0.49570540468309043,-1.0388098076168506,-0.836229596988861,-1.6306518722459236,-1.9799182055075506,-0.15265500319603975,-1.7508701267073168,-0.45290121604247213,-1.7664580655371225,-1.7601815510224903,-1.84168445938093,-0.8810565631672296,-1.6993496082469595,-1.3511274585656539,-1.3205063018664984,-1.0606455412235385,-0.2663225943022573,-1.268725367994342,-1.3689471510306594,-1.7162514803986406,0.49676902531342126,-0.6909052049950822,-1.09306605909215,-0.26794083536996743,-1.7970753739462797,-1.6954597362178958,-0.5971802605636902,-1.0446782915309718,1.9009276958179275,-1.4218771992335029,-1.3450979025802812,-0.8672728641358558,-1.9873228559839302,-2.0207502777860062,-1.6717521443859409,-1.8530691639737997,-1.9322019647397943,-0.08362382386692731,-1.2659487576694115,-1.2379570586341009,-0.798315322072607,0.11327052540476379,-0.4408780780212611,2.075817905619365,-0.3812326008663691,-2.087613485235321,-0.58568293713987,-1.1904438938559283,-1.9892696320798422,-2.2113398853409962,-1.2447023658169445,-1.5258209072980384,-1.3850332685013702,-1.3090847787148985,-1.0763524716142092
2022-08-18,-0.4052223122334515,-0.6864709583135243,-0.7183868055844759,-1.235289004297016,-0.9296703981208393,-0.8049111900631701,1.192716477351037,-1.0566028415172595,-1.2204381309801247,1.086126937137641,0.11080138861863749,-0.5928912279127826,-1.0135335013677682,0.23739014724935287,-1.1091277264213615,-0.6178456790189412,-0.7304910142236773,-1.7478572295202868,-0.4253900757488868,-0.3560489432183497,-1.0804567618826144,0.1945917168871512,-0.4357544328220361,-0.3101039958680565,-1.1382436476160989,1.1926332917066893,0.25304871173818533,-1.060308426710438,0.23597639065605772,-1.098598545315083,-1.6263826776520225,-0.33630512071106533,-1.1904600588497631,-1.7113603193087266,0.4626249324687315,-0.6092036204622514,-0.9818649776230653,-0.355451812672508,0.5242203821107702,2.078460561498352,-0.48530867428730673,0.6607418919673982,2.5039163863067406,-0.9941278813576966,-1.2235231586949462,-0.48936100727550913,-1.8671961537941488,-0.2972666921228837,-1.1364324311890561,1.59553472895027,-1.256217723520797,-0.4201699530175934,-0.7678310094761585,-0.9951559519070707,0.011822052044779692,-1.2483875813290037,1.317187517327939,-1.5287977506492676,-0.2782002456162549,0.8472319723823594,-1.0567661135324973,-0.3266804974821843,-1.4141388526808998,-0.7360268433117219,-1.1544984752814533,0.6273081991087227,-1.512457749361428,-1.2003921065691079,2.860842437968558,-0.3572043591335911,-1.0029589533194354,-0.6977082982182428,-1.5879766609445374,0.19705551521689615,0.04383354460857919,-0.9543372899543465,-0.9520021813855015,-0.7479848859138388,-1.1722801833348824,-1.0913591364576583,-0.4571343689765348,1.7951437647862363,1.8300359174270326,-0.28178844784756196,-1.0094214091480538,-0.9016502976160059,2.5821777623431443,0.44748530357458116,0.10112697849791202,-0.3046577200705859,-0.3628837450765559,-1.409860021621998,-1.7666129109390454,0.8036425519628391,-1.5740588420348285,0.10805882270510764,-1.2761447144720894,-1.2850473215821516,-1.735370673336377,-0.9068983516648635,-1.1284698309212802,-0.898006174330206,-1.4253709329571917,-0.8899961998451781,0.12465732045304793,-0.9916183357289555,-0.766550377483349,-1.4751007858604637,0.8738838194312589,-0.5226612186472512,-0.9298139356585041,0.3726346130588883,-1.7683028206396003,-1.235668215158571,-0.18202788168360642,-0.7603594924483045,2.8033667713072337,-0.4381365378348157,-0.5310187277196488,-0.5573351679711194,-1.667682656967062,-1.7051210069007225,-0.8870199030545,-1.3605415937904277,-1.597861126124599,0.14157388064798013,-1.1161581409204022,-0.840462633171249,-0.5861339872091859,1.1253113112266773,-0.6074705869073298,3.2092281310189272,0.1489040531929853,-1.9610792331931608,-0.48023019059618227,-0.7938982372884696,-1.5746775382625113,-1.901538307710946,-0.3910979763750509,-1.179344279889659,-0.16545562536178662,-0.9650925955855877,-0.43414809092740403
2022-08-19,0.05657823628262902,-0.3587516631002188,0.22775153160242892,-0.7557934630488592,-0.3319961221289446,-0.053745827868540784,0.7689546983033174,-0.627791276123833,-0.669100209059722,1.4262785331748677,0.6056455003043643,0.2962533581595168,-0.7350951276295288,1.3587152750576097,-0.8527078741623138,-0.17829859201792403,-0.42064327985609923,-1.315492568084715,0.016714536779231765,0.10371746078551207,-0.05254986693638652,0.3523967590464809,-0.5195528136618928,0.3861187025932348,-0.7515780297406747,0.2895999280887308,0.9974295932333049,-0.5014351013588623,0.31488875298361724,-0.7451001184066367,-1.1226058422448062,-0.12088519321857176,-0.9661027083822369,-1.296888822359715,0.9053239549468374,-0.3896815777373301,-0.5392473867312031,0.859834947782123,0.9123469433679317,2.0023104398153753,-0.23838992258069858,1.1715955257980435,2.129959828067973,-0.6624419268793083,-0.7521658656527036,0.8151873473574534,-1.5281433294482067,0.24261865905666924,-0.6891548706106435,2.1200540240083687,-0.8757967961848669,-0.043864509559008,-0.5261551830183121,-0.22675206431688208,0.5320297134700928,-0.8155303393678162,1.7086856368946652,-1.0578357637670397,-0.3178955762312632,1.0794112377029452,-0.8697340503654492,0.2581792675134514,-1.3514475799273726,-0.16179867389117064,-0.6106960017279669,0.8728625195683457,-1.2516760842297805,-0.8711417170635587,2.2294717277842575,0.07543067824405955,-0.5464209836233581,-0.03921694263648046,-1.0276338829204341,1.763967223871655,0.699425946110171,-0.8075831970183921,-0.8202398556587853,-0.30656569257883415,-0.5883346548356936,-0.581266947709904,-0.48871085276705856,1.8765218254293838,2.2962966059707055,0.5751593382610812,-0.6452003746338174,-0.7765664007030423,2.673010901355342,1.487910392126882,0.42837406533212674,0.21425349112538628,0.011979312225878827,-1.234712006513883,-1.3913231822195131,0.9036162478873387,-1.3650738239593874,0.6410502263119382,-0.752808481967399,-0.7467631234866713,-1.4209087210682743,-0.955341635805784,-0.9317249264484957,-0.31913751402780066,-1.096075420759846,-0.5492788518706665,0.34454753938315746,-0.7550203942982918,-0.2807877605206952,-1.1720840787358413,1.4676068832423101,-0.07150320593583398,-0.6318586212069338,0.917540176082075,-1.2842496797706129,-0.7320854721430371,0.31335174573263064,-0.5084913819519417,2.5363257390797163,0.08119716194662532,-0.11579227386177297,0.10435751368939282,-1.3362351819237803,-1.1581320603774252,-0.724867264042075,-1.0160767212635862,-1.279814239558356,0.324974401880817,-0.7391029568554905,-0.6791307133034937,-0.1802759718080434,1.177303484196366,0.3676995316036432,2.6502227820123343,0.2471560218749523,-1.3979286943267266,-0.14238344251792545,-0.4387516533172177,-1.0667984436051015,-1.5185367548054542,-0.019492912154350606,-0.8921231962224441,-0.39450683001878945,-0.6809762089716332,-0.007561307618676094
2022-08-22,0.14571910901707727,-0.13085012751916372,0.23081423143782825,-1.18457195297345,-0.4007659100011628,0.3341887213013348,0.6956955460070608,-0.4978284107966399,-0.7738608261051516,1.721178031910559,0.20171583742304042,-1.2667325088446926,-0.7602610658261012,0.9036830165177662,-1.1677057886371014,-0.49371381822794214,-0.34100001702286126,-1.571009698370016,0.043231012957904644,-0.17816514298626063,-0.22084307923629812,-0.12844519306467253,-0.2343803300566453,0.34916587873451316,-0.7381527587916595,-1.2573316585373278,1.1271027619963248,-0.08889782724057925,0.0768842831999896,-0.764712852353239,-0.5608520553261365,-0.6445972589149657,-0.8248672093825339,-0.6862384526874373,0.7693287148514786,-0.43004003154508214,-0.8868353083756562,-0.20202575442324,0.6715601192800328,1.3748374065857407,-0.35487782870405843,0.8652105169497551,1.6588554726207707,-0.5162660640299258,-0.5807367682636454,0.8396304870456869,-1.1214199421485265,0.05638199823742871,-0.7993873382229565,1.521052097723398,-1.0088810332786042,0.034786798326520894,-0.757842046754479,-0.16136648222472236,-0.17505078850955885,-0.8918993907384143,1.5731491242297826,-0.7761669182819619,0.17377411372761056,1.044892576690551,-0.1907339250696324,-0.1360818557533612,-1.495213486629274,-0.1672289143540307,-0.648805391929551,0.8915436506895346,-1.2268910417893066,-0.8850747189846293,0.7097999344079556,0.21549462293773788,-0.5264272711109166,0.44496930632939485,-0.8099783702338824,0.7778932349645038,0.347753464069704,-0.5752809794986662,-1.0452638088802448,-0.29814465443094124,-0.30764875239237505,-0.7038296315280607,-0.18860000614661615,1.2162756379240718,2.5815996708146565,-0.07016128558075092,-0.5706236660575907,-0.6235434797667132,2.184654104532657,0.30485788063831576,0.5408187813989924,0.253035482965136,0.325706088057746,-1.2160959088831373,-1.1687030312140252,0.8990257210318287,-1.317131031850697,1.2347440444328344,-0.657012249096676,-0.6602392072938218,-1.2477706042773031,-0.6146777972270718,-0.052682807852458644,-0.6997435966847044,-0.31710609025386716,-0.5069080537173188,-0.44628473181775385,-0.7749881762298376,-0.36882697608634346,-1.286200041975888,1.0740091693916844,0.11425164534841747,-0.6522630403658259,1.2262828727180466,-1.2613310572902476,-0.4009684965041595,0.48143516164935096,-0.29116724020646106,1.9931548773661387,-0.21899470958556044,-0.0735686686818288,-0.28484822737993226,-1.1575599441583704,-1.2922786837630866,-0.5000159059373327,-1.101272257696465,-1.0991829671744935,0.03589957660762183,-0.5996422630375303,-1.3131369464190665,-0.17255664414562646,0.9868683970080664,0.543228142628198,2.5232961558785427,-0.68924191216922,-0.8780393254932938,-0.027921364923799766,-0.3681086559684273,-0.9858083200854856,-1.2554726341700593,-0.44120224229309973,-0.8713793973904623,-0.4792173925680272,-0.8586472322961576,0.08056331074384794
2022-08-23,0.2633418791464319,0.6482579735538619,1.0083728288794178,-1.0514294431939173,-0.33303288192683245,0.4462327348148697,0.5662497325641864,-0.5666735007663902,-0.8302248325819904,1.907509681748871,-0.4577466051044055,-1.1933420478420118,-1.0157161804804333,0.83414714588281,-1.5719838806228632,-0.6723586689267296,-0.22825296570313125,-1.7245047666514586,0.05438340761727963,-0.7816658842898915,-0.5552787521485621,-0.6442933096369533,-0.323441044459012,0.7136019522685803,-0.6602478566799368,-1.5695156794074037,2.6629886964686262,0.0010656792085861307,0.041274441406689566,-0.8310260043954151,-0.8081704381969324,-0.6594340294861045,-0.13093563756027946,-0.211714505403495,0.4810489413318283,-0.578075567299322,-1.220754691363592,0.9636289353100024,0.4895325818437607,0.1849533196488146,-0.34037026603714043,1.2741234188828983,1.8813739271419283,-0.943255567055964,-0.5320923917343191,0.8701197331033882,-0.6861559709642253,0.30741425159852687,-0.8841732978175888,1.0084733613568646,-0.8465345084862999,0.3326549789104726,-0.7212863698886777,-0.3246124148453309,-0.10590449656948957,-1.1329116757165287,1.517666318249991,-0.6878194238584807,-0.4010463181339614,0.9109701333837111,1.1871087906167,-0.5137250060642472,-1.4112019352826684,-0.4813417324610591,-0.6683325499452832,0.8369230347054023,-1.2065611247645958,-0.8983882094548491,-0.019364221494883354,-0.01071952107912025,-0.5692298719186817,1.2171283151544317,-0.4108167922430683,0.7849732747311748,-0.1590656474981402,-0.18598220556049913,-1.3065321711137858,-0.328262549275731,-0.2932922117416612,-0.9808543289281177,-0.4263266261643731,0.8898279994294531,2.0181606267856096,-0.11418654741835062,-0.9701375201032697,-0.9454861891350465,1.8438087427525496,0.25913651501999996,0.5374914910608175,0.08617865536122686,0.2489320258233697,-1.3814636357058518,-1.1294873900937743,0.6468229408350944,-0.9646593533362005,1.562836667400267,-0.6905530265053721,-0.6902971832240958,-0.7299390090400493,-0.20554024880098198,0.47025357974314125,0.12067134762181787,0.05697867160536584,-0.49275841992007224,-0.32824137267683856,-0.6453297722646971,-0.6361602171673593,-0.7544792350538039,0.9963669943124068,0.3691275597461152,-0.8206460603902269,1.043681150755066,-0.6284449725833012,-0.5392478895993253,0.21841517085676881,0.04967954891968655,1.6622480048001105,0.8715272700899366,-0.13960225055514167,0.09680586273699131,-0.9141717321802376,-1.2671290264735438,-0.2069943559657367,-0.9568260504767021,-0.9501304171927348,0.09224053924673806,-0.5458929632941196,-2.0006646171819953,-0.002208067094973121,1.1858131476505638,0.43818009205091246,2.502300046368819,-1.8918653948322957,-0.7435511653083272,0.3995713888366985,-0.4548938322345181,-1.0949828333926626,-1.1435503189063754,-0.6379103409691821,-0.9512259155708997,-0.4194352323305498,-1.1073873164357628,0.23790564158871952
2022-08-24,0.3377279485828884,0.6954733936863059,0.9671481198026464,-0.9079062332786572,-0.16333249826489657,0.2687754590397852,0.01166772107395613,-0.44048561491341925,-0.8038657782077488,2.0454578766582663,-0.2715648136137129,-1.5699228874120794,-0.8691110254195046,-0.5246312535886706,-1.5400065567028092,-0.6782674330921883,-0.06856921627893817,-1.5292529791013456,0.2834675098787302,-0.8109177725153066,-0.2623995844069796,-1.0972131323829102,-0.09605938430653124,0.9178449993734603,-0.5124711776656269,-1.60496958988338,2.343241728676205,-0.12591840956323638,0.5898154602658945,-0.6750341097424997,-0.9523324216422878,-0.741218356071752,-0.902905971015267,-0.31578742864090137,0.5176911588509274,-0.7044273667162178,-1.0270993631994687,1.3679156552633556,-0.6791900503656754,0.6506430460666413,0.004919614579642415,1.2783908666730874,1.5476990597783904,-2.3018161464195654,-0.296309292825333,0.7394857215446937,-0.5633415610180427,0.8628324303399136,-0.7760584791899048,0.12494132906593933,-0.8067697305918492,-0.18174243308810598,-0.7044628878531026,-0.38192467962752136,0.06994744947400006,-1.264743016735264,1.3361653140027403,-0.4837935468969049,-0.3632904651594127,0.09029038162102501,1.8670326181440797,-0.20118949379523654,-1.262464263087062,-0.6738941151502782,-0.5933794344095167,1.063135658215155,-1.2100804283980788,-0.8245581774068601,0.2451760606912759,0.15513543976918373,0.24563609538115094,1.125165161390761,-0.2060229888941291,0.9153978302110788,-0.8287234606127553,-0.5363171884733899,-0.9929459448608542,-0.17543872664160232,0.017658391281683318,-0.9321545756329821,-1.1604931046115323,-0.35808886140681845,1.8064492025311838,-0.2687073214847944,-1.171066349170984,-1.1273945541809711,1.8988450774174073,-2.612314572110926,0.5663850949837269,0.0559725277196542,0.385672895130393,-1.517419474788032,-1.0422147080347657,0.20544596273768861,-1.2120949456892613,1.6698998532509814,-0.6805645269258875,-0.68146856477127,-0.5568488672745426,-0.2490024557736855,0.175432676221193,-0.11720397311542746,0.14462392548185163,-0.14304416699108452,-0.5380595136443566,-0.5713239515092187,-0.9331616445330244,-0.7107999993357382,1.919024463434801,0.8207585098684618,-0.8587949835787463,2.2477233060540693,-0.3979482863294291,-0.4338919149576504,0.9701796357795957,0.027101079821422885,2.1554795476187936,1.4029689079223513,0.0639655103113324,0.3765346391881398,-0.8266756344004066,-1.1305624468313968,-1.3563742322457746,-0.9011599278641448,-0.8042615920708728,-0.06606789683178156,-0.4935488841677251,-1.6572862901512448,0.3332504851876151,0.41913788880791547,-0.9657978697729123,2.2712459523659665,-1.4762397207693578,-0.34612496790040054,0.5878434935264316,-0.6227686266877389,-1.1453187153232205,-1.060630202879321,-0.5041913588438438,-0.9289887409656284,-0.6824120753723749,-1.0472409155195974,0.4204474513762097
2022-08-25,0.5177409759567267,1.5650967481476836,0.8238528873395866,-1.0640278575470783,-0.826557950509479,1.2844101102278744,-0.26248314323859684,-0.26307357006973725,-0.5675689960566113,1.78432916744117,0.7012774432512764,-0.8251378665725532,-0.37612921728100035,-1.3676862066705837,-1.2398246005902036,-0.14026947184998143,-0.041437416234634115,-1.6892796723590993,-1.0958834187861204,-0.5034978196535638,-0.7669788986624244,-0.34428280385431564,-0.8415592059919954,0.6081427222167907,-0.7710116214489031,-1.524562700652194,2.0779123600334146,0.09614235536546863,2.5213564266808124,-0.7800753312786375,-0.8270610978764911,-0.3940050870461932,-0.19434272693967836,-0.6269044497331183,-0.286996792646028,-0.05648271234076316,-1.956436040768791,1.107859905269334,0.8332974426332557,0.7974833981092688,0.6242545553228598,0.9523012313154402,0.4342499516101726,-1.706766802662561,-0.07994507107698576,1.8670215765861928,-0.985061178467852,0.7913961465810185,-0.9211334833143344,0.8557668165156862,-0.46018420948543737,0.8647879247309659,-0.08178929043052226,-0.9062420563684846,0.40182681096397055,-0.647029232042202,1.217282869300062,-0.6320010937692234,0.2103104363185282,0.9291069824837286,2.3332297606544508,-0.370765767837328,-0.8284297629809569,-1.0348755320791219,-0.22943674810779566,0.16636512327495892,-0.6654608787270193,-0.8693775242405852,0.17858714379610824,0.3598670647743196,0.061102174616945934,2.9687232977758744,-0.6176899977215458,0.6566517818307369,1.4210427683164566,-0.8325116677237906,-0.8762103658542456,0.42530220671956265,0.32984852351960314,-1.0572850086477332,-1.8175343014718377,0.6338862655084772,1.5128850916650538,-0.12563642824917215,-0.16361645663783622,-0.11511591585342561,1.145505900906875,-0.927973000609528,0.5452444052520157,-1.5543149411688832,0.7309421552361074,0.30129150117554393,-1.212996955516362,0.11891243431417968,-0.873844759930193,2.370174902367144,-0.7053576110051311,-0.7171060297127193,-0.5727137260759977,-0.797813135440711,-0.12313548151351124,0.6399239888310647,0.5514094651476676,0.20646409413146152,0.7157928330844191,-0.8627374824449254,-0.9057478553235984,-0.8831215638334892,1.6322020259077907,1.9859641628057167,-0.6990900598448316,2.497948006583745,-0.5493454096628141,-0.5603891635858015,1.004418035883501,-0.05205175480916364,1.471464329034152,1.310444097639115,-0.9436746072816112,-0.13201784043046966,-0.4931806676404316,-1.1346429133711453,-1.1931187852274392,-0.9452889817841382,-0.9347313454256727,0.24653356377425237,-0.6097372956767368,-1.6583804703641787,-0.19439749801771314,1.5693229582146428,-1.179038936838166,2.5566937438155715,0.41821750932106094,0.11972557438208015,1.5408194527868895,0.9005284688949913,-1.048100052939161,-1.2197356011609204,-1.244251984721621,-0.8510277715298242,-0.8054517650613647,-1.0376593303607846,1.0644499208965739
2022-08-26,0.7478655307468113,1.8913112013332678,1.4634446663504197,-0.8074433390088436,-0.6409703486503009,1.6743679377250094,0.11461020088216621,-0.08627215886639664,-0.4284377152488009,1.3755762386321455,1.218724633645577,0.12450190877725742,0.37609239809076284,-1.0889537673722578,-0.9405980546029351,0.041288710503069516,0.7739581839562232,-1.2900296509056228,-0.33790362580477856,0.07305795998605918,-1.1025893310914938,0.06037375909227969,-0.3387198612423607,0.6095373193100789,-0.5692020981139921,-1.196309914907377,2.067599378338593,0.06839405086888332,3.0969135647698907,-0.3808010426021349,-0.6437465269246391,0.16769778432967095,-0.4721026096804926,-0.6235074673439517,-0.2407247094106113,1.6240780854447692,-0.980653000718109,2.175055387471721,2.4476995062029356,1.122859467573864,1.0839012205802847,1.127309109046565,0.3335631598938783,-0.38104035875836934,0.21754381992910984,2.063268632105113,-1.1366669014988846,1.0565610520706727,-0.9225166223490887,2.0497421850010302,-0.15468684268405766,1.275737697553694,0.9396152121428154,-0.4848775908105571,0.49237169805202924,-0.13351211211125535,1.3440720137456796,-0.5883865470987625,0.11691782387392366,2.1588386637050028,2.2180387851484116,0.5592782528986925,-0.3908574582225162,-1.082688372982844,1.1501151608318942,0.6312381531943126,-0.7495374001518005,-0.20715519693327447,0.09148711864240616,0.687561350522468,-0.012290699447075063,3.1523652270010256,-0.5736904621387129,-0.6642758375372786,2.0521741826784448,-0.7769068107349717,-0.7371710405757903,0.6817063813430477,0.7711218734727433,-0.7878489124463374,-1.4206087000311574,0.8822744759118366,1.1186734459065497,0.4694890438878173,0.8662493217612823,1.2103368142329798,1.0891567189241562,-0.40211959608586345,1.235197372975666,-1.1903001149982082,1.0212362507853225,1.6095730682163525,-0.9533392692565862,0.7200207041516274,-0.9280648397145796,2.4030714621459164,-0.7682762124734006,-0.7533124232354516,-0.6225152426804172,-1.926646829660732,-1.8222184730091235,1.4024460729363595,0.39590441197371595,0.8048294604911503,2.269072280609033,-0.13614116058399212,-0.3526035678495993,-0.8963850221808349,1.8115583015066872,2.15706394672143,-0.45736355208289986,2.6872734055391967,-1.8364625318342973,-0.594036883377596,1.4948979826885544,0.6569570349490074,1.5564963979095703,3.176924986397123,-1.7007642962367462,0.14623508690129372,-0.24123789189564454,-1.0188356457198118,-0.5854320540328803,-0.4229450878731193,-0.8962662308829505,0.16800345624120042,-0.5386145470736768,-1.376826916194461,-0.11040621939148335,2.1003444668642883,-0.3757591580735101,1.5188714148583466,2.2104404388194374,0.1216133760828118,1.9280750294966134,1.4988170108334733,-0.7315861733982767,-1.2630296013923266,-0.9822047843708313,-0.8374312389887438,-0.7296141038554779,-0.6198591093668883,1.2092781859608566
2022-08-29,0.9161563316391158,1.472994863293342,1.627788756486899,-0.2862110640297334,-0.3202348237680444,1.875654697703075,1.183248287136239,0.07493813651363523,-0.19655436715290409,1.2154258269240914,1.4715639623681345,1.704321068354845,0.96138970095083,-0.9504041374940665,-0.13161102758710522,0.7841788258950964,0.8225080645541476,-0.9501748053320803,-0.02705899663300577,0.7079860692539129,-0.6707826930682766,0.31231531513435,0.3072240450563281,0.8761917700802124,-0.3792738766025292,-0.9318332768609657,1.8208143928314489,0.43664979044960445,2.432800263393622,-0.03237798732343516,-0.085446918080812,0.305912471174314,-0.42167400937498023,-0.6089094949688512,0.11893133974262303,1.4586198479489936,-0.19352302279662878,2.490309547202964,2.478086435791952,1.0086226178786482,1.4758277799205497,1.734575811325055,0.6757778900940956,-0.14437611578138035,0.7372374825325432,1.8851329250576379,-0.8461837427595746,0.3907155466975497,-1.0594763839006003,2.2933823839353735,0.09925851125807432,2.153774643678942,2.3301166366666544,0.2408753145960681,1.2877563765597375,0.2894562987173737,0.9724031234664795,0.0735743281725271,0.26663348672053117,2.2105814246742947,0.7149440936052027,1.3529911365022207,-0.08743129707046261,-1.0042621925064825,1.0891476063378378,0.653087058816982,-0.46286288905759787,-0.1446209581411876,0.37367743830968725,1.2823825390437027,0.006812634905430169,2.441246759284261,-0.23254606811101086,-1.1164691520474748,2.279161743305619,-0.39909499619978783,-0.5196946700871332,1.1407037021346491,1.1834858383270481,-0.606489292910774,-1.2465697214054774,1.068094233292952,1.0205985932727528,0.9036219040038189,0.6995020243547119,1.377038235134062,1.1072604370303254,0.11245289028693184,1.1100411670693946,-1.2198711950382042,1.1095187583852761,1.1810444147245327,-0.702593493990717,1.3747354655122646,-0.7174579497626715,2.219949119162252,-0.31332187357812075,-0.3098747131889666,-0.27809187748365083,-1.998397823519468,-1.6916200210783041,1.7382647826032835,0.5807448654582072,1.1232286580215234,2.2740235909990343,0.19476724323959693,-0.17854042224661648,-0.27156507870451846,1.6335752294472292,1.6686934709314136,-0.5504721696661633,2.3163793038901463,-1.4688757954372456,0.041392848649842655,1.8710483039412082,1.1390066010422923,1.7073437548407193,3.1565219957267843,-1.5763572963417536,0.6889733843877749,-0.4420206288149605,-0.7801991391898154,-0.041038123587659736,0.05992231076146637,-0.7236475028561073,-0.29545927788190307,-0.3056222649782846,-0.9849526642952778,0.27126489868367415,1.331549737405653,0.5698038531732427,1.2638720786580204,2.514442221678335,1.255308676271853,1.8209231273749946,1.7111141233981515,-0.34344491059163934,-1.007687069849541,-0.09146692393312636,-0.7003890409605751,-0.2197944871985706,-0.4205383806678241,1.413262811295635
2022-08-30,0.6055151950140829,1.3856699492490814,1.2797247413890553,-0.08684184108832094,-0.6271199668315177,1.4402183319192747,1.2918728545671712,0.6191132768094776,-0.6600560640108278,1.1178442141592806,2.162427257223406,1.478711450118973,1.1140627562133205,-0.18161441650762822,0.8725294999882913,2.1965512661260402,1.6883378510235736,-0.824864536455095,0.03673744380946697,2.000149723284859,-1.1152035590785958,1.1876909474671051,0.334902800609351,1.2295423068325169,-0.4248602639526632,-0.44790424959137415,1.6874712910562362,0.5349143763717598,2.708576460485727,0.26006826836509245,-0.4435813546401142,0.31676611074982863,-0.33205541563326174,-0.898404147791819,0.37947621373037116,3.0817297805918185,1.6641129714206133,2.756442705220737,2.7378401380502795,0.6610313010535704,1.6204273386556094,1.3050625592384533,1.3853378393949256,0.649757021356975,0.263389574874973,1.6938257733463178,-0.9907435005744982,0.43007993540225836,-1.1134334859082515,2.8812041141124327,0.700785918533401,1.7966238480893306,3.056709050618869,0.15722997683037482,1.0719763033413816,-0.19619225114015473,1.4563845926829844,-0.46708439684085373,1.2205150389799855,2.6480514971300213,0.6051503023254101,1.4431989899159947,-0.32269170038466427,-0.9345778614071952,1.103241568673092,0.41181873210132197,-0.08476821500626805,-0.012162868829643757,0.5337202175848758,1.0451638363368814,0.14055820371482697,1.7952653770648352,-0.37672476305342306,-1.6719246805392916,1.9612088709386202,-0.4792463577178441,-0.15230491424077702,1.5854544889074038,1.0517636893471687,-0.47873259701215437,-1.1899256622687493,0.678717584321542,1.1479863318470478,2.140477435041419,0.5075720588529639,1.1270367777075834,1.40686642230543,0.6020175446126415,0.9484974374751742,-1.5461674292717467,1.7153496218986857,0.6782770347677985,-0.7743336767008568,1.1462185134457137,-0.9305072089692933,2.353797283893105,-0.9273514998081981,-0.9376310448038531,-0.519937054741554,-2.1401304719644676,-1.8398413580638338,2.4343254818399216,0.8308029092169685,0.9286715477320183,2.306980974815473,0.005122023120730082,-0.7760132651037875,-0.4737409964266561,0.9566430346298465,2.1536092239489473,-0.7905692673390389,1.8522976621497753,-1.5529233296075633,-0.4824823304124869,1.8561508199107717,2.0227923241252403,1.3008449720594961,2.860053857603269,-2.8329631482142856,0.45425931282009896,0.06711480285385191,-0.7123864147929789,0.9096427357147652,-0.0747351051104415,-0.9044138604083277,-0.2645092101317489,-0.36927363511119377,-0.4209108665020622,0.27311046722729265,0.8874986325081715,1.0559286039554927,0.9163390881913916,2.80263781289064,1.26811280962554,2.1011522655580723,1.925351979151431,-0.454771360978192,-1.1456947496092897,-0.3942240599851815,-0.8664764348997138,-0.9056688107911379,0.12449891543147779,1.4236422548468615
2022-09-01,1.173332869482782,1.4884868793132262,1.4642846089127521,0.6668041410498249,0.602825988520166,1.2701762341326708,1.6817763603539333,1.8410026996767903,-0.10349162894102912,1.2604808286734557,2.488542148355312,1.9073822619652523,1.6230474167800268,0.41759885814328046,1.4240917972790976,2.4043277932571034,2.537833732174447,-0.5394215889144193,1.856986476501227,1.9066558420308253,0.06508657074121844,1.7095379723799902,1.7654374223067817,1.2251988955772222,0.30806162448770014,-0.1167808448613962,1.6260174011409962,1.5950454195645085,2.389948020213729,2.1888315976954824,-0.18096671851413607,0.5972225341178081,-0.24225029447779406,-0.19656697310748547,0.948541366935783,2.735335683434881,1.762350952541929,2.527637092852287,2.5765104951027338,1.3251142657293384,2.325889855718779,1.1743185720308102,1.5883635566664238,1.4326492022656114,1.21063651878402,1.9137665733745035,-0.5305191393094658,0.8636044004972169,-0.3387289096194225,2.5285026340348535,1.5597635387685855,2.1938034454386637,2.991189032537637,0.4051567274900927,1.9767317430729678,-0.575140830566841,1.4957103403775787,0.8436555946537594,2.337010093984268,2.3053852631156815,0.6406176365916415,2.1053428378861065,0.3502004183029153,-0.49491594055115656,1.3354078007846177,1.9153490819568295,0.11114676826461461,0.7761762319261172,0.8283607837960348,1.527388814432617,-0.26817758017712306,1.8328747165699721,0.8693695596136561,0.6342555933743079,2.106029061265006,0.33815026472369153,0.6697758112138718,1.8754577257270522,1.6665699625873216,1.0281478451394512,-0.41133297846544103,1.9910665182401297,1.549455468393414,1.9939757537432738,0.9772842494036034,1.7914717015855275,1.384878057354124,2.7461936482644833,1.487166387860314,-0.14802925385148136,2.319713004559035,0.9705959968854715,-0.17955173123295673,1.2144969875585032,0.11458340513418919,2.1620393538666187,-0.14135260587098333,-0.13913624757236395,-0.3205565446010985,-2.0359428337482086,-1.6128571096223407,2.3156727766328604,1.484651550083983,1.3148529457261509,2.508463902579676,2.2293746727624923,1.665610796860175,-0.22067253269796125,1.0440360657162517,1.90166131629013,-0.4971966097576263,1.7467230365979913,-1.5579473586725152,1.5517010066961576,2.169207334889102,1.926499517205563,1.5275138216486166,2.4089844439182437,-1.8659974339485077,1.3025443903011773,0.32937537919500387,-0.4561527073250705,1.462555780989169,0.2354862676035213,-0.12301521672254792,0.5252269777900739,0.0615534031887451,1.588870927993496,1.7406717615527103,1.6070041383495484,1.4428427739335283,0.9279288434892244,2.3806657722518767,1.4823632801011497,1.93589948539451,1.9240356345723395,0.19817396824691857,-0.6693826661707603,0.28197997602331515,-0.49455289783682616,0.6864836348409122,0.46880631212199125,1.5380462968720794
2022-09-02,0.8368781978427382,1.6713911182582781,1.4486223232620425,1.525298133333261,1.0312608003682497,0.9871688814370633,1.687376600382416,2.21760345273387,0.7681030356611289,1.2246743437692746,1.6390893903206907,1.847449157059112,2.478447936011898,0.46407136844087454,1.3278293807880477,1.8725478754716012,2.1350548267123113,-0.47945383961967775,1.9618035176467061,1.6613928758622427,1.0652455678032375,0.7264911132485532,1.6305533483318568,1.1225862895044236,0.6968563720100371,0.03878263970594603,1.4259585255178748,1.8752290566272862,1.869398322537309,2.3917137079074067,-0.019027222978120678,0.2738263701720283,-0.7078697902516792,0.9752952207159873,0.6238279198675534,2.0737380484321544,1.8710849166496504,2.2600829907094675,1.9491616922245538,0.9401955798473361,2.335209547078988,0.7046328442207984,1.6178613332035718,1.3798195906600457,1.8250804234939932,1.9192953012143201,0.28661965344138823,1.5096400943166404,-0.058495065850631876,1.5449005359365644,1.9867656444249497,2.309582710934775,2.4018869909123532,0.40289347637451817,2.101473099101898,-1.1493441019903998,1.4113720700126349,1.2977731749994785,2.1261839004572614,1.7649167390949392,0.7719477941189054,2.4428248384705857,1.0337671957073833,-0.6418620360927334,1.3729277980827557,1.4613132218010747,0.14834009604745677,1.1999850572246602,0.32390495775634154,1.5159542922808589,-0.19599453870221933,1.69659249412496,1.2533365842437747,0.9188855162009094,1.9736595969889486,0.5934405170404132,1.4976556585649115,1.8630731742240887,2.9651430564179746,1.592907796433023,-0.3045324773731828,1.0304574644269195,2.2151247561953373,2.635273733646128,1.4419142392349913,1.206410065774466,1.1299764245764836,2.4528229981772425,1.7461189392684942,0.0017423709736926305,2.2496513358954107,0.7027781467993869,0.0030311960187965965,1.3657843057684351,0.4473863846586387,1.7174639038932384,-0.03221961940810513,-0.03645054503190556,0.04721366550213257,-1.6108800077413654,-1.3280349419642403,1.8944934807838045,1.9646665728491464,1.643547075461093,1.8119503114174584,2.315840868594467,2.3710510281251502,0.5991198810074516,1.1519598700841571,1.5075817680852843,-0.3546495075522948,1.6056101621347516,-1.672470589373677,1.7720352382456832,1.9542619390265163,1.948490274553466,1.391719903205082,2.1272051536584615,-0.7977567758916905,1.7271832457360572,1.2461242679934363,-0.03839552966888804,1.940319603891156,1.0492533764321683,0.21187722039615298,0.4087341760349079,0.5868794492516256,1.371757373078021,2.3527402752697726,2.1428155203554837,1.4896297163350636,0.8701578915831164,2.0500374333389377,1.7019356675533357,2.0613196806367666,1.790050476448797,0.5439909547610753,-0.46089640200240034,-0.006234421189928203,-0.3670611908600898,0.8965121743854968,1.3145120028422028,1.3783374430497635
2022-09-05,0.7021762247404013,1.2729426477471537,2.274279186254289,2.2027695199017,1.6691600405313858,1.1161616716564244,1.8233911021409033,2.3567529285136914,0.18865423749293372,0.5471853676318811,1.9581105286772762,1.3578209350320205,2.3470574780504343,0.7937137285966752,1.0324216033733427,1.509976794137957,2.0832983858665273,-0.593908040174061,2.539487383229069,2.0223419064777026,0.27724719102735057,0.5393204646216917,1.2429034570319153,0.07091112610763504,1.484702090690922,0.7933627991828713,1.5212813457469838,1.1650381555402167,1.588969151380903,2.499028874761593,0.18620266592844367,-0.394814561785482,-0.0602041062018843,1.6202555354641124,-0.22729588774587173,1.5598130321600803,1.8057877963260736,1.6935665841586487,1.622507773569323,1.7185078351484084,2.4044957759639236,2.355710169881146,1.9614807124829206,1.4034162390262608,2.835617683064158,2.0197075172917547,0.031107287968685674,0.4742652725436063,0.6952277063388904,1.298769988412506,1.6922010616355467,2.0861370158042463,1.9247271547259117,-0.9548844509616549,1.8028043511134346,-1.9256197785682871,1.232964567878501,1.118675383024641,1.8085536283621686,1.688962222843967,0.14978870193118443,2.479496777844607,0.7077082123238307,1.0809661484155382,1.1996009967595958,0.9590368749681593,0.6673812764397468,1.1650160218788495,1.5089198596189501,0.8777633700492645,-0.3278429314364943,1.6754238754942428,1.664216082978104,1.7512440127330535,1.887255379262727,0.5104435372995092,1.2191823106386943,1.764852919377726,2.193753562784092,1.987058501939038,-1.2644081302185934,1.1870735216476922,1.5177632004734307,2.6404688958771336,1.2853577697565532,1.5625896978597278,0.6613189816349897,1.7735945784597795,1.386725997176049,0.45400528942753765,1.9211550565925886,0.3935507264794942,0.09651147817888373,0.9908748834801145,0.6719077971142597,1.6211121822657133,0.009282962788639939,-0.0094237408816267,0.7910406130734984,-1.4958981785404986,-1.2608464164096889,1.4293486825722634,1.073108908952368,1.940946175808409,1.9422384885345487,1.9657309116297133,2.0997408557418775,1.0439929604448865,1.3818544468615737,0.9035188603057107,-0.06260421189887139,1.4571865439569214,-1.3939322606627707,1.6587602908712085,1.7709786232757294,1.2425353363276017,0.6263383725888347,1.9340431198634955,-0.39887067653984093,1.817147433830853,0.8446757459295793,0.24356582264629398,2.092193991169623,1.3168944470114272,0.6010866128037488,-0.7659748877470783,0.016313476064019297,1.5438803231062765,1.8428573679675644,1.6622761339917997,2.0984953363874976,1.0975581301049029,1.940345221709972,1.2413707972368793,1.3877355758192171,1.7714743173394152,0.7550352665789606,-0.40972849156162017,-0.7077617265801337,-1.1272606594426398,2.866352064399579,0.7412501532526397,1.5395262926165623
2022-09-06,0.9518959185640967,0.9423236904623946,2.0186006158516996,2.4659770429380705,2.6201503455556234,1.6105771504332362,2.7073333891539995,1.8533046354670415,0.08377831369515885,0.35162790448466896,1.5620205074059887,0.866945738447598,2.150986887959728,0.9098317604680751,0.7632669257960748,1.6189534897215414,1.901560883880375,-0.23586411803940335,2.207806802460101,1.892499800703164,0.011865196076130693,0.2817074739022934,-0.1907107665109028,-0.7820610723182437,2.451976620105338,1.0760564599866185,1.3256640959651362,-0.19336862539728902,1.1612551525860737,2.3564906791817464,0.5876416666538223,-0.5798602802052707,-0.19519454476411607,1.7990834886039935,-0.35647585154108724,1.2750473029522642,2.171715000459096,1.2612508554424513,1.3465886086753487,1.4669681876122478,2.178237458554888,1.7178714597991285,1.6006833587447193,1.1680089261381374,2.3250610314112343,1.892846439799617,0.2754882451215958,0.27641124898494546,0.4540878312482121,1.2123762574928334,1.8670810689016923,1.538913889541596,1.597204637167401,-2.4554650064849737,1.4599352963918022,-1.9152765372260363,1.174513746175077,0.6716194780572932,1.5151122311143042,1.2658559637336257,0.03786615444936763,1.9468900393373778,1.1729292956545858,0.628106864139022,1.1075332563873737,1.3523624068007563,1.0177845440971165,1.2682170571153797,2.5740450061894755,-0.15641034300814605,-0.467870702317311,1.3695621493802972,1.0529679278264998,0.7289721772350817,1.6022261317005815,0.802557160380321,0.9942462994138079,1.7533241830207125,1.6600187935065478,1.824832425334527,-0.7687541763012467,1.027089285705949,1.3060958935896787,2.2582805183392964,1.0190423493580871,1.163769885617796,0.5060869147091317,0.6808388263517947,1.3277874134387213,0.038444619545953886,1.7846298643442815,-0.13664053267044254,-0.024645026078039707,0.5270309646244161,1.0481851326899452,1.362633942933949,-1.185655205902802,-1.1427005203802334,1.1988697192317188,-1.3125180308016693,-1.0949266647475453,1.120866967834684,1.018501201759107,1.7225426162150073,1.5280948935303786,1.8076409997637495,1.7383659045960813,0.34293412057355066,0.9216795323893613,0.7786763911758587,-0.21055771013915414,0.5396703216735125,-1.1590020564397996,0.7762977177063081,1.5703349521941383,1.7943236312635658,0.18175118299233378,1.464788333872348,-0.1897261153710107,1.4352984830378182,0.5347136731238109,0.46169330876260484,1.426005274280192,1.6925235575873412,0.5134258358786609,-1.8535282220980687,0.10754671217689887,1.0840462604468415,1.251090907138549,2.0800729092934107,1.9828037468614828,1.0167231302438018,1.4174618426688237,1.0479161772783903,1.0963181956242918,1.3582167941536176,0.7884689472360901,-0.14492703835864199,-0.8235814636022363,-1.1439626959960805,3.1402170810743817,0.8291594461719249,1.3152753449033525
2022-09-07,0.7257799726701257,0.9593730034876737,1.6930539983370527,1.9741647100458621,2.180468520776715,1.6322988443121773,1.0535154371254762,1.841265005469089,-0.29344919920833357,0.18927344386388437,1.8051017416755153,1.9740635246564433,1.8414314134177083,0.9892248456749037,1.1243923217864982,1.5317593012660091,1.8408247590537519,-0.19774310514203472,1.8876457324362603,1.339699052085014,-0.2504819235011443,0.4892695460016088,-1.4141735104186013,-0.5274297565246638,1.7489090288464615,1.0277308492922372,1.269534162362251,-0.19790807091527657,0.9190812610156819,1.9657596072593604,0.6384028929364941,-1.6818772594385971,1.017354097884202,1.8786939564136067,-0.3229926311535996,1.286746452213535,1.971684189732328,0.9291302258158699,1.3599318257725606,1.9601979126588462,2.042788561325377,1.4743454353740455,1.1077633173211987,1.602448279012021,1.9287770299164773,1.4502077065786643,0.4553256770997038,0.09932616186600338,0.5791617479949825,1.3811657136169955,1.9051111820145976,1.5086143076392928,1.7160551195744569,-2.495581900390559,1.0114404115915683,-1.7772160161102575,1.1095849854458562,0.4086545832477409,1.2931932654971166,1.346790130578319,-0.2382335693608261,1.611693378954522,1.4087242557503405,0.40897763559905304,0.9870154950811175,0.899218112671008,2.394404907439008,1.0537905883750494,2.3063015123039894,-0.4648087254662148,-1.338266780677605,1.1899227950216211,1.3063009332559012,1.6838773929761006,1.6488386337102015,0.6096017779853211,1.2416820114679092,1.4954077352919304,1.6066425483594282,1.5247747551902495,-0.7257352550582451,1.4496183261882,1.057538513728642,1.8478758747514537,1.2737174440054255,0.9792034963803233,0.4063891294277971,0.8231387568657833,1.2397522735908026,-0.3893086820258654,1.7562047661428084,-0.30502561872184936,-0.029925697338979394,0.5325440880792738,0.8116693939500603,1.0159680283804287,-1.5784401526490035,-1.6058246264611802,1.8024338549586045,-1.2713738448673164,-1.1533946709088032,1.1838565804692314,0.23300541609811107,1.4843743977120343,1.8233187647516738,1.4118392439525744,1.270466433633537,0.48084298097962125,0.8207514620276108,1.3119484048650987,-0.7334748620406729,0.24899424210102877,-1.1160319217889103,0.5181311939599926,1.4555576110673865,1.017833624481265,0.4112467888014123,1.2072451048703425,0.14154636611613666,1.4567329397070363,0.17745209739088044,0.7371567811251146,1.6225453712883322,1.5142813712171206,0.6339752402078502,-1.9150134918686466,-0.5771366146399518,1.0617636987234422,1.1939211549236304,1.2171318222881127,1.3807652979450125,1.060655883869099,1.2502240080605214,1.098231680125176,1.2119768432619171,1.2312467455326928,0.7410274754646253,-0.17903265581518654,0.9493188205764781,-1.5325202981573642,2.246946700482966,0.852252639405274,0.9896461630236796
2022-09-08,0.4808222175336042,0.9761421781643781,1.6705883697884767,1.474759465299059,1.3054471641899883,1.2367756119589761,1.1529994513935764,1.5279881002074485,0.4997998624687746,-0.09604327939216994,1.4641055482119913,1.9057797291792078,1.4200093203969069,0.9688747631488667,0.6173523423411399,1.136683314439954,1.404401700418871,-0.2709428429044329,1.2251227892641299,0.9922740007501373,0.4828870802129185,-0.21007320536865065,0.6595803005034708,-1.494051228210299,1.9498385569067263,1.4568752761281663,0.9664081696463096,-0.5158167805299562,0.969880453000902,1.5204359826216554,1.8316297403530535,-1.3210254369204895,2.339450578091678,1.6353386472889022,-0.8161891079826173,1.2082439649196703,1.5861524824874138,0.8227469628013049,1.4011747342513057,2.150569026310865,1.6619957323447685,1.9122755410259973,1.0911133496765288,1.6775193821488437,1.4652859468109136,1.1812818767892455,0.7870061910744461,1.1425822804966004,0.4316500954308702,1.392929745085141,1.6708107293184833,1.3931048844722704,1.5960391308660387,-2.3393935521771834,0.23010306914055076,-1.8346129229048216,0.8257002801518697,0.686002944884328,0.8093191773835641,1.2518709763704106,-0.29247234706812925,1.2618001286776186,1.202324584159568,0.7353139994769131,0.9025004374481479,0.25738152313258417,2.529513814678625,-0.03673499078570187,2.0973583601776133,-0.7223199526791646,-1.181268189889217,1.1868504429012732,1.7483060329486193,1.318934179401542,1.414544955406717,0.5119086905304961,2.0828597502593365,1.3101693241231736,1.2363889460462703,1.0623356581530776,-0.2567405909925447,1.5061471645141933,0.8784003758185548,1.4117533800021649,0.7745479836557937,1.6649224935348348,0.6533165915103637,0.5558604396017424,0.9805016830321873,-0.35373250422227925,1.618123101136643,-0.6878918945337456,0.13032415975123787,0.446055751769808,1.1131476701509269,1.0935717014612096,-1.7119490240195894,-1.745394823657066,1.8467860014970667,-1.0333243954949267,-0.3992982736445532,1.2282580707540964,1.1397770146244364,0.9532383592146682,1.584120073875193,1.1507939747805114,0.5409778933074356,1.5261063232860075,0.9149919526555166,1.0948260147409445,-0.8843782308751608,-0.05109769919662613,-1.0324595515572335,0.23360258390325736,1.1089028940232548,0.7520546152139376,0.7920221171243307,1.101394859157027,0.3408671314116068,2.1856849033900247,-0.4384014878570756,1.2917247362842046,1.9562083061371676,1.5156430467350175,0.8252794152937027,-2.129879392772803,-0.8407829482815808,1.0454467598322597,0.8304947283769939,1.815972032431692,1.3858724780510039,0.8975453899390318,1.450838661546069,0.6433560380973894,0.9443179122979135,1.5400192609804992,0.9373444533302978,0.1442371978821767,1.2590224842352717,-2.0045778376705106,1.6699103938436228,1.2396669521640196,1.7288942145160457
2022-09-09,0.02717866919511056,0.13332743999419774,1.6611370443622622,1.6031418202867762,1.0571176210066744,0.8300646972466565,0.691463709785459,1.5811724310841395,0.06908772424067398,0.11496483072696827,1.6001073314805732,1.3318113938325322,0.9667940221574008,1.1898479420381294,0.32939585002301347,1.033126015254232,1.032222484924494,-0.36655636174757167,0.8034698387058027,1.0062229165609666,2.3177996365662157,-1.1618881433871568,0.057311059242417896,-1.1386252715649712,1.7880314879328587,1.1839985191679163,0.9546108103233277,-0.46116357852725376,1.2585703802805752,1.0109198991249457,2.069646843474614,-0.6193487279663416,1.9119067777567311,1.1867541092198044,-1.4509284016357902,1.1021875078515726,1.5924884414385185,1.1726482457936662,1.4232437817007755,1.3456073271030797,1.6405564302532354,1.7080699063707914,1.3104395018516972,2.0440162737148513,1.2556864738011269,1.2484705185473504,1.547684342828233,0.3204856871691342,0.25064925504388713,1.262541440245052,1.6280146118814973,1.2686079486175696,1.564594602581746,-2.5764257317655836,-0.1847419473844217,-1.73599434145386,0.36750414235736095,0.4248626039764895,0.9903452036685692,1.506636860727666,-0.6561454873944453,1.1293704076108058,0.555736019644025,0.13867504136426914,0.7608307968859613,0.3310810495411894,2.319538214953561,-0.08993426401598799,2.2790874798724334,-1.2509122441585652,-1.0634615050257368,0.9111499405705602,1.4401309793643204,0.5947722332748103,0.539550334334525,0.613751280135152,2.0662155160475044,1.3085180566643382,1.3686010881019648,1.1406305683861757,-1.2449533949522593,0.857560463096458,1.1848509393102766,1.12443439242588,-0.17768570832137587,1.598973476338338,1.2678978957844376,0.5305860207010586,0.8252959846260717,-0.30672809431890086,1.8941000322488641,-0.25496333627923307,-0.8134726079074717,0.08864142428284258,0.5410881678256688,1.5729361989951947,-2.5600746945690607,-2.5587536100120554,1.8272736155949714,-1.1764349014435551,-0.7114797374966636,1.3898242525044462,1.3720659226768606,0.7114548225351253,1.6559986531258881,0.4690570051605116,0.848038680129123,0.7628385364025189,0.9792625238106414,0.5874497813062238,-1.3814533034602265,-0.3131098823269334,-1.1713902567662657,-0.23558792292878564,0.7482449048000461,0.4438060837507734,1.1021852954955016,1.1621671828349347,0.633900001056285,2.0183102827982,-0.6886000378367005,1.7930930640458098,2.2039028184518146,1.725198473588505,0.8835574546081899,-2.180116043543618,-1.6822318407902006,1.5360740593331368,1.3972533770092397,1.5167960459829994,1.782815703066214,1.0614961226972301,1.4742897996797857,0.6039424644498369,0.7734179573386872,1.4561329773910394,0.5163927474682756,-0.12507652707320957,1.1200431934446593,-2.5035230519776235,1.4759502055035223,1.0569368359067548,1.2736185935115119
2022-09-12,-0.04275902163027718,0.5855351099706403,1.6678844126040075,1.5816414083733266,1.3875754455129337,0.9871156497817686,0.9108328984941639,1.548926838669195,2.1457522365146566,0.5240390613884298,1.7853658885007688,1.381933149132844,1.5388948915542855,1.7606638171984021,1.533725894623977,1.5851857173558301,1.1811265581987616,0.17271433214648552,1.1026850262921064,1.2254156581274733,3.2965103606802724,-1.3699003267598198,0.27196701226900755,-0.48852676750030904,2.022549174213038,1.1481310832437555,0.9530421002520121,-0.15347048315104445,1.234033005274587,1.1010338128123789,1.54533449039254,2.479329520093013,2.3635917917649367,1.5762780664126417,-1.414659571274893,1.248550493299753,1.3416794281311721,1.7901443168125268,1.2251994219339188,1.4281575345030049,1.6314081462160666,1.6553332674313117,1.507831431371149,1.8660374842068874,1.103227575749797,1.737179893258966,2.2082361808470594,-0.6302069041066359,0.8920825493523031,1.1357314833843308,1.6287127557761933,1.8290659094317812,1.4758554433998148,-2.091329591133426,-0.24341954647133907,-1.2420499127692555,0.4608943954466747,1.5837024689320598,0.987967273648525,1.5755291700472118,-0.4356156919853754,1.5270687065502262,1.0691595486272583,1.2286830739542411,1.12984256337152,1.2727887057252043,2.212649323948626,0.9228849786634509,1.9760525528508586,0.6082876463506647,-1.0439677418337292,1.0030515381149434,0.7272866308427758,1.2550796246525544,0.5831013381445777,0.49190487857125437,2.724193300409217,1.2836857843240692,1.7778956261822612,0.7035556675444916,1.6862899301323602,1.1272203264023102,1.1569296254720698,1.2864272412906224,1.5560653708746142,1.228356545602877,1.3915882232147858,1.0549892158795833,0.962900215502662,2.173345771869288,1.9540601525683938,0.9363853011099347,0.7991650581833758,1.2632852966937322,1.0683672727491222,1.6034613292200923,-1.824351241102388,-1.8073851785402015,1.8714453380967393,-1.008728761145614,-0.45760259788053204,1.328304504459774,1.4019442484695004,1.0744359899053681,1.5424148874954102,1.7487402754302976,2.1930746729679016,-0.8255165485320013,1.2727120846509008,0.7669990411980837,-0.2915335740957873,-0.012311790150431405,-0.9503017795052914,0.6689550109123912,1.1421761413286113,0.8610933945200806,2.752337336470992,1.260203502714144,1.2937030669488452,2.2034615342398434,-0.38672720042745595,1.9835900711546512,2.0620451310946804,1.812547174505106,0.7530616092373784,-1.6059476842083726,0.6183273069384014,1.886761318018477,1.9811830174913367,1.6910639349832686,2.6278644578437165,1.16712352838195,1.4331572699180044,0.6086910876318309,1.5368445665810575,1.325312009827253,1.0673102733381765,1.0230751078254723,3.3584970022517253,-1.9365664717745494,1.317760001305878,2.0244605960620237,0.8836759202230139
2022-09-13,-0.2375974505416835,0.6516100123677527,1.6297004179454895,1.7101407217513847,1.2716370729226067,0.7038928983266601,1.4470449021459908,1.3914699381408593,1.9720753150767274,0.5644928281188403,1.5760946929194433,1.4502331588580784,2.0027659457431373,1.9618517707611458,1.831981243584307,1.5406922285405458,0.7924649760578825,1.26749971250839,1.846063175818019,0.9977181355466499,2.3582767012584234,-1.2068082474285258,1.0589536035974128,-0.09187881698821418,2.135349835737343,1.6769896721701922,0.7794778043692904,-0.04684879936808304,0.6778622374569021,1.5117128036099876,1.590519277964705,2.6811050526854237,1.8877902068927679,1.7887255896555705,-1.6720748280664033,0.6716088310248195,1.1168209034675098,1.424188695318793,1.098660788969564,0.9526812747076053,1.6562711136384174,0.4224098356964964,1.502375529608943,2.8293629712733046,1.2387255011505518,2.221485062377006,1.976611069595339,-0.4450848133433111,0.6015661660658413,0.7247607665263758,1.8705514531304976,1.9602723186772497,1.465953872511316,-2.0033410700156944,-0.5978100108920618,-1.2065860179937136,0.5190632089020388,1.6120591990872102,0.8722652086846153,1.217893467162598,0.03483331337633734,1.6420648055363372,0.6720303057148341,1.8722985232038591,1.3919335947396922,2.097167168043878,1.7143110752680668,1.562532272267814,0.8584894028984149,0.22921503812175012,-0.5384821592985053,0.8538183336963302,0.8408013731702345,0.9505697018006607,0.28805048194685906,0.22506535497473862,2.230240597753783,1.2798672310611254,1.5795155763678954,0.9762758865196002,2.372512024039625,1.1501591412000742,1.2724840652722513,1.491470561096788,1.911248050131222,1.0062040113701578,1.2378783760747174,0.8733282553043061,0.7403713138397626,1.929607348363249,1.7025193320146672,0.7355853336572903,1.05892112535408,2.28344937685223,1.2349239361677733,0.9843063248042121,-1.2610820169771126,-1.2588347410028138,1.5654596112665313,-0.7993811740617821,-0.1929087016904621,1.0416769629588651,1.0038493957287684,1.798103037056142,1.11956167413869,1.8300195384277993,2.386505215165732,-1.0907721118333547,0.7685055491298959,1.2274108130905097,2.125927282756559,0.3532172089750862,-0.5644296580120255,1.3669777934341836,1.4823694437417987,0.9290206045595367,2.0918516604504807,1.3025487020008915,1.4357892718888852,1.7646770677823524,-0.0689458099518843,1.7460241207205427,1.6267008585780327,1.6543803678619469,1.2826307232378589,-1.4247572150611552,-0.27332873170516847,1.7056085304098816,1.6740375628470392,1.57901660876216,2.5084562156177155,1.2913823923959706,1.030458881287991,0.5381455737193942,1.8988645995287792,1.2126278885401525,0.9678257900564974,1.4676930656219052,2.944599855195784,-1.461181431321619,1.3088303437182407,1.9582790439443252,-0.3325980681285491
2022-09-14,-0.39955093567532834,0.41817336817804096,1.584874503950876,1.6654959283523363,1.3223677585774387,0.7816124078048664,2.170244713017825,1.3652067616728312,1.741109355088135,1.8880975829749318,1.6047792300885766,1.2084474733351827,2.1259117892330406,1.8665315637334308,1.9402445198468683,1.5949440890680628,0.9426041384639643,1.9652279124994425,1.8750736662206076,1.5438408175225338,1.9843830977068462,-0.3700075059956244,2.761088291967614,0.015003627803065626,1.8811945601351032,0.5502022442181899,0.8299353448077953,0.3603192397096209,0.8939193408573273,1.4557050236390572,1.610261055332721,2.383335694604055,2.2010157963863173,1.6767773961729069,-0.5622114176567962,0.9320174960395824,0.9718193953759756,1.5351601847836103,1.3057462019839805,1.22387182963376,1.6513866347249149,0.29058767947520137,1.6345963778064454,2.1119422555082625,1.1319750194357465,2.2062722779852226,2.2099992228050347,-0.6150614345353377,0.5389420501329213,0.8410646878195926,2.2172363990347455,2.133810799954406,1.326844602960612,-1.2821100966694896,-0.10215920869849505,-1.351447774121917,0.35644315169763924,1.7313018460706058,1.109332954307458,1.4240293755143933,-0.39812524963802465,1.7078499597596706,0.874098443473195,1.6307087462417291,1.5605209452185012,1.0391780040263612,1.6336811936033466,2.2435193486746923,0.9934159261577644,1.8266591417166955,0.014042785566140194,1.091749569036291,1.3054094333243127,1.695311204474504,1.1113898372568871,2.2259139609816234,1.877229179729821,1.3918604525860137,1.5723270206030826,1.8481867156475127,2.7314400636572076,2.075566404822509,1.370192705654903,1.2392342471962088,1.9459706274394297,1.4427353158858343,1.8184373018232696,0.463549126316679,0.4357624102018321,2.0674987875585553,1.5092469211391288,0.4334345737877284,1.8759273024172327,2.6321330479032095,1.9165286325335122,0.9294336396555058,-0.8969201731097723,-0.8825831704096428,1.5905531719598631,-0.30674618886543287,0.11766383765291813,1.0345994239551488,0.9797613007402394,1.85617767314152,1.4052438657170927,1.8298432922546606,2.166235219807428,-0.8540090541892612,0.41564194480429106,1.7425614707853312,2.0951130696297082,0.4150003945267686,0.8736500571540642,2.4289442271553687,2.0646043779985783,1.2005314395893834,2.3077878821226387,0.9953111743952768,1.4401906008881906,1.3294626443038176,0.8460426198992124,1.7887008376088125,1.695448695554006,1.6050522526966393,1.7254064009556715,-0.5569918673763659,2.3818570209721504,1.8512183877440764,2.0389063137353607,0.8914579388069928,2.141509151796527,1.3695682001382965,1.0683200471093515,0.6432606994713499,1.9469938023106201,0.938569016415317,1.3294923981529867,2.950894812288145,2.573052449563582,-0.17331864579024275,1.5387962838988392,1.9540056895619473,-0.15369703747150654
2022-09-15,-1.754980226149102,0.34800235329797424,1.6892380500119175,1.4786199841482872,1.0941033978830081,0.536586908144584,2.0313104030538445,1.1454088599900247,1.6621849573846035,1.3736822081914402,1.7336720721438728,1.0329766739691653,1.9593607302597051,1.7352217348812946,1.8994004873907648,1.955186257796738,0.5659299765415627,0.8580802386938456,1.6524004054862849,0.9461399906732069,2.543176504050575,0.6952762107749662,2.119218742447873,-0.050723599616433954,2.405669926977577,0.7346603171212036,0.6392075206215139,0.8223591606837766,0.910736268476251,1.4883711391047536,1.2946505422880865,2.040732821602081,2.259303593066863,1.3716794299311261,1.0192419177869132,1.7979374149317078,1.0548621830868332,1.9189651487852417,1.8211152707803102,1.2467377028313404,1.3142670248130282,0.14347830863209773,1.3029264699064536,1.5440939223358505,1.186146237867466,1.751805827149283,1.2852278350803519,-0.8132835061048043,1.265186217745102,0.7940961682948181,2.0109225164778195,1.9022808558371143,0.9745819666193649,-0.979785434793331,-0.24637066399263932,-1.7618107800502238,0.602064334909694,1.7765964356665023,0.33012583969376186,1.3831396028464966,-0.4698263638228877,1.5098419055960524,1.182726728833963,1.6568241402682478,1.6190941226621862,0.8590302901483794,1.7574072930631877,3.2258624050215032,1.000383481223204,1.9418725330127757,-0.2633975371822636,1.2377761851142683,1.0733679770108233,1.211569289185056,1.1031953062512314,1.2445692122910599,1.3000170992448852,1.2831164067550045,1.66491409208951,0.6806420364134036,2.5697868828622403,2.032471586011338,1.0030373282071015,1.2948797182124858,1.5750883413550905,2.148697229306949,1.4768108008091771,0.5211370202031819,-0.157782233133826,3.0589812162820595,1.334294815561083,0.45917235072699447,1.4544609299138176,1.8720467724352794,1.408719152919122,1.2513692355858492,-1.1515675928579912,-1.1636210763605428,1.242370260905754,-0.272137219182108,-0.15773647475290473,1.4666183717073804,1.147969652784048,1.2594279365929983,1.7254576094478231,1.728494344050338,1.4652308613834328,-0.5739601907020853,2.167955705645392,1.1169300184337043,2.503747512117505,0.13257433737212523,0.25677589731039735,2.06978357315927,1.9798425382011344,1.414166501684313,2.4242547074614964,1.5062737887095603,1.2543478381140556,0.9143936902213241,1.9149823401197315,1.884965641017751,2.073124759341682,1.4908878776138372,1.606944172382333,-0.39565658873855725,1.1676508478206074,1.6147931715968922,1.5126336248849768,0.47434559908969204,1.3276839975638317,1.2797190223411588,1.090449017376348,1.4707056071159181,1.7632327840123372,1.5870175247462464,1.6754398143811762,2.1082650897654642,1.0723569001738917,-0.15223854313769034,2.7560129380851173,1.8883578251514024,-0.839586910435448
2022-09-16,0.5595541349604596,1.2402774482350005,1.6639647401451105,1.5581885717019999,1.143393621667238,1.1651969139555853,1.7523253470955908,1.2138896911661998,1.788485749849116,0.9666045001471991,1.5875916854368992,0.9520083513375389,2.177256216937213,1.6645462238562592,1.8297388746083132,1.865940664900436,0.5062529951975981,1.2898124907630837,1.7869784917648497,1.2569396739251797,2.120337908116311,1.1048751328665378,2.8398669060588806,0.08271897195402814,2.025728138781041,0.5972485391238991,1.5263487368118482,1.0011738650182214,1.196389482962072,1.5098688571408718,1.2489408864604647,2.2243580168908426,1.1999478396083374,1.3318370253988934,1.5661137863960986,1.9146508057756086,1.0019766742917646,1.7197943962114486,1.7397417925824532,1.3564578887237595,1.2958527573321774,-0.895688511823591,1.8815342127709884,1.3379274823982716,1.1353840075570778,1.6277868824777804,1.3549100627993325,-1.7679372037934726,1.606590158459488,0.8560519645108359,1.9335936397581637,2.65556785939971,0.8825516711315573,-0.7797323974500733,1.0668089581361917,-1.2796393796241965,1.1787388708057542,1.8258897861787793,0.2638450804556188,1.3405469485544763,-0.24855444579314878,1.773221500190464,1.1279476776552502,1.2679258924711403,1.5344750587403564,0.9828281370293407,1.6279107490412525,2.4112159745392794,0.81495348876314,1.8306542127537409,-0.14910356169334316,1.1980695436050224,1.370094849594689,0.8161035725520667,0.9585265797761416,1.1828459559657247,1.4014189593442459,2.1127297745665525,1.630409144981328,0.9706629953576357,2.222256262586015,0.9127353931707155,1.0813528491941902,1.3856366767994377,1.477818206213399,2.147425741744375,1.6732097893013747,0.7838843156892662,-0.9875461605444374,2.249733747569488,1.2933934322772116,0.524315544679767,1.409056058033612,1.738146680768489,1.5272279574809884,1.494983233188339,-0.8577479244478826,-0.8624144122566331,1.1804546172780717,-0.2054578035353957,-0.09542749322286004,1.8725974280980957,1.1310269219420752,1.2805507315214597,1.591246267620837,1.7269756640820932,1.3261959814908966,-0.3598669141537918,1.6676079062524367,2.2919746735696696,1.9141802120939178,0.14719240392566185,0.49954319078346204,1.9284563460652593,2.0821226601705476,2.0156525526129028,2.3378455345737983,1.2997012706577835,1.7716720990619668,0.7448663383133179,1.7625248021618392,1.761377900935013,1.8731937124520557,1.654842513978981,1.6293710190255275,-0.22000539538287467,1.5340079105411117,1.6475953337506688,1.6016475770205778,0.39874423587042074,1.0476469844598775,1.6143096294225292,1.1643380508822319,1.4881462123630451,2.7887381537078517,1.4076070804169256,2.405897461374185,2.051386336469707,0.9480094751075798,-0.11250992549847104,2.7634757790931586,1.8051990289703257,-1.544710023106281
2022-09-19,1.4298820591592767,1.8415982355229286,1.8729522538883803,1.1649837255344229,0.9101939647486863,1.2577954095241004,2.0054752962766402,1.1314639203235268,0.07031052493479159,0.6616492271531256,1.5760819215375812,0.48330308055905546,1.9622398494276805,1.4109093860417097,1.486336941488139,1.6614671581351492,1.4357723402254,0.7301837572224911,1.606222558258831,0.8071612730524238,2.0455266702558768,0.9321863510023041,2.319906572752818,0.4639423513484959,1.7617697197048021,0.14288216282400606,1.3132881076447027,0.0965745473862226,1.0143540704335576,1.4789611415429402,1.0739631414408473,1.5779040459805385,1.2840267413555309,1.4869330019554194,1.8565029380367641,1.488018960155317,0.5820177940275607,1.4340593694950095,1.459855844162069,1.2361399464075011,1.0293926733483,-1.0873163447162235,1.4527073048165062,0.9726716156218117,0.8169713910136263,1.4068290915556974,1.701042532955053,-2.476723151413317,2.346894035660254,0.8139593745613736,1.4727411202591656,2.0673886878391485,0.3547645077007689,-0.6979295660257039,1.314000912004805,-1.2165727142761147,0.9052094883971892,1.9968674502001063,-0.3400841010426829,1.2863533805071679,0.38932236594413006,1.898149704714199,1.206081541501818,1.026416198667118,1.3516422581744498,0.1681681978533737,1.3056656005100027,2.172786462605687,1.1103679505773578,0.8622245298281191,-0.5093192236183989,1.1782771374068532,1.5622885762030085,0.4325552243634687,1.0778057333214677,0.508221462260802,1.343933330241939,1.366136410924035,1.5319781535500352,0.45790498559499565,1.7778995403971607,-0.05250741820092194,0.9661199658866408,1.1954392652731913,1.1420016763869116,1.7811132355644113,1.3114275128786028,0.7277616953691184,-2.200382060164346,1.7861878799853173,1.2852250851792495,0.4865522437355282,0.9928023461625058,1.023935628315148,0.6459074865576169,1.2549925286298649,-0.558910441287125,-0.5783198666132248,0.8827204301475408,-0.39388144512407347,-0.17620082657722325,1.5832483748384396,0.8345594838036768,1.457303049378139,1.476436987566053,1.0683189104539452,1.0283602040326745,-1.3149492435379144,1.5811721178834672,2.0158455821022585,1.6641249169098589,0.6639817211196808,-0.18505359034569738,1.6233464720652562,1.7633696895932813,1.680914780200874,2.0486597936525044,0.9829767057178304,1.5645425924199328,0.7614916786523687,1.89498736089424,1.9249026537566913,1.3761005913165194,1.4067808153948114,2.0834370475721706,-0.24745427136477982,0.5049477229727605,1.5766223875807515,1.2998206366841947,0.13915957698230344,0.825633308356659,1.3069205963406358,1.241869734430222,2.1960992648464104,2.1551228861965814,1.9392676518785503,2.217860714872832,1.8518825146630555,0.2257652516511994,-0.27835385711884003,2.181967580686596,1.4596417873091847,-1.8441091816963517
2022-09-20,1.9560160249201233,1.6919115489976946,1.7213537857877703,0.9447179244244814,1.4027284157719757,0.1141328179977942,1.388926127521881,0.9067677181305558,-0.9155960794062269,-0.43638325737780265,1.6228108620392547,-0.21477751197583814,1.3087346084182634,0.9963826550377683,2.3608558818295236,1.6339415742995045,1.3812284919008577,-0.9077616013731046,1.455292700126023,0.6638148308342304,1.582029017976297,0.14212335596562603,1.7054293130639921,0.36397646242668835,1.5517273222905936,-0.2420619666760476,0.7768834992172076,-0.2458397243908515,0.8513806177285024,0.905704521530528,0.9860838225821806,1.137738008499576,0.009697741232487922,1.5526827333044706,1.4378444879982937,0.21219677987515848,0.261835904844607,1.1376520037634719,1.0015895953000722,0.803482999413456,1.0320432192523081,-1.7515703541431562,0.8617041572916467,0.9859249926140553,0.7480295515897609,1.2076143695176933,1.4408469246151547,-2.3452720675514325,1.6576206101425952,0.28080623403994315,1.177752847473448,1.7354058213446397,0.18909615751756317,-0.6791184000460988,1.0798745375144114,-1.3972462781263086,0.18195335943546037,1.7804124459844282,-0.7636587665222418,0.9601479222905668,1.0623877316410097,1.2985534426012078,0.8983898627003049,0.7849065048630873,1.3129124148629143,-1.5871089945245693,0.9965733094152711,1.9052012516702825,0.4213148604182153,0.06304053413319072,-0.5916407499825138,1.2321609315618318,1.5706040199852154,1.3201852816636048,0.20246976489527183,-0.16256852343103703,0.4777267549603222,0.8446052697056919,1.3331996075425796,1.1161490781436554,1.5035147872903853,-0.7167698969082961,-0.2323030022682284,1.0812558137369581,0.8965399239818531,0.9628518855714043,-0.23052703828606938,0.8870562348391435,-2.1686959035143936,1.133363370038064,1.1041260257042476,0.38711779687113596,1.175114610955946,0.648050830987867,1.0247366802273552,0.715872447133747,-0.33644681610007293,-0.33703276172989965,0.9345666252364914,-0.49992767310891184,-0.17102649388512428,1.546316353361112,0.6801260432804355,1.6416474804657943,0.7070274880849962,0.9706525131113997,0.8246543987210885,-1.290661476231924,1.4110145209798333,1.766351378023983,1.6846926064513656,0.646133870493904,-0.48711305670359034,1.5950707140568312,1.6607156800719205,1.3804603008095016,1.7695834026871688,0.6688957268886008,1.754784407768519,0.6527956494800868,3.586753461459687,1.619990936371381,1.1253929440650803,1.2936990562171853,2.0866786880298944,-0.35066339205054653,1.0179287969406938,1.3168611587295727,0.6767154273037815,0.4472141351710695,0.8423230830773246,0.3217289366540926,0.8713512254464928,3.0390832603232196,1.9193466404363901,1.6893084944348586,1.933128347584899,0.5764273209143757,0.2417338419197659,-0.22686742518883715,1.1920755822833484,1.6569825895122574,-2.084029947873541
2022-09-21,-0.22582735260850803,0.8050427511257335,1.5654097167012493,1.1335861542789691,1.8061620734373058,0.5492586148540932,0.9427370325918987,0.6718614300459718,0.6120169543068225,0.19211712054897556,1.7685239194590752,-0.5025027467637114,1.1118224486455102,0.4461566254607948,1.8412584118086646,1.6540452932415821,-0.22919497161281227,-0.4793070694061763,1.553856202700669,0.4440804768965776,1.5561076111273868,1.120817179826391,1.6994019537554392,0.27370134876622987,1.1413894697731517,-0.3272042273228224,0.44618328114188227,0.8254597514924135,0.5234851230016161,0.9113383930107647,0.8921209536184923,0.9832318454279334,0.940225734707816,1.5593500573256442,1.4371794419217792,-0.009637515160401816,0.6871582182187863,1.0546297104423712,0.9730644807039069,0.9455498879011778,1.37209355619383,-1.8598436279475778,0.47423800665159693,0.7582726206779855,1.6667788125633074,1.1435238375682661,1.3235808614839963,-1.591662807978095,1.0221062348147367,-0.35397201335829326,1.231778260887487,2.0939941559562816,0.09711907578613448,-0.6115613208965964,1.1664063162414,-1.1631154795573027,-1.2859661283082948,1.59638804672074,-0.6758368113008604,0.6032186357057447,1.6721747976967498,1.2216247149401216,0.6239581388342031,0.2891687636093479,1.0179897219857343,-2.2496999508897213,0.5645463677526109,1.8615266491421627,0.581064306258949,-0.8291873033342088,-0.4500336910448804,1.3750691729002371,0.9710694537834881,1.4896430200698383,-0.6381579700531473,-1.7982150118042346,-0.12123051387970038,0.9121955057139922,1.6420859202449745,0.46105611480931014,0.9975013344876185,-0.24751617651729693,-0.1607025458815034,0.7508109132794624,0.6921770618154739,0.437719453318477,0.25533191521852866,-0.5558379717580091,-1.8624496395682166,0.8953571359870305,1.0097700487963435,-0.5579485873849733,1.0410835952566133,-0.38869384414516805,-0.057443306496999635,0.3879205235404153,-0.8621186617946126,-0.8585629477357644,0.7459631512426655,-0.5129083080215723,-0.22158594571807508,1.9693044606690628,-0.2216435770875437,1.498507815936453,1.096623264942069,1.2266030938140442,1.121846125372841,-1.1750787752704008,2.833212535435804,2.6042705906076593,0.9071442879109027,0.7467818830383143,-0.6839714543057859,1.207823458619185,1.9302422889196942,1.9102744096538613,1.2377355151764262,0.5004982909239518,1.334026120459792,1.5190125948873248,2.4449287300801728,1.0679191709284865,0.8503047041982251,0.10438426620982995,1.4121071682547202,-0.03147788803340199,-0.7184404496905117,1.0446733091601033,0.3768577761939696,-0.002335499040118057,0.7871695794220548,0.02054710494530041,0.6315242611834743,2.981781144454597,1.9373790661302357,0.48340783846660934,1.201463800825926,0.4926335558361682,-0.9358660317833973,-1.3363217892843853,1.6983327407478175,1.5207281213508965,-1.464459609764998
2022-09-22,2.083033000023867,1.2506604783489617,1.3616089446969915,1.2430485143042052,2.288832140184372,0.6871342554884955,1.291433570095488,1.2139507597400754,1.043133884619989,0.5540641498612235,2.1406167819582964,-0.5044406475105849,1.42358121498714,0.05015962928720807,3.1992543508931863,3.0843890240458283,0.0895960913439937,0.20874484151150863,1.5282956304751962,1.4970584022367852,1.5345347951921369,2.8432089818109234,2.1787254432937813,-0.052056477148431986,1.13620038330312,-1.3893101151998273,1.3362465418516387,1.3729519112562525,0.6921888439245405,0.9574642758556565,0.8172301894281483,1.2611369716227498,1.023517410879262,1.4273257891403026,1.7520924910646853,0.07061524870112758,1.0466620557277955,1.1007201658112857,1.3941642449512506,1.6257749869751463,2.048006618033583,-1.5422339635479925,0.5612834023323177,0.9183446046469029,1.7083904625839093,1.2936580371612174,1.2955743347412687,-0.9968022928713075,1.693228092093409,-0.4086968669867888,1.5204138661008095,1.897385801061832,0.15645512107169818,-0.016088972038314803,1.823029111823688,-0.8553390414545662,-0.793933656150202,1.6856310266374375,-0.4280182661821224,0.8839398294652473,2.13242854267472,1.4500744238115693,0.9269376900053329,0.02422358163692872,1.9872372037258759,-2.1063099728338988,1.4013550228224994,2.09311289804583,0.4294904896757173,1.022776331031353,-0.10482427984126301,1.5431880514501357,1.653214541846956,2.5711927093683733,1.6038206432016329,-1.607335264319675,0.9456351861794793,1.5058734541551833,1.4531943298980399,1.7485408277585344,1.8124170733767182,-0.07575684548496603,-0.1681433308112612,0.5521153221033535,2.0174811267230295,0.5314922229652925,0.6241078043660968,-0.715613514252779,-1.4450420970110573,0.8683747679991345,1.533034095024688,1.3798292379463368,1.1792694813236813,0.8408032197389619,-0.06477025954137228,2.0054581718459774,-0.022584824288428822,0.014993982661135307,0.7706591925575959,-0.44499222291554336,-0.04156754323902496,2.234836059811514,-0.21032645549522327,1.6357093975478936,1.6223285087823578,2.374217221085123,1.316615384446009,0.06648904318806813,2.6357757925041354,2.1939294952189994,0.9041436273591922,0.9663541413157646,0.19376069958670972,0.75637017036895,2.0196124408974563,2.374669636382354,1.4162170656091135,0.3804410048373077,1.3547692193200322,1.3525902254714701,2.119007189381445,1.3611048713627842,0.9616098135678103,-0.3077697888481144,2.5115296441491632,0.7432991005067185,1.3447323142276935,1.1693909939892153,0.5794655249487035,0.5284139438934027,0.7811328100534121,0.28778664138949656,0.8957133197222754,2.290946436461038,1.7303629519624761,-1.278468907136498,1.366147482970023,0.6863941718814282,-0.4884569880607837,0.2207662555715893,1.6078947761182132,2.2541919213030415,-1.4279543894307944
2022-09-23,2.1089831710373748,2.8019893960053257,1.6846843349481577,1.4026762981773195,1.922498669664021,2.522038606530734,1.504780083194223,1.4800959609692939,2.4429504363823225,2.5688619856099324,2.2640303311038843,-0.09803908569541944,1.3423527043331416,0.26230886848498647,2.5004443463532526,2.6915402131979387,0.5720211944733689,0.3224005466931506,1.4050728619090824,2.8729290723906913,1.3396948164991587,2.795771442145498,2.003072133019416,0.07551565452536863,1.4045294124251233,-2.1051301654076937,2.0068115277662,1.5847057825690531,1.6172217831185314,0.831567358174744,2.294847274003257,1.7051015379476888,1.2325014438880686,2.1191147515434388,2.0797237202152212,0.698450765786127,1.8842306832169724,1.5563735948388033,1.7652712936028863,1.8234397670144986,2.388067516396756,-2.362934572546778,1.10559486725434,0.9689104977297804,2.166378006368259,1.0479202189153523,1.1572077579493223,-0.5236486304601191,3.278101604696586,-0.3837614420076823,1.729596441366336,1.9097656975832964,0.5484488663838749,0.48540368350143337,2.12407438113585,0.742765690772101,0.01728207703047949,2.397756290377891,0.5703020843489975,1.1143971421371148,2.448316813812773,1.5904689987045624,2.9722976408642054,-0.03784072946938191,2.3261094363828896,-2.2462219372337366,1.8300076858598346,2.149058984790511,0.3224327857461987,1.8564156629180946,0.5069765080531077,1.6105852933811389,2.376566490705111,2.519701980439188,-0.002713756156853672,0.9999628013558088,1.2648737235946559,1.6416505201865428,1.5127621177943094,2.008258976761969,2.1314079266440067,0.2447606885251543,0.8054806378104659,-0.5710056353849878,2.4821619890800206,0.7239369094627176,1.5931277670792225,2.0109679448717666,-1.2440482158258317,0.657164986594664,1.5713562710862274,1.7283456002813455,1.910421595751224,2.4062249948468764,0.6039822457224979,2.0271644596382523,0.8682091861887313,0.8558099728703793,1.5528218289505846,-0.15763600615969478,1.2299090401960249,2.2903574346503404,-1.2131719728859751,1.9215056907992336,2.2204088488473164,1.340600729252205,0.794498952118186,0.9507619498214954,3.137417915291929,2.125938667088244,0.9028407877049723,1.2200205805819564,1.697942556378072,1.5419864239328085,1.772650972461879,0.6840761880782023,1.0289792359092593,0.4328544822497157,1.3635294350971503,2.997818608621695,1.9130302402557617,1.7871676686134452,1.050931480743622,-0.2867780789009343,3.0269358371320334,1.3407322194302012,2.290860515944346,1.4531319841274066,0.7366813267878926,1.2555663242168424,1.3727650447881667,3.0414887681492457,0.10533129155457883,1.6695167412029075,1.586025609342619,-1.6479986340781287,1.737323297302135,1.200055899545792,0.4106876976892993,1.371088801536092,1.7316522633761509,2.311048386337257,-1.3996047562529588
2022-09-26,2.4048009687959833,2.073892337083727,1.849729098387814,2.2011188930443915,1.6960162139509232,2.761780596978726,1.661757888861168,1.68355646563079,2.6827972097039017,2.8482226364008,1.9724804918125094,0.8245573394711209,1.142332966068329,0.48795951879974897,2.1267590101652902,2.3017383187965734,2.296513713149074,0.09610374234424174,1.121080190593397,2.5739484547886864,1.7565368619649782,2.5194290248010125,1.9741946808134134,1.4046140360934916,1.4105406576941124,-1.888188501838567,2.7455198890873307,1.8964754932044192,1.044598695530379,0.5751693851511944,2.9537765795573483,2.219835744753819,3.0138652183690855,1.974290564454334,1.9415901345657793,0.4810427168283944,2.122530134212874,1.6386216615997076,1.6536396111744385,1.2655189686793828,1.6884965688447247,-2.237716071579326,1.3976972673996366,0.8411061946737614,1.9540728542998191,0.8480709083685334,1.267234494808004,-0.4378251953806944,2.140458716332027,-0.3535546278276648,1.7181098624511795,1.7063719821191214,1.7756281642605696,0.27895004861053224,2.144506974229484,0.8691043635159094,1.6091458451990168,2.415057320649004,0.438232520717652,0.9959428159845855,2.5769920535937354,1.5179057264038867,2.5876545108514213,1.5623836067692087,3.561368923753234,-0.8443170892236239,1.7090270097291673,1.8191539847728,1.1292514586637552,1.8235946643412413,-0.07147006446842596,1.889629249144692,2.095874914883916,2.2130912755070997,-1.170171986768584,0.419606741956163,1.2598081232501819,1.4058721788458026,1.2209067255905335,2.13781092952578,1.740785292237764,0.6210836116269504,2.5222417427832173,-1.2975405168670031,2.951315021330496,1.0102682611666127,2.1495240277435435,2.1270598868195902,-0.13030182839221433,1.0078270237326619,2.2260304990719546,2.8818847082201757,2.00411919419608,2.243554191326254,2.0838033420088635,1.9856651815924127,0.6684218582023813,0.700965554151058,2.118185845641022,0.4589631510732867,2.0311911028244625,2.0774272763877013,0.018660562121307955,1.9997532716698931,2.3993501569552356,2.2485146701423315,1.5790450888312653,1.502755129013037,2.5573933943974,2.395478294058202,1.5791612607949153,1.553209569591887,2.6781993608528,1.636990829061227,1.5043380506270059,1.1171873249840127,0.10089925867273362,1.0048111857693387,1.290213740272136,2.1365532822234585,1.613685158257771,2.4137107075472857,0.9767206684294247,0.9953421516569636,2.626321002792615,1.4309721563968576,1.590098218934997,1.2866743336228355,2.3605734321037373,1.9679884988491996,1.5398763631601542,2.1872163552854107,-0.37771068703428995,2.2643414007258835,1.648483913872882,-1.4588026078092675,2.4945744350715153,1.1630389041391407,0.26325552883058423,2.1070125946691483,1.9842131623290775,2.4379659250953303,-1.3056757549813371
2022-09-27,1.9963430971704719,2.6562904175746964,1.8310659697410376,2.139036539459961,1.8758870578477291,3.187694215304768,1.8187749183725002,2.1939604342159384,2.5555440223941206,1.674581801389041,1.9914882078190255,2.6467490530706335,1.1123965606202162,0.5814619735192694,1.852343510969772,2.0239672588854503,2.754427349651864,0.42213710343968686,1.7861608183965085,2.418003753588991,1.5249266533939514,2.8513571360888745,1.8117757652739301,1.4847649565800203,1.364661513871267,-1.618315443467397,2.52205834870929,2.29242552914465,0.8955018431115405,1.4050875243066383,1.9902241187219647,2.0908475640288193,1.5751230514540613,2.079147660684608,1.3125070494665716,0.449864207623738,2.615293334333408,0.9395550040103657,1.7921979751938257,0.9032199526126319,1.446173127855978,-1.9545860517567393,1.0689325328725823,-0.24010794485082354,1.2474843340333015,1.5090640770118786,0.9301692861509209,-0.6741798019508893,0.18357129404952227,0.28021383665361516,1.510931958880135,1.5736440225837465,2.240025718260374,0.295312616250214,1.7208602043643302,-0.10759577753148476,-0.8528131795129039,1.7848617066656836,1.7941725424856063,0.9926553347234299,2.1945380573164375,1.3043510368413165,1.857845995651375,2.635316175516574,2.8337563235929077,-1.2332534487006301,2.1294120938231518,1.8363542506802408,1.0485196940260972,1.2002948159387041,-0.3891183466278407,2.5786329227574134,1.5527285247779203,2.2118294086257833,-0.719662642984288,2.7555812286909496,1.6820593606307015,2.0858508040119355,1.0542255929234432,2.19976708264771,1.3595738304023308,-0.8718473994668136,2.4496780748224376,-1.4835449740133502,2.380565957024364,1.0688385945983983,2.3176910141660527,1.103555126215701,0.08827540699507651,1.2016513158680224,2.2990481726218985,2.063826170606793,1.4558166171216753,2.105191486348811,2.312543535833662,1.7766965051484889,0.3831043431919058,0.3834763208303392,2.2617334844446346,0.262937711423001,1.39787931783012,1.9898612391798047,0.5120212253667549,2.314157698163923,2.3626868085149715,2.5088672362078346,1.63204365865243,2.0862618606378525,2.26511869480032,1.5244078636325058,1.831602867334357,1.8876079580501228,2.4268032869691334,1.3763691519668315,1.7534284738622803,1.566096148612616,0.10983170690329423,1.8300517868396617,1.3016771934768208,1.4776761577153428,1.328009210533596,2.1114716122071813,1.34362231669956,1.2690419925071414,1.8041340517902311,1.2272011415247197,1.0256046610180765,1.3718241092863208,2.0226410482541723,0.8857994761169716,1.4609655541126638,1.8075044265478915,-1.2405946502721479,2.058370838736099,1.549307961010964,-1.3789329301054136,1.758700601736151,0.8994437471399649,0.018807452797069857,1.959093600143014,2.9804317681543084,1.5358023122152087,-1.125840867791273
2022-09-28,2.0197891505717744,1.5674968140777068,1.7846791528903625,1.9212573201895133,2.232586018095741,2.4055606104332576,1.8397055928536954,2.0167303565776287,2.393482979263035,0.013720260543953216,1.9406095602852296,1.4990723588321382,1.1692698348578876,0.5639268125214457,1.647580485505273,1.7828809288455023,2.31751880002771,1.9226129783006405,1.5071824998144787,1.9763821480480193,1.2440011792163326,2.4335478409535938,1.3626841129286127,1.2026042179007845,1.065994398801724,-1.4942602967931047,2.4946568760776704,1.5539404258828888,-1.2838087063711365,1.30100932623113,2.3729998400140495,2.0007499546325334,2.177150887852243,1.6818698298546795,1.0834320358741467,1.211813236586357,1.959471460137123,0.6539135749869232,0.9614196785030521,1.2837811273827475,0.9596148134256176,-1.8112929656992398,1.3097935029994388,-0.5998727410921044,1.0944859354057925,1.258679028523103,-0.47760268890927565,-1.025829994585383,0.2800036505257808,-0.28401293215363566,0.8196616795926362,1.5243043565746148,1.8773934972982085,0.6631323905255874,1.2530116818727093,-0.41525649280481464,-1.4214193472165655,1.670008397170381,1.5642578993908016,1.2987467999293467,1.489408337228414,1.4170083906115887,1.3482512462590037,2.0974534404086165,2.2876880195200155,-0.6788206952810834,2.251299865443675,1.5956600729052515,-1.9154801913646988,1.6348475522553345,0.07090135707715017,1.532948293859823,1.5022167568253728,2.285417909132731,0.14485446171764904,2.065166378793662,1.3257902702558815,1.6405115748265642,0.8901219243953331,1.82604991710452,1.4625398160784382,-0.5907956453376424,2.150050306646466,-1.2951354601774163,1.8870899371631285,0.8625989756047844,1.753400535524011,-0.2677241166228817,0.35492361502991787,0.9566215637062275,2.0260951162906164,1.6291848995529785,1.4522122699134319,1.869124787524787,2.073574369994389,1.6621927406198176,0.5978551196372756,0.6082361938155578,2.1586482826472126,0.11135389777935141,1.5661096766558131,1.4523701125746962,0.026352187760481188,1.9724718765497433,1.9493682480053354,1.9901415388529953,1.3072673263635088,2.0305946270930346,2.003094623479612,1.265895535990371,1.475234128436885,1.6767086640125048,2.0439709880980512,1.5169533309800853,1.6210910094370992,1.3952562890654632,-0.02240332704288577,-0.7797053031021807,1.1566548567895192,1.0672206223034337,1.1021970402503811,1.8385456758675105,0.827987644906573,1.7585261126405687,1.6624122584093386,1.489871453304111,1.239174292690417,1.567476964426264,1.6728914700214437,0.8199200360800293,1.421963587898649,1.6778781288649034,-1.9746669699762267,1.7089763804426548,1.3875322256660323,-1.6700114291936277,0.9790185408639207,0.8080457836914114,-0.5893307727012164,1.8496952350115572,2.2012067177517234,1.099315121897091,-0.8144977671080523
2022-09-29,1.465336446657277,1.6494967719687637,1.7907637381288928,2.0246083747923533,2.256116130787668,2.2476441668786964,1.749322742274167,2.260387321602475,1.769519410328088,0.32558362231272797,1.8150823247054186,1.4103843435203025,1.0161853265992684,0.7799204497183309,1.4992949184414195,1.5717007268307124,1.5243842164302563,0.8379813326588589,1.3547755945393847,1.2346245817199502,1.2943024635247238,2.4458472989365236,0.8672464735334978,1.307372525134772,0.6466912425616961,-1.1204817793222843,1.5467111340794966,1.4678779214382358,-1.181000247517427,1.1840807733222316,2.1975575590971097,1.8903428542512515,2.35389242259311,1.3884035852019774,1.2332589122452402,1.364506227736093,0.5955465697364176,0.17117928965917997,0.6637152660461388,1.85431557346923,0.69554584854042,-1.3261925971430288,1.5841930856893278,-0.6090668133297503,0.9713778578605298,0.9071774003556029,-0.6832007635994047,-0.9032737740587867,-0.14540038154001717,-0.709984598846105,0.276164012796278,1.3389886432486973,1.9907656499569752,1.1018137029135207,1.4662893930022853,-0.45683229104399264,-0.714692506284529,1.8017504105471183,1.3004544625496803,0.8439811325029639,1.1851582691836378,1.3747837057502494,1.9621222551112554,0.1837548136538056,2.038762540667613,-1.450063518898876,2.1491517871698056,1.4444395173164906,-2.5934097167521526,2.1079000025749854,-0.9040909695241098,1.301870564263531,1.8264268486062611,2.2695677400271004,0.3458205394415165,1.6085229063338604,0.8310791838904696,1.1471324441389852,1.0079423900470703,0.9253368745713085,1.570699088382249,1.9364171554333,1.961845948537881,-1.1193439781079026,1.6385724988654449,1.5934569919305737,1.150205150282404,-1.1550089270959643,0.25749051706361625,0.8659324787918625,1.8863139249325231,1.635033545955061,1.614845789211609,1.340037536862606,1.5108231857530396,2.1436242696990595,0.8871958526083543,0.9200353779349838,1.8658077768040267,-0.18236552963805572,1.165588102935585,1.346128435166055,-2.032385598679536,1.8182577377363183,1.9478982767779802,1.6294562997950903,0.9820691986743457,1.658168069603163,1.8430549320966199,1.2168905928589027,1.2041781187498106,1.4446839990677087,1.8455634256510824,1.2020260674332428,1.3527359134154082,1.1838960271684031,-0.28566878030508663,-1.436869415383548,1.1727739905202514,1.0454976384738763,1.1997892383118995,1.937110784065803,-0.04564279550191178,1.2418257261729455,1.5898061197644429,1.7520112258463125,1.7082871148422634,1.4384299611341465,1.3651485642024783,2.3350253544198365,1.5333626764496147,1.5335702245442202,-1.1168501857467423,1.6249769280044684,1.224369603751303,-1.2141175574166636,0.782153437626661,0.658904522691435,0.06369794319112476,2.2491495850576704,1.6469079682907815,0.6466225665946016,0.40887404820241985
2022-09-30,1.1112035612445732,1.7127339068997192,1.783048891697522,1.745900037713393,1.6810011208592581,1.8096025271843372,1.627518503777896,1.91368746848565,1.5272223223166443,-0.4087905144160928,1.676031166039083,2.3020007079062212,0.7122711374007443,0.7454718470935218,1.2443784477523399,1.3787819353965556,-1.2380032596299824,-0.6853292095654463,0.9415989822310128,0.7248593723636384,1.0476278917100241,2.2271565260916977,0.3900309138109825,1.9581822781231761,0.12174271612194232,-0.8862343012288433,1.4227010789850043,1.335597195170013,-0.36504078547669006,0.3436938555287758,1.397247664126898,1.9936398068341614,1.995734030389377,0.8968435700385309,1.2694199518282148,1.6858079101559786,0.4814904512843205,0.14937404885777258,1.0020886669043232,2.416223156438738,0.411430270972393,-1.0341499009424797,1.2290161719317443,-0.6411550758095024,0.9011201716103435,0.9897385797283861,-1.3457992579148235,-0.08641140977897611,-0.9148822349921947,0.9814127392291571,-0.29216424578326117,1.3629321865194735,1.8282193733032972,1.10403120880296,1.05596522664819,0.35991039449488277,-1.154538413455539,1.383292538513614,1.8620246908369615,1.0147371514160701,1.4424608477489285,1.6066271804743328,2.7386908490720927,-0.35511432349127314,1.7668831765652115,-0.7501826242373877,2.534763517205443,1.1478069686151147,-2.644540958526326,2.150058286797552,1.4152472757243237,1.3749060406895028,1.4439406852273833,1.9420981665700845,0.08242545368161382,0.6247277679301053,0.5736276923596644,1.1087264825135688,0.7860238336783822,0.8909823477319398,1.5170746121357985,2.182932877072744,1.9574457184275964,-0.7199742211628792,2.4326003158260328,1.7527047648833638,0.7690062268489813,-1.3124699708695784,0.39832518155363905,0.5353623404781926,1.5997178718416163,2.0275252425761128,1.182664760368517,0.9385071378150112,2.360538255437455,1.9946292558591996,2.304148330547889,2.2911411835317486,1.040028360574484,2.033248393545924,1.3428506018351933,1.1968639770292868,-2.3432907141768493,1.47275938089582,2.3488379027511024,1.2426398415403999,0.5977798869582613,1.6057310772965114,1.2957097199434866,1.5751743093026023,1.0394928258098586,1.306118479550639,1.1669244192760597,1.186917977476021,1.1767083630634303,1.1159510349493118,-0.30401585839488426,-0.17492110675736353,1.4619497362302467,1.2518462526459342,0.9960752712580561,1.6088933255541298,-0.3721625773925922,0.8608203142270711,1.3838557227342863,1.5437533183597636,1.3592675025597518,1.648576357712258,1.1665724719821902,2.1410731349672525,1.6612627070624382,1.5517773617001078,-0.9509167600285897,1.57131373833921,1.3911518307853779,-0.9977757324319395,0.9782670499736424,0.8619437482808869,-0.029076308706365465,2.0672728460252565,1.4142057359002986,0.7865697632647887,0.4032042996851984
2022-10-03,1.1099314500654323,1.8053394660448936,1.8267038717029735,1.6634609910811777,1.029459162887651,1.5780523863744222,1.7241482886087067,1.5940649440563521,1.9535395922685046,-0.38122434811987815,1.4299531453913217,1.2399819104566792,1.2759838321431336,0.6914401267674504,1.3280067347007338,1.284663065302434,-2.3934573976988296,-1.2966963798550348,0.7101837731448102,0.48757362279967936,0.8886493959118205,1.7724516788670215,0.2579814662194825,1.6944676881483989,-0.06843187763156144,-0.8847129504363536,0.9485684111724226,0.5145344564718956,-2.2677398955511054,0.09786095859562924,1.4779168174171453,1.6750949860913027,1.5793673384934634,1.4817093768951024,1.0645464100695392,1.7188290444824277,0.3446266530788889,0.111016174553141,1.2210021816451966,2.0517214490687326,0.32081904502543473,-0.7297605576080846,0.5902284152163866,-0.6434024039574178,0.890454794872457,0.9596927990549643,-2.5070696932507683,-0.6729761027330854,-0.9799688417288689,0.45859545584636563,-0.735387786505894,1.1350014952344127,1.2779488701857213,1.3120047534191583,1.710055043722691,0.12643953927902096,-1.4742688625301792,1.1188118398188902,0.5839121047258774,0.9337261378706341,1.635206657106829,1.4739078446278961,2.1445187093020426,-1.004166703951893,1.7356913697063951,-0.6339914286957404,2.0136772935878815,1.0381118818295645,-2.466890059593136,1.779932878533162,1.8131485168162964,1.5006526936900455,1.4964990584581155,1.7321491465280339,0.2311948776639164,0.46079284777813423,0.48786070270226534,0.5476220462727055,1.1193867829897783,0.6754160320929178,1.3808234146183231,2.0828757722969877,1.720208700367189,-0.8602657498421391,1.8611768099329606,0.7304378297241968,0.7497695433581537,-1.458806443814962,1.8064635590198874,0.30001060832371057,1.3925976492309093,1.6875663324928436,1.2003911031112684,0.9285037712119553,1.8477802252039346,1.685454377167263,2.518433896926714,2.503963029755297,1.537743305874952,1.244287897923213,1.0258501337910078,0.8997232623102622,-1.933177779325253,1.2618685568994803,2.026206430832214,1.01239296849234,0.3129985318396994,1.7425832297630581,0.8837705303277619,1.3942320824267689,0.9905774540107551,1.2597153063163091,1.1125637114498497,1.1223685000428916,0.25288012180821146,1.0042769291287057,-0.0794870117429034,1.6585081832265924,1.3645158092741945,0.81911204994369,0.7842846777618692,1.539540991225574,-0.439719555634189,0.7025739378050925,1.119583608644118,1.4077296159353234,1.1113858286250915,1.4937076556042723,0.9944621933644981,1.5586441458908853,1.7667694782808667,1.616981748232607,-1.2497055998827296,1.2856607621000442,1.1998158880448064,-1.1839518709066752,0.93013810426996,0.8896348185696361,-0.7207955392847325,1.8263700527679179,1.1532662280381403,1.2134656724411443,0.2946586572744068
2022-10-04,1.1822386627160746,0.6371971282538051,1.7789993155302624,1.0658286153619014,1.2288125257452909,1.1736342425210777,2.160650431027085,1.1545462006384943,1.3375901504160068,-0.4763839136631791,1.177224563271803,1.0699012401987182,1.1831972555724537,0.9958698441069459,1.2506917745503325,1.1169634684518115,-2.038314300504887,-1.4237917139148262,0.634624807888499,0.25380232976441813,1.0748652591089571,1.5888078109252413,0.3703328971366571,1.893330478837963,0.050751993472072626,-0.6844908643738444,0.8662360043517695,0.4697010491797985,-2.257458149867225,0.05343008536346612,1.3418474824423192,1.4815252361977815,1.610335449097871,1.772852239180636,0.6901019011434986,1.4748369276744444,0.2938745797951687,0.7543701248854693,1.3798990064558867,2.1295369318046626,0.4500517348760471,-0.49333202759782774,0.8992679113286317,0.3362724078485059,0.8325174241293501,0.8410081780687811,-2.265287445579136,-1.06943225215883,-0.8857552693978186,0.7711843487433359,-0.9315308073487955,1.141893735586428,1.4015519465231308,1.182646414215301,1.6784395552424303,0.21609888461350532,-1.5317295903818107,1.675194131036216,0.06398357492539954,1.2890170972920167,1.7740184131569423,1.6492276328138913,1.0447732175947102,-1.1837104553888282,1.5022312143438945,1.4763945752650958,1.6457845624793903,1.0394509431532206,-2.1671600673300633,1.5593226239869051,1.5582221129422078,1.363499352332595,1.4014484581375162,1.5057661851847362,-0.5054259104767214,0.22747159683318113,0.40406119376861105,0.25936682619585366,1.5996390161058809,0.3370883877100494,1.1736971307804818,1.7713176863981295,1.510351301323068,-0.8282884749598114,1.5767637275241253,0.8589030863333615,0.6845255947487241,-2.487108623218373,1.4551732718717894,-0.044817183044016676,0.91367624734781,1.2239932733132084,1.6657340088533668,0.6743362050019285,2.666311105621302,1.7432759327616723,2.673505211239873,2.6546527742470034,0.7876086904661662,0.8419925987156154,0.762255546252746,0.8585736801157242,-2.3253589153667185,1.0103346483097326,1.8642667503201407,0.7346880163856856,0.32627418051842827,1.3302739521880211,0.8230546097431855,1.2471793335487042,0.8383718736840762,1.053708914464011,1.0842458462528541,1.5481972104518438,0.1609067307464822,1.2045809921659518,-0.12009843579290748,1.9244183031019095,1.1929421365738684,1.0036452179115072,0.5968731934896314,3.0609100165924397,-0.6336115443805198,0.13881203183537608,1.2076598315678093,1.3046221859761098,0.8029000699273009,1.3343221402038548,1.224078452798031,1.9249975539355333,2.210166891138773,1.6284359128597365,-0.3990294729271908,0.8231962953616627,1.0115930472440982,-1.2823905263093052,1.2976584761804495,0.9688877395158005,-0.8589786091204792,1.146420735607153,0.606809114281449,1.2484020738986552,0.6739757863613249
2022-10-06,1.1046535066635446,0.7917944075698475,1.6713195753353105,0.7257813604618352,1.3758419356335416,1.1263360650249936,1.582981977023389,1.5390623927255302,1.3689093867633952,-0.14297764143669311,1.1975183856808602,1.1631089039870899,1.5802321519138811,0.8101248369909807,1.2854465120336072,0.9453908168048079,-1.5144082183859608,-1.174380864521667,1.3942827579269619,0.5645543868100962,1.2630673257800076,1.3831591720304848,0.9131232848600858,1.7159301610621704,0.24849529523772745,-0.652413620865704,0.6783767896862116,0.5612899715644706,-1.93228560318588,1.0920364380983418,1.103960620538625,1.3473184004910643,1.5111249278817547,2.1179548045974044,0.9326406711507571,0.23283438952541147,0.5767145623248142,1.2240271835539636,1.1831517318480989,1.5993884455611713,0.40781071773850536,-0.3487505061798449,2.2329520270859433,-0.0913156838745774,1.280838177622579,1.2099415799360083,-2.2087665388180984,1.3474773385019663,-0.7433856736927932,0.27743469780285124,-0.7219484488550078,1.09455544336949,1.4582715390147758,1.135309849968722,1.8777903683761106,0.41890045202440956,-0.5075760764420241,1.5738069466051623,0.11354275850536336,1.0548928565231916,1.550801508510254,1.8632047755359777,0.84840803877574,-1.1578901902582832,1.4818342600635641,3.1544801054307827,1.5937244986949461,1.1337581740126392,-2.0380912157957902,1.551286550693155,-1.2478149421061024,1.1602191827455381,1.3706540521982598,1.4255384300930012,1.5267983760953288,0.693437444702535,0.5265578533953033,0.5834076764755401,1.6565409040024257,1.679584202872659,1.4284568130352242,2.69820052677651,1.3378532221913682,-0.5362464614694754,1.2899836093221784,-0.9416387696557147,0.6115049121895023,-2.3520928365680227,2.5201362037387143,-1.2766377724479163,0.20137809761584108,1.8987743250367062,1.2800392724584642,1.1742945258985946,2.1435670707817045,1.3178736163459641,2.3283200967271536,2.3396547063346693,0.6396852237465216,-0.42778482740645796,0.49825062650406754,1.0487011086936895,-2.0072956820154104,1.1598080415922016,1.6782004680598013,0.8456676412845102,1.1526843190738425,1.4978325107753123,0.7819108396860811,1.3127754297325438,0.9190206634418937,1.3062945257358194,1.2233367079776172,1.2545257200030555,0.21280037631058668,1.0946161051750964,-0.0006234335427455487,1.9403638819793212,0.6096738407323116,0.9146209032427169,0.8893079381497716,2.4938778808250244,-0.49009328031195815,0.26887258757094745,1.1752061597456158,1.4784227919504265,1.886096546260991,1.3956183360115118,1.5727688624926595,0.8999061284836977,1.732048241278868,1.5802083612161564,-0.09709896111432588,0.6363636334711096,0.6737008369931861,-0.9228963251138639,1.367095806366394,0.9538804600250755,-0.42745218097032206,1.4363718482232704,0.3031173697812538,1.0315734744069078,2.0620217330470005
2022-10-07,0.909848677438185,0.805308201064479,1.6348623421171917,0.642960043120815,1.2338289195931116,1.9499108245888381,0.6848423675161833,1.8177538161161,1.2669901810993425,-0.17789620482207907,0.8904652883415591,2.5366512033471587,1.5326687540127304,0.7820691756573225,1.1472641459086739,0.8823773365855958,-1.2775500108575086,-1.5124386668104892,1.2528399640656855,0.49181484993239205,1.2528665005219546,1.2085360975577752,2.310946387558082,1.2633576404998945,0.150062633335324,-0.6535662915638653,0.5470059668465573,0.8002064125846763,-1.8614237437113241,0.9259036780659514,0.8449201296035648,1.3443066481247419,1.2089263636992014,1.456145670995596,0.33551282356312323,-0.5548769809692272,0.6652146563016081,2.2494605036608175,0.8462337132021577,1.458726667295985,0.44946124861284503,-0.2008316078216369,1.4203420182073538,-0.258027891041783,1.0929987065917162,1.0569764226260927,-1.9760045289766637,2.185746883113351,-1.0206400674768252,0.1737948126071553,-1.1363454629972525,1.4151726658222297,1.0797246408292165,0.859152864335166,1.6136035913970876,0.7454871194646827,-1.094743943579899,1.322416202137009,0.8976143097224424,-0.22939365913112458,0.9422344935118498,1.9713682918364464,0.7271883347827479,-0.5046114056758675,1.3511189535953547,3.1138434370099755,0.9976276463762018,1.0756843652232244,-1.5739122225693447,1.1480668004349441,-0.9248648075397511,0.49927063335635263,1.5812007419510736,1.4320321508791196,1.1451104172985669,0.20584327195359162,0.5531819634757303,0.6289492925118608,1.4323729956681717,1.218919651604776,1.225746643107936,2.1920304903651315,1.0332790846018227,-0.5712865350651217,1.593396015968684,-1.0070187173668483,-0.6488432535505052,-1.6779592759217357,2.7909179187303033,-1.464994695279699,0.05521294667252682,2.2075899044657974,1.3865804574368663,1.7618857169024829,1.4925355844475738,0.819366332643706,1.9788292782306753,1.9858193475635972,1.059109763603022,0.11176795197229011,1.4757604983506425,1.3523189462930134,-1.330533889150586,1.6380334091648103,1.3518925816965466,0.60785791142059,1.8912349502115495,1.5897898401595676,0.055486477387881,0.9559328296345699,0.7894649525083276,1.6176847773997085,1.4706545513661058,1.9145191576391503,0.43932784129751634,0.7436979323109598,-0.4672161139117545,1.8153088706742988,0.49726204380609473,0.667075317590382,1.0638815628663487,2.627524146604676,-2.230730594244865,1.1437911862546462,1.3140322889455005,1.2793640853024961,1.1409600556079056,1.4142785382143948,1.269811389064423,0.8729688723375914,2.478845524534734,1.1918427023564497,-0.2755769770843993,0.4724883101120764,0.45515328659425675,-0.648673635176424,1.6676568053422414,1.3245023884334932,0.19654165259222645,1.0615765296550683,0.059375543161146856,0.5068138097469824,2.3583782978836
2022-10-10,0.5542291187062492,1.6467911407703302,2.070235488098344,1.4111685504480032,1.6333561090769841,2.8238209710830717,0.5386718799831249,2.7748364216947903,1.531987625426631,0.06956266061293724,1.1817945101881977,2.044385318941765,1.9523324604786456,1.4639488172957544,1.1105500793622678,0.877511755861183,-0.8522285107709014,-0.32139048615115107,1.4671870624160923,1.231378315454913,1.4665414837429387,1.3606968569733826,2.0612830679372993,1.3915843429596688,0.49669783826200753,-0.2949526419678912,1.4336660146089286,2.089826515891422,-1.1118726051211134,0.8809271976868439,0.6907331355293468,1.3609887980574384,0.8829903497988775,1.5294271677644584,0.19295667318598086,-0.8371244814450415,1.381790634880928,1.6930438695968237,0.876969376597272,-1.0030483078688384,0.8426076614367682,0.09118739920260854,2.728008928415509,2.5620822621814314,1.9923469819944566,0.9868090627268163,-1.2514451219554745,1.5075190335674313,-0.6663340754444955,3.435027948815148,-1.12816726930498,1.1000234975328855,0.9796167997681687,0.9812798373123425,1.813151632127123,2.7832538383706757,0.4031095646805452,0.9732211447449673,2.117151988217797,0.46205612919249206,0.9920098205655655,1.9840462171348627,1.47108378679626,-0.11666325006624267,1.2247894136025428,2.4838976338691667,1.2653811208075583,1.1242645125501327,-1.4914508860992406,0.9869253071347155,0.9828156490638182,0.7451435151925101,1.5835529658302971,1.1990278153703484,0.5724168251169246,0.9383609785152486,0.5376327595005671,1.157429009278334,1.2996258440468254,1.7990220975351954,1.091228919055164,1.6877424282068347,1.4433799934453784,-0.6243702918654155,1.3501825800791352,-0.2958639957298056,0.8023526657734256,-0.6587858697752547,2.5739423337525102,-0.5502792487106369,0.861170195695683,-0.1283877974862533,1.0558340724297535,1.2395613218254535,1.4255649086755862,0.9135286366520164,1.72411724611508,1.7226839618629353,1.137592940244954,-0.235473611048298,1.9275256678250976,1.0507556083019096,-0.8119714246144704,1.3700242292615628,1.3677401212752658,0.5748820835277451,2.0431126491069724,1.5785410970677967,-0.5388526666070839,1.2401523885277512,0.8632893569021606,1.6513131188081707,1.5199775680204501,2.0615700691365206,0.48677902717892263,1.2913055262677144,-1.0044700364070414,2.1599829420639733,1.41252470606724,0.4604187137947214,1.5890989814871554,1.9948087809797939,-1.7056920636900652,1.3955718775664117,1.2841914134641843,1.1691458307388645,1.244422138884077,1.406087247425853,1.770447752396177,2.08793029716464,2.1173792446923447,1.4638290644625196,0.5241704768236374,0.9547273663890253,0.6442139322661335,-0.037485584240670576,1.9023847461304053,1.5145619065007783,1.0654009158613873,1.0572386458134462,0.3948491100759418,0.07574274501492555,2.651506258040688
2022-10-11,1.7384046453907884,2.16242124175613,2.009564737800532,1.4671416834779982,2.0361581043222925,2.694879175172398,0.39194874967087984,2.460765496072375,1.419758515279297,0.48076452196800573,1.2611248312205452,1.107155695879987,1.939712606777093,1.6442711293118493,1.7479278964257827,1.2285581674719543,-0.8213212890454465,0.6930792082536453,1.836669633701168,1.171745043215057,1.3653306883834597,1.6001758931448975,1.581905271123028,1.7338583159900296,0.5605691888207948,-0.10660851972934586,1.4854618198214136,2.4576222327190336,-1.0926019747505709,2.175904814980481,1.7632638066437543,1.4007742507992056,0.9945999036175811,1.3018393106887611,0.6837425297887039,-0.8235254682437464,1.3312496680094048,1.5341125533588194,0.6503498386923021,-1.1650742197145632,1.1253097621465944,0.31499705488960533,2.890126168649493,2.2381385318357547,1.79070351377559,0.7316160877216089,-0.9810245861495004,2.923747509567054,-0.1924442747162518,1.3071966395369428,-0.41698183040997144,1.0945073695891305,1.7439949070758194,1.4619159487258337,1.699334834697501,3.0501336807704904,2.3391335768080523,1.157567158503901,2.666447248225122,1.9242612619459725,1.2662477802344052,1.80030033047309,1.5376729276494783,0.31519404604531887,1.192366721443708,1.963015446314318,1.2392229155327932,1.0485693081561822,-1.1732336061947277,0.9483514295788525,1.58338838019509,0.9658689901266448,1.483880839813774,0.9795049909932448,2.3553458781338286,0.9913490961062649,0.2527730189100577,1.7145454007526284,1.27545102078754,1.5539239348152396,1.0838603782563183,1.6004989640594032,1.2157313066779878,-0.10908902255137319,0.9314259709245094,-0.7863027353200799,0.9149213187173267,0.5807108366185447,1.9488419174282143,0.374055593789761,0.8631812259381574,-0.3376891404363648,2.2259509413546907,1.2474113831150808,1.4016389356127057,0.8089563499622875,1.3940323187903816,1.4012243561647864,1.8003784121976474,-0.598824544389172,1.4370861099081147,1.0713639973464852,-0.7135319182454706,1.1698483709828684,1.6049476304127974,1.3777707385784357,1.8408050718427666,1.5247819484907066,-0.7315396777235366,1.0753708139525342,1.8196532498349482,2.0371836036439688,1.6010938553310268,2.2086016868204346,0.16371487871595927,1.6194644905065527,-1.2771884499715909,1.9653582041613082,1.0311441848378542,0.6755392097990753,1.1956686823378588,1.7470955904499523,-0.5346162680524084,1.9833225228714257,1.1586308830661995,1.113392435751067,2.055875904960647,1.5464357180263313,1.7176754077192509,1.07740542462035,2.0496935091963353,1.4054425654113998,0.4751304641038519,0.8524246443129917,0.7799080410383242,0.03784661718857655,1.4493914292130878,1.681755952570916,1.010016023337342,1.3314590336005945,0.9347832844629156,1.3150105232966067,2.3052406382367265
2022-10-12,1.2846678047414444,2.384510442377571,2.3864463438439,1.4605406694916387,2.282762520718292,2.739533190579359,0.09319441314128492,2.298245524787366,1.2166340709547478,-0.7017816641913032,1.1502173377778093,0.8839544825384771,1.8634406935120684,0.7869946908511032,1.4906456448279082,1.047182791473178,-0.7221360677772865,0.9560986152324265,1.6747323263824367,0.5871710733374288,1.1867352235743618,1.4719007758198652,0.9750289895037675,2.0652706975837467,2.4008135759087716,-0.12721574333829602,0.9216222433761686,1.980308242735631,-0.9082134427757267,2.1955790049921347,1.0679549912236301,1.121151263128173,0.6409593067263053,1.1039510477740415,0.4170071409862382,-1.1790410425767899,0.5182637680097074,1.3063366277638178,1.6204463605875954,-1.4304085264094488,1.315691362676761,-0.35298858850539616,2.347904956432912,1.654049098011802,1.4351247240438065,1.2295755348850177,-0.9374265892688691,2.159931108111253,0.018526247903419696,1.91811950871026,-0.45780550385264385,0.7515481075976593,1.733573724062159,1.4645474718866358,1.5771785017656237,2.63386307552202,2.135693752688505,1.0149349553884677,2.273213755876935,2.418729085813356,1.5220983071722272,1.671552514116558,2.06578724721402,0.31519404604531887,1.0519272788708123,1.7002531077897665,0.7815355015596159,1.2008514000673771,-1.0777090976291597,0.6012694462549314,1.2365611557684335,1.3934823596334562,1.7609938780641194,0.923430824480909,2.7394742363073004,0.37762495227863924,1.9592641857502546,1.3369741559630368,1.8565891737328954,1.3389280165421378,0.7508441255603027,1.398163385954273,0.836228213623477,0.12290010638654228,0.7707820994897663,-1.22285537365677,0.4651298364589365,0.19383400022450312,1.8008543764011498,0.3699008601568045,0.7953099941528085,-0.5096872919154735,1.7530404828325143,1.0997921362039387,1.1942195479971984,0.515857298795867,1.2462510199548777,1.236340489952411,1.402740203008623,-0.1605955212587289,0.6301716471477576,1.0145154120774014,-1.0286258142204037,0.746797787229526,1.4155773466875485,1.3770853880658014,1.1671756256406873,1.4557425148708616,-1.3142671776580255,1.2896386524559555,2.1323179965568837,1.8915689455157463,1.3584836567270828,1.744623511229906,0.4303038348169951,1.2668192536395921,-1.2742504572112294,1.536036137611516,1.532207801750635,0.3192332912821117,0.8769638347325468,1.400170250724874,0.6512138009102065,1.4022775998533323,1.0059022517282907,0.8129169408600513,1.9238178120146623,1.2187978812181028,1.0992820454894268,0.7966017906702334,1.702778102101922,1.3649556462033063,1.6376378140531151,0.6517208522859254,0.6586926622653704,0.07546538774341673,1.2966348961671834,1.5382492981996632,1.5484589986297195,1.0013391777779992,0.8594602883050513,1.0876332407593348,1.8678354020892247
2022-10-13,1.455415223337263,2.542722052894543,2.2753631860502024,2.46414407166128,2.379011765444121,2.7664961923173452,-0.19021979311968304,1.9870300722798377,1.1439934599897028,0.12064602248385774,1.0456996024452103,0.8349776922676865,1.5173948307629306,0.9208069225721004,1.3414103728311804,0.875632176052205,-0.7613923606634423,0.9188812042924435,0.9410615883527712,0.7990467755799232,0.9346548712431479,1.2628656734679502,0.5399128956477847,1.8590240682724588,2.23574557575911,-0.3795727540966881,0.634971837788919,0.8694407921245066,-0.9925293583107655,1.7043598507651876,0.5552624359112786,1.0037902293402416,0.6472040630034542,0.9014378376267201,1.899223963865565,-0.7640549506174529,0.14422951664140532,0.9408302860318024,2.132649576810913,-1.3720761617085964,1.274316322588867,-0.2007594790140677,2.1090179584230953,1.2422239834769073,1.268069138038736,0.7188232536086282,-0.7806129188183354,1.5522723686443818,0.10311916874195415,1.7930889243110435,-0.4541767001602659,0.7006062623503018,1.6540135007666872,1.5236768807757757,1.4046274117757147,1.9980263951771715,1.8024724285831262,0.9712806038385656,1.7994526238220445,1.6192084414076318,1.7670109824907878,1.4848688946954154,1.56631709663419,0.09362616335297361,0.9454008322025436,1.3675171279085188,0.44991638751776036,1.135738082017473,-0.8182750683821592,0.6656201881590903,0.05565459733086107,1.3299714943216308,1.596552802468829,0.810926321726485,2.164587643214289,1.1241727156775676,2.3226655468449797,1.7432323239774346,2.4467110146314086,0.8863854376999039,1.0428498710782925,1.4423033581278009,0.6592416547812223,0.19324740961080922,0.4972713946630741,-0.5633435893789984,0.12840564992032563,0.052295746316885744,1.3404470561966055,0.06579403514630722,0.8180052460474194,-0.6569574781145369,1.1935658871007522,1.0471416358273562,1.58187052217656,0.30807202394364336,1.1846899281583303,1.1781170224069712,1.0648528034962335,-0.06660787590463253,0.6430585621995749,1.2349568946120466,-0.9392080318422491,0.6685640643414387,1.3345922214371653,0.8507074940370037,1.3144787503663016,1.0715413772242874,-1.5826422922260746,1.2552785943241689,1.7059230831246348,1.5026131951703225,1.1441672866779975,1.5089454286634054,0.23378934790884293,1.4417161561558027,-1.1671825226539743,1.2435501265355318,1.3635345116362902,0.33114704988588733,1.0681007631466763,1.7289636048971366,0.3058039904943551,1.5810847381141844,0.9096114821356099,1.0238418906076014,2.3329618147064752,1.056104696852862,1.071241048473937,0.7231563439022208,1.6955044464707614,1.2411884299070604,1.8542835365694557,0.6518477083463662,1.0507088966669968,0.027076187597147854,0.8246026813172364,1.3654491582921497,1.9058047955803874,0.9601403181072089,0.7466999104900272,1.9350364559208255,1.4746682533286724
2022-10-14,0.3995546092890446,2.041246803895223,1.7242914393844133,2.2333440070937254,2.294639964936016,1.9612630899832928,-1.5005989728234235,1.3637466236826272,0.5141484636865541,-0.8582797117285178,0.6424709318636475,-0.15884053888131877,0.4623498600223378,0.6316429213147507,0.7909359930291484,0.24290418714580936,-1.2658346568966599,-0.04914098717188169,-0.4134095495728923,-0.3041026417882912,0.6392451784216963,0.8442736290783128,-0.34993854688303766,1.5059390485560966,-0.07083164894550564,-1.4917978264339844,-0.007826932572745086,0.2399565609814275,-0.6850451622402146,-0.6228520907681548,0.3711979727352399,0.7715844707612116,0.3690044404951983,0.7456481333920032,-0.6552593206556876,0.011669716362268042,-1.0348254194238957,-0.15086375223965676,0.8753122791322314,-2.1573329019395944,-0.5811750077982172,-0.2842892869781617,1.530921246683983,0.6592745590714765,0.03240065874002417,-1.3770115056261334,-1.379346656987783,-0.012072792809872019,-1.0736149117154035,0.9079732003991623,-1.4229916478366058,0.09875709441178628,0.9781865740002484,0.5521565666250502,0.7937502923275042,1.0541570978481654,-0.19953944602572438,0.17361327839137114,0.485784187703892,0.45200568822358744,1.9651977459560888,0.7975095910856573,1.1932360488572464,-0.976709269125077,0.5164430151974398,0.8787753747539887,0.2639320725197712,0.324916428120716,-1.0777725993382217,0.48000248718446265,-0.7071459241668011,1.3660411767789211,0.5140176581069648,0.34304555368410256,0.3347820285804075,-0.3027206427318782,-0.4582013681190161,0.27256991710835343,2.1145915319166724,-0.2800372247272135,0.24848148467550468,1.0179636564573529,0.1291983562485826,-1.021746154356614,-0.18468252674037985,-0.6262325953498397,-1.1991986563709083,-0.6638090258562542,0.7659960657541309,-0.9749436727732388,0.2981243163615748,-1.2278664454317005,-0.05424754506922545,0.4737930369543341,1.0774551999634647,0.1430522617935017,0.6999458876063784,0.6929745547650543,0.39512050173073654,-1.1460504104666855,-0.557634063221608,1.093880604362531,-1.2243167618517827,0.07840720695813382,0.9819031571895654,-0.3020637975080889,-0.12137308903267931,1.1141539385029122,-2.163803357344541,0.41169622569109865,0.38582391856004,1.1512188525743399,0.6819257814116539,0.71652764819793,-1.350010669132601,0.5514484493204187,-1.0584227698701698,1.1741561136010388,-0.4391728347293508,-0.5532603300774479,1.7093621790631164,1.0380893719525752,-0.5405756894340814,-0.09028175984914093,0.355651713192516,0.5469653226411338,1.0572152714358998,0.4274598927549582,-0.21220624186071146,-0.08380454192896855,1.8193819625044274,0.4121741505155853,0.3515992930437917,0.2574866480113609,0.17442958322914479,-0.581661320972959,0.11434778773206157,0.771644673339906,0.11881425737740249,-0.07078610304885881,0.5275222308375904,1.9597205223896554,0.9474039168721521
2022-10-17,0.509688626883058,1.0528112510548113,1.0945911923850222,1.1894529358939587,1.827452677783586,1.4330814950860775,-1.6947262357772026,0.8949645163157809,0.4194608573880088,-0.9582875932457644,-0.16957200311962486,-0.6429427444320513,0.2150568178962795,0.6486980201801814,0.9013008510635475,0.07417516175835076,-1.3503143199288044,-0.26427393217817585,0.7071476434586254,-0.7537662577179927,1.608526718979475,0.27124374958493447,-0.09082586977726599,1.6993032057557884,-0.819746698506701,-1.369349410339388,-0.19644109910703428,-0.060871421134557686,-0.8776042293578529,-0.4919865785431051,-0.02407881184554029,0.7695867994575364,0.8443232313222464,0.9996358388104517,-2.14584811356369,0.363290800611627,-1.3571162096197065,-0.25019001145042324,0.7978281379926091,-2.4931798360112287,-0.9135066400981283,-0.13329867723594777,1.763031900629118,0.6210115970063806,-0.7639459820159022,0.05531240842288612,-1.1172697530831628,-0.8073849906518229,-1.4002506048610375,0.4549965693482876,-1.7514690242568727,0.2405072015280174,-0.08885404640238102,-0.6145484474078916,0.4072919899687021,0.7278950433564054,-0.6414166427239174,0.39578735735087833,-0.07566330348982249,-0.8054112118481074,1.9224593406334947,0.735935296208401,1.0199935304167052,-0.4703348056450742,0.9272457832139511,0.8028152096959782,0.30532077934113205,0.49634509729,-0.795842467188871,-0.48800245047238083,-1.3017552777869408,1.0715287548971795,-0.19177556477590352,-8.452832207964789e-05,-0.23910246780435815,-1.0600430811780772,0.3338468321759271,0.025212482054801855,1.3128010663122691,-1.175054034574873,-0.6746556772018603,1.3246405585818968,0.6249355096887199,-0.7341385832697787,-0.3719263897482675,-0.782007529415511,-1.1815336096019005,-0.6309378149252906,0.6141014015702965,-1.2114308713274164,0.18506049126863192,-0.8995416949016087,0.142097198181546,-0.29215705730435537,1.3202362829502534,0.21774073980041758,1.4514959061732398,1.4659864664372098,0.38107147442348,-1.2624190211453998,-0.6477741154920659,0.9664729061932313,-0.6908319768303101,0.04069889737058221,0.8013230420087634,-0.48171798163941476,-0.24638251107046827,0.7612876815325645,-1.8356930236965903,0.07360602894747956,1.7913847504400093,1.3063775780831453,0.870643762283061,0.3449446954272635,-0.9296414211994317,-0.04563929050121447,-1.1095848777267971,1.1524073402270718,-0.7680867015724154,-1.2286332127088924,1.462473550062786,0.8369129963594995,0.6479948642441345,-0.17199888941901853,0.03872014214436003,-0.018735842468268708,0.021994741666505262,0.9751081762019106,-0.6751737816423614,-0.23652223999998306,1.2020099112874156,0.3349882543844602,-0.06438847656630389,0.3808327254628607,-0.7380710741304891,-1.2375146964456172,0.011039258165289719,0.6303596246999146,-0.5427621775448448,-1.1611878994298368,0.7015948731964042,1.2929299369113851,0.8728971524378183
2022-10-18,0.1325921652940999,0.8446138004408957,1.3039232733741195,0.6125896283153411,0.8666606281140302,0.9379351856767872,-0.764424598922779,0.8779510647173097,0.3718665897668322,-0.033435162352551395,-0.3112374411181904,-0.3800341827144169,0.24704452259778,0.8456783927449057,0.7787194064314873,-0.08473682731814554,-1.243663465003594,2.1519996008910374,0.836698023534547,-0.6500418704191894,1.592547806292146,-0.10401289074598276,-0.2769438165013629,1.9415364953821612,-0.5330580909388141,-1.155972795822735,-0.36781534790402204,-0.2367280678514893,-0.95695022871235,0.03840959069667681,-0.23211286055266134,0.9463686133173873,0.9929055484156092,1.2138095641283568,-1.9030641404056092,0.6484710968628585,-0.7202267847874216,-0.5881516083319634,0.33349618607091447,-2.303246486224563,-0.6446721458168762,0.11719117291967115,1.5104408942590066,0.5227621191471343,-0.5224460074330537,2.1465567519082858,-1.0234683339931223,-0.41315128363649006,-1.44222757475741,0.8432178258281893,-1.2192833989128384,0.44157989613249127,0.007060632853771144,-0.5570516705314785,0.32152747026967843,0.7813321197675923,-0.3113056602068627,0.33305302890326693,-0.6079159861161697,-1.335175505470407,2.106655440387613,0.8923716438997465,0.8165659388747166,1.437611189173858,1.4339168995418403,0.9906993708839495,0.20118210707171036,1.072285435113787,-0.7008214345761196,-0.7259461151925869,-1.3608850403022483,1.672929974866044,0.32040606518679904,-0.04575199831488424,-0.14205132743105817,-1.0107331641528439,0.4307816317054156,0.827059669071408,0.9315777561470919,-0.6338599667595438,-0.7939749243789909,1.3553467501424865,0.674434633766266,-0.3809809489720799,-0.3352626275017436,0.5659941416213513,-1.0325795721371862,-1.013241332934782,0.5675808275890953,-1.3097439752798097,0.06759714788621154,-1.20671845360718,0.48579213438239255,0.4486533824448108,1.4274643928826676,0.21243634816495272,1.8491462136477375,1.8449356773457746,1.2115379785686615,-0.12415317693661043,0.24239177487106708,0.6825627812394103,-0.47710987315378584,0.2139218264724216,0.7564096938888479,-0.025720906288550362,1.1183354088300361,0.8427389673313634,-1.612476646406889,0.1534690303979934,3.706434142229117,1.2540556306680322,0.9932189681744383,0.24100625063601733,-1.1051103942850014,0.3487880928758163,-1.1571446453066137,0.9919582032446431,-1.3404776022716292,-0.9569692606386947,2.4422325293139324,0.8889537917068874,0.7577455526405289,-0.041316866174957834,-0.09754897573997161,-0.5682422698751983,0.06008004893962412,0.7867538633633552,-0.5209688509867486,0.12155705388003978,1.0359543226768932,0.454665754659831,-0.09945127568595372,0.7451484484071237,-1.3595261080217922,-0.6612332229149882,0.027880617243714118,1.0793776697304671,-0.43186104257081026,-1.1141753311196836,0.5248122739193758,1.600504017490587,1.0057992516230152
2022-10-19,0.6559772538061311,0.7422001593309441,1.278905300338833,0.6551728635254662,1.2369054985142336,0.8882763616886505,-0.6509229564597493,0.7084106870525939,0.8793155451205154,0.2758655767612979,-0.2980818615842977,-0.5462166270684055,0.5497362741657482,0.9784423196628111,0.9022423108281608,-0.29013309897375367,-1.2020432421088385,2.3974199738072337,1.799037671430855,-1.2031168727606232,1.3201210480277106,-0.12590040995519186,-0.32151928891611165,1.6999671092457067,2.9739077779801493,-1.2909102220343651,-0.4090975756142177,-0.25992023711233425,-0.9638760552700961,1.7493163203241555,-0.20798180427478552,1.0332077763513603,0.5807098918049294,1.2855970197103581,-1.6519554838222499,0.18012493676343747,0.3485773197900812,-0.23720010455699525,0.3794403063649433,-1.8892227703618403,0.40307241880118416,0.44337343693182796,1.5789585759158418,0.8951004618986325,-0.10969947775673425,2.475203246749816,-0.6913345804603795,-0.16429353052075735,-0.21527193436996364,1.5275239562508671,-0.294353503757386,1.5558998061162723,0.516359045956274,-0.7195183032711913,0.5675361590643881,0.9432557179624047,-0.34364610203265994,0.5296119917422522,-0.5438703523501476,-0.7442758072333502,2.2103482687153915,1.012450071986326,1.0693925777844284,1.9422320105459694,1.7144782202199726,0.9975014562180802,-0.07284736974574282,1.4819643574772672,-0.6802496220232488,-0.7875080337840464,-0.741596072032711,0.920292698805371,0.7975426814773721,-0.076839005281598,0.5327118275312948,-0.8523054223077516,1.1730202159773628,1.8471165233675781,1.2405917714700885,3.28607320512111,-0.8213121661166847,0.30729083440906046,0.4795029979174149,0.8104823042566265,0.43357801557723435,0.6906456652714207,-0.7759609841737428,-0.4568612730533719,0.5725922262513676,-0.6764509487215047,-0.13180204682726224,-0.9175268564581408,0.6162508131954572,0.978477554359913,1.586149447499498,0.3120319876605215,1.8001757546392254,1.799402330156834,0.8745016507101145,0.18793991266215793,0.40259333957466253,0.8329369549402242,-0.3251091110569652,1.0419065140291837,0.6794147566723742,2.6899348519246016,1.0148223410896702,0.9560945734682479,-1.4080066855719429,0.9788040319153153,3.1402846638817192,1.9178315712049965,0.8392690326412413,0.44360885174973474,-0.536467997954605,1.8559173509282767,-0.8152880166508949,1.2504860317832696,-1.479460271338071,-1.6563504757849337,2.41361980628756,0.7188754118441406,0.6606695162687337,0.03323867848671223,-0.30308751324257627,-1.2373696098795985,0.566760654520371,0.81457546728209,-0.3531660359647877,0.5305048100934145,0.7786658199948615,0.41234375353720587,-0.6137687366165219,0.4720077077258576,-0.7346454510183665,2.028291235546861,0.5936851343707799,1.4985565218850643,0.31238827279405545,-1.1123124241945068,0.6773438550999485,1.9129207786245734,0.9611718950509351
2022-10-20,1.292237900410263,0.6074870013787359,1.1468315629964332,0.6611821244637148,0.7388401405809466,0.7144389155155736,-0.7470471322403758,0.47454452384006346,1.083055866674593,0.5899332122268678,-0.797691477937009,-1.0187793123151296,0.24926207360880223,1.3667703452660203,0.8105829192142823,-1.5469457646996014,-1.410595005975672,1.948297209594862,1.9921639087449408,-1.0425259288855717,2.1716534638535667,-0.2369405007686563,-0.3297753396342615,1.0476197058548768,2.195697690240751,-1.2889722921627307,-0.7463621020143335,-0.49509839999093347,-0.9723128148198575,1.9067897905637865,0.3310146656765205,0.7598775003332728,0.13297670738928302,1.8422948040736826,-1.6065883842049038,-0.7159864374359374,0.7874491881379058,-0.43023781990167864,-0.8012723232211273,-1.4251771291609674,0.4074544335125062,0.6411357307844101,1.078621675171919,1.4844361629337077,0.6344462799195306,1.9927363039551582,-0.26262762389358507,-0.1640892552982727,-0.04090384215520583,1.099639649990258,-0.28853931773300623,2.6489827146397307,0.41815618616552597,-0.8144354388518512,0.32969583774664374,0.9333759811130877,0.003516504498733808,1.116355781469088,-0.6632621861272644,-1.3247962358179843,2.2426798913044093,0.7982567051401653,1.3470441007892764,1.0612365934562502,1.611583544843487,0.6965559716945158,-0.198861511735156,0.9431293183718933,-0.4356930052058149,-1.1783072619313644,-0.31095104301284704,0.6123167283910577,1.6558599345717284,0.3601661820961927,0.4942362398188837,0.9311554094352567,1.863825012283464,2.0494871941359514,1.0042972018886451,1.8951688239194835,-0.993239710393872,-0.18355691595763463,0.9644877828105245,1.97846468781325,0.327752537304907,-0.28878709207416575,-0.8887807335278046,0.26471470868985325,0.3771667757910491,-0.975803135127597,-0.34581173314232017,-0.9530342093511375,1.4590429406405137,1.6749241629126428,1.2457432224314025,-0.32871381937342886,1.6909873771065622,1.686079409105208,1.5917472665828523,-0.1278321123152665,0.35738184416260843,0.9475436224617322,0.5181017948809559,1.2293781278452156,0.6105306226069188,2.614897491883958,2.214360268648859,0.9861709057362933,-1.2375172066514493,0.37442124799194915,2.5068776398989443,1.9647653209316127,0.6120234595073902,1.127860297640427,-0.3817494189209019,2.2515402103320246,-1.1055626824849032,1.2940970938771688,-1.198547344438246,-1.5969500445090994,1.7141916083943773,0.8780409199531107,0.539997432428268,0.5331423437738689,-0.21772842308773885,-1.8501832939471392,0.8260543441701744,1.6827814523482134,-0.3707601211183827,0.394757128135634,0.5085145297348196,0.3029814641526621,-0.8453770788398898,0.7144677452853011,-1.2187234917718963,1.590741077425679,0.567364941657202,1.880590121980876,-0.06068834253021099,-1.094488520865344,0.291519516828438,1.4851845066519742,0.600167213867127
2022-10-21,-1.0993924340826402,0.3498695447210097,1.027775574565206,0.5753199362606666,0.681304581522638,0.5674430709927888,-0.5074394191207384,-0.01962513289170766,-0.7656901383803354,-0.5672926090950657,-1.4932909746946523,-1.9310221869041244,-1.0941678584152816,-0.1579173354391003,0.26667272365105127,-2.277729481924159,-1.7025732442567807,-0.731292422737059,1.0479141102301883,-1.3233814079668684,2.2233466602518765,-0.4833566589091006,-0.8547216316748526,0.2174548217048655,2.49463949604321,-2.0294116745703525,-1.7025354788559295,-1.3201589234095337,-0.22850225822562428,0.283725926062646,-0.9066639000313771,0.42056523815620267,-0.695319560859756,1.69454041776216,-2.6480859032120216,2.4619580685695417,-0.21434277380234862,-0.971358954662751,-1.1501790406803707,-1.2049202726671155,-0.7133189484202133,-0.09598778443612949,0.2212576122800333,2.554701179190904,0.07043949291407015,0.941060237427954,-0.5512658206881033,-1.3262332991841022,-0.7290455646311376,0.8279535523148503,-0.8162297815301373,2.1419293790380034,1.0041102246420555,-2.9423749285453082,-1.014932998583791,0.0558680775818628,-0.2044757979866655,-0.04477465131207368,-0.9115387754836747,-1.4767924938569836,1.4842591785197001,0.0762681532342226,0.5712522101607096,-0.10523900061034415,1.1830303850383952,0.5824485313505211,-0.5544748719844284,-0.8351148446643001,-0.568123350889067,-2.788023379530425,-1.2124905307794354,0.41357352220863075,1.3021308506753615,-0.48639965698050086,0.9742850349813288,0.4397627020047107,0.14393470898190389,1.4140244595523328,0.46331263761942004,0.30040630015674563,-2.381180023456932,-0.6341823892967132,0.41148011234106113,1.0049554067296096,-0.7458188462050259,0.4811520350842681,-0.747590955754062,-0.353048463837196,0.33114159585137215,-1.9742723836851488,-1.3512978545040015,-1.2734473832599718,0.3900728715235428,-0.9659945177238426,0.8790745550502332,0.0166731046491096,1.3925962204918194,1.4025660081017335,1.2214973927850212,-0.719266442673756,-0.5390853362281002,-0.19969813288787877,0.9696534452687471,-0.2294548155048286,0.715816602360895,1.2864270471402202,2.1440497858638405,0.4234507342674632,-1.3204669658161705,-1.2154658941058512,1.5882504447865105,1.2544087972722815,0.6942482238215415,-0.004807943796712667,-1.69533860538975,1.9902375143431488,-1.5705118125718935,0.5001378895623693,-1.0185200554038443,-1.9631376072193671,1.0226415823029784,0.7968325017435501,0.9554779573166692,-0.12740478060927546,-1.9228915438923695,-2.9834266963387925,-1.386069289206309,1.36947019462558,-1.6415225602827337,0.14978311508026906,0.43174070566792433,-0.2497546011122741,-0.9448187074669969,-1.0661616015506972,-1.1224693839923154,0.5597261230885583,-0.7197164480253712,0.698208633539641,-1.1622355969204596,-2.4357090673646145,-0.30250807443851085,-0.14995763491390368,0.05897085313464487
2022-10-24,0.7947837304174981,0.44422255666336286,1.3555749547559592,1.0686427504376523,1.1326642670474019,0.9334783917183532,-0.03468658699877907,0.5648128326159051,-0.3559698295674972,1.4256911181302672,-0.6153291522314556,-1.66516642876654,0.09072838149445404,1.613791068541578,1.385791043622326,-0.06701265910603912,-1.3663850061193632,-0.6324932475804106,2.0558918347987754,0.12729810304452455,2.0492522702124036,-0.08634091041656006,-0.12735356285474034,0.39505539759663966,1.8930834736126758,-0.6209734409132635,-0.3691541115847253,-1.0036847695045106,0.3417291768928356,1.3484282904633131,1.9919009927822755,0.5062099448337971,0.3750273191392734,1.9917362844676203,-2.0588929545784382,2.9942209243358175,-0.6390130485914332,-1.0639332112327038,-0.2769543709050283,-0.9825769327991409,1.6921418332845288,0.46699777498043626,0.5730768185132069,2.391360004581341,0.3177718925835518,2.3087365136220117,0.03320331162377565,-0.9124211070535863,1.3873785681396171,1.2610647546223104,0.13375642127182671,2.1028646630304526,2.5602085355739232,-1.1734457862568073,0.5375014432718483,0.6001419317116528,0.4470190893325349,0.8296310010183942,-0.5826267438415605,0.4862006612306052,1.0965344149341736,1.2090861362680165,0.966216942158793,0.5904648634194952,1.6982605722810866,0.6113734653031572,0.006472584195278065,1.2706133402964983,-0.3636318772621523,-1.8550495502621465,-0.6645419200694067,2.1684331764895406,2.2371751472758636,0.00454678678518765,1.4844668861437538,-0.17859407902077448,1.4450047050447117,1.9924605463293528,1.1720798288048793,1.0012616513834884,-1.3556889521910145,-0.3245832477150196,2.2734467140473296,1.9597727542648726,-0.10590247501149465,0.5796856013353086,1.4339776244029485,-0.12893943866186605,0.32798536622037844,-1.2149696286122114,-0.6637048851094354,-0.8467796749690611,0.620957156498151,-0.7631054610170263,1.4681438590959064,1.1565725718974782,1.4314418298925347,1.4421205013564056,1.855025522877874,0.03030214195156449,1.032154861775145,2.34625914245592,1.0564481579527316,0.0780933480508867,1.304003410215729,1.9459263286779496,2.046328379588913,0.7480566071055438,-1.1173651529165776,0.07300624810089104,1.3845298719823853,1.6194953060052517,0.3811512143616253,0.5924645200752733,0.14448989432973605,2.446566913482758,-0.762954097901277,0.5161047419087854,1.7791878723375862,-1.0915788678245595,1.0877943452091938,0.8593945643648071,0.749684273153597,0.7384733654837355,-0.6301809819107071,-1.6072476338144914,0.04335502628603748,2.5080542248097326,-0.3885849688818933,-0.21583660187808254,0.5253789208805417,1.4781492126320774,0.0689499034532456,0.49591733232028334,0.24097667833235914,1.1525025857373843,-0.01202889428741918,1.3240879729922228,-0.23126769065303274,-1.4341592720336245,-0.025334634075641262,0.25502888072074725,0.1263170181970284
2022-10-25,1.6683078021586273,0.6039408992694312,1.1619308119622898,0.46389257463744826,1.1604063332134544,0.9028435448175224,-0.11568954559743012,0.6351648945570879,-0.4150501334823219,3.4519526261702262,0.35705949718029,-1.5605321217682935,0.11189656594168623,1.572284490612762,2.0814482805474355,-0.07594269120417484,-1.1562268639491462,-0.4598489942073438,2.3260830534680026,0.607993602118228,2.426673048559169,0.498892376950289,0.25521203874604215,1.1620803236062192,1.906228109009196,-1.744470339252386,0.6002743785592191,-0.5767360710156371,0.2125148141949346,1.8190325203962965,0.8702239800487407,1.2152897677375831,0.5061975467770253,1.8957514861317695,-1.966301848868635,2.4520827246670054,-0.23760994302940902,0.20584566701338283,-1.9066239923319421,-0.9394022671072019,2.359996697239851,-0.09180355672609514,0.7678589088945807,2.0539706873911654,-0.014188644341504969,2.327121626234291,0.2702583797416228,-1.0985860517937502,3.4841621503033893,1.13390624905876,0.8504702350732141,2.1509229904151,2.206459099161647,-1.8596796670519773,0.44735134740971705,0.7651525553022748,0.8816941934188,-0.39036783108578543,-0.25178280517388163,0.05336497551547324,-0.17906857400125983,0.9103181227849453,0.8041261700006451,0.7558073680197377,1.45884766630077,0.5554349653537637,0.4213048541425798,1.6471209133146558,-0.1877780942686115,-2.0773742410947214,-0.9946078922394238,2.022834884520014,1.8060307062985312,0.04275062192000046,1.5566696965999138,-0.5164028263581933,1.4429328260812617,2.2347739532003597,1.1118909450641579,1.0229713970431626,-1.589950660037715,-0.5561975670836168,2.413839343282495,1.9280975018452327,-0.44062648276590805,1.202094722712198,1.7553446885084145,0.5342886489957793,0.5438817134553767,-0.8011192590088156,-0.7888136336939608,-0.6149618958116452,-0.015705247691761053,-1.2199042889566996,1.8476161938247386,1.3304588740986747,0.9155940518659705,0.9217898679796516,1.251819774159832,-0.15252422156465958,-0.7991638713596989,1.926246258545405,0.8130472683589509,-1.0357928004466523,1.9894734986648706,1.8258132373903861,1.6563262182156553,0.6363571252017816,-0.9169546444792952,1.1665579492693297,1.231603114666009,1.1797523547251219,-0.9329990143828867,0.32040195101754765,1.0724984992065811,1.0914106445009102,-0.7253450377178826,1.1586710487791327,3.1127477270702437,-0.6262827848424568,0.833705215664186,0.7196134057195789,2.37173156269075,1.3858426790598268,-0.870294909805305,-1.8133762950443837,-0.6675364892629841,2.4732081909837684,-0.15707237667828894,-0.2790523430139055,0.750330963051621,2.838712249327806,0.5961659026056986,0.45296245179854366,1.0826247476088835,1.0716324596221005,-0.174369550657968,0.7451151972413427,-0.5621569584737349,-1.6112988643308686,-0.09816404836828413,0.011185584748147742,0.1975402227422909
2022-10-27,0.4749809978398326,0.3722744907264449,1.6004790245463687,0.9296106989312605,0.9563316364461492,1.0856674427678101,0.4046390677593239,0.6265429729570956,-0.48115002398014767,2.9579960891853467,0.5427446507570863,-1.1907694462678116,0.013495345427189671,0.7312548326733188,1.9817281145337589,-0.23632017603089356,-1.3073491254947334,-0.48522360823219846,2.0983118975172665,0.06312165204273337,2.5296133845064017,0.16035315704882278,0.8303645416670795,0.7921559156099547,1.7539066409993316,-1.6264390110346019,0.7077372985588112,-0.3752360777019844,0.7383881115687042,1.5701071691375306,0.7852397457812736,1.85506661924132,-1.1418305216853362,1.1544757552031204,-1.7259406266310384,2.2709567692819985,-0.7260094965477782,0.16052377381721694,-1.8806629702975486,-0.8852245711749729,2.453662052097343,-0.21552681550878536,0.9359672300288915,2.0336036034586944,0.19103284043744334,2.675606352933799,0.5198350201949105,-0.9399116738017852,3.347581644589878,1.6231933777667271,1.409981689339938,1.659636492510685,2.0285660812771495,-1.3689590617799305,0.41511877107165457,0.924611905404044,0.941751619296385,-1.2487840634127667,-0.14050404070122696,-0.9843917940907496,-0.6937298775549985,0.6439790813595568,1.5115846483632887,0.47783680659642475,1.2610335976657348,0.6462405362476537,0.7337397945613822,1.3985736009669956,-0.3085922517486033,-1.6811851057260532,-0.8972304442969382,2.2322088110939657,1.3965131565117144,-0.15762449735834552,1.3860176580325076,2.208048801722198,1.417809159453738,2.0572646355812405,1.5558434948654352,1.1290827854085363,-1.4718828338588719,-0.9473681839248439,2.2090068785650807,2.3278069444229117,-0.6877141212120947,0.836747808429729,1.231455952580888,0.3523695310339481,0.6542534683312644,-0.4488863681101036,-0.7109048522912915,-0.6520357129092941,-1.7071779469134707,-0.885112297729248,2.25107169849216,0.10903576887155957,0.7632033264269417,0.772117221210054,1.7867228522210885,-0.018411492290194353,-1.0215553613096773,1.0460375714772059,0.8832883887830116,-1.1551182642460842,2.4702591311816304,1.3652935500108818,1.4676521179092523,0.10220212316696375,-0.6615746441858589,0.48492759023149773,1.0751586471080812,1.039805724177183,-1.7128123102688741,0.40381884908740073,0.8026363183953452,-0.1011767769780422,-1.3084292408200409,1.0332661563695382,2.486015615265659,-1.87021034817947,1.937474079574781,0.8570728190982879,2.3197302742835553,1.0586950273738098,-1.1536920141075853,-1.8495997410962968,-0.6644142914620537,2.114073490306823,-0.37551958960934684,-1.1304046755606538,0.5516653730287596,2.557509938134862,1.9801052725336872,0.0,-0.1159814436367715,1.7326731904957877,-0.42800001536314536,0.17511997830345455,-1.0664594052916307,-1.3569724513064776,-0.1778385205677946,-0.48189767773265546,-0.4469741528267445
2022-10-28,2.0464376081173836,0.24159961371029465,1.71071304760501,0.9842388626826345,0.6354462211854176,1.0679592463113192,-0.26322530506676833,0.5083063811685731,2.861891060718786,2.3610417784678273,-0.14009221292145052,-1.479753670518829,0.2740423876061487,-0.7967322022665602,1.408457611155343,-0.5759218355981447,-1.6365681061535329,0.0823046903082872,1.8139334954889996,-0.3539893378055479,2.072575501703867,-0.6890360507987733,1.3194958860111858,0.7821513435868814,1.5416976641562776,-2.5691115799898383,0.5028439579850886,-1.4042068743543545,-0.13580660862195848,1.5527931778167314,1.3542908290097646,0.9431867595933385,-1.2692599953326902,1.0358467006948977,-1.615086451849439,1.4956694524338572,-1.9250977777018918,-0.47071621273590214,-1.5563057427713116,-0.9089156076652947,1.6828918100197094,-0.7433554348391911,0.6847195719627694,1.6659716833253102,3.1405200659415153,3.042295565956823,0.6664699846601364,-1.1569555003200866,2.3273672589336813,0.7295471800394542,1.4232717114500788,1.8306046502355378,1.6798786816709512,-0.9742496539510824,0.7010163262640425,0.4839517577988096,0.0365432150655417,-0.7065736509085907,-1.0109485644946654,-0.9168124338398704,-1.286637480845479,0.8175775640544636,0.30725863564181266,1.554890100596781,1.6536170539315325,0.2737007066353921,0.298089051145656,0.9678453927954122,-0.16314091130167946,-1.647352430355298,-0.7281453917081404,2.682171600580704,1.223472143202241,1.391204639914387,0.639306225535546,2.1525387621117056,1.9158733622924653,2.0934641386815156,1.6935412790844253,1.2530149692995667,-1.4586102417168074,-1.6437584651783153,1.680088901808509,2.6027725110784568,-0.3582914382926231,0.1023799392907934,0.365264088885584,0.13649510973543666,0.1796897068731431,-0.4813777579535237,-1.1754072399416546,-0.915479188072677,-0.7465020661199453,-1.21544502253485,2.0769207194080357,-1.5711501547540643,0.9981820491529827,1.011579967453429,1.2043221343843753,0.18863506689917064,-1.6948136562978215,-0.06700453813063717,0.5974670089167816,-2.2997496306080323,2.1934677229798942,1.092852557077596,1.2451959913064765,-1.309536340979009,-0.15857926804296824,-0.21582990674561278,1.0646865426352892,0.8706233606107978,-1.4164816640970754,-0.06591872681380197,1.2639779159716527,-0.7545317065956537,-1.247096940595875,0.7001621794650091,1.460575082838421,-1.2382044837598079,1.2937542495833299,0.4653153669731182,1.7509055373909135,0.7267870537672632,-0.9788431927675182,-1.7386267323843572,-0.5101356772467512,1.7873671398428579,-1.0773605705611147,-2.233907072455297,0.10449434727619543,2.2809576080278826,2.097678994174835,2.9099021373844702,-0.6700864172200489,1.3733101131967624,-0.9801296036049543,-0.4311602581712744,-0.989485797860997,-1.5284146733573396,1.7509707585135383,-0.2588706868037087,-0.8024870975695098
2022-10-31,1.7209703922707353,1.4292151716866155,1.61771278155424,0.6608577641132312,0.6313212571765239,2.109425691505132,0.6161606601331215,1.7961295691423853,2.6884360680710104,2.310398128861138,-0.3726318596688416,-1.3174909958773617,0.42040128113620406,-2.4753075254989123,1.2310642867033408,-0.5279346133224351,-1.506127481198363,0.5066950491076075,1.7005064663761258,-0.603016970553952,2.0285827842529125,-0.8814955174121604,1.0232240645843529,2.024600119762595,1.4563815268507994,-2.090527925713132,0.27889557724197933,-1.1320616345146621,-0.5783395422777778,1.381996219087398,0.8571553796975724,2.185509315094381,0.2788261156369211,1.2541643002383165,-1.4216532510059254,1.2770036825406967,-1.8408121309638414,-0.2651437966067689,-1.6250292247006104,-0.750986640928573,1.3391297089998666,-0.03997499408455334,0.42361560617288263,1.4164705433071114,2.7525615798134875,1.779441033992293,1.8902549410808596,-0.7700877372246971,1.8441751495172272,0.37651047343162003,1.3715125544117899,1.93121030539032,1.1986624191972182,-0.8538126303296486,0.9632150618461421,0.5125085534935863,0.4564261620883907,-0.3422650698675999,-0.6991421275391977,-0.9347397236907786,-1.5438713759188187,1.0209992913978887,0.351599239987005,1.2167659431564943,1.4975554529537247,0.10935389082958777,-0.18322686352128112,1.1361373267352186,0.4766091637166718,-1.4165541984434882,-1.174385219419468,2.2644805088004376,1.7473376121961075,1.5888454501547626,1.011412456421511,1.4662320080651752,1.5196180385715679,1.7693772562607961,1.773795233723403,1.0021186838925311,-1.4386956630172485,-1.4830847361380253,1.584125115162442,2.562289525389284,0.5242425777677437,-0.004429295158066179,0.4192822246272238,-0.6233218657741603,0.32003995577727684,-0.6275670729278259,-0.5729892937416919,-0.8993493529884137,-0.0631813798779906,-1.2975229218383353,1.9201802774376282,-2.518904389309834,0.8605192124296617,0.8599326257548835,2.0494818735124447,0.8071913027391635,-1.4140834751083795,0.7238832957346129,0.04895868720453115,-1.8124462298685742,1.6073929056195382,1.980317281480024,0.8506682097183561,-0.3935693521459299,0.032759438052028064,-0.02066429562406061,0.9170763699452579,1.1468526170505597,-0.6903032719313507,0.7017439881585298,1.5375391735955248,0.07637096205476973,0.8100805214201993,0.8836591751357951,1.6088066668147634,-0.8828014172665836,0.8894704508411027,0.3071388295237118,1.723015488401369,2.5689926138882795,-0.33661867198776785,-1.583255726590438,-0.4951004088141943,1.6822498135309643,-1.024585066445008,-1.267988214112551,0.5957217955061224,2.324339422133653,1.278306991833205,2.5671559760087916,-1.3396423592130844,0.9687363434416364,-1.1866340902774513,-0.20916425340876532,-0.7621396330187145,-1.3992746868641763,1.2831288857995498,-0.33826408561815274,-0.9291912463906774
2022-11-01,1.4767606566055747,2.819678238789816,1.6450023726550953,1.309824900834127,0.7580511233466976,2.49080780388882,0.5288179643988299,1.7010000748492005,2.082131158890591,1.4657747667645056,-0.3177001945931539,-1.0572586169401148,0.0027365003113196157,-2.8969248313320364,0.6978942831362824,-0.7742512534130899,-1.3974541338195499,0.031066371110800725,1.3714707899559284,0.03630592013399704,1.563511103101599,-0.8815228649764324,0.6863578598472353,1.6349159908670934,1.531149694128463,-0.964437624105932,-0.52088208396019,-0.8660394309876708,-1.1096411221195928,0.8360915298719526,2.4135828427720507,0.8323029662056793,2.3799740995423524,1.8418818831518904,-1.3039485948007046,1.0818476088801925,3.0146878054245247,0.5358377865520801,-1.2996198602114246,-0.7409077087038316,1.4038912472382372,0.30098865655226076,0.3001270962000771,1.0833941134301757,2.100866646702486,1.1986419967675115,2.093735422665463,0.13850389642755756,1.7575334364326902,1.7581780102382867,1.1242326385992145,2.085841526731842,1.0541860893789583,-1.2894133007082116,0.04801847620395104,0.30616716090132756,0.5056885023955192,-0.3142681095818123,-0.40834655343714127,-1.4778517388690262,-1.2393469970188125,0.4688576131164956,0.5057502434407085,2.7763310697856856,1.103751208851836,-0.06487501313023604,0.8726487651594663,0.1969964213509339,2.401996188562242,-1.330891814018643,-0.7224406687116462,1.7100773118181336,1.5507675950755007,1.495091526529732,0.9651911659565472,0.46788937550995624,0.5588566040509826,1.54070242318153,1.2018698670442336,0.6742234463307679,-1.373860822304961,-0.8592750683775987,0.8407011693740762,2.3286005580114315,-0.2465333794447375,0.34540742172262845,-0.6148245448603101,-0.4560858247068158,0.07434382579462842,-1.3545011569804026,-0.48239308988369656,-0.8265947280721412,-0.2766524113433824,-1.7631438681342315,1.506202061239068,-2.1043029057424913,0.944897339274016,0.9388240347402822,2.0774699143951043,0.7449238354971718,-1.6816273419272556,-0.2351216728345628,0.536292449881415,-0.6679909646712564,1.1758644970272198,1.9463884566388492,0.7465197570943554,-1.0222869520820985,-0.08258388491141593,2.233568114398567,0.7542410939496732,0.9344479710350528,-1.0622131273184714,0.7323987900172441,0.9341136498338124,3.2675301752732735,0.7482239254639201,1.4683442859209457,1.237312520944389,-0.48160501603878564,0.7544846939715081,0.2270002955086044,0.7543185171986272,2.511999919143309,-0.2860990999055418,-1.2437025387306015,-0.9469489188851705,1.422853341103953,-1.5268163167474957,-1.76905487600595,0.4932541134847808,2.058818556454493,0.6351233129629071,2.480818580149593,1.628299130288881,0.47457678278709337,-1.6800446669956641,-0.632138286813113,-0.969964982722781,-1.1776092906055229,1.6442417769346547,0.7287118617099047,-0.7045061884289427
2022-11-02,3.051667563224321,2.3377123611485238,1.5598223742462876,1.4881772031193952,0.6138927488062604,2.329472654817726,0.8224357707679852,1.802105616493312,1.6070391712687766,1.3318067694612001,0.5474088463771836,-0.82428296330468,2.0294892251475996,-2.915619149645595,1.1084378789719702,-0.2538971515533671,-1.2309144325247325,1.2292807198550795,2.046440707712201,0.5222014635530472,1.4962760383908837,-0.4563601517291171,0.8783249394463338,2.1468115013649878,1.6129990934798157,-0.6659560678325166,-0.6124729075339229,0.6000935061065471,-0.6674400842468032,1.1369360717684085,2.142375895180177,1.057005006454377,1.832152916430817,1.8332792754076541,-0.9167623232154347,0.915986017282536,1.7669108942905258,0.6756302861463644,-1.2576605175847275,-0.6115044124625171,1.3948381421082252,1.1957780658121353,0.6652239572485203,0.906598024438855,1.6779895555512228,0.8183762307358272,1.7500842634335065,0.22328810569588253,1.5076293350965173,1.6400897028319898,1.1509559031010816,2.063851214551146,0.5457072813607575,-0.7603207660156804,0.5514630234756728,0.6918305048874672,0.40211701608249384,0.06767026826347115,0.7401592896959398,-1.3440893052327225,-1.4094066404249461,1.8661137648991462,0.6236520159284134,2.2629675283929536,1.3648839573290317,-0.10363422441549061,-1.590626186167965,0.8745701698192782,1.861564223469873,-0.9884976874429174,1.6837851905975387,1.7987985726621512,1.3015566317084208,1.6261928868640583,0.8370486002559008,0.5687269217584219,1.047953933951279,1.7784251988194673,1.474931543640375,0.6518450234832251,-1.0168375158919285,-0.5004513886681871,1.5042074346695395,1.9986799492240601,0.23308997360093378,0.570859798940891,-0.4892874495983209,0.0872685299193119,0.34808211614491735,-0.9002690310351518,0.05315655196754206,-0.5779685991381176,0.8532415788205968,-1.278741080638204,1.4784511115199876,-1.9189986655444151,1.176122509332935,1.1722521906462409,1.5893370852353235,0.8829862559274056,-1.0895297249471454,0.2256199126656099,0.7377069772547978,-0.6370899415804848,1.5351533346803181,1.9516770637632541,0.6418412397877312,-1.0925183684701745,0.08089494577250513,2.087859086224603,0.9913693605959825,0.7263036089614513,-1.0186010910557541,1.0449894660247134,1.8357380792955404,3.353127916423169,0.6227375375292699,0.9796903199764142,1.396533679552967,-0.166175755991077,0.8947098968895344,0.10665163585898815,0.8632128514337698,1.957283813698973,-0.5019488885828021,-0.9502212515055016,0.5085246394121227,1.4955249498118153,-1.6515342262749222,-1.0408283208562668,0.047854501871822226,1.76962906698932,0.9567259435188356,2.874988703291221,2.6712516615862434,0.28508815923310415,-1.3557100689999324,-0.3661627123465571,-0.8247191382653541,-0.7039948793072494,2.2787920577333702,1.3649106374298012,-0.6190579394691754
2022-11-03,2.4864121051916417,2.5985965552160644,1.4641019486700206,2.339996144327104,0.2768484849770258,2.596376214945962,1.260785773535329,1.6852243528592779,1.6128438283902866,1.4737700305951853,0.4976693426320497,-0.619182583573224,2.120118779821176,-2.319795380982716,1.1577115318061033,0.07280486126262492,-1.161357308456611,1.2556581220716492,2.0564031666520264,0.21590552550601247,1.423217657649197,-0.3385701304676851,1.2789340488048797,1.8061747105572334,1.7408625784657885,-0.5998236781818413,-0.7672403441126349,0.6212386804273208,-0.2864381268401147,1.4417933741263576,1.4285927303751118,0.9430382548375253,2.0741204769604784,1.302273118234187,-0.7242360390294138,0.749038939619795,2.293933657499512,0.30036804432567565,-0.7203145160106956,-0.46460220477731096,1.2567537467852672,1.68503827384352,0.8691283904700613,0.859055716605611,1.4510547505831322,1.0823464097647846,1.1915871320980636,0.5211018760057029,1.5689640877210524,1.4315080094494232,0.9897707970451882,2.116162858608685,0.2558018530368672,-0.07214705946866289,0.9975546224420533,0.8300782184518023,0.43405583137705545,-0.8252344595026099,0.40068664779731117,0.15327311954367512,-1.0880296862487489,2.4932165347957005,0.5189000830574043,1.9440546562173262,1.3275394945433112,0.33591850589659616,-1.8240347545952436,2.314470301339401,2.4174818461425875,-0.30890798019217364,1.3458441020507683,1.8781919655565598,1.2013585489130534,2.1491107636273656,0.45372661404738457,0.5514761501397833,1.2513624858818138,1.8690448556607315,1.5516200739512203,0.739667001455195,-0.29085495277077217,-0.4560075385608638,1.5386637156420815,1.94723029832818,0.17823529837266242,0.8634722680250513,0.2564953968163652,-0.5072282001928979,0.6416981588843534,-0.3430479916835986,-0.3076570202136354,-0.46146791682798194,0.6589369813831719,-0.7369404246800502,1.2600620956534032,-1.4089355810074697,1.06661398338891,1.0637660435580851,1.4779496854039262,0.8231309295968767,-0.9899135024895558,-0.9447155040523699,0.4960823348596062,-0.883681297687183,1.5239304091276227,2.1516411867743734,1.1521058050682513,-1.6064691492196284,0.4850393437513343,2.174759345991661,0.9747373741436441,0.05899411880231744,-0.7101803133611738,0.7215154043687669,2.48518016951093,2.883917810522957,0.2753141953888791,1.1843246931678586,1.25731495842779,-0.019027882689576822,0.5088336810233277,-0.3650236937310447,0.5676538124353705,1.3080225305970683,-0.8672250279901712,-0.44406584600389976,2.0279224856779923,1.2515752899934185,-1.6455462005792496,-1.3133820211434737,-0.7639531673559768,1.4700230320238772,0.7800258749041074,2.4184572832543334,2.691485054618973,0.1726409232622908,-0.7518296380286015,0.8542740783616342,-1.1255080595322617,-0.28842232036451093,2.104991941616716,0.8880807933843478,-0.5866928210362394
2022-11-04,2.2657709535865274,2.2379756381022715,1.3110295320753418,2.4166216096202215,0.005510910690008659,2.0528871656875984,1.589891325981346,1.9030138738449693,1.6628169034353109,1.275762462046745,-0.004636449973986603,-0.4825224691746958,2.6158384399326873,-1.8680824719578346,0.8126144892846998,0.03987342788022573,-0.7704112185217429,0.927757446533985,1.5426310442050952,-0.12065152890404535,1.6212524669361812,-0.45941234406562537,1.459091446771279,1.4506720686096066,1.4235374075344134,-0.41044891386047433,-1.027063511821708,0.9296816627341808,-0.38925351566038185,1.2294185036176049,2.2827698343347405,0.45614392092284917,1.977484756878658,1.3067815750196923,-0.29526786710280767,0.4060728605907546,1.9086887260740506,-0.25777563149268823,-0.5687481836792597,0.2614919166229251,1.6635957787414977,1.0451046800231216,1.6996939815421732,0.8726794789068759,1.6705917468972602,0.6779060413189872,1.1561967928706915,0.6482338783152836,1.1017759086505419,1.544660683847338,1.7806382680167843,1.4815311126683934,0.8421779674091602,0.5179881261227958,0.6419813435750613,0.3855026859411233,0.1739796382094367,-0.38928485950930664,0.3181895097683602,-0.9704467108835769,-1.0603357077102398,1.9310476212709173,0.2635164350128982,1.0786665491939003,1.0363950974121294,1.1335913126738533,-1.8420061138880515,1.795547717839323,2.266669865568114,0.19810773726860978,0.7577473009606082,1.547391025320428,1.4862208552466316,1.4129918969301738,1.2578207594486557,0.2704130455475595,0.9757310467415932,1.7447897857094,0.9483283093136576,0.8146579740963289,0.5425452875299319,-0.3208921669050061,0.6078746876528519,1.6593425967923616,0.3222804771543766,0.5424563595093503,0.4170871783904348,-1.3042633037609213,0.3096447340340528,-0.4817758759324642,-0.4799136596458487,-0.17152689705342347,0.3909972527858635,-0.46782084945823665,1.2559787303268635,-1.9912569461032623,1.3870109305135134,1.3707395777696156,1.0716500767143984,1.5602601432658425,-0.517895845275636,-1.4071666960520914,0.16895646019578883,-1.1597672220064428,1.2515545260382879,2.099617670303895,0.7599748655357799,-2.1250294947753647,0.22999307404873937,2.073060550825147,0.8921627747084764,-0.2747256891219368,-0.6495619702189285,1.2127444588402152,2.1704207299326765,2.013741798334815,-1.4318678797364144,1.299501713691855,1.7248610399420512,-0.3854522331138956,0.9761314081237356,1.3576648897179746,0.6905859847600432,0.9187649220392183,-0.5671668421138987,-0.04664020605976155,2.6132022072713124,1.335948360387367,-1.2509235796221512,-1.220134371458609,-1.7848920360335803,1.5687993579392019,0.7360844113745388,2.1874586452816898,1.4810540690167453,1.6768550591325475,-0.5794205529385343,1.3163921729717092,-1.472001974149089,0.15214226646728268,1.3836782608366236,1.882612793040713,-0.5385045888335976
2022-11-07,1.9163195221651705,2.5657924537685743,1.601306006806989,2.348812863859401,-0.31110183989583917,2.0414006577337527,1.5925683167371814,1.7492360942748297,1.6221213486638082,1.0869725158901724,0.06799947024150538,-0.3352253515357734,2.2901930188846,-1.6279688872972096,2.1697133933241353,0.8533010042817125,-0.8739947350956336,1.342320522216889,1.3585909839899937,1.4964972416097715,1.5326271185494984,-0.40514422364569036,1.1708978615853394,2.0790084058036897,1.2788633274759,-0.4328911627526933,0.17765371114397002,0.9185732082986087,1.726985897746475,1.0763928305669943,1.863504729312648,0.4991626293978793,1.3825260508693822,0.6770526375175776,-0.22270420742351926,0.49328181555441314,1.9231222565073196,0.5031939712517799,-1.0194208241353044,0.8058221973081353,1.64187062535402,1.191879369231565,2.2303068605389242,0.6791019823982994,1.5180131785932913,0.5677329288895409,1.2077944725568837,0.941339911045593,1.258587645692039,1.36330934193066,1.3408567294443676,1.788738196367776,0.8164765941251534,0.3279222710741433,1.2381378700073984,2.3774007123453664,0.9202243151175552,0.7737619840770852,0.3830814939423062,-0.8177022582856898,-1.243211574616674,1.9578466083877597,0.26276445560210715,1.7303635153734225,0.9219293698880494,1.0563524895865914,-1.7674147045398092,2.2249157172113443,1.7053233925074498,0.39603938468864364,0.8493183363812709,1.6957562178541266,1.66785392624651,1.5425902496081554,1.4133921237431302,0.21213888235079428,0.7845361375525457,1.6226314409531877,1.4936278823530893,2.087512958921383,0.6973543136086597,-0.24324523632892198,0.32182774400824893,1.806303523337706,0.12967884048806813,1.2720685278012034,0.1943227676184659,-1.409786373465312,0.54204203313012,0.8213697380837945,-0.1586767250362144,-0.21187047694139088,1.0309728740361954,-0.01231280938117525,1.06963387496749,-1.3879285280105425,1.4183226439421215,1.4105002509357574,1.1945485526427204,1.4024169712303418,-0.5490723043380258,-0.5926066992796218,0.3467844837301674,-1.7127896674229879,1.1624485810134864,1.9794620701743462,0.4494024249110768,-0.6955221299351573,0.5647737597176063,2.135391012785883,0.9077280001360208,-0.2346571615199817,-0.08062460981884989,1.6425143253548564,1.935907848546271,1.710654348506178,-0.6051498504672463,2.92263416914671,2.228466754358152,-0.44091476918443306,2.010421809657646,2.482809598027861,1.6393890199914223,0.787428292984113,-0.1869168329921191,-0.03494265149628732,2.127043355699727,1.7747828449063447,-0.723121465603056,-1.6230364998860238,-2.1028155032225357,1.1589546928419945,1.0795607467621227,2.0101921642972327,1.7243947082919442,1.711545411605446,0.03247617799305806,2.678805769739243,-1.0080766670288253,0.34181692134812947,1.1881941152658433,1.8517584593557446,-0.8040766948394482
2022-11-09,1.733906433893478,3.1077374107668767,1.6538795182831596,2.0867146132239514,-0.8084678250409179,2.6869650694439646,1.1607170374771993,1.3751927099649774,0.8714630227362424,0.8128401229549529,-0.06441418306709898,-0.13694244276942188,2.0358268001289694,-1.1810833434252976,1.5464172715768325,1.4845663037655903,-1.1561655912876356,2.1224325289206085,1.4951566943815235,0.09718712857300515,1.2719251668362097,-0.8780176108311911,0.9773614449996052,1.828548218027187,0.9694163482862089,0.013272043121647864,-0.12310648834210741,0.4229258428930663,1.4612338708627437,2.0279725472822134,1.27777193650763,0.19529803173761334,1.5447215889526433,0.3843128155471887,-1.0956016414148915,0.20078043234840626,1.6655185005321091,0.3566898698497005,-1.213638840755241,0.6792201700154092,1.2312107059339203,0.01477364322351548,1.7542372357757074,0.662963424082314,1.1461605897121363,0.5825697798058206,0.5290524064444216,0.5077906488192196,1.0311656829653582,0.8557569086111465,0.2171372862589232,1.4538719771613644,0.376060553668569,-0.7696761817402171,2.171252419410125,0.302927165059309,0.004669510163863198,1.9505529594366595,-0.6005328075415685,-0.8286960425353241,-1.1470274272717835,2.098833533750873,-1.8740601315393506,1.011941660416478,0.8369214471605346,0.7654229321093582,-1.7697603044476788,3.0479325052848467,1.2426568146337273,-0.5266354117078104,-0.04905636237215653,1.9266234256849182,2.302608210282436,1.6168334369856243,1.6053757366481658,0.009654354401004452,1.6267833088406891,1.3251238045571783,0.8680610090665316,1.6120228768685245,-0.4926836697780996,-0.4407825478439562,0.4460591096929833,1.5413221480161936,-0.5133878307067591,2.228268349285555,0.29114324062639224,-1.8217882415622342,-0.5105443243648649,0.5896163279016051,0.008536438153331459,-0.2961555206688711,1.8023864041815028,-0.9226239037759445,0.7382038221442455,-1.349153750910936,1.626127803448995,1.6251810675217078,2.021055406284559,0.6070915947383736,-0.9040808048467148,-2.538164958838737,-0.42349097272539143,-1.7953861888079705,1.1745990494243006,1.5954995762750144,0.052290979341328835,1.8494323584316459,1.2935704069445215,1.696942143328956,1.0581750434791708,-0.8831880686764788,-0.6278139742606874,1.9449594263600267,2.445746889367443,1.127737467636007,-0.2879309840383563,2.9219708915234266,1.9750892597203806,-0.027594879420966507,1.4242987428497722,1.2099945520511433,1.96170538785238,0.6036076608323282,0.7009339880929362,-1.153752555936512,0.7684921021231733,1.4558362513162297,-0.9703406674560867,-1.1495285950925134,-2.562851479360213,0.8389419140261585,0.7292515161589501,1.6053153822914705,1.4924994222165546,2.2494912377067324,-0.3818583959636346,3.939813622095768,-1.6223369273143313,0.1556683581599737,0.7729114041948897,2.3054023284133662,-0.8299919317734956
2022-11-10,0.9766436385978509,2.3869318059006126,2.186085579341826,2.0476044806154965,-0.7359722502889934,2.3697459089917787,0.9265840263959244,2.2492883283415392,0.9348421555175799,1.0534954596324118,0.21581295755346766,-0.003717998472126954,1.6043303613575475,-1.3806334785771344,1.5191734516650661,1.4179114462160975,-0.4545408214182591,2.265619718388091,1.3274615441527466,-0.19451106098556037,1.3661581930851179,-0.8332516035391417,1.0247035450052295,1.7143958474538266,0.7970562992106249,0.09391744022377695,0.42810761204923153,0.33856092817920297,1.9635079539923208,1.7722750692682994,0.9581586422192798,1.1706399480808352,1.0801366896781064,0.48917590663772487,-0.9233347076116918,0.23546289009646731,1.3196175086978628,0.988442859987814,-1.2066724015294312,0.7004140441442087,1.3262727387523932,-0.7511959789918493,2.67086150050846,0.6499824369460716,0.9874414175620703,1.062571225967131,0.9527103708314523,1.0112085913702433,1.41759566483987,0.6265580805067326,0.06507893115055408,1.505881999907646,0.3406852250890299,-0.7913259142162695,1.9927847752477956,0.053881276721718704,-0.3123564047572113,0.6514184447239448,-0.5962855440409253,-0.9470001321965615,-0.35349959169459994,2.3564353288574744,-1.0820633912191242,1.1316414691064733,1.7155907333727087,2.6105954171682124,-1.829902769416556,2.314416298744913,1.9655074248351876,-0.9089238960277144,-0.006632129804478303,1.5041224465853587,1.5930336413838173,1.2371779085046646,1.5302468303753252,-0.1477721610385088,1.7011370404648751,1.369374146307475,1.1216158648559234,1.6868664496204175,-0.26521836683646083,-0.42503164034203733,0.4208768117109315,1.6361560269308364,0.3164312602658903,2.217845174609413,2.2439168684043267,-0.2945885540222506,1.3289252220615497,1.0081650830170457,3.8401711959710463,1.094752934660654,0.5345167789925637,-0.729408445468477,0.7885057041830386,-1.142133194558223,1.1588723398103227,1.1503381600296714,2.273287906942119,-0.6661887156253549,-0.6987516250146735,-1.2128171934811547,0.1860559962114172,0.11330771653679202,1.3385858951234166,1.5168178325981134,1.1618465243363632,2.920670070855917,-0.0450436742107178,1.4896666917049162,1.0247320392625547,-0.37638972052079894,-0.7497279284164183,1.094644824073504,2.186508838543205,1.1631001027501355,0.8095426506165804,2.518927939497777,1.5992741317385397,-0.7555485139938609,1.1760471894427431,1.3878247392691763,1.1450301747848444,0.992120627978028,0.1516161427747241,-1.103002896161717,0.8029947835688336,1.3525148649666359,-0.8321955666515273,-1.7400713483289652,-1.9983795982028798,1.0181875845855928,0.48224082711333854,1.5075558005877234,1.1320718229791489,1.8008049200689933,-0.5951575958002521,3.005227470213229,-1.3801463640633704,0.1151702558310138,0.8701949657982377,1.7927604642660961,-0.8402510916979756
2022-11-11,0.44323066969065533,1.9020743444684762,2.208833391111962,1.8364512216373876,-0.7395550377054927,2.0670305606510135,0.1287264893929548,1.9921789238654275,0.4913684598497842,0.6954749585887438,-0.4677014368829024,-0.5663569947204574,0.9370784602756119,-1.90823035947299,0.8639870239289823,1.1846178534927048,-0.38317123238732587,1.0399018866654135,1.0981682319313062,-0.8465465044513883,1.0723102428190139,-0.686860771913663,0.9239710232662741,1.4118038844233882,0.4246931874828387,-1.0547532698959132,-1.1312150485056534,-0.5973647517784605,0.5911953114004451,1.2175941470688312,1.439280997977683,-0.8071720047669732,0.7924683502249844,0.26535310300278786,-1.4799748157249164,-0.21819676682026945,0.9724997943811357,1.4500755659701496,-1.7461013180809088,-0.2470286875716463,1.1674247922860865,-2.0859290239156003,1.8982398127037503,0.595775856168326,0.87277672253925,1.011021451412836,0.7768026256146008,0.8852088256804089,0.7560142809984517,-0.29477307452046075,-0.30552486235725657,1.2325542439998238,-0.1653948474805849,-1.7578882637898756,0.7828683013521427,-1.3900563451090633,-1.670620810496445,-1.5949212610054602,-1.233721539797008,-1.9281973450018564,-0.6824090920630772,1.2442895818519484,-2.440198672740316,0.35418010755828133,1.3750901182509119,1.387683888376901,-1.471991367167251,2.3901811547295946,1.5388066572501906,-1.745098275766517,-0.5702900622305386,1.0922998239369952,0.9424066769447368,0.9380313065896501,1.2976195629620793,-0.616714857695511,1.3466980040373964,1.1168985624115182,0.226509431833676,1.56866425166872,-0.8630054999586689,-0.8702232885493222,-0.3144712374746425,1.3152135317345865,-1.543549769884829,-0.07623949716646816,1.8772848497640588,0.7727302453762896,1.5835365044429945,1.137594226373784,2.6421580258588127,0.32107067440552045,-1.1910811573602116,-1.3625416122016953,0.6389354570298198,-1.7687428730186692,1.259591213021779,1.259270763375352,1.6899898785220426,-0.9674652669230601,-1.697348287298422,-0.8653676505427188,-0.898655260117448,0.11571029150919811,1.0720578621615615,1.3227642949978224,2.0370106294380075,2.406163115049775,-1.0435917454156023,0.8708235175361047,0.610391110833319,0.10592673072697928,-2.0671449416506587,0.10063703657475595,1.670894988381364,0.7673964605647893,-1.1218050448755148,1.3320475957796167,1.3965970639308682,-0.4604446725917672,0.43730850808933575,0.9954543771382267,0.6100570941443137,1.0341523110831143,-0.6567622661109098,-1.4436008008779653,-0.6172299906158206,0.8046998221118523,-1.617336539863656,-2.007262439768355,-1.7931906419927253,0.5402939851337945,0.1118230742285916,1.1316915272894557,0.43800495105540455,1.9902054369088897,-0.8260228858265078,1.4847461218026816,-1.641525603744201,-0.6182612998459145,0.19999129749701228,1.275920204281267,-1.4083182377414065
2022-11-14,-0.02725075493547625,1.503690263832114,1.6584464731475177,1.5478292086433094,-1.0952986607124988,2.093067332199978,-0.1457763438802907,1.2219942303618796,-1.1086698559487518,0.4129067396510029,-1.9769254140424775,-2.0137656255107506,1.222997973429122,-2.1038432224811707,0.7052154188172074,1.5314962225803606,-1.8472941529959073,0.20489485158051102,1.3045420239157401,-2.153043189918781,1.0261351146825477,-2.5286113769315217,-0.5703134792342224,1.1870927256358612,-0.12157707100189896,-2.401400341232881,-1.8913648911216911,-1.5358407323976258,-1.8854576959737177,0.9658865530124565,-0.18043452122245693,-1.4940607048700234,-0.3485576645452145,-0.07003671213199734,-2.2521712798152596,-1.5907357641532789,0.8022635536337261,-1.1147672672358087,-2.6044441395417817,0.14352716034028182,-0.13976587067365706,-2.9531913399457608,1.590612797407086,1.2760374537155845,0.05894056884605174,0.742605041816821,0.35339218471467676,-1.1883059127170073,0.35854156198739945,-1.306562040916742,-1.6507075714984647,0.5644966583426044,-1.316077766857602,-2.2618186295867253,0.7389786199784187,-2.2506263567118125,-3.101528105610318,-2.299845064695404,-1.7998502777285974,-1.138827538425888,-0.7121188934870578,0.9106925995476383,-2.9663171415227625,-0.5458752257550942,0.738167637184188,0.2563279100623514,-2.5055956157069925,2.0593442231747305,0.6186779235545934,-1.9288944442437295,-1.9845102457099586,1.2398116579935474,0.3873511486493659,0.6975547573763049,0.599739714137714,-1.3885447821545245,0.3260637534910338,0.22614140525896678,-0.5359574823885835,0.5956847213532529,-2.1573173152115093,-1.9846408380474843,-0.3228508658611392,0.883897329607609,-2.278273148571171,-2.0481271905770404,1.7559349046861918,2.5662808098443946,-1.2227787061203261,-0.7715868957419989,0.27574216079079944,-1.1407163338235145,-1.9971117907966622,-1.6147835192768953,-0.4461189495810354,-1.9622749693928465,0.8416922045543923,0.831912568086335,1.3969872410443929,-1.2592676400461793,-0.4697381890950498,-1.7284739391884383,-2.5980344338945986,-2.172141453941544,0.13016184900039568,1.4393202117795922,1.7700120953364895,1.939395952817081,-1.7483875010721184,0.13790757574423246,0.10538975923506556,-1.8095703614853047,-2.4044080238789602,-1.0214442938115433,1.4922892731843118,0.48374486009674317,-2.224666381306584,0.08979249446920635,0.65896956262928,-2.0135412586718924,-0.005413397189969971,-1.0477337395735107,-1.4495404006019081,-0.47395025238814487,-1.7175315495522676,-1.894597489677201,-1.1415638110295223,0.18849646796466552,-2.694760484153365,-2.3237245129780546,-2.1680861670013,0.4288192002873318,-0.9298489956058108,0.8224801161708355,-1.3071384272839204,1.160008500852214,-3.062219584655535,1.0756638297719667,-3.0479985956825004,-1.4397810050029718,-0.6246935621282173,0.8031973915607687,-2.3837576221166983
2022-11-15,0.279841141202406,1.519336245115262,1.7461399456199898,1.6209922879363732,0.36029853898751546,1.9546112035033836,1.8261955078301626,1.1626047574307603,-0.7425914183036747,0.46093470538976783,-0.41127653578988616,-1.4910517079204748,1.5815703631467772,-1.3145350950648973,1.0943844266582563,2.3220627675363925,-1.6069321477814427,0.3838113324922044,1.2225881468076722,-0.6383649033602768,0.6694161477260865,-2.506454975333091,0.23531767493043756,1.5041004852757018,-0.023629412003112648,-0.6542493748011701,-1.2552915827438773,-1.0741735096417617,-1.1809944282822031,0.6837117975147519,-0.36165969189702174,-0.48632608178853,2.6311410442438556,0.028548778115165936,-1.228833379022368,-1.0902370227816474,0.7245821112481577,1.1531329167949098,-1.478497286670996,0.6709971490754979,0.21810236302395355,-0.21929559662969553,2.246337455132237,1.3574576812670696,0.16412268913080164,0.8850152716358319,-0.234949881885096,-0.14034898801278645,0.28689811361441087,0.1500424818207459,-1.5215839759455152,0.5630118323983527,-0.34016282337496917,-1.2890438486226612,1.0845246022289299,-1.3629447854751124,-0.6135614571599548,-0.8138407946160374,-1.559595429095171,0.2549923282450375,-0.7923495847268768,1.2594186288800893,-1.8139907240460875,-0.6637152548463292,0.7934850566539097,0.08099778196124406,-1.0195879130056165,2.0349681421630956,-0.07261302603824533,-1.6567709863924966,-1.9464249024297031,1.3998202781378486,0.5845292110407799,1.0049015232993033,0.9128478644428519,-1.1510993816973052,0.8420275497670066,0.28338937595447206,0.18804534733396758,0.4923759614181321,-1.1971827141778602,0.17653600014519033,0.150904915875092,0.9290788728632615,-1.6351951534811728,1.2425058324107223,1.9037727202922972,2.0699961661232216,-0.22827342321656824,-0.22210012300178164,0.1736979453749933,-0.37551734259142183,-2.233602324747318,-1.645401712856542,0.10336375453631577,-1.5141816744151724,1.578324658524339,1.5907832251064846,1.1136440263758876,-1.6339537120233358,-0.8485580085594063,0.5221753931074582,-2.062460063124558,-1.779366881053804,0.7006491117314404,1.4203647128799592,1.9113179587851414,1.356068897685669,-1.6114694490070773,0.3063077734962641,0.35150280632548225,-2.073252250118457,-1.7285295470608133,-0.5890101423730798,1.4950198273324053,0.4099177898469011,-1.5319824443212875,0.4946549077672856,0.5786239527859931,2.432621205030444,0.7591800485069452,-0.39571462339511226,-0.9668387642272865,-0.6055058239064611,-1.4226447379883325,-1.3842855237975722,-0.6798584900323594,0.9025697697847576,-1.4002548134562063,-0.14964322167940883,-1.7353512410032437,1.3767446759312876,-0.05584025784231932,1.1906514346876664,-0.9537416083284844,1.7768297403882234,-2.1748317109834594,0.5926161113399572,-2.3494232568242146,-0.9373846828156911,-0.5669111888829461,1.1256944094717793,-1.1326503100373548
2022-11-16,0.8329675212851456,1.1420983864006033,1.4996033206731216,1.260650743180106,0.01951135314554648,1.5744321989726475,2.2158373446735196,1.1672785825064436,-0.9104500373732347,0.18632899434637046,-0.12101069118283447,-1.2381689515628393,1.4018926821968034,-1.185704446345344,1.0922718745739823,2.0327512145591413,-1.5426137014003416,-0.028182824015002928,1.133363823634136,-0.5214056816504478,0.28566748179230833,-1.97744019444776,0.6471375429797152,1.3456095967283395,-0.3634922032924566,-1.0849979394748022,-1.9459337398477232,-1.3671592049646282,1.6059293774827277,0.5490398453074082,-0.6530003904120676,-0.9624460992929289,2.2960205498406068,-0.3840819839949414,-1.535567097840746,-0.5742787914948524,0.42045537367362473,2.267299410170146,-0.59085233135306,0.3948566396511296,-0.47337661611394555,0.41448999943937875,2.2063791135352426,1.0886403148158652,-0.2159329971415642,0.6788233187245863,-0.6033850561028042,0.455130774577487,-0.10900730462213387,-0.12571645305064397,-2.0098714186336997,0.17914155324509776,-0.6861982581427619,-1.545662457666994,0.8844656887277597,-1.4990597605010498,-0.9901936449538965,-1.2012678392029754,-1.2822952395943286,1.2487153256250607,-0.7707933317857938,0.90454707186617,-1.7691723522929308,-0.6390657226054928,0.4171987982767358,0.8368081209825736,-1.031782595843091,1.6380577336721858,-0.6625024456476182,-1.894497840698167,-2.315968359240702,1.8138165856832464,0.24243315639067856,0.5777675912614119,1.091441270897311,-1.5877498817072957,0.41551928272938327,0.17707940595809143,-0.16747352407814187,0.04637847121602065,-1.2257162993595512,0.9773411362479837,0.6654443651351584,0.7528633525841402,-1.6949042867253035,2.4257101927682663,1.564442045394911,0.3546277658817373,1.6347394129518351,-0.5394733508550097,-0.2011514194598223,0.36811027983593997,-2.061316641836292,-1.6075022030613348,-0.05207762893633685,-1.4185797067824422,1.9704166322133794,1.9831424620670575,0.8097503753706609,-2.2460369378901195,-0.9689950010717588,1.8038131029640168,-2.217077662605416,-1.9581219381121575,0.43218960932058603,1.12985760452705,1.3438096985142276,0.8288524578080485,-1.5466506772566289,0.024380722338155587,0.054011077702561194,-1.9305776230789853,-1.6240244338046061,-0.5077871965907413,1.3168771887394133,0.12282348775694722,-1.6614718116793685,-0.24341843595105872,0.4935286774081915,2.5216455542891354,0.40645437618345204,-1.0973025259818139,-1.072558075561979,-0.8254585810442843,-0.6203504977883657,-1.7186437490113136,-0.6382161569262877,0.9175123101678326,-1.779540678365166,1.1079148940809487,-1.6087413750283348,1.3994540087700211,0.3685835596237295,0.9449191832745937,-1.0998096671875848,2.0045985445706376,-1.8116315744867244,0.2926049023190524,-1.9389589099180156,-1.319913704320308,0.1405852610525612,1.1031777625562307,-0.7342999611892718
2022-11-17,-0.23654602227699872,0.3861082063386116,0.900246346128238,0.777245760657039,-0.6884928649632139,1.0479571419848404,1.7005858090646775,0.771837312551579,-1.018425204216504,0.4655200988455086,0.17469178061547727,-2.351888097493732,1.0243001316560854,-1.3893610305145965,0.5284960718997858,1.923923003850585,-1.6683677773203418,-0.449150841139809,0.8113661099011746,0.36377597989792804,0.5221990204411102,-1.9979730065112715,0.6515158814850386,1.1287363771591032,-0.9863356966095163,-2.237735269438176,-2.253058968583749,-1.6943909594760629,2.166433944846053,0.1778231230443209,-0.96218966660531,-1.849543937705218,0.7651635448734877,-0.9749258020846777,-0.910660682757749,-0.9953734984813909,0.5111235848138254,1.3614024812775372,0.7046509328280233,-0.9384962232791968,-1.3401849134677901,-0.569522608729982,1.7085008063628115,1.2925541435631067,-0.8273370306489636,0.6532681999267599,-2.0490088400317377,0.5927221777121194,-0.32717835932457995,-0.5627022895882761,-2.3235587530475934,-0.1854097039813824,-1.4899183030057255,-1.8084080016607578,0.3051222681611755,-2.0482569835200275,-1.1402875974533178,-1.991746775040421,-1.8383607505368744,2.609564519791684,-0.41533622777262247,0.5679089745083719,-2.0796013360937384,-0.7759591744797931,0.29721239227204777,0.011581777482628935,-1.0145174525839196,1.1147051651258555,-1.7990862479622454,-1.7467128352468533,-2.534434723467844,1.9041996476530563,-0.14439876384216266,0.12912836573907788,1.1420204553636035,-1.731971856334524,-0.5871512126153652,-0.10693123639749906,-1.5291906520602534,-0.7996228024586309,-1.1932917270623338,-0.40708895833926806,0.44832674135177697,0.47437211202708773,-2.2838015341114253,2.613523574415814,1.5647431605257043,-0.7338195086315826,-0.6593348496763284,-1.4623026513144262,-0.715234968231182,-1.5728841157446178,-2.1445398769618875,-1.619330606696065,0.01296192832980999,-1.3924763068928707,2.145985748719261,2.1377274435411255,0.17647300736549737,-2.1172147394353535,-1.8491162786741837,2.966873085424525,-2.0754372301870148,-1.8211271798967064,-0.28777544394529964,1.104429872526925,0.936257432002689,-0.9283003285421169,-1.5812776423632007,-0.8204818674635288,0.11255312070961895,-1.793844761317667,-2.0145759502821705,-0.9979180610594381,1.0521115650363952,-0.47472005909091836,-2.3908443317356105,-0.624862681599054,-0.2214348146756083,1.3828314902374341,0.4880468982429236,0.5322295928182253,-1.2255462644099104,-1.3715414346212422,-1.9284937073516693,-1.6902740165402665,-0.4893346414205455,1.5195374443037244,-1.65301342239974,0.5272431766483123,-2.0091721655197676,1.1068155016619254,-0.1557715760699548,0.6909652594644614,-1.865422735702676,1.586015590163302,-1.482558659428765,0.2389236238887725,-2.122636363815876,-1.828925245927954,-0.08585683109853019,1.149789037560862,-1.5116536394964597
2022-11-18,0.23107368309068227,0.3576283044537237,0.8240526611127523,0.6518424898382579,-0.9788511914215944,1.0354741792884996,2.064934284873603,0.6924560647737411,-0.9282903939193373,0.30011007385692157,0.08625696236243942,-1.8591473428471605,0.23252407527667007,-1.185771167939724,0.2908201115638824,1.4815765288822962,-1.6254499338651651,-0.613340584039494,0.2257667208983626,-0.04311733536266224,0.18308816403107603,-1.5710956309493154,0.4863404578451218,0.7660339078401247,-0.9329842031714933,-1.6256539262344818,-1.8890493969342648,-1.8100963506226033,1.9547255738890155,-0.9388823846368093,-1.2563395237928257,-1.9288152407403127,1.5668224859172366,-2.303154544709354,-0.6447518303937423,-1.3625181417249321,0.40122791096379185,0.8970057948231739,0.4597034078176523,1.731513795763868,-1.480845939307654,-0.6657321671851385,1.5958724057193117,1.9212944237539895,-1.1063983622128364,0.36815172387974837,-2.146216896998615,0.5312457804879577,-0.6257157977423802,-1.4115069063352879,-2.315321255170836,-0.34317006267595757,-1.5410296856779082,-1.225170389101576,-1.2738262668938227,-2.1055143528653133,-0.8121940570257395,-1.9076609448634496,-1.6868624159350172,2.55139709942639,-0.5447140455165052,0.16432170749777214,-1.9911355235082866,-0.9916974034144714,-0.33057203074880015,-0.12757699655005414,-1.1775203134178471,0.6784980623197325,-2.0161398273380486,-1.3934496548608175,-2.2240199281330857,1.7660872403835848,-0.17378359856524206,0.030771687500019865,1.696336958344617,-1.7222484164358074,-1.823566838110929,-0.37771501185743983,-1.7301872004617191,-1.031285298570006,-0.6621397566258769,-0.03037922792616027,0.19941852282305295,-0.6963420126743207,-2.0239389665483962,2.3839620595251967,1.4709204634828634,-0.4377037229184493,-0.44771994705442725,-1.4770687537321525,-0.7179839092982772,-2.7059307889228723,-1.753495086257506,-1.5665424072030374,-0.2184981862878125,-1.6382911802248865,2.0755769137108047,2.0885521066135166,-0.20567057011727313,-1.717068022912659,-2.240188312082114,2.3455474867023898,-1.9227472917312713,-1.8845356371950808,-0.5321299397225331,0.7549821789447541,0.4348782310248788,-2.0201772008302568,-1.4278976818508293,-1.1430227133305466,0.1165996615826734,-1.7805955885970277,-1.8980979431566176,-0.9297013750129566,0.6730761835361834,-0.9994329076542946,-2.380450704544296,-0.6301667517853949,-0.436000054383696,2.197993928494911,0.26651588251369934,0.6633975486624913,-1.269474425771547,-1.5442157412060813,0.101499668807979,-1.6054634756443018,-1.0353442713141239,1.6666640597480626,-1.6335909107284081,0.14784554578038492,-1.7639471099152522,0.6517901497945348,-1.221291933832366,0.44037718385938324,-1.9739939820767052,1.4472594141120685,-1.313538984869257,0.42094269151560215,-1.7592766959284063,-1.7077283748613095,-0.819343546606142,0.8042534357581763,-1.5382501432551994
2022-11-21,-1.4573037077549114,-0.2887794810788011,0.4047334864940184,-0.18127274084646489,-2.575214388401302,0.7815060022357465,-0.27436246943171994,0.24742226634074532,-1.5816014389383755,-1.1196878451958847,0.7421661978735477,-2.6512417544033235,-0.7660171192963969,-1.6292671855765979,-0.42029259323170093,0.1474747694006786,-1.892374387891761,-1.5921438840495306,-1.5488971095038377,-2.2368721671301937,-1.683352288742076,-1.6439644834269946,-1.515179235362742,0.00043460734803365484,-2.1319566886030406,-2.4913802028725645,-2.78628520122736,-1.662918434366841,1.5028994202986632,-2.8784352420443517,-1.7788140305876623,-3.6007875805515144,0.9344895230339667,-2.8008026472103,-0.8767692068867409,-1.6887496851312684,-0.4603356010924107,-1.5308962679735856,-0.7087283139217443,1.935307698836148,-2.4156021605355167,-1.6168882918989942,0.767348253971104,0.2086593656497326,-1.6569258271733076,-1.6897722951321552,-2.7705190760133265,-0.22928301732099401,-1.4664958936756816,-1.788751802903833,-2.313093658132291,-1.3185193205624086,-2.0041369809043705,-0.8604237189547768,-2.4508321455527113,-2.1871418603165704,-1.8727067761876388,-3.0076462760927702,-1.5384595832826504,2.183296253533979,-0.7708271404428931,-1.2570944392003711,-2.2613845203337615,-1.0797768121214213,-2.226971989376649,-2.5028310576409734,-1.566269785080283,0.11862635748728582,-2.5828891353517682,-1.1935058720885008,-2.1198528596301593,1.2905018174977614,-1.4292116348543378,-1.8296080765507479,-1.0049985096740637,-1.9807991137792278,-2.351039290070978,-2.32788659586616,-2.060938788641745,-2.1650434792976965,-0.8662373037142667,-0.9125326233362592,-2.961166645117697,-2.552496116655911,-2.613389284899368,1.8361945218446676,0.5511366158717897,-2.1784549148180896,-2.782721024576312,-2.025762425219841,-1.6258292995229904,-3.1301004298481483,-2.3926615907259015,-2.7424307784287545,-1.7370078700116343,-0.9530599289954248,-0.272948634460425,-0.2968184145687418,-1.4255996652845875,-1.9916103180125897,-2.0431786005042345,1.6072000735266396,-2.1605789323211435,-2.4793661750327125,-0.44898076483726973,-0.5519489645746825,-1.4521292905607144,-2.8574335110924984,-1.7590245129262108,-1.974766600002678,-1.7741943512994656,-2.4761253739223825,-2.6935206903853697,-2.828825225327766,-0.3766881636714293,-1.4088210990473273,-2.796393857510256,-1.9058623363753857,-1.2284636898737407,1.8482309832178874,-1.7269602875883379,-0.9721984922089993,-2.101949023522464,-2.4459231529977368,-2.1508534681097533,-1.411938622810611,-0.8889174891314163,0.1625459843016658,-2.2092373240894103,-0.5275485107640391,-2.230323496227163,-0.48411052456363696,-0.45229268384106874,-0.3505914094561717,-1.901676953579601,0.5928256678080422,-2.3152907315035947,-0.1645215864876253,-1.8557566963157432,-1.5441139476822898,-1.9661559191946902,-0.7335776745705015,-2.236335156827675
2022-11-22,-2.472331556392988,-0.7406728905582212,0.18470904507615568,-0.9304451461955304,-1.9977235975302228,0.39053331524567036,-0.8818148627388225,-0.1681126940287591,-1.987119306589716,-2.316213328404374,1.5057033206062207,-2.5932764749780417,-1.240797430429462,-1.9651106416303723,-1.4159427574020826,-0.38094567391098527,-1.8328311442409182,-2.1600866667169036,-1.5370175631326555,-2.3742807538634128,-2.451501465772938,-1.2476653565051903,-2.2092575124377176,-0.39999307484053914,-2.358883606150537,-2.298716631425425,-2.4732971447880105,-1.8233458785377792,2.1179286602900977,-2.869769525975871,-1.6815881896863474,-2.8638156749433756,1.8015725280618127,-2.5863024365027836,-0.19330437804203243,-1.611462112316604,-1.0244830382535846,-1.5737442511871524,-0.794988193100888,1.529466236894995,-2.6494729162508435,-0.7659501827760995,0.29706334082985464,-0.3621311874589809,-1.5871469670260994,-2.023114672690905,-2.156260230130319,-1.0160814964895553,-2.0352455566026806,-2.1747236662258413,-2.3366649198944662,-1.2770613207468655,-1.2083299223054782,-0.6194851188882041,-2.2440358839411676,-2.253777886273602,-1.9522991936751206,-2.7480680751504245,-2.1901147049084977,1.607888709694127,-0.8507559015668046,-1.56614870747506,-2.1519936167360894,-0.855446061277652,-1.8992807202547088,-0.3065057939402653,-1.241871238622984,8.313904989142764e-05,-2.0260752545926835,-0.9679070291867276,-1.9287115311726528,0.5375925966078721,-2.5435814153930054,-2.434382251203401,-1.1024768458358545,-1.8838228284307932,-2.594244500755034,-2.118186520586135,-2.2192411431807475,-2.262402277323256,-0.377112491044793,-0.7990156644121861,-2.718206541225776,-2.565064427667233,-2.0493595443100006,0.7701314274665728,-1.2598305454280851,-1.7672229344790324,-1.4383189675254617,-3.0214773013694622,-1.7726427898188044,-0.7676208463459732,-2.4751377860093817,-2.1101058522683758,-1.9988197529911977,-1.077129492533376,-0.6148733178251093,-0.6364377802710618,-1.905833961887273,-2.181446797612751,-2.0135662989202956,0.37783293259318257,-1.9530968395096449,-2.630379835675502,-0.4037916555086824,-1.020773851967789,-1.7806544950477716,-2.4054924194238967,-1.9914740692285697,-1.9222247184626735,-2.690425799201224,-2.480925265350934,-2.1496457906470603,-2.7704449779947207,-0.41913723080698634,-1.2468121129263614,-2.406873637909834,-2.450960927121676,-1.4244880407902463,0.6641440666490988,-2.0106947034648743,-2.6053018058837822,-1.2375987586925197,-2.4267910849254375,-3.049720336108413,-1.2849903450602516,-1.0788972720465941,0.0682900546938505,-2.4298052999955995,0.37869000063535724,-2.1730494334399273,-0.47682024353599856,-0.9177236667820345,-1.0114257927017818,-1.5792316439213645,0.6836917484610495,-2.3921608804322028,-0.6977266046157092,-1.3755933089406258,-1.1981755688666071,-1.9652581365061845,-0.31689516042276394,-1.7547685838253946
2022-11-23,-1.9622125349047028,-0.7715814886039092,-0.07503352555161369,-1.4585480404564144,-1.8083674337508122,0.15284442906057896,-1.3336870888991397,-0.22620022890601316,-1.9804087043396084,-2.9459624365333825,2.7864633173167026,-2.210811965112961,-1.9048602178550844,-1.8757511521616912,-2.203447878415054,-0.811680078804444,-1.4471967490585553,-2.239193043671861,-2.0921835401794624,-2.533009491702389,-2.4297294358142345,-1.3787361360753707,-2.75410318303658,-0.23684558691421545,-1.6117758705915346,-1.4099764054803403,-2.2828991286085056,-1.7617278325407906,1.5906852764189432,-2.7723690163974957,-1.9499589797398924,-2.14777929545231,2.0030015044651277,-2.7409272354735448,0.015205408750924361,-1.113065161114978,-1.3024978129111355,-2.065883582757145,-0.31869181411195635,1.6072411704004816,-2.278223020526559,1.0669980887601873,0.6109694708534498,0.23670165838062485,-1.6473245077885197,-2.1126964240295423,-1.906774834372419,0.33412873323392234,-2.0489462432625576,-1.6282024118096141,-1.914500883736273,-1.481152993941397,-1.180848900336679,-0.24560696623778525,-2.55637935811382,-2.1240921192578623,-2.856244044371503,-2.5000566314217303,-2.0175277067060855,1.3946223462817673,-1.0767742416492483,-1.9342143734163704,-1.8251393417628852,-0.5864225290254186,-2.2063445962047834,-0.03420997053887216,-1.3261548399153866,-0.3525668680367402,-2.3196107026953503,-0.8880339637509305,-1.923187948444942,-0.3238016249394025,-2.1433017778723715,-2.81856779828799,-1.050746411015259,-1.8914021057239994,-2.5374443269717153,-1.9517335628390453,-2.0588994965177783,-2.073055046979953,-0.15618068872422192,0.6053651669249955,-1.9463034507782537,-2.251865580334447,-1.857752995120911,1.6172261739866436,-1.3945000115590969,-2.101629879178727,-0.6750656711934111,-2.926845463798152,-1.6598578222803928,0.4309904377038257,-2.220084630608925,-1.746374579913544,-1.7214176458176829,-0.5427645344815883,-0.7790659874698995,-0.7852467000340949,-2.12253806834537,-2.515390167095297,-2.8228402739861957,-0.3095347992389843,-1.8029526406801268,-2.297216347082685,-1.8761986598072768,-1.3949465418681064,-1.646718305583014,-1.7986923153312486,-1.88350058551419,-1.1442333082428051,-2.539898976783721,-2.57818739238357,-2.3525835535119164,-2.431159373128294,-1.1692292707099012,-1.3680028583222996,-1.9587090754977174,-2.354744973123751,-1.7910418543106892,1.5606623539305615,-1.724352269774127,-2.366563715447437,-1.0535425684079749,-2.260479502349483,-3.125209775228336,-0.8898482439098151,-1.2035723811518562,-1.1447921820840914,-1.9629727870918476,-1.1763336417234536,-1.9270085213042298,-0.843596829074325,0.18158196242488378,-1.2830072020132066,-1.3998199954754744,0.5523661632137572,-2.3067498404213276,-1.029830120786673,-1.126503116285936,-1.178014109002516,-1.9401951111094944,-0.00612759756824184,-0.0470866335120837
2022-11-24,-1.5843295212733857,-0.9605243947280995,0.21373545964036336,-1.45162228002892,-1.7688978791408354,0.15384620152360545,-0.47016994352186847,-0.4080742379686683,-1.5850531928126936,-2.1569714640314097,2.0074549090697675,-1.607840563466963,-1.8441853348097208,-1.768738189826722,-1.776184067725614,-0.6947208285150466,-1.4910761207211607,-1.8806030567283876,-1.5553036119180752,-1.9212006753745405,-2.131656581694695,-1.313096735182908,-2.325179426323024,-0.44773939730509066,-1.0326678544785948,-1.0870227072016099,-1.8840640861793478,-1.6288216891711105,1.4743578869603198,-1.947592338862941,-1.4038769167558012,-1.6952178592524678,1.8555416845142767,-2.0644000782635663,-0.06276083479567453,-0.661440098602731,-1.1763416859535447,-1.3534695207859775,1.0189640786799556,1.8593905010764844,-1.8805676417566664,2.448786290451836,0.6351262149047027,1.1537528079524888,-1.55518747633343,-1.7801030689914132,-1.5306045835505433,0.864828205222559,-1.7674957906002762,-0.4096816867323902,-1.607954389529925,-1.376974088653445,-0.7519606354754784,-0.003438198553548738,-2.266642482557479,-1.5033921109466253,-2.455490599140339,-1.9089312702896781,-1.8226188861215933,1.5715616044498664,-0.9125328321032661,-1.8031755394083875,-1.555252409785452,-0.998230394842152,-1.6929593128122042,0.08947791568393325,-1.2947163710947405,-0.14863119635993374,-1.973508578187944,-0.7461321007566463,-1.354070248773267,-0.21719559185704226,-0.9585692712019248,-2.451090995387655,-1.087119848913633,-1.1815410746071655,-2.0718927615514717,-1.6886441010118851,-1.7693501868144361,-1.7786780641156075,0.137929379423975,0.7720109844476691,-1.4927240734285514,-1.9986795411052463,-1.3606452611867845,1.3988814312678053,-1.4443776436791314,-1.4419128469863425,0.1569430095873516,-2.480998995811387,-1.261707600826642,0.7159274251205605,-1.8990893638200725,-1.4866288448041707,-1.2190866632252955,0.00789738400817675,-0.36861606038168476,-0.3790832692495931,-1.525161858505891,-1.9646737567998203,-1.3180918223097626,0.046329252525605796,-1.8971446561622225,-1.9908134254052814,-1.8673059063366442,-1.6069938415426293,-1.2038939268896354,-1.433821327960102,-0.8606937617655127,-0.6413637253512067,-1.8135303648736345,-2.1640812783093195,-2.070868507919242,-1.887908186540664,-1.3854523765560265,-1.0379833515452515,-1.4656880064919822,-1.9904023465354024,-0.9116210504634515,2.599534675157268,-1.5602024997806931,-0.4601998580610965,-0.9753092071876942,-1.8324927718479425,-2.3543784985719336,-0.7378045101948922,-0.9453506760802166,-1.7205884685378758,-1.4728529720453662,1.3287373085650593,-1.857471517921038,-1.1306029265424133,0.9973003035399108,-1.2636595163786821,-1.3026100421090032,0.15795645148015705,-2.0139051576761746,-0.8797192931798465,-1.1046992705081529,-0.9317076832738156,-1.7381245648394776,-0.45093257465883746,1.842770787297409
2022-11-25,-1.6862466541609584,-0.767108658326824,-0.7881389755799774,-1.6845923296932104,-1.8500216819946063,0.14634274165031536,0.17490406126465263,-0.3900154767087317,-1.471598386937249,-1.725505333511088,-0.8308186307142054,-1.0823990673751318,-1.5042026987300923,-1.6881663613019822,-1.3140107307139985,-0.49199357596024546,-1.4806500627092374,-1.2826901985631545,-0.8346958688696259,-1.3122264063918372,-1.7211424254697427,-1.8372841336464418,-2.034771040736613,1.8630457452399014,-0.36249313844754744,-0.5715357070293797,-1.6223479134796315,-1.4346820264881448,1.4828176735732934,-0.9928312793021062,-1.314229742045806,-1.4368993953142937,1.8491452623086955,-1.6900103939916984,-1.0173976642847342,0.18689246017023523,-0.6847888717601661,-1.3511783464156888,0.6519244241424206,1.448528338298783,-1.413458893146935,2.014332914292951,0.6859162379096443,1.252735927328884,-1.4679667477109222,-0.498479614676229,-1.2197718116978602,1.0543550152211083,-1.6687071483030504,-0.6007686299171222,-1.2808448254907419,-1.2095193428748698,-0.13809021783311817,0.2733552148744139,-1.3780791123341292,-1.2497655654634825,-2.1441676978593485,-0.9869848189181265,-1.8253018245587516,1.213312372904545,-1.3582460509941643,-1.453045340595552,-1.740876370731642,-1.3732680740014227,-0.5073523286216252,-0.7862517117458591,-0.8439496617058885,0.10032822054888897,-0.23565627443319112,-0.5130601832073755,-1.255172245619858,-0.1918919920418168,-0.34379085832347306,-1.8972467670281659,-0.0684747867747263,-0.7885568770835422,-1.5576808195876908,-0.6701172316293672,-1.1090048130662427,-1.3027358474870392,-0.8119270616359847,1.6025096259224612,-0.8319004549972887,-1.5617085778697868,-0.8665079060451116,0.46282310667055704,-1.0294318441856751,-1.4953734461550625,-0.38278751938135036,-1.7613890076521626,-1.102724784265925,0.2016084365461632,-1.136545656531239,-1.5355152918689374,-0.7509860240241789,0.42397168004743074,0.708907513450619,0.6825822058343468,-1.4275163236491646,-1.7316768912164138,0.0772618053702811,0.19728304540866737,-1.735006566162993,-1.9300815703783094,-2.738311691690301,-1.1384521033837753,-0.4175245682349792,-0.6915972751727788,-0.5289949962792639,-0.4639444722133706,-1.7672388751959573,-2.178579175462535,-1.4600029031679504,-1.2506872313473694,-1.3018684783108985,-0.7903484999398869,-1.1879160500168644,-1.414831303471742,-1.184829803545422,2.0230676376110304,-0.23459029095781583,-0.8525987954733332,-0.7828756685118595,-1.6677490071248902,-1.523510924471824,-1.0712212236640315,-1.4564075683653503,-0.9261754502023528,-1.553060649500493,1.7489065147629324,-1.8547205698563938,-1.1693310316437895,0.8255894654524432,-1.1000951838826516,-0.9901324487803442,-0.20008412745939558,-1.761062806657192,-0.4562413872261985,-0.9717920874314352,-1.361192794292333,-1.483756283452762,-1.0580252465410382,1.7779070372744699
2022-11-28,-1.753206288520146,-0.8065622687194332,-1.2508669926630107,-1.5202100268105605,-1.6322855473446396,-0.03352133407946069,0.14837774168043782,-0.6420962223120307,-1.314434390738452,-0.9123627007302789,-1.7127478083440126,0.03564662532477619,-1.2874192212114854,-1.5157434734942214,-1.4292496099129082,-0.3189652398148043,-1.3678184506184345,-1.1846579485649682,-0.7969837565011236,-1.3085095294262272,-1.2449653506146592,-1.6563072631299065,-1.7694108352085347,2.143508241029416,0.21380172484745577,-0.08495620927926213,-1.4087370329770617,-1.1465808523913619,1.2262040187354586,-0.8412497821710955,-0.9022916405334054,-1.3883898434109485,2.1303158589508313,-1.3053878963143593,-0.9999578968631704,0.3657994079052944,-0.9919576120136966,-1.272558991211797,0.9010094418397523,2.137661183015923,-1.397569014895521,2.0557602207433683,1.3052207688887376,1.310154260611942,-1.3054287246346887,0.11653163604147128,-0.8936275264372533,2.324473774071932,-1.4736478044470191,-0.2598606676751749,-1.0670932282938457,-1.4643555137935085,-0.02175208248896276,0.1417068143136149,-1.50375004348658,-1.1907702743368247,-1.9602627211211197,-1.1240055237083908,-1.315534023758473,1.3829984992321762,-0.8610606704415635,-1.5698349522380541,-1.593666601083475,-0.8964114620122426,0.2400063145987159,-2.62730168536311,-0.7422214652968039,-0.08930630805704824,0.24752434221123917,-0.5954536305050147,-0.8197749355008725,-0.6801124739222175,-0.4237255881740866,-1.7432667981324894,0.03728088146221232,-0.45802585959189585,-1.5680632328576307,-0.7585518221602041,-1.5376302567399778,-1.2003689517766611,-0.6018185726217641,3.5511925780818805,-0.9854898878547962,-1.4041463873654336,-0.6695271623647312,0.41300314818549294,-0.5912077173422506,-1.4540442108084508,-2.55401657880287,-1.4475520504717811,-1.0360049296523797,-0.13325120381214128,-1.192774791755182,-1.2951539346363972,-0.6242012272555924,0.3383664025238641,0.3027420432086881,0.2875797291478567,-0.883010866290747,-0.8199063412347634,0.915505440380131,0.17146490735649153,-1.2508028433244516,-1.5817558862557008,-2.5104481221470603,-1.2138580542590427,0.36907822099670606,-1.0146574372705954,-0.11277362834023956,-0.501310267927579,-1.4523193365227454,-1.948285199547781,-1.1605936160967807,-1.2936909841936044,-1.5411608217342008,-1.3007252264621219,-1.146317632398523,-1.3418218268386364,-1.0503327298771319,2.284343503909858,0.08043486834359163,-0.14699758513207287,-0.7591591231594821,-1.4196773247996597,-1.5209390757663623,-0.9628149972692409,-1.335476223370871,-1.188921135661975,-1.46900242122945,2.5773085476049604,-1.5783395382664918,-1.1384677261870488,1.0200586869654982,-1.3065347283406747,-0.8219506385629664,-0.5017502032387217,-1.3689142000527055,-0.42240061820617336,-0.8972509481077277,-1.1320475255414508,-1.4283500221508498,-0.7904282879874875,3.2366562845054014
2022-11-29,-1.5740414742015423,-1.2394440828005622,-2.151097621641226,-1.5742127855208512,-1.913415653000591,-0.4985463306675606,-0.27134751470120394,-1.4020541601597216,-1.0472654272803081,-0.8585538485290504,-1.3134810591875739,0.551682182858974,-1.1443605400683636,-1.1308535651712273,-0.984516891672397,0.22062640582119672,-0.5287220642817013,-0.8463799300918899,-0.6891900790727574,-1.120318315875966,-1.2198812948383728,-1.5688821946799638,-1.275627182635561,1.9130811383878292,0.43971685711167474,0.24865352907546107,-1.2936269803180862,-0.8508166434198661,0.5417632447486033,-0.7879974385243398,-0.7232395020115592,-0.964761641117761,1.92559872421079,-0.5657920114682298,0.11405921875578671,-0.043301231006808556,-1.014342299834442,-0.04726870657381936,-0.3831382736616633,1.8172537938983566,-1.1354027854228783,1.8620379818035562,-0.5420828524703684,0.8238713245289715,-1.228695140519785,0.06955285315933821,-0.8560822246025179,2.2113206506909675,-1.3798727648779232,-0.8881265317816104,-0.9960568249550416,-1.2125717306947368,0.5960012478246823,1.1876313766530422,-0.5510547537329715,-0.9867940581141104,-1.3000819963752945,-0.5716747723884998,-1.2069443699723499,0.3603435889594434,-1.026680607808889,-1.0101526640302871,-1.411639183221933,-0.9763060051083522,1.729783839796759,-2.409119595844469,-0.7499349390240483,0.5358002142032965,0.36185577981640077,-0.1813019565898817,-0.7680116703226706,-0.559694356073965,0.23987968691243086,-1.1037433992711578,0.8992044233402496,0.24518499709610303,-1.194139665776378,-0.3627151981800628,-0.8786227123529577,-0.6264278688453429,0.2005803054266918,3.2111749933109777,-0.8259315714811609,-0.6059457835005402,-0.522389889480445,-0.04732801814284901,-1.3736312197891227,-1.2907988703106714,-1.9467650324497487,-1.3108163104928992,-0.7203916655472071,0.427434564940544,-1.033341682879169,-0.8962997771936948,-0.23737013806106627,1.2962753427065585,1.0501333437581535,1.0725236569200678,-0.8372744153731622,-0.42923699793653636,0.8914597247158416,1.310031892387602,-1.0605073177832312,-1.4656738744308802,-2.006667417472783,-1.2164772728538102,0.43601801047306216,-1.129432399302102,-0.5337669533856242,-0.6995621465681383,-0.9501159082529305,-1.7319725053681396,-1.0385623946340505,-0.1705571918070319,-1.2417522242429673,-1.2899383841429335,-1.2047493647572616,-1.1340601951706109,-1.0484713924076834,1.5888894868759087,0.3710034275539671,0.38768245131900225,-1.226316338069596,-1.140434301433908,-0.9475203263704973,-0.02174959482314246,-0.8699929564885736,-1.050454854083442,-1.2275821335414803,2.275048010427195,-1.1164702447863786,-0.9073233020712828,0.5131134277413084,-0.6771753597124865,-0.6918188689981858,0.2786694719686871,-0.9598913967875673,0.0,-0.34562682032363967,-0.28240900372652356,-0.6990813105352407,0.16518650335896062,2.739136777337269
2022-11-30,-1.1446005533579453,-1.0397601162770136,-1.7873484654574834,-1.328051087294179,-1.5952838065221029,-0.41168306738936294,-0.24211617726842227,-1.0578027819173728,-0.5144119534266883,-0.49606448024136307,-1.2297939996037202,0.9278030397500732,-0.6310000537863848,-0.91548649251366,-0.6301181726414344,0.7095545630769015,-0.3752185933590672,-0.6586948468919724,-0.3645401556854374,-0.7786056335110456,-0.668641878362116,-1.145899050148158,0.37652580600576957,1.661733428580443,1.0843037977567758,0.22994996728990857,-0.8279905368404232,-0.7413563272798689,0.716877572511327,-0.6938515874140464,-0.42056954953532144,-0.7702571640824274,1.7460260327403552,0.6216871225851702,1.5344642986370165,-0.24773900294759196,-0.7973595473624524,0.211097579556135,-1.6068504345073347,1.7643218722383964,-0.5519111213972493,1.611801810847248,-0.5285413115788438,1.0304253476317466,-0.76445973832652,0.37704967765323893,-0.6574684111748753,1.9126172882342807,-1.044496712070005,-2.0894633583091684,-0.6205140504436932,-0.7969201815698864,0.3644251136579171,1.872384733316168,-0.4163690606635252,-0.6767626361103037,-0.8809520072976509,0.029570358607826686,-0.9662238789185562,0.5594593414638367,-1.3342947432431422,-0.2431819705089002,-1.0988352938574106,-0.8893843658295124,1.9221569964835967,-2.0674089896878365,-0.6126375142495546,0.7336300458056823,0.43600610195132367,0.34487875111665645,-0.6606926797768503,0.2536129610691183,1.0854022675090496,0.1151131102333371,1.9500186327556288,0.4807551714341797,-0.9217661437368113,0.2854058194865436,-0.08539237617955983,-0.18783738677060405,0.8118354848434849,2.344716222420371,-0.7865576906799374,-0.4808512334427145,0.2174564242577674,-0.5732291005122256,-1.0802497088031133,-1.0206656716828926,-1.3306394311620173,-0.5185858726735062,-0.44205907979229675,1.5515684307216957,-0.5492965066867639,-0.2605199537513366,0.2503115166917629,1.9105779489692474,,1.9742144608592482,-0.5631909955323804,0.26076451480942653,1.2757588942809144,1.8902179709905977,-0.4481324705283119,-1.0529043313001374,-1.5642287462632851,-0.9992146533631853,1.2267251801222432,-1.1508107354607195,-0.2014543681080767,-0.2256001352898429,-0.17795514452722416,-1.252169818460158,-0.6100365086599446,0.6838444004475931,-0.9142154948833139,-1.0083705529211306,-0.916859003902581,-0.8319990283345723,-0.6465945422182479,1.5856477188354896,0.9136731319265847,0.5007555767393504,-0.8022602004148148,-0.7960308770258796,-0.30420850397704297,0.3146450280655406,-0.6424811334051842,-1.2063372466946483,-0.7122144627754698,2.2033111704007102,-0.8486586382238165,1.3195503776363728,2.362772832974305,0.1720757720896924,-0.6708677735675405,0.6253474849307944,-0.7824682542011251,0.6931102269099558,0.001114358819471619,0.42702464727240125,-0.0030396607071978845,2.115534653930508,2.446461178450354
